tick,pid,queue,arrival,service,lambda_hat,mu_hat,scheduler_score,chosen,waiting_time,completion_time,throughput,V,drift
0,0,0,0.800000,1.000000,0.800000,1.000000,0.000000,0,0.000000,-1.000000,0.000000,0.000000,0.000000
0,1,0,0.800000,1.000000,0.800000,1.000000,0.000000,0,0.000000,-1.000000,0.000000,0.000000,0.000000
0,2,0,0.800000,1.000000,0.800000,1.000000,0.000000,0,0.000000,-1.000000,0.000000,0.000000,0.000000
0,3,0,0.800000,1.000000,0.800000,1.000000,0.000000,0,0.000000,-1.000000,0.000000,0.000000,0.000000
0,4,0,0.800000,1.000000,0.800000,1.000000,0.000000,0,0.000000,-1.000000,0.000000,0.000000,0.000000
0,5,0,0.800000,1.000000,0.800000,1.000000,0.000000,0,0.000000,-1.000000,0.000000,0.000000,0.000000
0,6,0,0.800000,1.000000,0.800000,1.000000,0.000000,0,0.000000,-1.000000,0.000000,0.000000,0.000000
0,7,0,0.800000,1.000000,0.800000,1.000000,0.000000,0,0.000000,-1.000000,0.000000,0.000000,0.000000
0,8,0,0.800000,1.000000,0.800000,1.000000,0.000000,0,0.000000,-1.000000,0.000000,0.000000,0.000000
0,9,0,0.800000,1.000000,0.800000,1.000000,0.000000,0,0.000000,-1.000000,0.000000,0.000000,0.000000
0,10,0,0.800000,1.000000,0.800000,1.000000,0.000000,0,0.000000,-1.000000,0.000000,0.000000,0.000000
0,11,0,0.800000,1.000000,0.800000,1.000000,0.000000,0,0.000000,-1.000000,0.000000,0.000000,0.000000
0,12,0,0.800000,1.000000,0.800000,1.000000,0.000000,0,0.000000,-1.000000,0.000000,0.000000,0.000000
0,13,0,0.800000,1.000000,0.800000,1.000000,0.000000,0,0.000000,-1.000000,0.000000,0.000000,0.000000
0,14,0,0.800000,1.000000,0.800000,1.000000,0.000000,0,0.000000,-1.000000,0.000000,0.000000,0.000000
0,15,0,0.800000,1.000000,0.800000,1.000000,0.000000,0,0.000000,-1.000000,0.000000,0.000000,0.000000
1000,0,242,0.800000,1.000000,0.641341,1.000000,0.000000,0,0.000000,36.000000,0.999000,1310046.000000,2508.000000
1000,1,311,0.800000,1.000000,0.721700,1.000000,0.000000,0,0.000000,989.000000,0.999000,1310046.000000,2508.000000
1000,2,293,0.800000,1.000000,0.654196,1.000000,0.000000,0,0.000000,710.000000,0.999000,1310046.000000,2508.000000
1000,3,312,0.800000,1.000000,0.633492,1.000000,0.000000,0,0.000000,990.000000,0.999000,1310046.000000,2508.000000
1000,4,246,0.800000,1.000000,0.694649,1.000000,0.000000,0,0.000000,750.000000,0.999000,1310046.000000,2508.000000
1000,5,314,0.800000,1.000000,0.655098,1.000000,0.000000,0,0.000000,995.000000,0.999000,1310046.000000,2508.000000
1000,6,312,0.800000,1.000000,0.663357,1.000000,0.000000,0,0.000000,942.000000,0.999000,1310046.000000,2508.000000
1000,7,266,0.800000,1.000000,0.535686,1.000000,0.000000,0,0.000000,571.000000,0.999000,1310046.000000,2508.000000
1000,8,308,0.800000,1.000000,0.681297,1.000000,0.000000,0,0.000000,870.000000,0.999000,1310046.000000,2508.000000
1000,9,93,0.800000,1.000000,0.636154,1.000000,0.000000,0,0.000000,10.000000,0.999000,1310046.000000,2508.000000
1000,10,314,0.800000,1.000000,0.740095,1.000000,0.000000,1,791.000000,1000.000000,0.999000,1310046.000000,2508.000000
1000,11,315,0.800000,1.000000,0.607498,1.000000,0.000000,0,0.000000,994.000000,0.999000,1310046.000000,2508.000000
1000,12,315,0.800000,1.000000,0.717648,1.000000,0.000000,0,0.000000,999.000000,0.999000,1310046.000000,2508.000000
1000,13,312,0.800000,1.000000,0.571098,1.000000,0.000000,0,0.000000,976.000000,0.999000,1310046.000000,2508.000000
1000,14,278,0.800000,1.000000,0.551161,1.000000,0.000000,0,0.000000,825.000000,0.999000,1310046.000000,2508.000000
1000,15,263,0.800000,1.000000,0.669191,1.000000,0.000000,0,0.000000,837.000000,0.999000,1310046.000000,2508.000000
2000,0,568,0.800000,1.000000,0.615629,1.000000,0.000000,0,0.000000,1695.000000,1.000000,4941838.000000,7975.000000
2000,1,582,0.800000,1.000000,0.749052,1.000000,0.000000,1,1601.000000,2000.000000,1.000000,4941838.000000,7975.000000
2000,2,581,0.800000,1.000000,0.575230,1.000000,0.000000,0,0.000000,1984.000000,1.000000,4941838.000000,7975.000000
2000,3,581,0.800000,1.000000,0.755349,1.000000,0.000000,0,0.000000,1996.000000,1.000000,4941838.000000,7975.000000
2000,4,574,0.800000,1.000000,0.617600,1.000000,0.000000,0,0.000000,1706.000000,1.000000,4941838.000000,7975.000000
2000,5,568,0.800000,1.000000,0.641267,1.000000,0.000000,0,0.000000,1940.000000,1.000000,4941838.000000,7975.000000
2000,6,581,0.800000,1.000000,0.597771,1.000000,0.000000,0,0.000000,1973.000000,1.000000,4941838.000000,7975.000000
2000,7,583,0.800000,1.000000,0.633760,1.000000,0.000000,0,0.000000,1998.000000,1.000000,4941838.000000,7975.000000
2000,8,583,0.800000,1.000000,0.648405,1.000000,0.000000,0,0.000000,1989.000000,1.000000,4941838.000000,7975.000000
2000,9,93,0.800000,1.000000,0.636154,1.000000,0.000000,0,0.000000,10.000000,1.000000,4941838.000000,7975.000000
2000,10,519,0.800000,1.000000,0.574486,1.000000,0.000000,0,0.000000,1605.000000,1.000000,4941838.000000,7975.000000
2000,11,583,0.800000,1.000000,0.639352,1.000000,0.000000,0,0.000000,1993.000000,1.000000,4941838.000000,7975.000000
2000,12,571,0.800000,1.000000,0.523385,1.000000,0.000000,0,0.000000,1894.000000,1.000000,4941838.000000,7975.000000
2000,13,568,0.800000,1.000000,0.632334,1.000000,0.000000,0,0.000000,1936.000000,1.000000,4941838.000000,7975.000000
2000,14,583,0.800000,1.000000,0.613794,1.000000,0.000000,0,0.000000,1997.000000,1.000000,4941838.000000,7975.000000
2000,15,574,0.800000,1.000000,0.630070,1.000000,0.000000,0,0.000000,837.000000,1.000000,4941838.000000,7975.000000
3000,0,860,0.800000,1.000000,0.680475,1.000000,0.000000,0,0.000000,2999.000000,1.000000,10848745.000000,5121.000000
3000,1,847,0.800000,1.000000,0.556440,1.000000,0.000000,0,0.000000,2920.000000,1.000000,10848745.000000,5121.000000
3000,2,843,0.800000,1.000000,0.580164,1.000000,0.000000,0,0.000000,2850.000000,1.000000,10848745.000000,5121.000000
3000,3,779,0.800000,1.000000,0.478243,1.000000,0.000000,0,0.000000,2600.000000,1.000000,10848745.000000,5121.000000
3000,4,847,0.800000,1.000000,0.704726,1.000000,0.000000,0,0.000000,2510.000000,1.000000,10848745.000000,5121.000000
3000,5,854,0.800000,1.000000,0.722023,1.000000,0.000000,0,0.000000,2903.000000,1.000000,10848745.000000,5121.000000
3000,6,853,0.800000,1.000000,0.655046,1.000000,0.000000,0,0.000000,2939.000000,1.000000,10848745.000000,5121.000000
3000,7,858,0.800000,1.000000,0.669268,1.000000,0.000000,0,0.000000,2749.000000,1.000000,10848745.000000,5121.000000
3000,8,860,0.800000,1.000000,0.689564,1.000000,0.000000,0,0.000000,2944.000000,1.000000,10848745.000000,5121.000000
3000,9,93,0.800000,1.000000,0.636154,1.000000,0.000000,0,0.000000,10.000000,1.000000,10848745.000000,5121.000000
3000,10,844,0.800000,1.000000,0.721123,1.000000,0.000000,0,0.000000,1605.000000,1.000000,10848745.000000,5121.000000
3000,11,860,0.800000,1.000000,0.516775,1.000000,0.000000,0,0.000000,2984.000000,1.000000,10848745.000000,5121.000000
3000,12,860,0.800000,1.000000,0.679595,1.000000,0.000000,0,0.000000,2991.000000,1.000000,10848745.000000,5121.000000
3000,13,861,0.800000,1.000000,0.594951,1.000000,0.000000,0,0.000000,2997.000000,1.000000,10848745.000000,5121.000000
3000,14,861,0.800000,1.000000,0.633583,1.000000,0.000000,1,2503.000000,3000.000000,1.000000,10848745.000000,5121.000000
3000,15,861,0.800000,1.000000,0.727525,1.000000,0.000000,0,0.000000,2998.000000,1.000000,10848745.000000,5121.000000
4000,0,1135,0.800000,1.000000,0.577505,1.000000,0.000000,0,0.000000,3969.000000,1.000000,19147049.000000,4526.000000
4000,1,1128,0.800000,1.000000,0.530496,1.000000,0.000000,0,0.000000,3934.000000,1.000000,19147049.000000,4526.000000
4000,2,1127,0.800000,1.000000,0.633766,1.000000,0.000000,0,0.000000,3838.000000,1.000000,19147049.000000,4526.000000
4000,3,1135,0.800000,1.000000,0.673360,1.000000,0.000000,0,0.000000,2600.000000,1.000000,19147049.000000,4526.000000
4000,4,1096,0.800000,1.000000,0.589623,1.000000,0.000000,0,0.000000,3170.000000,1.000000,19147049.000000,4526.000000
4000,5,1133,0.800000,1.000000,0.576858,1.000000,0.000000,0,0.000000,3981.000000,1.000000,19147049.000000,4526.000000
4000,6,1137,0.800000,1.000000,0.699050,1.000000,0.000000,0,0.000000,3998.000000,1.000000,19147049.000000,4526.000000
4000,7,1138,0.800000,1.000000,0.610436,1.000000,0.000000,1,3304.000000,4000.000000,1.000000,19147049.000000,4526.000000
4000,8,1136,0.800000,1.000000,0.695261,1.000000,0.000000,0,0.000000,3976.000000,1.000000,19147049.000000,4526.000000
4000,9,93,0.800000,1.000000,0.636154,1.000000,0.000000,0,0.000000,10.000000,1.000000,19147049.000000,4526.000000
4000,10,1137,0.800000,1.000000,0.602587,1.000000,0.000000,0,0.000000,3977.000000,1.000000,19147049.000000,4526.000000
4000,11,1136,0.800000,1.000000,0.698721,1.000000,0.000000,0,0.000000,3996.000000,1.000000,19147049.000000,4526.000000
4000,12,1136,0.800000,1.000000,0.581538,1.000000,0.000000,0,0.000000,3917.000000,1.000000,19147049.000000,4526.000000
4000,13,1138,0.800000,1.000000,0.686223,1.000000,0.000000,0,0.000000,3999.000000,1.000000,19147049.000000,4526.000000
4000,14,1137,0.800000,1.000000,0.615757,1.000000,0.000000,0,0.000000,3989.000000,1.000000,19147049.000000,4526.000000
4000,15,1093,0.800000,1.000000,0.630496,1.000000,0.000000,0,0.000000,3690.000000,1.000000,19147049.000000,4526.000000
5000,0,1410,0.800000,1.000000,0.602158,1.000000,0.000000,0,0.000000,4791.000000,1.000000,30026757.000000,14213.000000
5000,1,1404,0.800000,1.000000,0.700533,1.000000,0.000000,0,0.000000,4894.000000,1.000000,30026757.000000,14213.000000
5000,2,1425,0.800000,1.000000,0.663861,1.000000,0.000000,0,0.000000,4998.000000,1.000000,30026757.000000,14213.000000
5000,3,1425,0.800000,1.000000,0.637331,1.000000,0.000000,0,0.000000,4999.000000,1.000000,30026757.000000,14213.000000
5000,4,1422,0.800000,1.000000,0.720588,1.000000,0.000000,0,0.000000,4973.000000,1.000000,30026757.000000,14213.000000
5000,5,1420,0.800000,1.000000,0.549582,1.000000,0.000000,0,0.000000,4583.000000,1.000000,30026757.000000,14213.000000
5000,6,1426,0.800000,1.000000,0.591622,1.000000,0.000000,1,3978.000000,5000.000000,1.000000,30026757.000000,14213.000000
5000,7,1420,0.800000,1.000000,0.729727,1.000000,0.000000,0,0.000000,4919.000000,1.000000,30026757.000000,14213.000000
5000,8,1427,0.800000,1.000000,0.676569,1.000000,0.000000,0,0.000000,4996.000000,1.000000,30026757.000000,14213.000000
5000,9,93,0.800000,1.000000,0.636154,1.000000,0.000000,0,0.000000,10.000000,1.000000,30026757.000000,14213.000000
5000,10,1416,0.800000,1.000000,0.550687,1.000000,0.000000,0,0.000000,4909.000000,1.000000,30026757.000000,14213.000000
5000,11,1365,0.800000,1.000000,0.534223,1.000000,0.000000,0,0.000000,4753.000000,1.000000,30026757.000000,14213.000000
5000,12,1425,0.800000,1.000000,0.533254,1.000000,0.000000,0,0.000000,4939.000000,1.000000,30026757.000000,14213.000000
5000,13,1383,0.800000,1.000000,0.678035,1.000000,0.000000,0,0.000000,4329.000000,1.000000,30026757.000000,14213.000000
5000,14,1427,0.800000,1.000000,0.606727,1.000000,0.000000,0,0.000000,4997.000000,1.000000,30026757.000000,14213.000000
5000,15,1423,0.800000,1.000000,0.599500,1.000000,0.000000,0,0.000000,4981.000000,1.000000,30026757.000000,14213.000000
6000,0,1684,0.800000,1.000000,0.530376,1.000000,0.000000,0,0.000000,5968.000000,1.000000,41719794.000000,19990.000000
6000,1,1531,0.800000,1.000000,0.620280,1.000000,0.000000,0,0.000000,4894.000000,1.000000,41719794.000000,19990.000000
6000,2,1686,0.800000,1.000000,0.613624,1.000000,0.000000,0,0.000000,5549.000000,1.000000,41719794.000000,19990.000000
6000,3,1662,0.800000,1.000000,0.616579,1.000000,0.000000,0,0.000000,5858.000000,1.000000,41719794.000000,19990.000000
6000,4,1687,0.800000,1.000000,0.669394,1.000000,0.000000,0,0.000000,5963.000000,1.000000,41719794.000000,19990.000000
6000,5,1692,0.800000,1.000000,0.617069,1.000000,0.000000,0,0.000000,5997.000000,1.000000,41719794.000000,19990.000000
6000,6,1570,0.800000,1.000000,0.625028,1.000000,0.000000,0,0.000000,5415.000000,1.000000,41719794.000000,19990.000000
6000,7,1691,0.800000,1.000000,0.590961,1.000000,0.000000,0,0.000000,5998.000000,1.000000,41719794.000000,19990.000000
6000,8,1646,0.800000,1.000000,0.684873,1.000000,0.000000,0,0.000000,5814.000000,1.000000,41719794.000000,19990.000000
6000,9,93,0.800000,1.000000,0.636154,1.000000,0.000000,0,0.000000,10.000000,1.000000,41719794.000000,19990.000000
6000,10,1693,0.800000,1.000000,0.610910,1.000000,0.000000,0,0.000000,5995.000000,1.000000,41719794.000000,19990.000000
6000,11,1691,0.800000,1.000000,0.590630,1.000000,0.000000,0,0.000000,5867.000000,1.000000,41719794.000000,19990.000000
6000,12,1693,0.800000,1.000000,0.645879,1.000000,0.000000,0,0.000000,5999.000000,1.000000,41719794.000000,19990.000000
6000,13,1691,0.800000,1.000000,0.652652,1.000000,0.000000,0,0.000000,5978.000000,1.000000,41719794.000000,19990.000000
6000,14,1693,0.800000,1.000000,0.549416,1.000000,0.000000,0,0.000000,5996.000000,1.000000,41719794.000000,19990.000000
6000,15,1693,0.800000,1.000000,0.615984,1.000000,0.000000,1,4869.000000,6000.000000,1.000000,41719794.000000,19990.000000
7000,0,1969,0.800000,1.000000,0.688980,1.000000,0.000000,0,0.000000,6972.000000,1.000000,57960121.000000,11835.000000
7000,1,1897,0.800000,1.000000,0.510475,1.000000,0.000000,0,0.000000,4894.000000,1.000000,57960121.000000,11835.000000
7000,2,1971,0.800000,1.000000,0.558093,1.000000,0.000000,0,0.000000,6982.000000,1.000000,57960121.000000,11835.000000
7000,3,1973,0.800000,1.000000,0.702867,1.000000,0.000000,0,0.000000,6993.000000,1.000000,57960121.000000,11835.000000
7000,4,1974,0.800000,1.000000,0.645957,1.000000,0.000000,0,0.000000,6988.000000,1.000000,57960121.000000,11835.000000
7000,5,1974,0.800000,1.000000,0.708688,1.000000,0.000000,0,0.000000,6990.000000,1.000000,57960121.000000,11835.000000
7000,6,1974,0.800000,1.000000,0.705952,1.000000,0.000000,0,0.000000,6997.000000,1.000000,57960121.000000,11835.000000
7000,7,1971,0.800000,1.000000,0.634868,1.000000,0.000000,0,0.000000,6753.000000,1.000000,57960121.000000,11835.000000
7000,8,1974,0.800000,1.000000,0.646563,1.000000,0.000000,0,0.000000,6996.000000,1.000000,57960121.000000,11835.000000
7000,9,93,0.800000,1.000000,0.636154,1.000000,0.000000,0,0.000000,10.000000,1.000000,57960121.000000,11835.000000
7000,10,1974,0.800000,1.000000,0.608583,1.000000,0.000000,0,0.000000,6999.000000,1.000000,57960121.000000,11835.000000
7000,11,1973,0.800000,1.000000,0.644539,1.000000,0.000000,0,0.000000,6968.000000,1.000000,57960121.000000,11835.000000
7000,12,1974,0.800000,1.000000,0.653854,1.000000,0.000000,1,5317.000000,7000.000000,1.000000,57960121.000000,11835.000000
7000,13,1972,0.800000,1.000000,0.641913,1.000000,0.000000,0,0.000000,6969.000000,1.000000,57960121.000000,11835.000000
7000,14,1961,0.800000,1.000000,0.583026,1.000000,0.000000,0,0.000000,6853.000000,1.000000,57960121.000000,11835.000000
7000,15,1951,0.800000,1.000000,0.621467,1.000000,0.000000,0,0.000000,6543.000000,1.000000,57960121.000000,11835.000000
8000,0,2266,0.800000,1.000000,0.690851,1.000000,0.000000,0,0.000000,7998.000000,1.000000,76687439.000000,36170.000000
8000,1,2266,0.800000,1.000000,0.666323,1.000000,0.000000,0,0.000000,7996.000000,1.000000,76687439.000000,36170.000000
8000,2,2265,0.800000,1.000000,0.654774,1.000000,0.000000,0,0.000000,7602.000000,1.000000,76687439.000000,36170.000000
8000,3,2257,0.800000,1.000000,0.608019,1.000000,0.000000,0,0.000000,7965.000000,1.000000,76687439.000000,36170.000000
8000,4,2267,0.800000,1.000000,0.649583,1.000000,0.000000,1,6599.000000,8000.000000,1.000000,76687439.000000,36170.000000
8000,5,2268,0.800000,1.000000,0.707099,1.000000,0.000000,0,0.000000,7999.000000,1.000000,76687439.000000,36170.000000
8000,6,2267,0.800000,1.000000,0.602763,1.000000,0.000000,0,0.000000,7989.000000,1.000000,76687439.000000,36170.000000
8000,7,2255,0.800000,1.000000,0.744856,1.000000,0.000000,0,0.000000,6753.000000,1.000000,76687439.000000,36170.000000
8000,8,2267,0.800000,1.000000,0.819225,1.000000,0.000000,0,0.000000,7995.000000,1.000000,76687439.000000,36170.000000
8000,9,93,0.800000,1.000000,0.636154,1.000000,0.000000,0,0.000000,10.000000,1.000000,76687439.000000,36170.000000
8000,10,2267,0.800000,1.000000,0.651002,1.000000,0.000000,0,0.000000,7992.000000,1.000000,76687439.000000,36170.000000
8000,11,2260,0.800000,1.000000,0.569444,1.000000,0.000000,0,0.000000,7953.000000,1.000000,76687439.000000,36170.000000
8000,12,2250,0.800000,1.000000,0.561416,1.000000,0.000000,0,0.000000,7843.000000,1.000000,76687439.000000,36170.000000
8000,13,2267,0.800000,1.000000,0.676498,1.000000,0.000000,0,0.000000,7625.000000,1.000000,76687439.000000,36170.000000
8000,14,2263,0.800000,1.000000,0.628730,1.000000,0.000000,0,0.000000,7976.000000,1.000000,76687439.000000,36170.000000
8000,15,2229,0.800000,1.000000,0.605013,1.000000,0.000000,0,0.000000,7526.000000,1.000000,76687439.000000,36170.000000
9000,0,2553,0.800000,1.000000,0.622189,1.000000,0.000000,0,0.000000,8965.000000,1.000000,96958323.000000,15279.000000
9000,1,2553,0.800000,1.000000,0.672852,1.000000,0.000000,0,0.000000,8956.000000,1.000000,96958323.000000,15279.000000
9000,2,2535,0.800000,1.000000,0.545953,1.000000,0.000000,0,0.000000,8356.000000,1.000000,96958323.000000,15279.000000
9000,3,2548,0.800000,1.000000,0.585626,1.000000,0.000000,0,0.000000,8983.000000,1.000000,96958323.000000,15279.000000
9000,4,2534,0.800000,1.000000,0.638474,1.000000,0.000000,0,0.000000,8920.000000,1.000000,96958323.000000,15279.000000
9000,5,2552,0.800000,1.000000,0.670281,1.000000,0.000000,0,0.000000,8998.000000,1.000000,96958323.000000,15279.000000
9000,6,2537,0.800000,1.000000,0.712469,1.000000,0.000000,0,0.000000,8788.000000,1.000000,96958323.000000,15279.000000
9000,7,2519,0.800000,1.000000,0.618538,1.000000,0.000000,0,0.000000,8886.000000,1.000000,96958323.000000,15279.000000
9000,8,2553,0.800000,1.000000,0.676740,1.000000,0.000000,0,0.000000,8995.000000,1.000000,96958323.000000,15279.000000
9000,9,93,0.800000,1.000000,0.636154,1.000000,0.000000,0,0.000000,10.000000,1.000000,96958323.000000,15279.000000
9000,10,2552,0.800000,1.000000,0.622042,1.000000,0.000000,0,0.000000,8978.000000,1.000000,96958323.000000,15279.000000
9000,11,2553,0.800000,1.000000,0.676885,1.000000,0.000000,1,7012.000000,9000.000000,1.000000,96958323.000000,15279.000000
9000,12,2553,0.800000,1.000000,0.667525,1.000000,0.000000,0,0.000000,8999.000000,1.000000,96958323.000000,15279.000000
9000,13,2551,0.800000,1.000000,0.645751,1.000000,0.000000,0,0.000000,8991.000000,1.000000,96958323.000000,15279.000000
9000,14,2534,0.800000,1.000000,0.648879,1.000000,0.000000,0,0.000000,8691.000000,1.000000,96958323.000000,15279.000000
9000,15,2507,0.800000,1.000000,0.653915,1.000000,0.000000,0,0.000000,8839.000000,1.000000,96958323.000000,15279.000000
10000,0,2810,0.800000,1.000000,0.718181,1.000000,0.000000,0,0.000000,9998.000000,1.000000,116770091.000000,22456.000000
10000,1,2810,0.800000,1.000000,0.641863,1.000000,0.000000,0,0.000000,9973.000000,1.000000,116770091.000000,22456.000000
10000,2,2803,0.800000,1.000000,0.595763,1.000000,0.000000,0,0.000000,9216.000000,1.000000,116770091.000000,22456.000000
10000,3,2774,0.800000,1.000000,0.674903,1.000000,0.000000,0,0.000000,8983.000000,1.000000,116770091.000000,22456.000000
10000,4,2809,0.800000,1.000000,0.615891,1.000000,0.000000,0,0.000000,9993.000000,1.000000,116770091.000000,22456.000000
10000,5,2706,0.800000,1.000000,0.628070,1.000000,0.000000,0,0.000000,9575.000000,1.000000,116770091.000000,22456.000000
10000,6,2805,0.800000,1.000000,0.570430,1.000000,0.000000,0,0.000000,9963.000000,1.000000,116770091.000000,22456.000000
10000,7,2810,0.800000,1.000000,0.684077,1.000000,0.000000,1,8047.000000,10000.000000,1.000000,116770091.000000,22456.000000
10000,8,2800,0.800000,1.000000,0.577805,1.000000,0.000000,0,0.000000,9442.000000,1.000000,116770091.000000,22456.000000
10000,9,93,0.800000,1.000000,0.636154,1.000000,0.000000,0,0.000000,10.000000,1.000000,116770091.000000,22456.000000
10000,10,2810,0.800000,1.000000,0.631833,1.000000,0.000000,0,0.000000,9982.000000,1.000000,116770091.000000,22456.000000
10000,11,2811,0.800000,1.000000,0.672438,1.000000,0.000000,0,0.000000,9995.000000,1.000000,116770091.000000,22456.000000
10000,12,2794,0.800000,1.000000,0.588572,1.000000,0.000000,0,0.000000,9373.000000,1.000000,116770091.000000,22456.000000
10000,13,2811,0.800000,1.000000,0.700765,1.000000,0.000000,0,0.000000,9999.000000,1.000000,116770091.000000,22456.000000
10000,14,2809,0.800000,1.000000,0.522391,1.000000,0.000000,0,0.000000,9984.000000,1.000000,116770091.000000,22456.000000
10000,15,2684,0.800000,1.000000,0.597933,1.000000,0.000000,0,0.000000,8839.000000,1.000000,116770091.000000,22456.000000
11000,0,3088,0.800000,1.000000,0.649657,1.000000,0.000000,0,0.000000,10975.000000,1.000000,141423207.000000,24614.000000
11000,1,3092,0.800000,1.000000,0.505192,1.000000,0.000000,0,0.000000,10993.000000,1.000000,141423207.000000,24614.000000
11000,2,3093,0.800000,1.000000,0.623190,1.000000,0.000000,0,0.000000,10997.000000,1.000000,141423207.000000,24614.000000
11000,3,3093,0.800000,1.000000,0.703968,1.000000,0.000000,0,0.000000,10999.000000,1.000000,141423207.000000,24614.000000
11000,4,3092,0.800000,1.000000,0.603017,1.000000,0.000000,0,0.000000,10939.000000,1.000000,141423207.000000,24614.000000
11000,5,3084,0.800000,1.000000,0.637075,1.000000,0.000000,0,0.000000,9575.000000,1.000000,141423207.000000,24614.000000
11000,6,3094,0.800000,1.000000,0.602465,1.000000,0.000000,1,8904.000000,11000.000000,1.000000,141423207.000000,24614.000000
11000,7,3086,0.800000,1.000000,0.665664,1.000000,0.000000,0,0.000000,10859.000000,1.000000,141423207.000000,24614.000000
11000,8,3090,0.800000,1.000000,0.697929,1.000000,0.000000,0,0.000000,10986.000000,1.000000,141423207.000000,24614.000000
11000,9,93,0.800000,1.000000,0.636154,1.000000,0.000000,0,0.000000,10.000000,1.000000,141423207.000000,24614.000000
11000,10,3075,0.800000,1.000000,0.480652,1.000000,0.000000,0,0.000000,10834.000000,1.000000,141423207.000000,24614.000000
11000,11,3046,0.800000,1.000000,0.633348,1.000000,0.000000,0,0.000000,10515.000000,1.000000,141423207.000000,24614.000000
11000,12,3092,0.800000,1.000000,0.709732,1.000000,0.000000,0,0.000000,10991.000000,1.000000,141423207.000000,24614.000000
11000,13,3087,0.800000,1.000000,0.583770,1.000000,0.000000,0,0.000000,10955.000000,1.000000,141423207.000000,24614.000000
11000,14,3085,0.800000,1.000000,0.723191,1.000000,0.000000,0,0.000000,10929.000000,1.000000,141423207.000000,24614.000000
11000,15,2851,0.800000,1.000000,0.759279,1.000000,0.000000,0,0.000000,8839.000000,1.000000,141423207.000000,24614.000000
12000,0,3376,0.800000,1.000000,0.719950,1.000000,0.000000,0,0.000000,11983.000000,1.000000,169032441.000000,6691.000000
12000,1,3375,0.800000,1.000000,0.654156,1.000000,0.000000,0,0.000000,11998.000000,1.000000,169032441.000000,6691.000000
12000,2,3331,0.800000,1.000000,0.663460,1.000000,0.000000,0,0.000000,11379.000000,1.000000,169032441.000000,6691.000000
12000,3,3371,0.800000,1.000000,0.495598,1.000000,0.000000,0,0.000000,11957.000000,1.000000,169032441.000000,6691.000000
12000,4,3375,0.800000,1.000000,0.612350,1.000000,0.000000,0,0.000000,11920.000000,1.000000,169032441.000000,6691.000000
12000,5,3376,0.800000,1.000000,0.762952,1.000000,0.000000,0,0.000000,11993.000000,1.000000,169032441.000000,6691.000000
12000,6,3376,0.800000,1.000000,0.729724,1.000000,0.000000,0,0.000000,11992.000000,1.000000,169032441.000000,6691.000000
12000,7,3376,0.800000,1.000000,0.662251,1.000000,0.000000,0,0.000000,11994.000000,1.000000,169032441.000000,6691.000000
12000,8,3348,0.800000,1.000000,0.566534,1.000000,0.000000,0,0.000000,11846.000000,1.000000,169032441.000000,6691.000000
12000,9,93,0.800000,1.000000,0.636154,1.000000,0.000000,0,0.000000,10.000000,1.000000,169032441.000000,6691.000000
12000,10,3376,0.800000,1.000000,0.657229,1.000000,0.000000,0,0.000000,11999.000000,1.000000,169032441.000000,6691.000000
12000,11,3369,0.800000,1.000000,0.497044,1.000000,0.000000,0,0.000000,11965.000000,1.000000,169032441.000000,6691.000000
12000,12,3333,0.800000,1.000000,0.708238,1.000000,0.000000,0,0.000000,11748.000000,1.000000,169032441.000000,6691.000000
12000,13,3376,0.800000,1.000000,0.556182,1.000000,0.000000,1,9592.000000,12000.000000,1.000000,169032441.000000,6691.000000
12000,14,3339,0.800000,1.000000,0.652551,1.000000,0.000000,0,0.000000,11694.000000,1.000000,169032441.000000,6691.000000
12000,15,3253,0.800000,1.000000,0.639256,1.000000,0.000000,0,0.000000,8839.000000,1.000000,169032441.000000,6691.000000
13000,0,3641,0.800000,1.000000,0.647080,1.000000,0.000000,0,0.000000,12998.000000,1.000000,196602231.000000,36339.000000
13000,1,3547,0.800000,1.000000,0.580002,1.000000,0.000000,0,0.000000,12081.000000,1.000000,196602231.000000,36339.000000
13000,2,3641,0.800000,1.000000,0.622614,1.000000,0.000000,0,0.000000,12930.000000,1.000000,196602231.000000,36339.000000
13000,3,3642,0.800000,1.000000,0.724948,1.000000,0.000000,0,0.000000,12883.000000,1.000000,196602231.000000,36339.000000
13000,4,3597,0.800000,1.000000,0.618640,1.000000,0.000000,0,0.000000,12743.000000,1.000000,196602231.000000,36339.000000
13000,5,3642,0.800000,1.000000,0.674206,1.000000,0.000000,0,0.000000,12999.000000,1.000000,196602231.000000,36339.000000
13000,6,3605,0.800000,1.000000,0.686774,1.000000,0.000000,0,0.000000,12624.000000,1.000000,196602231.000000,36339.000000
13000,7,3642,0.800000,1.000000,0.617318,1.000000,0.000000,0,0.000000,12990.000000,1.000000,196602231.000000,36339.000000
13000,8,3609,0.800000,1.000000,0.649437,1.000000,0.000000,0,0.000000,12720.000000,1.000000,196602231.000000,36339.000000
13000,9,93,0.800000,1.000000,0.636154,1.000000,0.000000,0,0.000000,10.000000,1.000000,196602231.000000,36339.000000
13000,10,3641,0.800000,1.000000,0.708889,1.000000,0.000000,0,0.000000,12987.000000,1.000000,196602231.000000,36339.000000
13000,11,3642,0.800000,1.000000,0.704951,1.000000,0.000000,1,10404.000000,13000.000000,1.000000,196602231.000000,36339.000000
13000,12,3637,0.800000,1.000000,0.508749,1.000000,0.000000,0,0.000000,12967.000000,1.000000,196602231.000000,36339.000000
13000,13,3637,0.800000,1.000000,0.675950,1.000000,0.000000,0,0.000000,12864.000000,1.000000,196602231.000000,36339.000000
13000,14,3614,0.800000,1.000000,0.500216,1.000000,0.000000,0,0.000000,11694.000000,1.000000,196602231.000000,36339.000000
13000,15,3565,0.800000,1.000000,0.550206,1.000000,0.000000,0,0.000000,8839.000000,1.000000,196602231.000000,36339.000000
14000,0,3883,0.800000,1.000000,0.646489,1.000000,0.000000,0,0.000000,13989.000000,1.000000,225572608.000000,54263.000000
14000,1,3879,0.800000,1.000000,0.696451,1.000000,0.000000,0,0.000000,12081.000000,1.000000,225572608.000000,54263.000000
14000,2,3887,0.800000,1.000000,0.653653,1.000000,0.000000,0,0.000000,13948.000000,1.000000,225572608.000000,54263.000000
14000,3,3885,0.800000,1.000000,0.686275,1.000000,0.000000,0,0.000000,13997.000000,1.000000,225572608.000000,54263.000000
14000,4,3861,0.800000,1.000000,0.582089,1.000000,0.000000,0,0.000000,12743.000000,1.000000,225572608.000000,54263.000000
14000,5,3886,0.800000,1.000000,0.806215,1.000000,0.000000,0,0.000000,13999.000000,1.000000,225572608.000000,54263.000000
14000,6,3886,0.800000,1.000000,0.674683,1.000000,0.000000,0,0.000000,13988.000000,1.000000,225572608.000000,54263.000000
14000,7,3886,0.800000,1.000000,0.623153,1.000000,0.000000,0,0.000000,13982.000000,1.000000,225572608.000000,54263.000000
14000,8,3887,0.800000,1.000000,0.558765,1.000000,0.000000,0,0.000000,13610.000000,1.000000,225572608.000000,54263.000000
14000,9,199,0.800000,1.000000,0.560668,1.000000,0.000000,0,0.000000,10.000000,1.000000,225572608.000000,54263.000000
14000,10,3871,0.800000,1.000000,0.656076,1.000000,0.000000,0,0.000000,13507.000000,1.000000,225572608.000000,54263.000000
14000,11,3823,0.800000,1.000000,0.589471,1.000000,0.000000,0,0.000000,13273.000000,1.000000,225572608.000000,54263.000000
14000,12,3884,0.800000,1.000000,0.552348,1.000000,0.000000,0,0.000000,13927.000000,1.000000,225572608.000000,54263.000000
14000,13,3887,0.800000,1.000000,0.616098,1.000000,0.000000,0,0.000000,13998.000000,1.000000,225572608.000000,54263.000000
14000,14,3887,0.800000,1.000000,0.651889,1.000000,0.000000,1,11342.000000,14000.000000,1.000000,225572608.000000,54263.000000
14000,15,3871,0.800000,1.000000,0.631087,1.000000,0.000000,0,0.000000,8839.000000,1.000000,225572608.000000,54263.000000
15000,0,4197,0.800000,1.000000,0.633062,1.000000,0.000000,0,0.000000,14999.000000,1.000000,261259769.000000,41881.000000
15000,1,4198,0.800000,1.000000,0.623194,1.000000,0.000000,0,0.000000,14992.000000,1.000000,261259769.000000,41881.000000
15000,2,4196,0.800000,1.000000,0.677456,1.000000,0.000000,0,0.000000,14997.000000,1.000000,261259769.000000,41881.000000
15000,3,4198,0.800000,1.000000,0.551289,1.000000,0.000000,0,0.000000,14998.000000,1.000000,261259769.000000,41881.000000
15000,4,4196,0.800000,1.000000,0.637314,1.000000,0.000000,0,0.000000,14968.000000,1.000000,261259769.000000,41881.000000
15000,5,4179,0.800000,1.000000,0.590233,1.000000,0.000000,0,0.000000,14730.000000,1.000000,261259769.000000,41881.000000
15000,6,4198,0.800000,1.000000,0.715095,1.000000,0.000000,0,0.000000,14986.000000,1.000000,261259769.000000,41881.000000
15000,7,4197,0.800000,1.000000,0.643290,1.000000,0.000000,0,0.000000,14957.000000,1.000000,261259769.000000,41881.000000
15000,8,4197,0.800000,1.000000,0.637219,1.000000,0.000000,0,0.000000,14978.000000,1.000000,261259769.000000,41881.000000
15000,9,590,0.800000,1.000000,0.718071,1.000000,0.000000,0,0.000000,10.000000,1.000000,261259769.000000,41881.000000
15000,10,4198,0.800000,1.000000,0.625672,1.000000,0.000000,1,11333.000000,15000.000000,1.000000,261259769.000000,41881.000000
15000,11,3890,0.800000,1.000000,0.659154,1.000000,0.000000,0,0.000000,13273.000000,1.000000,261259769.000000,41881.000000
15000,12,4188,0.800000,1.000000,0.564331,1.000000,0.000000,0,0.000000,14908.000000,1.000000,261259769.000000,41881.000000
15000,13,4180,0.800000,1.000000,0.568186,1.000000,0.000000,0,0.000000,14538.000000,1.000000,261259769.000000,41881.000000
15000,14,4147,0.800000,1.000000,0.583366,1.000000,0.000000,0,0.000000,14665.000000,1.000000,261259769.000000,41881.000000
15000,15,4190,0.800000,1.000000,0.557715,1.000000,0.000000,0,0.000000,14849.000000,1.000000,261259769.000000,41881.000000
16000,0,4468,0.800000,1.000000,0.617344,1.000000,0.000000,0,0.000000,15998.000000,1.000000,292608525.000000,26807.000000
16000,1,4351,0.800000,1.000000,0.702224,1.000000,0.000000,0,0.000000,15457.000000,1.000000,292608525.000000,26807.000000
16000,2,4467,0.800000,1.000000,0.594846,1.000000,0.000000,0,0.000000,15959.000000,1.000000,292608525.000000,26807.000000
16000,3,4467,0.800000,1.000000,0.720176,1.000000,0.000000,0,0.000000,15994.000000,1.000000,292608525.000000,26807.000000
16000,4,4467,0.800000,1.000000,0.652598,1.000000,0.000000,0,0.000000,15999.000000,1.000000,292608525.000000,26807.000000
16000,5,4467,0.800000,1.000000,0.623721,1.000000,0.000000,0,0.000000,15982.000000,1.000000,292608525.000000,26807.000000
16000,6,4468,0.800000,1.000000,0.599854,1.000000,0.000000,1,12809.000000,16000.000000,1.000000,292608525.000000,26807.000000
16000,7,4468,0.800000,1.000000,0.570923,1.000000,0.000000,0,0.000000,15990.000000,1.000000,292608525.000000,26807.000000
16000,8,4423,0.800000,1.000000,0.622678,1.000000,0.000000,0,0.000000,15336.000000,1.000000,292608525.000000,26807.000000
16000,9,935,0.800000,1.000000,0.680724,1.000000,0.000000,0,0.000000,10.000000,1.000000,292608525.000000,26807.000000
16000,10,4444,0.800000,1.000000,0.641318,1.000000,0.000000,0,0.000000,15680.000000,1.000000,292608525.000000,26807.000000
16000,11,3890,0.800000,1.000000,0.659154,1.000000,0.000000,0,0.000000,13273.000000,1.000000,292608525.000000,26807.000000
16000,12,4339,0.800000,1.000000,0.569567,1.000000,0.000000,0,0.000000,14908.000000,1.000000,292608525.000000,26807.000000
16000,13,4469,0.800000,1.000000,0.588132,1.000000,0.000000,0,0.000000,15997.000000,1.000000,292608525.000000,26807.000000
16000,14,4468,0.800000,1.000000,0.690860,1.000000,0.000000,0,0.000000,15995.000000,1.000000,292608525.000000,26807.000000
16000,15,4460,0.800000,1.000000,0.687939,1.000000,0.000000,0,0.000000,15720.000000,1.000000,292608525.000000,26807.000000
17000,0,4741,0.800000,1.000000,0.560337,1.000000,0.000000,0,0.000000,16997.000000,1.000000,332306081.000000,49764.000000
17000,1,4721,0.800000,1.000000,0.658362,1.000000,0.000000,0,0.000000,16921.000000,1.000000,332306081.000000,49764.000000
17000,2,4737,0.800000,1.000000,0.459378,1.000000,0.000000,0,0.000000,16959.000000,1.000000,332306081.000000,49764.000000
17000,3,4741,0.800000,1.000000,0.638534,1.000000,0.000000,1,13628.000000,17000.000000,1.000000,332306081.000000,49764.000000
17000,4,4741,0.800000,1.000000,0.594860,1.000000,0.000000,0,0.000000,16992.000000,1.000000,332306081.000000,49764.000000
17000,5,4736,0.800000,1.000000,0.653063,1.000000,0.000000,0,0.000000,16838.000000,1.000000,332306081.000000,49764.000000
17000,6,4740,0.800000,1.000000,0.650371,1.000000,0.000000,0,0.000000,16989.000000,1.000000,332306081.000000,49764.000000
17000,7,4720,0.800000,1.000000,0.532689,1.000000,0.000000,0,0.000000,16896.000000,1.000000,332306081.000000,49764.000000
17000,8,4741,0.800000,1.000000,0.663049,1.000000,0.000000,0,0.000000,16999.000000,1.000000,332306081.000000,49764.000000
17000,9,1273,0.800000,1.000000,0.621911,1.000000,0.000000,0,0.000000,10.000000,1.000000,332306081.000000,49764.000000
17000,10,4734,0.800000,1.000000,0.587981,1.000000,0.000000,0,0.000000,16873.000000,1.000000,332306081.000000,49764.000000
17000,11,4176,0.800000,1.000000,0.643806,1.000000,0.000000,0,0.000000,13273.000000,1.000000,332306081.000000,49764.000000
17000,12,4653,0.800000,1.000000,0.737356,1.000000,0.000000,0,0.000000,14908.000000,1.000000,332306081.000000,49764.000000
17000,13,4736,0.800000,1.000000,0.622908,1.000000,0.000000,0,0.000000,16817.000000,1.000000,332306081.000000,49764.000000
17000,14,4742,0.800000,1.000000,0.635658,1.000000,0.000000,0,0.000000,16993.000000,1.000000,332306081.000000,49764.000000
17000,15,4739,0.800000,1.000000,0.617301,1.000000,0.000000,0,0.000000,16975.000000,1.000000,332306081.000000,49764.000000
18000,0,4889,0.800000,1.000000,0.534781,1.000000,0.000000,0,0.000000,17329.000000,1.000000,373173316.000000,29111.000000
18000,1,5003,0.800000,1.000000,0.552868,1.000000,0.000000,0,0.000000,16921.000000,1.000000,373173316.000000,29111.000000
18000,2,5014,0.800000,1.000000,0.595878,1.000000,0.000000,0,0.000000,17964.000000,1.000000,373173316.000000,29111.000000
18000,3,5018,0.800000,1.000000,0.609018,1.000000,0.000000,0,0.000000,17987.000000,1.000000,373173316.000000,29111.000000
18000,4,5021,0.800000,1.000000,0.606916,1.000000,0.000000,0,0.000000,17999.000000,1.000000,373173316.000000,29111.000000
18000,5,4997,0.800000,1.000000,0.606824,1.000000,0.000000,0,0.000000,17916.000000,1.000000,373173316.000000,29111.000000
18000,6,4989,0.800000,1.000000,0.680311,1.000000,0.000000,0,0.000000,17883.000000,1.000000,373173316.000000,29111.000000
18000,7,5021,0.800000,1.000000,0.697153,1.000000,0.000000,0,0.000000,17996.000000,1.000000,373173316.000000,29111.000000
18000,8,5021,0.800000,1.000000,0.536533,1.000000,0.000000,0,0.000000,17994.000000,1.000000,373173316.000000,29111.000000
18000,9,1508,0.800000,1.000000,0.537612,1.000000,0.000000,0,0.000000,10.000000,1.000000,373173316.000000,29111.000000
18000,10,5021,0.800000,1.000000,0.716873,1.000000,0.000000,1,13647.000000,18000.000000,1.000000,373173316.000000,29111.000000
18000,11,4527,0.800000,1.000000,0.681730,1.000000,0.000000,0,0.000000,13273.000000,1.000000,373173316.000000,29111.000000
18000,12,5016,0.800000,1.000000,0.594386,1.000000,0.000000,0,0.000000,17940.000000,1.000000,373173316.000000,29111.000000
18000,13,5021,0.800000,1.000000,0.652775,1.000000,0.000000,0,0.000000,17998.000000,1.000000,373173316.000000,29111.000000
18000,14,4999,0.800000,1.000000,0.773873,1.000000,0.000000,0,0.000000,17781.000000,1.000000,373173316.000000,29111.000000
18000,15,5009,0.800000,1.000000,0.546918,1.000000,0.000000,0,0.000000,17674.000000,1.000000,373173316.000000,29111.000000
19000,0,5289,0.800000,1.000000,0.559488,1.000000,0.000000,0,0.000000,18996.000000,1.000000,416259563.000000,10565.000000
19000,1,5259,0.800000,1.000000,0.528187,1.000000,0.000000,0,0.000000,18828.000000,1.000000,416259563.000000,10565.000000
19000,2,5274,0.800000,1.000000,0.571819,1.000000,0.000000,0,0.000000,18839.000000,1.000000,416259563.000000,10565.000000
19000,3,5290,0.800000,1.000000,0.618105,1.000000,0.000000,0,0.000000,18977.000000,1.000000,416259563.000000,10565.000000
19000,4,5283,0.800000,1.000000,0.714408,1.000000,0.000000,0,0.000000,18819.000000,1.000000,416259563.000000,10565.000000
19000,5,5269,0.800000,1.000000,0.636300,1.000000,0.000000,0,0.000000,18280.000000,1.000000,416259563.000000,10565.000000
19000,6,5208,0.800000,1.000000,0.623834,1.000000,0.000000,0,0.000000,18652.000000,1.000000,416259563.000000,10565.000000
19000,7,5290,0.800000,1.000000,0.689861,1.000000,0.000000,0,0.000000,18995.000000,1.000000,416259563.000000,10565.000000
19000,8,5290,0.800000,1.000000,0.674290,1.000000,0.000000,0,0.000000,18999.000000,1.000000,416259563.000000,10565.000000
19000,9,1877,0.800000,1.000000,0.719954,1.000000,0.000000,0,0.000000,10.000000,1.000000,416259563.000000,10565.000000
19000,10,5290,0.800000,1.000000,0.640359,1.000000,0.000000,0,0.000000,18997.000000,1.000000,416259563.000000,10565.000000
19000,11,4820,0.800000,1.000000,0.728347,1.000000,0.000000,0,0.000000,13273.000000,1.000000,416259563.000000,10565.000000
19000,12,5290,0.800000,1.000000,0.750204,1.000000,0.000000,0,0.000000,18896.000000,1.000000,416259563.000000,10565.000000
19000,13,5290,0.800000,1.000000,0.530860,1.000000,0.000000,0,0.000000,18983.000000,1.000000,416259563.000000,10565.000000
19000,14,5291,0.800000,1.000000,0.601974,1.000000,0.000000,1,15525.000000,19000.000000,1.000000,416259563.000000,10565.000000
19000,15,5231,0.800000,1.000000,0.678647,1.000000,0.000000,0,0.000000,18741.000000,1.000000,416259563.000000,10565.000000
20000,0,5551,0.800000,1.000000,0.809183,1.000000,0.000000,0,0.000000,19999.000000,1.000000,460603991.000000,21406.000000
20000,1,5551,0.800000,1.000000,0.698328,1.000000,0.000000,0,0.000000,19998.000000,1.000000,460603991.000000,21406.000000
20000,2,5546,0.800000,1.000000,0.693160,1.000000,0.000000,0,0.000000,19792.000000,1.000000,460603991.000000,21406.000000
20000,3,5489,0.800000,1.000000,0.604324,1.000000,0.000000,0,0.000000,19123.000000,1.000000,460603991.000000,21406.000000
20000,4,5529,0.800000,1.000000,0.534882,1.000000,0.000000,0,0.000000,19436.000000,1.000000,460603991.000000,21406.000000
20000,5,5548,0.800000,1.000000,0.614298,1.000000,0.000000,0,0.000000,19987.000000,1.000000,460603991.000000,21406.000000
20000,6,5521,0.800000,1.000000,0.710102,1.000000,0.000000,0,0.000000,18652.000000,1.000000,460603991.000000,21406.000000
20000,7,5550,0.800000,1.000000,0.590031,1.000000,0.000000,0,0.000000,19991.000000,1.000000,460603991.000000,21406.000000
20000,8,5552,0.800000,1.000000,0.649809,1.000000,0.000000,0,0.000000,19995.000000,1.000000,460603991.000000,21406.000000
20000,9,2159,0.800000,1.000000,0.732645,1.000000,0.000000,0,0.000000,10.000000,1.000000,460603991.000000,21406.000000
20000,10,5505,0.800000,1.000000,0.614140,1.000000,0.000000,0,0.000000,19815.000000,1.000000,460603991.000000,21406.000000
20000,11,5152,0.800000,1.000000,0.529211,1.000000,0.000000,0,0.000000,13273.000000,1.000000,460603991.000000,21406.000000
20000,12,5550,0.800000,1.000000,0.656747,1.000000,0.000000,0,0.000000,19988.000000,1.000000,460603991.000000,21406.000000
20000,13,5552,0.800000,1.000000,0.687027,1.000000,0.000000,1,16199.000000,20000.000000,1.000000,460603991.000000,21406.000000
20000,14,5552,0.800000,1.000000,0.693971,1.000000,0.000000,0,0.000000,19993.000000,1.000000,460603991.000000,21406.000000
20000,15,5538,0.800000,1.000000,0.606385,1.000000,0.000000,0,0.000000,18741.000000,1.000000,460603991.000000,21406.000000
21000,0,5805,0.800000,1.000000,0.569756,1.000000,0.000000,0,0.000000,20850.000000,1.000000,508543851.000000,81285.000000
21000,1,5811,0.800000,1.000000,0.639947,1.000000,0.000000,0,0.000000,20978.000000,1.000000,508543851.000000,81285.000000
21000,2,5816,0.800000,1.000000,0.571300,1.000000,0.000000,1,17567.000000,21000.000000,1.000000,508543851.000000,81285.000000
21000,3,5817,0.800000,1.000000,0.662856,1.000000,0.000000,0,0.000000,20999.000000,1.000000,508543851.000000,81285.000000
21000,4,5816,0.800000,1.000000,0.589353,1.000000,0.000000,0,0.000000,20997.000000,1.000000,508543851.000000,81285.000000
21000,5,5740,0.800000,1.000000,0.543352,1.000000,0.000000,0,0.000000,19987.000000,1.000000,508543851.000000,81285.000000
21000,6,5812,0.800000,1.000000,0.576530,1.000000,0.000000,0,0.000000,20940.000000,1.000000,508543851.000000,81285.000000
21000,7,5814,0.800000,1.000000,0.637900,1.000000,0.000000,0,0.000000,20865.000000,1.000000,508543851.000000,81285.000000
21000,8,5816,0.800000,1.000000,0.654207,1.000000,0.000000,0,0.000000,20907.000000,1.000000,508543851.000000,81285.000000
21000,9,2536,0.800000,1.000000,0.646635,1.000000,0.000000,0,0.000000,10.000000,1.000000,508543851.000000,81285.000000
21000,10,5765,0.800000,1.000000,0.736025,1.000000,0.000000,0,0.000000,19815.000000,1.000000,508543851.000000,81285.000000
21000,11,5537,0.800000,1.000000,0.658357,1.000000,0.000000,0,0.000000,13273.000000,1.000000,508543851.000000,81285.000000
21000,12,5817,0.800000,1.000000,0.551075,1.000000,0.000000,0,0.000000,20995.000000,1.000000,508543851.000000,81285.000000
21000,13,5802,0.800000,1.000000,0.651304,1.000000,0.000000,0,0.000000,20791.000000,1.000000,508543851.000000,81285.000000
21000,14,5794,0.800000,1.000000,0.618180,1.000000,0.000000,0,0.000000,20639.000000,1.000000,508543851.000000,81285.000000
21000,15,5817,0.800000,1.000000,0.647244,1.000000,0.000000,0,0.000000,20998.000000,1.000000,508543851.000000,81285.000000
22000,0,6089,0.800000,1.000000,0.731942,1.000000,0.000000,0,0.000000,21999.000000,1.000000,560975782.000000,60415.000000
22000,1,6088,0.800000,1.000000,0.599973,1.000000,0.000000,0,0.000000,21970.000000,1.000000,560975782.000000,60415.000000
22000,2,6066,0.800000,1.000000,0.561474,1.000000,0.000000,0,0.000000,21906.000000,1.000000,560975782.000000,60415.000000
22000,3,6088,0.800000,1.000000,0.671993,1.000000,0.000000,0,0.000000,21769.000000,1.000000,560975782.000000,60415.000000
22000,4,6087,0.800000,1.000000,0.658432,1.000000,0.000000,0,0.000000,21925.000000,1.000000,560975782.000000,60415.000000
22000,5,6072,0.800000,1.000000,0.597934,1.000000,0.000000,0,0.000000,19987.000000,1.000000,560975782.000000,60415.000000
22000,6,6089,0.800000,1.000000,0.604979,1.000000,0.000000,0,0.000000,21996.000000,1.000000,560975782.000000,60415.000000
22000,7,6090,0.800000,1.000000,0.751876,1.000000,0.000000,1,17351.000000,22000.000000,1.000000,560975782.000000,60415.000000
22000,8,6090,0.800000,1.000000,0.694771,1.000000,0.000000,0,0.000000,21998.000000,1.000000,560975782.000000,60415.000000
22000,9,2921,0.800000,1.000000,0.726314,1.000000,0.000000,0,0.000000,10.000000,1.000000,560975782.000000,60415.000000
22000,10,6089,0.800000,1.000000,0.697407,1.000000,0.000000,0,0.000000,21994.000000,1.000000,560975782.000000,60415.000000
22000,11,5856,0.800000,1.000000,0.497538,1.000000,0.000000,0,0.000000,13273.000000,1.000000,560975782.000000,60415.000000
22000,12,6081,0.800000,1.000000,0.685319,1.000000,0.000000,0,0.000000,21975.000000,1.000000,560975782.000000,60415.000000
22000,13,6072,0.800000,1.000000,0.741511,1.000000,0.000000,0,0.000000,21847.000000,1.000000,560975782.000000,60415.000000
22000,14,6090,0.800000,1.000000,0.659725,1.000000,0.000000,0,0.000000,21986.000000,1.000000,560975782.000000,60415.000000
22000,15,6080,0.800000,1.000000,0.592065,1.000000,0.000000,0,0.000000,21973.000000,1.000000,560975782.000000,60415.000000
23000,0,6347,0.800000,1.000000,0.544717,1.000000,0.000000,0,0.000000,22627.000000,1.000000,610784900.000000,50614.000000
23000,1,6356,0.800000,1.000000,0.572910,1.000000,0.000000,0,0.000000,22991.000000,1.000000,610784900.000000,50614.000000
23000,2,6256,0.800000,1.000000,0.631954,1.000000,0.000000,0,0.000000,21906.000000,1.000000,610784900.000000,50614.000000
23000,3,6349,0.800000,1.000000,0.676938,1.000000,0.000000,0,0.000000,22691.000000,1.000000,610784900.000000,50614.000000
23000,4,6321,0.800000,1.000000,0.683720,1.000000,0.000000,0,0.000000,22080.000000,1.000000,610784900.000000,50614.000000
23000,5,6356,0.800000,1.000000,0.674532,1.000000,0.000000,0,0.000000,22998.000000,1.000000,610784900.000000,50614.000000
23000,6,6336,0.800000,1.000000,0.612081,1.000000,0.000000,0,0.000000,22784.000000,1.000000,610784900.000000,50614.000000
23000,7,6351,0.800000,1.000000,0.581706,1.000000,0.000000,0,0.000000,22978.000000,1.000000,610784900.000000,50614.000000
23000,8,6356,0.800000,1.000000,0.765195,1.000000,0.000000,1,18459.000000,23000.000000,1.000000,610784900.000000,50614.000000
23000,9,3291,0.800000,1.000000,0.655517,1.000000,0.000000,0,0.000000,10.000000,1.000000,610784900.000000,50614.000000
23000,10,6355,0.800000,1.000000,0.670142,1.000000,0.000000,0,0.000000,22969.000000,1.000000,610784900.000000,50614.000000
23000,11,6082,0.800000,1.000000,0.617574,1.000000,0.000000,0,0.000000,13273.000000,1.000000,610784900.000000,50614.000000
23000,12,6328,0.800000,1.000000,0.577808,1.000000,0.000000,0,0.000000,22405.000000,1.000000,610784900.000000,50614.000000
23000,13,6357,0.800000,1.000000,0.677805,1.000000,0.000000,0,0.000000,22997.000000,1.000000,610784900.000000,50614.000000
23000,14,6356,0.800000,1.000000,0.662339,1.000000,0.000000,0,0.000000,22939.000000,1.000000,610784900.000000,50614.000000
23000,15,6353,0.800000,1.000000,0.635415,1.000000,0.000000,0,0.000000,22975.000000,1.000000,610784900.000000,50614.000000
24000,0,6631,0.800000,1.000000,0.650064,1.000000,0.000000,0,0.000000,23837.000000,1.000000,669912984.000000,86389.000000
24000,1,6640,0.800000,1.000000,0.709367,1.000000,0.000000,0,0.000000,23999.000000,1.000000,669912984.000000,86389.000000
24000,2,6612,0.800000,1.000000,0.534165,1.000000,0.000000,0,0.000000,21906.000000,1.000000,669912984.000000,86389.000000
24000,3,6640,0.800000,1.000000,0.653888,1.000000,0.000000,0,0.000000,23996.000000,1.000000,669912984.000000,86389.000000
24000,4,6641,0.800000,1.000000,0.730638,1.000000,0.000000,1,19032.000000,24000.000000,1.000000,669912984.000000,86389.000000
24000,5,6635,0.800000,1.000000,0.583724,1.000000,0.000000,0,0.000000,23976.000000,1.000000,669912984.000000,86389.000000
24000,6,6642,0.800000,1.000000,0.712550,1.000000,0.000000,0,0.000000,23997.000000,1.000000,669912984.000000,86389.000000
24000,7,6604,0.800000,1.000000,0.611768,1.000000,0.000000,0,0.000000,23868.000000,1.000000,669912984.000000,86389.000000
24000,8,6642,0.800000,1.000000,0.701614,1.000000,0.000000,0,0.000000,23993.000000,1.000000,669912984.000000,86389.000000
24000,9,3601,0.800000,1.000000,0.694886,1.000000,0.000000,0,0.000000,10.000000,1.000000,669912984.000000,86389.000000
24000,10,6615,0.800000,1.000000,0.688667,1.000000,0.000000,0,0.000000,23909.000000,1.000000,669912984.000000,86389.000000
24000,11,6422,0.800000,1.000000,0.598148,1.000000,0.000000,0,0.000000,13273.000000,1.000000,669912984.000000,86389.000000
24000,12,6625,0.800000,1.000000,0.557997,1.000000,0.000000,0,0.000000,23932.000000,1.000000,669912984.000000,86389.000000
24000,13,6641,0.800000,1.000000,0.655774,1.000000,0.000000,0,0.000000,23840.000000,1.000000,669912984.000000,86389.000000
24000,14,6637,0.800000,1.000000,0.644404,1.000000,0.000000,0,0.000000,23532.000000,1.000000,669912984.000000,86389.000000
24000,15,6638,0.800000,1.000000,0.696265,1.000000,0.000000,0,0.000000,23826.000000,1.000000,669912984.000000,86389.000000
25000,0,6919,0.800000,1.000000,0.715267,1.000000,0.000000,0,0.000000,24997.000000,1.000000,728236193.000000,48910.000000
25000,1,6918,0.800000,1.000000,0.622968,1.000000,0.000000,0,0.000000,24915.000000,1.000000,728236193.000000,48910.000000
25000,2,6918,0.800000,1.000000,0.594298,1.000000,0.000000,0,0.000000,24986.000000,1.000000,728236193.000000,48910.000000
25000,3,6892,0.800000,1.000000,0.760577,1.000000,0.000000,0,0.000000,24890.000000,1.000000,728236193.000000,48910.000000
25000,4,6807,0.800000,1.000000,0.604533,1.000000,0.000000,0,0.000000,24547.000000,1.000000,728236193.000000,48910.000000
25000,5,6920,0.800000,1.000000,0.630044,1.000000,0.000000,0,0.000000,24998.000000,1.000000,728236193.000000,48910.000000
25000,6,6920,0.800000,1.000000,0.660125,1.000000,0.000000,0,0.000000,24999.000000,1.000000,728236193.000000,48910.000000
25000,7,6918,0.800000,1.000000,0.729127,1.000000,0.000000,0,0.000000,23868.000000,1.000000,728236193.000000,48910.000000
25000,8,6920,0.800000,1.000000,0.557760,1.000000,0.000000,0,0.000000,24980.000000,1.000000,728236193.000000,48910.000000
25000,9,3918,0.800000,1.000000,0.567894,1.000000,0.000000,0,0.000000,10.000000,1.000000,728236193.000000,48910.000000
25000,10,6907,0.800000,1.000000,0.731421,1.000000,0.000000,0,0.000000,23909.000000,1.000000,728236193.000000,48910.000000
25000,11,6715,0.800000,1.000000,0.631488,1.000000,0.000000,0,0.000000,13273.000000,1.000000,728236193.000000,48910.000000
25000,12,6916,0.800000,1.000000,0.520004,1.000000,0.000000,0,0.000000,24959.000000,1.000000,728236193.000000,48910.000000
25000,13,6920,0.800000,1.000000,0.719864,1.000000,0.000000,1,19832.000000,25000.000000,1.000000,728236193.000000,48910.000000
25000,14,6898,0.800000,1.000000,0.652447,1.000000,0.000000,0,0.000000,24837.000000,1.000000,728236193.000000,48910.000000
25000,15,6917,0.800000,1.000000,0.564418,1.000000,0.000000,0,0.000000,24979.000000,1.000000,728236193.000000,48910.000000
26000,0,7180,0.800000,1.000000,0.611738,1.000000,0.000000,0,0.000000,25976.000000,1.000000,785946761.000000,51558.000000
26000,1,7179,0.800000,1.000000,0.756716,1.000000,0.000000,0,0.000000,25929.000000,1.000000,785946761.000000,51558.000000
26000,2,7180,0.800000,1.000000,0.650827,1.000000,0.000000,0,0.000000,25997.000000,1.000000,785946761.000000,51558.000000
26000,3,7168,0.800000,1.000000,0.594733,1.000000,0.000000,0,0.000000,24890.000000,1.000000,785946761.000000,51558.000000
26000,4,7165,0.800000,1.000000,0.615749,1.000000,0.000000,0,0.000000,24547.000000,1.000000,785946761.000000,51558.000000
26000,5,7179,0.800000,1.000000,0.635432,1.000000,0.000000,0,0.000000,25995.000000,1.000000,785946761.000000,51558.000000
26000,6,7152,0.800000,1.000000,0.578457,1.000000,0.000000,0,0.000000,25477.000000,1.000000,785946761.000000,51558.000000
26000,7,7179,0.800000,1.000000,0.707712,1.000000,0.000000,0,0.000000,25974.000000,1.000000,785946761.000000,51558.000000
26000,8,7175,0.800000,1.000000,0.602096,1.000000,0.000000,0,0.000000,25937.000000,1.000000,785946761.000000,51558.000000
26000,9,4262,0.800000,1.000000,0.536266,1.000000,0.000000,0,0.000000,10.000000,1.000000,785946761.000000,51558.000000
26000,10,7180,0.800000,1.000000,0.664805,1.000000,0.000000,0,0.000000,25999.000000,1.000000,785946761.000000,51558.000000
26000,11,7143,0.800000,1.000000,0.757811,1.000000,0.000000,0,0.000000,13273.000000,1.000000,785946761.000000,51558.000000
26000,12,7181,0.800000,1.000000,0.614083,1.000000,0.000000,0,0.000000,25993.000000,1.000000,785946761.000000,51558.000000
26000,13,7171,0.800000,1.000000,0.784639,1.000000,0.000000,0,0.000000,25684.000000,1.000000,785946761.000000,51558.000000
26000,14,6898,0.800000,1.000000,0.652447,1.000000,0.000000,0,0.000000,24837.000000,1.000000,785946761.000000,51558.000000
26000,15,7181,0.800000,1.000000,0.541968,1.000000,0.000000,1,21653.000000,26000.000000,1.000000,785946761.000000,51558.000000
27000,0,7450,0.800000,1.000000,0.724879,1.000000,0.000000,0,0.000000,26999.000000,1.000000,848114114.000000,59244.000000
27000,1,7451,0.800000,1.000000,0.595539,1.000000,0.000000,0,0.000000,26989.000000,1.000000,848114114.000000,59244.000000
27000,2,7449,0.800000,1.000000,0.705979,1.000000,0.000000,0,0.000000,26842.000000,1.000000,848114114.000000,59244.000000
27000,3,7451,0.800000,1.000000,0.684210,1.000000,0.000000,1,22019.000000,27000.000000,1.000000,848114114.000000,59244.000000
27000,4,7451,0.800000,1.000000,0.729163,1.000000,0.000000,0,0.000000,26971.000000,1.000000,848114114.000000,59244.000000
27000,5,7445,0.800000,1.000000,0.613716,1.000000,0.000000,0,0.000000,26892.000000,1.000000,848114114.000000,59244.000000
27000,6,7452,0.800000,1.000000,0.499055,1.000000,0.000000,0,0.000000,26982.000000,1.000000,848114114.000000,59244.000000
27000,7,7410,0.800000,1.000000,0.771002,1.000000,0.000000,0,0.000000,26804.000000,1.000000,848114114.000000,59244.000000
27000,8,7431,0.800000,1.000000,0.683789,1.000000,0.000000,0,0.000000,26863.000000,1.000000,848114114.000000,59244.000000
27000,9,4588,0.800000,1.000000,0.654103,1.000000,0.000000,0,0.000000,10.000000,1.000000,848114114.000000,59244.000000
27000,10,7422,0.800000,1.000000,0.586031,1.000000,0.000000,0,0.000000,26673.000000,1.000000,848114114.000000,59244.000000
27000,11,7417,0.800000,1.000000,0.655753,1.000000,0.000000,0,0.000000,26525.000000,1.000000,848114114.000000,59244.000000
27000,12,7391,0.800000,1.000000,0.669773,1.000000,0.000000,0,0.000000,26734.000000,1.000000,848114114.000000,59244.000000
27000,13,7439,0.800000,1.000000,0.643366,1.000000,0.000000,0,0.000000,26855.000000,1.000000,848114114.000000,59244.000000
27000,14,7270,0.800000,1.000000,0.594748,1.000000,0.000000,0,0.000000,24837.000000,1.000000,848114114.000000,59244.000000
27000,15,7451,0.800000,1.000000,0.583220,1.000000,0.000000,0,0.000000,26993.000000,1.000000,848114114.000000,59244.000000
28000,0,7719,0.800000,1.000000,0.630762,1.000000,0.000000,0,0.000000,27998.000000,1.000000,912319791.000000,61730.000000
28000,1,7707,0.800000,1.000000,0.633794,1.000000,0.000000,0,0.000000,27955.000000,1.000000,912319791.000000,61730.000000
28000,2,7718,0.800000,1.000000,0.605882,1.000000,0.000000,0,0.000000,27993.000000,1.000000,912319791.000000,61730.000000
28000,3,7716,0.800000,1.000000,0.671959,1.000000,0.000000,0,0.000000,27992.000000,1.000000,912319791.000000,61730.000000
28000,4,7715,0.800000,1.000000,0.544732,1.000000,0.000000,0,0.000000,27609.000000,1.000000,912319791.000000,61730.000000
28000,5,7714,0.800000,1.000000,0.553716,1.000000,0.000000,0,0.000000,27953.000000,1.000000,912319791.000000,61730.000000
28000,6,7718,0.800000,1.000000,0.511653,1.000000,0.000000,0,0.000000,27967.000000,1.000000,912319791.000000,61730.000000
28000,7,7588,0.800000,1.000000,0.551121,1.000000,0.000000,0,0.000000,26804.000000,1.000000,912319791.000000,61730.000000
28000,8,7718,0.800000,1.000000,0.678647,1.000000,0.000000,0,0.000000,27999.000000,1.000000,912319791.000000,61730.000000
28000,9,4963,0.800000,1.000000,0.495005,1.000000,0.000000,0,0.000000,10.000000,1.000000,912319791.000000,61730.000000
28000,10,7713,0.800000,1.000000,0.609625,1.000000,0.000000,0,0.000000,26673.000000,1.000000,912319791.000000,61730.000000
28000,11,7712,0.800000,1.000000,0.649033,1.000000,0.000000,0,0.000000,27973.000000,1.000000,912319791.000000,61730.000000
28000,12,7600,0.800000,1.000000,0.629978,1.000000,0.000000,0,0.000000,26734.000000,1.000000,912319791.000000,61730.000000
28000,13,7716,0.800000,1.000000,0.693509,1.000000,0.000000,0,0.000000,27975.000000,1.000000,912319791.000000,61730.000000
28000,14,7617,0.800000,1.000000,0.656900,1.000000,0.000000,0,0.000000,24837.000000,1.000000,912319791.000000,61730.000000
28000,15,7719,0.800000,1.000000,0.689306,1.000000,0.000000,1,22944.000000,28000.000000,1.000000,912319791.000000,61730.000000
29000,0,7976,0.800000,1.000000,0.676001,1.000000,0.000000,0,0.000000,28995.000000,1.000000,978847941.000000,90312.000000
29000,1,7918,0.800000,1.000000,0.628150,1.000000,0.000000,0,0.000000,28250.000000,1.000000,978847941.000000,90312.000000
29000,2,7959,0.800000,1.000000,0.639510,1.000000,0.000000,0,0.000000,28905.000000,1.000000,978847941.000000,90312.000000
29000,3,7975,0.800000,1.000000,0.585420,1.000000,0.000000,0,0.000000,28989.000000,1.000000,978847941.000000,90312.000000
29000,4,7962,0.800000,1.000000,0.624006,1.000000,0.000000,0,0.000000,28787.000000,1.000000,978847941.000000,90312.000000
29000,5,7976,0.800000,1.000000,0.743050,1.000000,0.000000,1,23181.000000,29000.000000,1.000000,978847941.000000,90312.000000
29000,6,7977,0.800000,1.000000,0.661462,1.000000,0.000000,0,0.000000,28998.000000,1.000000,978847941.000000,90312.000000
29000,7,7976,0.800000,1.000000,0.618811,1.000000,0.000000,0,0.000000,28992.000000,1.000000,978847941.000000,90312.000000
29000,8,7975,0.800000,1.000000,0.584322,1.000000,0.000000,0,0.000000,28993.000000,1.000000,978847941.000000,90312.000000
29000,9,5338,0.800000,1.000000,0.663543,1.000000,0.000000,0,0.000000,10.000000,1.000000,978847941.000000,90312.000000
29000,10,7960,0.800000,1.000000,0.665566,1.000000,0.000000,0,0.000000,28388.000000,1.000000,978847941.000000,90312.000000
29000,11,7943,0.800000,1.000000,0.629795,1.000000,0.000000,0,0.000000,28700.000000,1.000000,978847941.000000,90312.000000
29000,12,7887,0.800000,1.000000,0.587283,1.000000,0.000000,0,0.000000,26734.000000,1.000000,978847941.000000,90312.000000
29000,13,7973,0.800000,1.000000,0.611381,1.000000,0.000000,0,0.000000,28988.000000,1.000000,978847941.000000,90312.000000
29000,14,7963,0.800000,1.000000,0.575092,1.000000,0.000000,0,0.000000,24837.000000,1.000000,978847941.000000,90312.000000
29000,15,7975,0.800000,1.000000,0.618293,1.000000,0.000000,0,0.000000,28963.000000,1.000000,978847941.000000,90312.000000
30000,0,8266,0.800000,1.000000,0.688474,1.000000,0.000000,0,0.000000,29975.000000,1.000000,1053880060.000000,132268.000000
30000,1,8271,0.800000,1.000000,0.634701,1.000000,0.000000,0,0.000000,29990.000000,1.000000,1053880060.000000,132268.000000
30000,2,8114,0.800000,1.000000,0.625904,1.000000,0.000000,0,0.000000,28905.000000,1.000000,1053880060.000000,132268.000000
30000,3,8274,0.800000,1.000000,0.645013,1.000000,0.000000,0,0.000000,29999.000000,1.000000,1053880060.000000,132268.000000
30000,4,8249,0.800000,1.000000,0.566288,1.000000,0.000000,0,0.000000,29903.000000,1.000000,1053880060.000000,132268.000000
30000,5,8272,0.800000,1.000000,0.775816,1.000000,0.000000,0,0.000000,29855.000000,1.000000,1053880060.000000,132268.000000
30000,6,8250,0.800000,1.000000,0.551014,1.000000,0.000000,0,0.000000,29848.000000,1.000000,1053880060.000000,132268.000000
30000,7,8272,0.800000,1.000000,0.673579,1.000000,0.000000,0,0.000000,29993.000000,1.000000,1053880060.000000,132268.000000
30000,8,8274,0.800000,1.000000,0.655973,1.000000,0.000000,0,0.000000,29995.000000,1.000000,1053880060.000000,132268.000000
30000,9,5580,0.800000,1.000000,0.660238,1.000000,0.000000,0,0.000000,10.000000,1.000000,1053880060.000000,132268.000000
30000,10,8247,0.800000,1.000000,0.635000,1.000000,0.000000,0,0.000000,29294.000000,1.000000,1053880060.000000,132268.000000
30000,11,8274,0.800000,1.000000,0.642615,1.000000,0.000000,0,0.000000,29998.000000,1.000000,1053880060.000000,132268.000000
30000,12,8274,0.800000,1.000000,0.701420,1.000000,0.000000,0,0.000000,26734.000000,1.000000,1053880060.000000,132268.000000
30000,13,8274,0.800000,1.000000,0.739723,1.000000,0.000000,1,23714.000000,30000.000000,1.000000,1053880060.000000,132268.000000
30000,14,8272,0.800000,1.000000,0.560125,1.000000,0.000000,0,0.000000,29985.000000,1.000000,1053880060.000000,132268.000000
30000,15,8275,0.800000,1.000000,0.626908,1.000000,0.000000,0,0.000000,29991.000000,1.000000,1053880060.000000,132268.000000
31000,0,8533,0.800000,1.000000,0.748117,1.000000,0.000000,0,0.000000,30999.000000,1.000000,1123602232.000000,79989.000000
31000,1,8520,0.800000,1.000000,0.529703,1.000000,0.000000,0,0.000000,30470.000000,1.000000,1123602232.000000,79989.000000
31000,2,8516,0.800000,1.000000,0.626535,1.000000,0.000000,0,0.000000,28905.000000,1.000000,1123602232.000000,79989.000000
31000,3,8479,0.800000,1.000000,0.656493,1.000000,0.000000,0,0.000000,30382.000000,1.000000,1123602232.000000,79989.000000
31000,4,8533,0.800000,1.000000,0.675096,1.000000,0.000000,1,24760.000000,31000.000000,1.000000,1123602232.000000,79989.000000
31000,5,8504,0.800000,1.000000,0.778079,1.000000,0.000000,0,0.000000,30875.000000,1.000000,1123602232.000000,79989.000000
31000,6,8533,0.800000,1.000000,0.482931,1.000000,0.000000,0,0.000000,30997.000000,1.000000,1123602232.000000,79989.000000
31000,7,8530,0.800000,1.000000,0.772760,1.000000,0.000000,0,0.000000,30987.000000,1.000000,1123602232.000000,79989.000000
31000,8,8533,0.800000,1.000000,0.700947,1.000000,0.000000,0,0.000000,30998.000000,1.000000,1123602232.000000,79989.000000
31000,9,5940,0.800000,1.000000,0.691974,1.000000,0.000000,0,0.000000,10.000000,1.000000,1123602232.000000,79989.000000
31000,10,8451,0.800000,1.000000,0.614876,1.000000,0.000000,0,0.000000,30690.000000,1.000000,1123602232.000000,79989.000000
31000,11,8530,0.800000,1.000000,0.602288,1.000000,0.000000,0,0.000000,30968.000000,1.000000,1123602232.000000,79989.000000
31000,12,8529,0.800000,1.000000,0.595083,1.000000,0.000000,0,0.000000,30961.000000,1.000000,1123602232.000000,79989.000000
31000,13,8529,0.800000,1.000000,0.635265,1.000000,0.000000,0,0.000000,30748.000000,1.000000,1123602232.000000,79989.000000
31000,14,8532,0.800000,1.000000,0.666516,1.000000,0.000000,0,0.000000,30983.000000,1.000000,1123602232.000000,79989.000000
31000,15,8516,0.800000,1.000000,0.702455,1.000000,0.000000,0,0.000000,30806.000000,1.000000,1123602232.000000,79989.000000
32000,0,8811,0.800000,1.000000,0.631431,1.000000,0.000000,0,0.000000,31997.000000,1.000000,1198474841.000000,17599.000000
32000,1,8811,0.800000,1.000000,0.699629,1.000000,0.000000,1,25981.000000,32000.000000,1.000000,1198474841.000000,17599.000000
32000,2,8810,0.800000,1.000000,0.678709,1.000000,0.000000,0,0.000000,31947.000000,1.000000,1198474841.000000,17599.000000
32000,3,8782,0.800000,1.000000,0.557279,1.000000,0.000000,0,0.000000,31866.000000,1.000000,1198474841.000000,17599.000000
32000,4,8812,0.800000,1.000000,0.652416,1.000000,0.000000,0,0.000000,31981.000000,1.000000,1198474841.000000,17599.000000
32000,5,8795,0.800000,1.000000,0.560440,1.000000,0.000000,0,0.000000,30875.000000,1.000000,1198474841.000000,17599.000000
32000,6,8812,0.800000,1.000000,0.713085,1.000000,0.000000,0,0.000000,31998.000000,1.000000,1198474841.000000,17599.000000
32000,7,8800,0.800000,1.000000,0.643167,1.000000,0.000000,0,0.000000,30987.000000,1.000000,1198474841.000000,17599.000000
32000,8,8808,0.800000,1.000000,0.603599,1.000000,0.000000,0,0.000000,31966.000000,1.000000,1198474841.000000,17599.000000
32000,9,6316,0.800000,1.000000,0.638950,1.000000,0.000000,0,0.000000,10.000000,1.000000,1198474841.000000,17599.000000
32000,10,8552,0.800000,1.000000,0.662808,1.000000,0.000000,0,0.000000,30690.000000,1.000000,1198474841.000000,17599.000000
32000,11,8812,0.800000,1.000000,0.638797,1.000000,0.000000,0,0.000000,31885.000000,1.000000,1198474841.000000,17599.000000
32000,12,8811,0.800000,1.000000,0.749609,1.000000,0.000000,0,0.000000,31995.000000,1.000000,1198474841.000000,17599.000000
32000,13,8802,0.800000,1.000000,0.584736,1.000000,0.000000,0,0.000000,31938.000000,1.000000,1198474841.000000,17599.000000
32000,14,8795,0.800000,1.000000,0.621891,1.000000,0.000000,0,0.000000,31580.000000,1.000000,1198474841.000000,17599.000000
32000,15,8812,0.800000,1.000000,0.729355,1.000000,0.000000,0,0.000000,31999.000000,1.000000,1198474841.000000,17599.000000
33000,0,9107,0.800000,1.000000,0.525577,1.000000,0.000000,0,0.000000,32827.000000,1.000000,1285812453.000000,49705.000000
33000,1,9077,0.800000,1.000000,0.797959,1.000000,0.000000,0,0.000000,32299.000000,1.000000,1285812453.000000,49705.000000
33000,2,9117,0.800000,1.000000,0.594414,1.000000,0.000000,0,0.000000,32992.000000,1.000000,1285812453.000000,49705.000000
33000,3,9117,0.800000,1.000000,0.604615,1.000000,0.000000,0,0.000000,32996.000000,1.000000,1285812453.000000,49705.000000
33000,4,9109,0.800000,1.000000,0.690033,1.000000,0.000000,0,0.000000,32815.000000,1.000000,1285812453.000000,49705.000000
33000,5,9118,0.800000,1.000000,0.713448,1.000000,0.000000,0,0.000000,32997.000000,1.000000,1285812453.000000,49705.000000
33000,6,9117,0.800000,1.000000,0.634211,1.000000,0.000000,0,0.000000,32970.000000,1.000000,1285812453.000000,49705.000000
33000,7,9118,0.800000,1.000000,0.589195,1.000000,0.000000,1,26662.000000,33000.000000,1.000000,1285812453.000000,49705.000000
33000,8,9116,0.800000,1.000000,0.571941,1.000000,0.000000,0,0.000000,32983.000000,1.000000,1285812453.000000,49705.000000
33000,9,6634,0.800000,1.000000,0.578111,1.000000,0.000000,0,0.000000,10.000000,1.000000,1285812453.000000,49705.000000
33000,10,8923,0.800000,1.000000,0.606224,1.000000,0.000000,0,0.000000,30690.000000,1.000000,1285812453.000000,49705.000000
33000,11,9118,0.800000,1.000000,0.694100,1.000000,0.000000,0,0.000000,32933.000000,1.000000,1285812453.000000,49705.000000
33000,12,9118,0.800000,1.000000,0.660136,1.000000,0.000000,0,0.000000,32999.000000,1.000000,1285812453.000000,49705.000000
33000,13,9103,0.800000,1.000000,0.638762,1.000000,0.000000,0,0.000000,32911.000000,1.000000,1285812453.000000,49705.000000
33000,14,9116,0.800000,1.000000,0.668360,1.000000,0.000000,0,0.000000,32991.000000,1.000000,1285812453.000000,49705.000000
33000,15,9105,0.800000,1.000000,0.797273,1.000000,0.000000,0,0.000000,32951.000000,1.000000,1285812453.000000,49705.000000
34000,0,9382,0.800000,1.000000,0.588405,1.000000,0.000000,1,25798.000000,34000.000000,1.000000,1362408763.000000,70158.000000
34000,1,9379,0.800000,1.000000,0.651961,1.000000,0.000000,0,0.000000,33977.000000,1.000000,1362408763.000000,70158.000000
34000,2,9360,0.800000,1.000000,0.599738,1.000000,0.000000,0,0.000000,33250.000000,1.000000,1362408763.000000,70158.000000
34000,3,9381,0.800000,1.000000,0.455437,1.000000,0.000000,0,0.000000,33975.000000,1.000000,1362408763.000000,70158.000000
34000,4,9316,0.800000,1.000000,0.743448,1.000000,0.000000,0,0.000000,33443.000000,1.000000,1362408763.000000,70158.000000
34000,5,9382,0.800000,1.000000,0.643240,1.000000,0.000000,0,0.000000,33995.000000,1.000000,1362408763.000000,70158.000000
34000,6,9370,0.800000,1.000000,0.557578,1.000000,0.000000,0,0.000000,33785.000000,1.000000,1362408763.000000,70158.000000
34000,7,9382,0.800000,1.000000,0.713291,1.000000,0.000000,0,0.000000,33999.000000,1.000000,1362408763.000000,70158.000000
34000,8,9375,0.800000,1.000000,0.590770,1.000000,0.000000,0,0.000000,33967.000000,1.000000,1362408763.000000,70158.000000
34000,9,7022,0.800000,1.000000,0.616121,1.000000,0.000000,0,0.000000,10.000000,1.000000,1362408763.000000,70158.000000
34000,10,9282,0.800000,1.000000,0.644984,1.000000,0.000000,0,0.000000,30690.000000,1.000000,1362408763.000000,70158.000000
34000,11,9257,0.800000,1.000000,0.655765,1.000000,0.000000,0,0.000000,33381.000000,1.000000,1362408763.000000,70158.000000
34000,12,9333,0.800000,1.000000,0.601754,1.000000,0.000000,0,0.000000,33764.000000,1.000000,1362408763.000000,70158.000000
34000,13,9383,0.800000,1.000000,0.607472,1.000000,0.000000,0,0.000000,33988.000000,1.000000,1362408763.000000,70158.000000
34000,14,9378,0.800000,1.000000,0.682250,1.000000,0.000000,0,0.000000,33873.000000,1.000000,1362408763.000000,70158.000000
34000,15,9383,0.800000,1.000000,0.572742,1.000000,0.000000,0,0.000000,33997.000000,1.000000,1362408763.000000,70158.000000
35000,0,9644,0.800000,1.000000,0.711444,1.000000,0.000000,0,0.000000,34997.000000,1.000000,1443325810.000000,33770.000000
35000,1,9638,0.800000,1.000000,0.686822,1.000000,0.000000,0,0.000000,34461.000000,1.000000,1443325810.000000,33770.000000
35000,2,9639,0.800000,1.000000,0.549410,1.000000,0.000000,0,0.000000,34865.000000,1.000000,1443325810.000000,33770.000000
35000,3,9644,0.800000,1.000000,0.575290,1.000000,0.000000,0,0.000000,34999.000000,1.000000,1443325810.000000,33770.000000
35000,4,9635,0.800000,1.000000,0.679358,1.000000,0.000000,0,0.000000,34905.000000,1.000000,1443325810.000000,33770.000000
35000,5,9644,0.800000,1.000000,0.724979,1.000000,0.000000,1,28239.000000,35000.000000,1.000000,1443325810.000000,33770.000000
35000,6,9633,0.800000,1.000000,0.758811,1.000000,0.000000,0,0.000000,34718.000000,1.000000,1443325810.000000,33770.000000
35000,7,9639,0.800000,1.000000,0.485406,1.000000,0.000000,0,0.000000,34742.000000,1.000000,1443325810.000000,33770.000000
35000,8,9596,0.800000,1.000000,0.653548,1.000000,0.000000,0,0.000000,34800.000000,1.000000,1443325810.000000,33770.000000
35000,9,7314,0.800000,1.000000,0.603091,1.000000,0.000000,0,0.000000,10.000000,1.000000,1443325810.000000,33770.000000
35000,10,9579,0.800000,1.000000,0.650058,1.000000,0.000000,0,0.000000,30690.000000,1.000000,1443325810.000000,33770.000000
35000,11,9599,0.800000,1.000000,0.686646,1.000000,0.000000,0,0.000000,33381.000000,1.000000,1443325810.000000,33770.000000
35000,12,9565,0.800000,1.000000,0.695348,1.000000,0.000000,0,0.000000,33764.000000,1.000000,1443325810.000000,33770.000000
35000,13,9645,0.800000,1.000000,0.628670,1.000000,0.000000,0,0.000000,34988.000000,1.000000,1443325810.000000,33770.000000
35000,14,9643,0.800000,1.000000,0.658710,1.000000,0.000000,0,0.000000,34995.000000,1.000000,1443325810.000000,33770.000000
35000,15,9643,0.800000,1.000000,0.578639,1.000000,0.000000,0,0.000000,34959.000000,1.000000,1443325810.000000,33770.000000
36000,0,9906,0.800000,1.000000,0.753289,1.000000,0.000000,0,0.000000,35999.000000,1.000000,1523872602.000000,59095.000000
36000,1,9906,0.800000,1.000000,0.700621,1.000000,0.000000,1,29178.000000,36000.000000,1.000000,1523872602.000000,59095.000000
36000,2,9896,0.800000,1.000000,0.499115,1.000000,0.000000,0,0.000000,35216.000000,1.000000,1523872602.000000,59095.000000
36000,3,9905,0.800000,1.000000,0.597889,1.000000,0.000000,0,0.000000,35983.000000,1.000000,1523872602.000000,59095.000000
36000,4,9906,0.800000,1.000000,0.654524,1.000000,0.000000,0,0.000000,35998.000000,1.000000,1523872602.000000,59095.000000
36000,5,9886,0.800000,1.000000,0.635173,1.000000,0.000000,0,0.000000,35566.000000,1.000000,1523872602.000000,59095.000000
36000,6,9850,0.800000,1.000000,0.621466,1.000000,0.000000,0,0.000000,34718.000000,1.000000,1523872602.000000,59095.000000
36000,7,9898,0.800000,1.000000,0.681886,1.000000,0.000000,0,0.000000,35965.000000,1.000000,1523872602.000000,59095.000000
36000,8,9887,0.800000,1.000000,0.614656,1.000000,0.000000,0,0.000000,34800.000000,1.000000,1523872602.000000,59095.000000
36000,9,7676,0.800000,1.000000,0.554728,1.000000,0.000000,0,0.000000,10.000000,1.000000,1523872602.000000,59095.000000
36000,10,9841,0.800000,1.000000,0.722670,1.000000,0.000000,0,0.000000,30690.000000,1.000000,1523872602.000000,59095.000000
36000,11,9906,0.800000,1.000000,0.627889,1.000000,0.000000,0,0.000000,35995.000000,1.000000,1523872602.000000,59095.000000
36000,12,9901,0.800000,1.000000,0.753820,1.000000,0.000000,0,0.000000,35985.000000,1.000000,1523872602.000000,59095.000000
36000,13,9905,0.800000,1.000000,0.678055,1.000000,0.000000,0,0.000000,35986.000000,1.000000,1523872602.000000,59095.000000
36000,14,9892,0.800000,1.000000,0.610552,1.000000,0.000000,0,0.000000,35732.000000,1.000000,1523872602.000000,59095.000000
36000,15,9751,0.800000,1.000000,0.683541,1.000000,0.000000,0,0.000000,35119.000000,1.000000,1523872602.000000,59095.000000
37000,0,10162,0.800000,1.000000,0.694397,1.000000,0.000000,0,0.000000,36998.000000,1.000000,1607273007.000000,60799.000000
37000,1,10079,0.800000,1.000000,0.559642,1.000000,0.000000,0,0.000000,36319.000000,1.000000,1607273007.000000,60799.000000
37000,2,10163,0.800000,1.000000,0.591218,1.000000,0.000000,0,0.000000,36999.000000,1.000000,1607273007.000000,60799.000000
37000,3,10158,0.800000,1.000000,0.578875,1.000000,0.000000,0,0.000000,36957.000000,1.000000,1607273007.000000,60799.000000
37000,4,10163,0.800000,1.000000,0.552657,1.000000,0.000000,1,29355.000000,37000.000000,1.000000,1607273007.000000,60799.000000
37000,5,10163,0.800000,1.000000,0.610148,1.000000,0.000000,0,0.000000,36929.000000,1.000000,1607273007.000000,60799.000000
37000,6,10162,0.800000,1.000000,0.687463,1.000000,0.000000,0,0.000000,36986.000000,1.000000,1607273007.000000,60799.000000
37000,7,10094,0.800000,1.000000,0.565258,1.000000,0.000000,0,0.000000,35965.000000,1.000000,1607273007.000000,60799.000000
37000,8,10164,0.800000,1.000000,0.625858,1.000000,0.000000,0,0.000000,36997.000000,1.000000,1607273007.000000,60799.000000
37000,9,8027,0.800000,1.000000,0.596578,1.000000,0.000000,0,0.000000,10.000000,1.000000,1607273007.000000,60799.000000
37000,10,10140,0.800000,1.000000,0.719345,1.000000,0.000000,0,0.000000,36610.000000,1.000000,1607273007.000000,60799.000000
37000,11,10161,0.800000,1.000000,0.579869,1.000000,0.000000,0,0.000000,36919.000000,1.000000,1607273007.000000,60799.000000
37000,12,10144,0.800000,1.000000,0.606555,1.000000,0.000000,0,0.000000,36922.000000,1.000000,1607273007.000000,60799.000000
37000,13,10162,0.800000,1.000000,0.678711,1.000000,0.000000,0,0.000000,36994.000000,1.000000,1607273007.000000,60799.000000
37000,14,10162,0.800000,1.000000,0.619912,1.000000,0.000000,0,0.000000,36971.000000,1.000000,1607273007.000000,60799.000000
37000,15,10049,0.800000,1.000000,0.674310,1.000000,0.000000,0,0.000000,35119.000000,1.000000,1607273007.000000,60799.000000
38000,0,10428,0.800000,1.000000,0.663217,1.000000,0.000000,0,0.000000,37998.000000,1.000000,1692833358.000000,100263.000000
38000,1,10426,0.800000,1.000000,0.646168,1.000000,0.000000,0,0.000000,37978.000000,1.000000,1692833358.000000,100263.000000
38000,2,10415,0.800000,1.000000,0.615032,1.000000,0.000000,0,0.000000,37821.000000,1.000000,1692833358.000000,100263.000000
38000,3,10428,0.800000,1.000000,0.647161,1.000000,0.000000,1,30055.000000,38000.000000,1.000000,1692833358.000000,100263.000000
38000,4,10428,0.800000,1.000000,0.543202,1.000000,0.000000,0,0.000000,37994.000000,1.000000,1692833358.000000,100263.000000
38000,5,10429,0.800000,1.000000,0.624957,1.000000,0.000000,0,0.000000,37988.000000,1.000000,1692833358.000000,100263.000000
38000,6,10416,0.800000,1.000000,0.748112,1.000000,0.000000,0,0.000000,37441.000000,1.000000,1692833358.000000,100263.000000
38000,7,10352,0.800000,1.000000,0.668805,1.000000,0.000000,0,0.000000,37721.000000,1.000000,1692833358.000000,100263.000000
38000,8,10196,0.800000,1.000000,0.706655,1.000000,0.000000,0,0.000000,37126.000000,1.000000,1692833358.000000,100263.000000
38000,9,8456,0.800000,1.000000,0.709837,1.000000,0.000000,0,0.000000,10.000000,1.000000,1692833358.000000,100263.000000
38000,10,10428,0.800000,1.000000,0.631947,1.000000,0.000000,0,0.000000,37993.000000,1.000000,1692833358.000000,100263.000000
38000,11,10403,0.800000,1.000000,0.724824,1.000000,0.000000,0,0.000000,37904.000000,1.000000,1692833358.000000,100263.000000
38000,12,10425,0.800000,1.000000,0.499348,1.000000,0.000000,0,0.000000,37954.000000,1.000000,1692833358.000000,100263.000000
38000,13,10393,0.800000,1.000000,0.709350,1.000000,0.000000,0,0.000000,37426.000000,1.000000,1692833358.000000,100263.000000
38000,14,10353,0.800000,1.000000,0.506800,1.000000,0.000000,0,0.000000,37584.000000,1.000000,1692833358.000000,100263.000000
38000,15,10426,0.800000,1.000000,0.675735,1.000000,0.000000,0,0.000000,35119.000000,1.000000,1692833358.000000,100263.000000
39000,0,10695,0.800000,1.000000,0.702001,1.000000,0.000000,0,0.000000,38993.000000,1.000000,1784021826.000000,81264.000000
39000,1,10676,0.800000,1.000000,0.684389,1.000000,0.000000,0,0.000000,38746.000000,1.000000,1784021826.000000,81264.000000
39000,2,10693,0.800000,1.000000,0.611722,1.000000,0.000000,0,0.000000,38979.000000,1.000000,1784021826.000000,81264.000000
39000,3,10694,0.800000,1.000000,0.499113,1.000000,0.000000,0,0.000000,38977.000000,1.000000,1784021826.000000,81264.000000
39000,4,10695,0.800000,1.000000,0.777468,1.000000,0.000000,1,30946.000000,39000.000000,1.000000,1784021826.000000,81264.000000
39000,5,10622,0.800000,1.000000,0.767656,1.000000,0.000000,0,0.000000,38224.000000,1.000000,1784021826.000000,81264.000000
39000,6,10693,0.800000,1.000000,0.606588,1.000000,0.000000,0,0.000000,38980.000000,1.000000,1784021826.000000,81264.000000
39000,7,10611,0.800000,1.000000,0.612706,1.000000,0.000000,0,0.000000,37721.000000,1.000000,1784021826.000000,81264.000000
39000,8,10450,0.800000,1.000000,0.624883,1.000000,0.000000,0,0.000000,37126.000000,1.000000,1784021826.000000,81264.000000
39000,9,8816,0.800000,1.000000,0.536550,1.000000,0.000000,0,0.000000,10.000000,1.000000,1784021826.000000,81264.000000
39000,10,10696,0.800000,1.000000,0.540471,1.000000,0.000000,0,0.000000,38996.000000,1.000000,1784021826.000000,81264.000000
39000,11,10696,0.800000,1.000000,0.701463,1.000000,0.000000,0,0.000000,38999.000000,1.000000,1784021826.000000,81264.000000
39000,12,10694,0.800000,1.000000,0.614930,1.000000,0.000000,0,0.000000,38987.000000,1.000000,1784021826.000000,81264.000000
39000,13,10694,0.800000,1.000000,0.550664,1.000000,0.000000,0,0.000000,38966.000000,1.000000,1784021826.000000,81264.000000
39000,14,10676,0.800000,1.000000,0.587694,1.000000,0.000000,0,0.000000,37584.000000,1.000000,1784021826.000000,81264.000000
39000,15,10695,0.800000,1.000000,0.645286,1.000000,0.000000,0,0.000000,38990.000000,1.000000,1784021826.000000,81264.000000
40000,0,10966,0.800000,1.000000,0.633322,1.000000,0.000000,0,0.000000,39986.000000,1.000000,1879378610.000000,127296.000000
40000,1,10967,0.800000,1.000000,0.624824,1.000000,0.000000,1,32513.000000,40000.000000,1.000000,1879378610.000000,127296.000000
40000,2,10957,0.800000,1.000000,0.653587,1.000000,0.000000,0,0.000000,39770.000000,1.000000,1879378610.000000,127296.000000
40000,3,10967,0.800000,1.000000,0.603252,1.000000,0.000000,0,0.000000,39999.000000,1.000000,1879378610.000000,127296.000000
40000,4,10941,0.800000,1.000000,0.603727,1.000000,0.000000,0,0.000000,39108.000000,1.000000,1879378610.000000,127296.000000
40000,5,10923,0.800000,1.000000,0.624858,1.000000,0.000000,0,0.000000,39811.000000,1.000000,1879378610.000000,127296.000000
40000,6,10968,0.800000,1.000000,0.693282,1.000000,0.000000,0,0.000000,39990.000000,1.000000,1879378610.000000,127296.000000
40000,7,10967,0.800000,1.000000,0.589660,1.000000,0.000000,0,0.000000,39985.000000,1.000000,1879378610.000000,127296.000000
40000,8,10816,0.800000,1.000000,0.646126,1.000000,0.000000,0,0.000000,37126.000000,1.000000,1879378610.000000,127296.000000
40000,9,8979,0.800000,1.000000,0.646332,1.000000,0.000000,0,0.000000,10.000000,1.000000,1879378610.000000,127296.000000
40000,10,10965,0.800000,1.000000,0.571771,1.000000,0.000000,0,0.000000,39951.000000,1.000000,1879378610.000000,127296.000000
40000,11,10962,0.800000,1.000000,0.577621,1.000000,0.000000,0,0.000000,39952.000000,1.000000,1879378610.000000,127296.000000
40000,12,10965,0.800000,1.000000,0.583584,1.000000,0.000000,0,0.000000,39971.000000,1.000000,1879378610.000000,127296.000000
40000,13,10967,0.800000,1.000000,0.695331,1.000000,0.000000,0,0.000000,39992.000000,1.000000,1879378610.000000,127296.000000
40000,14,10960,0.800000,1.000000,0.522076,1.000000,0.000000,0,0.000000,39539.000000,1.000000,1879378610.000000,127296.000000
40000,15,10968,0.800000,1.000000,0.692225,1.000000,0.000000,0,0.000000,39995.000000,1.000000,1879378610.000000,127296.000000
41000,0,11231,0.800000,1.000000,0.609201,1.000000,0.000000,0,0.000000,40087.000000,1.000000,1982633572.000000,112463.000000
41000,1,11259,0.800000,1.000000,0.535077,1.000000,0.000000,0,0.000000,40997.000000,1.000000,1982633572.000000,112463.000000
41000,2,11259,0.800000,1.000000,0.623540,1.000000,0.000000,0,0.000000,40998.000000,1.000000,1982633572.000000,112463.000000
41000,3,11259,0.800000,1.000000,0.704616,1.000000,0.000000,0,0.000000,40996.000000,1.000000,1982633572.000000,112463.000000
41000,4,11259,0.800000,1.000000,0.694461,1.000000,0.000000,1,32715.000000,41000.000000,1.000000,1982633572.000000,112463.000000
41000,5,11260,0.800000,1.000000,0.674248,1.000000,0.000000,0,0.000000,40989.000000,1.000000,1982633572.000000,112463.000000
41000,6,11255,0.800000,1.000000,0.585804,1.000000,0.000000,0,0.000000,40979.000000,1.000000,1982633572.000000,112463.000000
41000,7,11260,0.800000,1.000000,0.622895,1.000000,0.000000,0,0.000000,40995.000000,1.000000,1982633572.000000,112463.000000
41000,8,11145,0.800000,1.000000,0.617011,1.000000,0.000000,0,0.000000,37126.000000,1.000000,1982633572.000000,112463.000000
41000,9,9280,0.800000,1.000000,0.676334,1.000000,0.000000,0,0.000000,10.000000,1.000000,1982633572.000000,112463.000000
41000,10,11252,0.800000,1.000000,0.653068,1.000000,0.000000,0,0.000000,40958.000000,1.000000,1982633572.000000,112463.000000
41000,11,11255,0.800000,1.000000,0.644912,1.000000,0.000000,0,0.000000,40836.000000,1.000000,1982633572.000000,112463.000000
41000,12,11247,0.800000,1.000000,0.537963,1.000000,0.000000,0,0.000000,40838.000000,1.000000,1982633572.000000,112463.000000
41000,13,11255,0.800000,1.000000,0.568672,1.000000,0.000000,0,0.000000,40739.000000,1.000000,1982633572.000000,112463.000000
41000,14,11225,0.800000,1.000000,0.537209,1.000000,0.000000,0,0.000000,40580.000000,1.000000,1982633572.000000,112463.000000
41000,15,11243,0.800000,1.000000,0.692969,1.000000,0.000000,0,0.000000,40939.000000,1.000000,1982633572.000000,112463.000000
42000,0,11519,0.800000,1.000000,0.667002,1.000000,0.000000,0,0.000000,41999.000000,1.000000,2078340356.000000,68939.000000
42000,1,11517,0.800000,1.000000,0.682225,1.000000,0.000000,0,0.000000,41995.000000,1.000000,2078340356.000000,68939.000000
42000,2,11517,0.800000,1.000000,0.693773,1.000000,0.000000,0,0.000000,41854.000000,1.000000,2078340356.000000,68939.000000
42000,3,11512,0.800000,1.000000,0.577173,1.000000,0.000000,0,0.000000,41966.000000,1.000000,2078340356.000000,68939.000000
42000,4,11517,0.800000,1.000000,0.599142,1.000000,0.000000,0,0.000000,41989.000000,1.000000,2078340356.000000,68939.000000
42000,5,11514,0.800000,1.000000,0.455133,1.000000,0.000000,0,0.000000,41980.000000,1.000000,2078340356.000000,68939.000000
42000,6,11513,0.800000,1.000000,0.594062,1.000000,0.000000,0,0.000000,41936.000000,1.000000,2078340356.000000,68939.000000
42000,7,11518,0.800000,1.000000,0.697376,1.000000,0.000000,0,0.000000,41997.000000,1.000000,2078340356.000000,68939.000000
42000,8,11439,0.800000,1.000000,0.732730,1.000000,0.000000,0,0.000000,37126.000000,1.000000,2078340356.000000,68939.000000
42000,9,9705,0.800000,1.000000,0.746878,1.000000,0.000000,0,0.000000,10.000000,1.000000,2078340356.000000,68939.000000
42000,10,11456,0.800000,1.000000,0.628698,1.000000,0.000000,0,0.000000,41219.000000,1.000000,2078340356.000000,68939.000000
42000,11,11507,0.800000,1.000000,0.674524,1.000000,0.000000,0,0.000000,41812.000000,1.000000,2078340356.000000,68939.000000
42000,12,11519,0.800000,1.000000,0.664987,1.000000,0.000000,1,33979.000000,42000.000000,1.000000,2078340356.000000,68939.000000
42000,13,11519,0.800000,1.000000,0.690999,1.000000,0.000000,0,0.000000,41956.000000,1.000000,2078340356.000000,68939.000000
42000,14,11439,0.800000,1.000000,0.630496,1.000000,0.000000,0,0.000000,40580.000000,1.000000,2078340356.000000,68939.000000
42000,15,11511,0.800000,1.000000,0.712415,1.000000,0.000000,0,0.000000,41911.000000,1.000000,2078340356.000000,68939.000000
43000,0,11770,0.800000,1.000000,0.669146,1.000000,0.000000,0,0.000000,42998.000000,1.000000,2173578978.000000,187824.000000
43000,1,11768,0.800000,1.000000,0.634704,1.000000,0.000000,0,0.000000,42995.000000,1.000000,2173578978.000000,187824.000000
43000,2,11767,0.800000,1.000000,0.618851,1.000000,0.000000,0,0.000000,42353.000000,1.000000,2173578978.000000,187824.000000
43000,3,11769,0.800000,1.000000,0.655293,1.000000,0.000000,0,0.000000,42991.000000,1.000000,2173578978.000000,187824.000000
43000,4,11706,0.800000,1.000000,0.771079,1.000000,0.000000,0,0.000000,42069.000000,1.000000,2173578978.000000,187824.000000
43000,5,11760,0.800000,1.000000,0.770365,1.000000,0.000000,0,0.000000,42648.000000,1.000000,2173578978.000000,187824.000000
43000,6,11763,0.800000,1.000000,0.516977,1.000000,0.000000,0,0.000000,42948.000000,1.000000,2173578978.000000,187824.000000
43000,7,11746,0.800000,1.000000,0.595985,1.000000,0.000000,0,0.000000,42576.000000,1.000000,2173578978.000000,187824.000000
43000,8,11770,0.800000,1.000000,0.561882,1.000000,0.000000,1,35625.000000,43000.000000,1.000000,2173578978.000000,187824.000000
43000,9,10112,0.800000,1.000000,0.557036,1.000000,0.000000,0,0.000000,10.000000,1.000000,2173578978.000000,187824.000000
43000,10,11770,0.800000,1.000000,0.631046,1.000000,0.000000,0,0.000000,42999.000000,1.000000,2173578978.000000,187824.000000
43000,11,11771,0.800000,1.000000,0.568174,1.000000,0.000000,0,0.000000,42993.000000,1.000000,2173578978.000000,187824.000000
43000,12,11765,0.800000,1.000000,0.717437,1.000000,0.000000,0,0.000000,42865.000000,1.000000,2173578978.000000,187824.000000
43000,13,11764,0.800000,1.000000,0.551223,1.000000,0.000000,0,0.000000,42980.000000,1.000000,2173578978.000000,187824.000000
43000,14,11681,0.800000,1.000000,0.656282,1.000000,0.000000,0,0.000000,40580.000000,1.000000,2173578978.000000,187824.000000
43000,15,11696,0.800000,1.000000,0.635845,1.000000,0.000000,0,0.000000,42713.000000,1.000000,2173578978.000000,187824.000000
44000,0,12039,0.800000,1.000000,0.723405,1.000000,0.000000,0,0.000000,43998.000000,1.000000,2274830592.000000,23899.000000
44000,1,11968,0.800000,1.000000,0.536724,1.000000,0.000000,0,0.000000,43232.000000,1.000000,2274830592.000000,23899.000000
44000,2,12035,0.800000,1.000000,0.653364,1.000000,0.000000,0,0.000000,43939.000000,1.000000,2274830592.000000,23899.000000
44000,3,12039,0.800000,1.000000,0.591774,1.000000,0.000000,0,0.000000,43973.000000,1.000000,2274830592.000000,23899.000000
44000,4,11950,0.800000,1.000000,0.736110,1.000000,0.000000,0,0.000000,42069.000000,1.000000,2274830592.000000,23899.000000
44000,5,12035,0.800000,1.000000,0.596741,1.000000,0.000000,0,0.000000,43884.000000,1.000000,2274830592.000000,23899.000000
44000,6,12026,0.800000,1.000000,0.565525,1.000000,0.000000,0,0.000000,43922.000000,1.000000,2274830592.000000,23899.000000
44000,7,12039,0.800000,1.000000,0.654161,1.000000,0.000000,0,0.000000,43993.000000,1.000000,2274830592.000000,23899.000000
44000,8,11888,0.800000,1.000000,0.604661,1.000000,0.000000,0,0.000000,43409.000000,1.000000,2274830592.000000,23899.000000
44000,9,10441,0.800000,1.000000,0.695543,1.000000,0.000000,0,0.000000,10.000000,1.000000,2274830592.000000,23899.000000
44000,10,12040,0.800000,1.000000,0.613750,1.000000,0.000000,0,0.000000,43996.000000,1.000000,2274830592.000000,23899.000000
44000,11,12027,0.800000,1.000000,0.615906,1.000000,0.000000,0,0.000000,43943.000000,1.000000,2274830592.000000,23899.000000
44000,12,12040,0.800000,1.000000,0.689772,1.000000,0.000000,0,0.000000,43999.000000,1.000000,2274830592.000000,23899.000000
44000,13,12040,0.800000,1.000000,0.656565,1.000000,0.000000,0,0.000000,43997.000000,1.000000,2274830592.000000,23899.000000
44000,14,12035,0.800000,1.000000,0.674771,1.000000,0.000000,0,0.000000,43802.000000,1.000000,2274830592.000000,23899.000000
44000,15,12040,0.800000,1.000000,0.517857,1.000000,0.000000,1,35790.000000,44000.000000,1.000000,2274830592.000000,23899.000000
45000,0,12262,0.800000,1.000000,0.615612,1.000000,0.000000,0,0.000000,44091.000000,1.000000,2384429646.000000,95120.000000
45000,1,12300,0.800000,1.000000,0.599766,1.000000,0.000000,0,0.000000,44844.000000,1.000000,2384429646.000000,95120.000000
45000,2,12319,0.800000,1.000000,0.631646,1.000000,0.000000,0,0.000000,44997.000000,1.000000,2384429646.000000,95120.000000
45000,3,12316,0.800000,1.000000,0.537363,1.000000,0.000000,0,0.000000,44893.000000,1.000000,2384429646.000000,95120.000000
45000,4,12273,0.800000,1.000000,0.734120,1.000000,0.000000,0,0.000000,42069.000000,1.000000,2384429646.000000,95120.000000
45000,5,12318,0.800000,1.000000,0.716330,1.000000,0.000000,0,0.000000,44999.000000,1.000000,2384429646.000000,95120.000000
45000,6,12298,0.800000,1.000000,0.670375,1.000000,0.000000,0,0.000000,44857.000000,1.000000,2384429646.000000,95120.000000
45000,7,12319,0.800000,1.000000,0.701854,1.000000,0.000000,0,0.000000,44996.000000,1.000000,2384429646.000000,95120.000000
45000,8,12218,0.800000,1.000000,0.592286,1.000000,0.000000,0,0.000000,43409.000000,1.000000,2384429646.000000,95120.000000
45000,9,10735,0.800000,1.000000,0.754022,1.000000,0.000000,0,0.000000,10.000000,1.000000,2384429646.000000,95120.000000
45000,10,12316,0.800000,1.000000,0.771714,1.000000,0.000000,0,0.000000,44988.000000,1.000000,2384429646.000000,95120.000000
45000,11,12311,0.800000,1.000000,0.575367,1.000000,0.000000,0,0.000000,44962.000000,1.000000,2384429646.000000,95120.000000
45000,12,12316,0.800000,1.000000,0.677392,1.000000,0.000000,0,0.000000,44949.000000,1.000000,2384429646.000000,95120.000000
45000,13,12290,0.800000,1.000000,0.499490,1.000000,0.000000,0,0.000000,44878.000000,1.000000,2384429646.000000,95120.000000
45000,14,12319,0.800000,1.000000,0.619342,1.000000,0.000000,1,37074.000000,45000.000000,1.000000,2384429646.000000,95120.000000
45000,15,12318,0.800000,1.000000,0.634242,1.000000,0.000000,0,0.000000,44995.000000,1.000000,2384429646.000000,95120.000000
46000,0,12589,0.800000,1.000000,0.573730,1.000000,0.000000,0,0.000000,45702.000000,1.000000,2497672330.000000,148186.000000
46000,1,12585,0.800000,1.000000,0.684244,1.000000,0.000000,0,0.000000,45719.000000,1.000000,2497672330.000000,148186.000000
46000,2,12596,0.800000,1.000000,0.749117,1.000000,0.000000,0,0.000000,45998.000000,1.000000,2497672330.000000,148186.000000
46000,3,12598,0.800000,1.000000,0.695091,1.000000,0.000000,0,0.000000,45999.000000,1.000000,2497672330.000000,148186.000000
46000,4,12590,0.800000,1.000000,0.659460,1.000000,0.000000,0,0.000000,45895.000000,1.000000,2497672330.000000,148186.000000
46000,5,12584,0.800000,1.000000,0.479543,1.000000,0.000000,0,0.000000,45940.000000,1.000000,2497672330.000000,148186.000000
46000,6,12486,0.800000,1.000000,0.662329,1.000000,0.000000,0,0.000000,45591.000000,1.000000,2497672330.000000,148186.000000
46000,7,12597,0.800000,1.000000,0.612864,1.000000,0.000000,0,0.000000,45988.000000,1.000000,2497672330.000000,148186.000000
46000,8,12524,0.800000,1.000000,0.549631,1.000000,0.000000,0,0.000000,43409.000000,1.000000,2497672330.000000,148186.000000
46000,9,11135,0.800000,1.000000,0.706014,1.000000,0.000000,0,0.000000,10.000000,1.000000,2497672330.000000,148186.000000
46000,10,12598,0.800000,1.000000,0.651114,1.000000,0.000000,1,37321.000000,46000.000000,1.000000,2497672330.000000,148186.000000
46000,11,12589,0.800000,1.000000,0.472338,1.000000,0.000000,0,0.000000,45956.000000,1.000000,2497672330.000000,148186.000000
46000,12,12598,0.800000,1.000000,0.652398,1.000000,0.000000,0,0.000000,45985.000000,1.000000,2497672330.000000,148186.000000
46000,13,12574,0.800000,1.000000,0.517676,1.000000,0.000000,0,0.000000,45889.000000,1.000000,2497672330.000000,148186.000000
46000,14,12599,0.800000,1.000000,0.600577,1.000000,0.000000,0,0.000000,45979.000000,1.000000,2497672330.000000,148186.000000
46000,15,12586,0.800000,1.000000,0.622811,1.000000,0.000000,0,0.000000,44995.000000,1.000000,2497672330.000000,148186.000000
47000,0,12867,0.800000,1.000000,0.756515,1.000000,0.000000,0,0.000000,46999.000000,1.000000,2607000635.000000,99968.000000
47000,1,12864,0.800000,1.000000,0.610032,1.000000,0.000000,0,0.000000,46985.000000,1.000000,2607000635.000000,99968.000000
47000,2,12863,0.800000,1.000000,0.651347,1.000000,0.000000,0,0.000000,46664.000000,1.000000,2607000635.000000,99968.000000
47000,3,12861,0.800000,1.000000,0.678444,1.000000,0.000000,0,0.000000,46515.000000,1.000000,2607000635.000000,99968.000000
47000,4,12862,0.800000,1.000000,0.731697,1.000000,0.000000,0,0.000000,46846.000000,1.000000,2607000635.000000,99968.000000
47000,5,12868,0.800000,1.000000,0.633046,1.000000,0.000000,0,0.000000,46998.000000,1.000000,2607000635.000000,99968.000000
47000,6,12726,0.800000,1.000000,0.653641,1.000000,0.000000,0,0.000000,45591.000000,1.000000,2607000635.000000,99968.000000
47000,7,12868,0.800000,1.000000,0.677638,1.000000,0.000000,1,38131.000000,47000.000000,1.000000,2607000635.000000,99968.000000
47000,8,12862,0.800000,1.000000,0.502326,1.000000,0.000000,0,0.000000,46974.000000,1.000000,2607000635.000000,99968.000000
47000,9,11535,0.800000,1.000000,0.709124,1.000000,0.000000,0,0.000000,10.000000,1.000000,2607000635.000000,99968.000000
47000,10,12857,0.800000,1.000000,0.501333,1.000000,0.000000,0,0.000000,46880.000000,1.000000,2607000635.000000,99968.000000
47000,11,12830,0.800000,1.000000,0.655478,1.000000,0.000000,0,0.000000,46870.000000,1.000000,2607000635.000000,99968.000000
47000,12,12860,0.800000,1.000000,0.732276,1.000000,0.000000,0,0.000000,46969.000000,1.000000,2607000635.000000,99968.000000
47000,13,12714,0.800000,1.000000,0.662214,1.000000,0.000000,0,0.000000,45889.000000,1.000000,2607000635.000000,99968.000000
47000,14,12867,0.800000,1.000000,0.657556,1.000000,0.000000,0,0.000000,46953.000000,1.000000,2607000635.000000,99968.000000
47000,15,12867,0.800000,1.000000,0.752286,1.000000,0.000000,0,0.000000,46995.000000,1.000000,2607000635.000000,99968.000000
48000,0,13126,0.800000,1.000000,0.578620,1.000000,0.000000,0,0.000000,47983.000000,1.000000,2719562205.000000,104950.000000
48000,1,13113,0.800000,1.000000,0.697764,1.000000,0.000000,0,0.000000,47721.000000,1.000000,2719562205.000000,104950.000000
48000,2,13129,0.800000,1.000000,0.652603,1.000000,0.000000,0,0.000000,47988.000000,1.000000,2719562205.000000,104950.000000
48000,3,13111,0.800000,1.000000,0.710273,1.000000,0.000000,0,0.000000,47581.000000,1.000000,2719562205.000000,104950.000000
48000,4,13129,0.800000,1.000000,0.674300,1.000000,0.000000,0,0.000000,47991.000000,1.000000,2719562205.000000,104950.000000
48000,5,13128,0.800000,1.000000,0.616378,1.000000,0.000000,0,0.000000,47992.000000,1.000000,2719562205.000000,104950.000000
48000,6,13107,0.800000,1.000000,0.681094,1.000000,0.000000,0,0.000000,45591.000000,1.000000,2719562205.000000,104950.000000
48000,7,13111,0.800000,1.000000,0.543854,1.000000,0.000000,0,0.000000,47888.000000,1.000000,2719562205.000000,104950.000000
48000,8,13092,0.800000,1.000000,0.540777,1.000000,0.000000,0,0.000000,46974.000000,1.000000,2719562205.000000,104950.000000
48000,9,11798,0.800000,1.000000,0.727305,1.000000,0.000000,0,0.000000,10.000000,1.000000,2719562205.000000,104950.000000
48000,10,13125,0.800000,1.000000,0.648097,1.000000,0.000000,0,0.000000,47971.000000,1.000000,2719562205.000000,104950.000000
48000,11,13128,0.800000,1.000000,0.562528,1.000000,0.000000,0,0.000000,47902.000000,1.000000,2719562205.000000,104950.000000
48000,12,13128,0.800000,1.000000,0.667507,1.000000,0.000000,0,0.000000,47997.000000,1.000000,2719562205.000000,104950.000000
48000,13,13051,0.800000,1.000000,0.717136,1.000000,0.000000,0,0.000000,45889.000000,1.000000,2719562205.000000,104950.000000
48000,14,13129,0.800000,1.000000,0.690073,1.000000,0.000000,1,38880.000000,48000.000000,1.000000,2719562205.000000,104950.000000
48000,15,13130,0.800000,1.000000,0.758242,1.000000,0.000000,0,0.000000,47999.000000,1.000000,2719562205.000000,104950.000000
49000,0,13403,0.800000,1.000000,0.642177,1.000000,0.000000,0,0.000000,48992.000000,1.000000,2837670113.000000,53614.000000
49000,1,13405,0.800000,1.000000,0.736767,1.000000,0.000000,0,0.000000,48997.000000,1.000000,2837670113.000000,53614.000000
49000,2,13404,0.800000,1.000000,0.716462,1.000000,0.000000,0,0.000000,48985.000000,1.000000,2837670113.000000,53614.000000
49000,3,13401,0.800000,1.000000,0.661174,1.000000,0.000000,0,0.000000,48982.000000,1.000000,2837670113.000000,53614.000000
49000,4,13399,0.800000,1.000000,0.599703,1.000000,0.000000,0,0.000000,48947.000000,1.000000,2837670113.000000,53614.000000
49000,5,13396,0.800000,1.000000,0.625893,1.000000,0.000000,0,0.000000,48867.000000,1.000000,2837670113.000000,53614.000000
49000,6,13400,0.800000,1.000000,0.588965,1.000000,0.000000,0,0.000000,48886.000000,1.000000,2837670113.000000,53614.000000
49000,7,13382,0.800000,1.000000,0.569079,1.000000,0.000000,0,0.000000,48576.000000,1.000000,2837670113.000000,53614.000000
49000,8,13369,0.800000,1.000000,0.567993,1.000000,0.000000,0,0.000000,46974.000000,1.000000,2837670113.000000,53614.000000
49000,9,12089,0.800000,1.000000,0.663160,1.000000,0.000000,0,0.000000,10.000000,1.000000,2837670113.000000,53614.000000
49000,10,13402,0.800000,1.000000,0.497393,1.000000,0.000000,0,0.000000,48948.000000,1.000000,2837670113.000000,53614.000000
49000,11,13390,0.800000,1.000000,0.697823,1.000000,0.000000,0,0.000000,48198.000000,1.000000,2837670113.000000,53614.000000
49000,12,13375,0.800000,1.000000,0.705332,1.000000,0.000000,0,0.000000,48512.000000,1.000000,2837670113.000000,53614.000000
49000,13,13405,0.800000,1.000000,0.760935,1.000000,0.000000,1,38987.000000,49000.000000,1.000000,2837670113.000000,53614.000000
49000,14,13393,0.800000,1.000000,0.630409,1.000000,0.000000,0,0.000000,48920.000000,1.000000,2837670113.000000,53614.000000
49000,15,13406,0.800000,1.000000,0.601987,1.000000,0.000000,0,0.000000,48999.000000,1.000000,2837670113.000000,53614.000000
50000,0,13689,0.800000,1.000000,0.631095,1.000000,0.000000,0,0.000000,49997.000000,1.000000,2959519905.000000,82131.000000
50000,1,13690,0.800000,1.000000,0.632350,1.000000,0.000000,0,0.000000,49996.000000,1.000000,2959519905.000000,82131.000000
50000,2,13685,0.800000,1.000000,0.575524,1.000000,0.000000,0,0.000000,49818.000000,1.000000,2959519905.000000,82131.000000
50000,3,13645,0.800000,1.000000,0.601343,1.000000,0.000000,0,0.000000,49800.000000,1.000000,2959519905.000000,82131.000000
50000,4,13672,0.800000,1.000000,0.597876,1.000000,0.000000,0,0.000000,49875.000000,1.000000,2959519905.000000,82131.000000
50000,5,13620,0.800000,1.000000,0.583805,1.000000,0.000000,0,0.000000,48867.000000,1.000000,2959519905.000000,82131.000000
50000,6,13687,0.800000,1.000000,0.743511,1.000000,0.000000,0,0.000000,49991.000000,1.000000,2959519905.000000,82131.000000
50000,7,13688,0.800000,1.000000,0.673165,1.000000,0.000000,0,0.000000,49986.000000,1.000000,2959519905.000000,82131.000000
50000,8,13684,0.800000,1.000000,0.647643,1.000000,0.000000,0,0.000000,46974.000000,1.000000,2959519905.000000,82131.000000
50000,9,12395,0.800000,1.000000,0.588900,1.000000,0.000000,0,0.000000,10.000000,1.000000,2959519905.000000,82131.000000
50000,10,13689,0.800000,1.000000,0.647649,1.000000,0.000000,0,0.000000,49999.000000,1.000000,2959519905.000000,82131.000000
50000,11,13689,0.800000,1.000000,0.634785,1.000000,0.000000,0,0.000000,49992.000000,1.000000,2959519905.000000,82131.000000
50000,12,13651,0.800000,1.000000,0.598781,1.000000,0.000000,0,0.000000,48512.000000,1.000000,2959519905.000000,82131.000000
50000,13,13687,0.800000,1.000000,0.663803,1.000000,0.000000,0,0.000000,49954.000000,1.000000,2959519905.000000,82131.000000
50000,14,13688,0.800000,1.000000,0.630531,1.000000,0.000000,0,0.000000,49969.000000,1.000000,2959519905.000000,82131.000000
50000,15,13690,0.800000,1.000000,0.713659,1.000000,0.000000,1,38999.000000,50000.000000,1.000000,2959519905.000000,82131.000000
51000,0,13770,0.800000,1.000000,0.677699,1.000000,0.000000,0,0.000000,50077.000000,1.000000,3069755228.000000,111500.000000
51000,1,13953,0.800000,1.000000,0.545794,1.000000,0.000000,0,0.000000,50997.000000,1.000000,3069755228.000000,111500.000000
51000,2,13938,0.800000,1.000000,0.621634,1.000000,0.000000,0,0.000000,50826.000000,1.000000,3069755228.000000,111500.000000
51000,3,13894,0.800000,1.000000,0.595206,1.000000,0.000000,0,0.000000,49800.000000,1.000000,3069755228.000000,111500.000000
51000,4,13954,0.800000,1.000000,0.711952,1.000000,0.000000,1,41498.000000,51000.000000,1.000000,3069755228.000000,111500.000000
51000,5,13843,0.800000,1.000000,0.641694,1.000000,0.000000,0,0.000000,48867.000000,1.000000,3069755228.000000,111500.000000
51000,6,13955,0.800000,1.000000,0.627285,1.000000,0.000000,0,0.000000,50987.000000,1.000000,3069755228.000000,111500.000000
51000,7,13908,0.800000,1.000000,0.671628,1.000000,0.000000,0,0.000000,50807.000000,1.000000,3069755228.000000,111500.000000
51000,8,13955,0.800000,1.000000,0.739827,1.000000,0.000000,0,0.000000,50999.000000,1.000000,3069755228.000000,111500.000000
51000,9,12779,0.800000,1.000000,0.617289,1.000000,0.000000,0,0.000000,10.000000,1.000000,3069755228.000000,111500.000000
51000,10,13954,0.800000,1.000000,0.681662,1.000000,0.000000,0,0.000000,50907.000000,1.000000,3069755228.000000,111500.000000
51000,11,13948,0.800000,1.000000,0.621792,1.000000,0.000000,0,0.000000,50837.000000,1.000000,3069755228.000000,111500.000000
51000,12,13935,0.800000,1.000000,0.664469,1.000000,0.000000,0,0.000000,48512.000000,1.000000,3069755228.000000,111500.000000
51000,13,13884,0.800000,1.000000,0.572533,1.000000,0.000000,0,0.000000,50550.000000,1.000000,3069755228.000000,111500.000000
51000,14,13953,0.800000,1.000000,0.600176,1.000000,0.000000,0,0.000000,50985.000000,1.000000,3069755228.000000,111500.000000
51000,15,13953,0.800000,1.000000,0.692402,1.000000,0.000000,0,0.000000,50971.000000,1.000000,3069755228.000000,111500.000000
52000,0,14181,0.800000,1.000000,0.637446,1.000000,0.000000,0,0.000000,50077.000000,1.000000,3189116260.000000,111362.000000
52000,1,14181,0.800000,1.000000,0.628981,1.000000,0.000000,0,0.000000,51765.000000,1.000000,3189116260.000000,111362.000000
52000,2,14209,0.800000,1.000000,0.767159,1.000000,0.000000,0,0.000000,51995.000000,1.000000,3189116260.000000,111362.000000
52000,3,14209,0.800000,1.000000,0.673573,1.000000,0.000000,0,0.000000,51999.000000,1.000000,3189116260.000000,111362.000000
52000,4,14201,0.800000,1.000000,0.700086,1.000000,0.000000,0,0.000000,51471.000000,1.000000,3189116260.000000,111362.000000
52000,5,14053,0.800000,1.000000,0.592502,1.000000,0.000000,0,0.000000,48867.000000,1.000000,3189116260.000000,111362.000000
52000,6,14176,0.800000,1.000000,0.685516,1.000000,0.000000,0,0.000000,51875.000000,1.000000,3189116260.000000,111362.000000
52000,7,14192,0.800000,1.000000,0.554534,1.000000,0.000000,0,0.000000,51886.000000,1.000000,3189116260.000000,111362.000000
52000,8,14206,0.800000,1.000000,0.596725,1.000000,0.000000,0,0.000000,51976.000000,1.000000,3189116260.000000,111362.000000
52000,9,13086,0.800000,1.000000,0.616607,1.000000,0.000000,0,0.000000,10.000000,1.000000,3189116260.000000,111362.000000
52000,10,14209,0.800000,1.000000,0.596059,1.000000,0.000000,0,0.000000,51992.000000,1.000000,3189116260.000000,111362.000000
52000,11,14210,0.800000,1.000000,0.715313,1.000000,0.000000,1,44441.000000,52000.000000,1.000000,3189116260.000000,111362.000000
52000,12,14210,0.800000,1.000000,0.619205,1.000000,0.000000,0,0.000000,51993.000000,1.000000,3189116260.000000,111362.000000
52000,13,14108,0.800000,1.000000,0.608060,1.000000,0.000000,0,0.000000,50550.000000,1.000000,3189116260.000000,111362.000000
52000,14,14210,0.800000,1.000000,0.553549,1.000000,0.000000,0,0.000000,51983.000000,1.000000,3189116260.000000,111362.000000
52000,15,14207,0.800000,1.000000,0.642137,1.000000,0.000000,0,0.000000,51984.000000,1.000000,3189116260.000000,111362.000000
53000,0,14461,0.800000,1.000000,0.658466,1.000000,0.000000,0,0.000000,52995.000000,1.000000,3305549852.000000,28839.000000
53000,1,14461,0.800000,1.000000,0.657254,1.000000,0.000000,0,0.000000,52998.000000,1.000000,3305549852.000000,28839.000000
53000,2,14461,0.800000,1.000000,0.754483,1.000000,0.000000,0,0.000000,52994.000000,1.000000,3305549852.000000,28839.000000
53000,3,14424,0.800000,1.000000,0.690174,1.000000,0.000000,0,0.000000,52353.000000,1.000000,3305549852.000000,28839.000000
53000,4,14457,0.800000,1.000000,0.666607,1.000000,0.000000,0,0.000000,52956.000000,1.000000,3305549852.000000,28839.000000
53000,5,14425,0.800000,1.000000,0.544204,1.000000,0.000000,0,0.000000,48867.000000,1.000000,3305549852.000000,28839.000000
53000,6,14461,0.800000,1.000000,0.583257,1.000000,0.000000,0,0.000000,52999.000000,1.000000,3305549852.000000,28839.000000
53000,7,14461,0.800000,1.000000,0.642425,1.000000,0.000000,0,0.000000,52950.000000,1.000000,3305549852.000000,28839.000000
53000,8,14451,0.800000,1.000000,0.571345,1.000000,0.000000,0,0.000000,52873.000000,1.000000,3305549852.000000,28839.000000
53000,9,13401,0.800000,1.000000,0.605880,1.000000,0.000000,0,0.000000,10.000000,1.000000,3305549852.000000,28839.000000
53000,10,14458,0.800000,1.000000,0.580477,1.000000,0.000000,0,0.000000,52884.000000,1.000000,3305549852.000000,28839.000000
53000,11,14460,0.800000,1.000000,0.633665,1.000000,0.000000,0,0.000000,52980.000000,1.000000,3305549852.000000,28839.000000
53000,12,14365,0.800000,1.000000,0.518063,1.000000,0.000000,0,0.000000,52133.000000,1.000000,3305549852.000000,28839.000000
53000,13,14362,0.800000,1.000000,0.639803,1.000000,0.000000,0,0.000000,50550.000000,1.000000,3305549852.000000,28839.000000
53000,14,14461,0.800000,1.000000,0.570876,1.000000,0.000000,1,42755.000000,53000.000000,1.000000,3305549852.000000,28839.000000
53000,15,14371,0.800000,1.000000,0.603915,1.000000,0.000000,0,0.000000,52508.000000,1.000000,3305549852.000000,28839.000000
54000,0,14721,0.800000,1.000000,0.693195,1.000000,0.000000,0,0.000000,53999.000000,1.000000,3422864144.000000,58810.000000
54000,1,14719,0.800000,1.000000,0.634164,1.000000,0.000000,0,0.000000,53987.000000,1.000000,3422864144.000000,58810.000000
54000,2,14691,0.800000,1.000000,0.513460,1.000000,0.000000,0,0.000000,53863.000000,1.000000,3422864144.000000,58810.000000
54000,3,14710,0.800000,1.000000,0.627577,1.000000,0.000000,0,0.000000,53327.000000,1.000000,3422864144.000000,58810.000000
54000,4,14722,0.800000,1.000000,0.620607,1.000000,0.000000,0,0.000000,53994.000000,1.000000,3422864144.000000,58810.000000
54000,5,14692,0.800000,1.000000,0.531496,1.000000,0.000000,0,0.000000,48867.000000,1.000000,3422864144.000000,58810.000000
54000,6,14477,0.800000,1.000000,0.725469,1.000000,0.000000,0,0.000000,53065.000000,1.000000,3422864144.000000,58810.000000
54000,7,14722,0.800000,1.000000,0.659111,1.000000,0.000000,1,43897.000000,54000.000000,1.000000,3422864144.000000,58810.000000
54000,8,14721,0.800000,1.000000,0.589786,1.000000,0.000000,0,0.000000,53982.000000,1.000000,3422864144.000000,58810.000000
54000,9,13672,0.800000,1.000000,0.688155,1.000000,0.000000,0,0.000000,10.000000,1.000000,3422864144.000000,58810.000000
54000,10,14722,0.800000,1.000000,0.666517,1.000000,0.000000,0,0.000000,53986.000000,1.000000,3422864144.000000,58810.000000
54000,11,14667,0.800000,1.000000,0.687116,1.000000,0.000000,0,0.000000,53763.000000,1.000000,3422864144.000000,58810.000000
54000,12,14719,0.800000,1.000000,0.626535,1.000000,0.000000,0,0.000000,53976.000000,1.000000,3422864144.000000,58810.000000
54000,13,14634,0.800000,1.000000,0.579279,1.000000,0.000000,0,0.000000,50550.000000,1.000000,3422864144.000000,58810.000000
54000,14,14714,0.800000,1.000000,0.566792,1.000000,0.000000,0,0.000000,53901.000000,1.000000,3422864144.000000,58810.000000
54000,15,14683,0.800000,1.000000,0.522676,1.000000,0.000000,0,0.000000,53734.000000,1.000000,3422864144.000000,58810.000000
55000,0,14956,0.800000,1.000000,0.596731,1.000000,0.000000,0,0.000000,54850.000000,1.000000,3554301108.000000,87987.000000
55000,1,14986,0.800000,1.000000,0.686937,1.000000,0.000000,0,0.000000,54997.000000,1.000000,3554301108.000000,87987.000000
55000,2,14985,0.800000,1.000000,0.689455,1.000000,0.000000,0,0.000000,54977.000000,1.000000,3554301108.000000,87987.000000
55000,3,14984,0.800000,1.000000,0.694944,1.000000,0.000000,0,0.000000,54695.000000,1.000000,3554301108.000000,87987.000000
55000,4,14986,0.800000,1.000000,0.727844,1.000000,0.000000,1,44461.000000,55000.000000,1.000000,3554301108.000000,87987.000000
55000,5,14987,0.800000,1.000000,0.590201,1.000000,0.000000,0,0.000000,54983.000000,1.000000,3554301108.000000,87987.000000
55000,6,14734,0.800000,1.000000,0.677203,1.000000,0.000000,0,0.000000,53065.000000,1.000000,3554301108.000000,87987.000000
55000,7,14985,0.800000,1.000000,0.571056,1.000000,0.000000,0,0.000000,54990.000000,1.000000,3554301108.000000,87987.000000
55000,8,14977,0.800000,1.000000,0.473351,1.000000,0.000000,0,0.000000,54810.000000,1.000000,3554301108.000000,87987.000000
55000,9,14054,0.800000,1.000000,0.557015,1.000000,0.000000,0,0.000000,10.000000,1.000000,3554301108.000000,87987.000000
55000,10,14986,0.800000,1.000000,0.615458,1.000000,0.000000,0,0.000000,54987.000000,1.000000,3554301108.000000,87987.000000
55000,11,14983,0.800000,1.000000,0.500208,1.000000,0.000000,0,0.000000,54966.000000,1.000000,3554301108.000000,87987.000000
55000,12,14985,0.800000,1.000000,0.552888,1.000000,0.000000,0,0.000000,54965.000000,1.000000,3554301108.000000,87987.000000
55000,13,14901,0.800000,1.000000,0.636112,1.000000,0.000000,0,0.000000,50550.000000,1.000000,3554301108.000000,87987.000000
55000,14,14987,0.800000,1.000000,0.633356,1.000000,0.000000,0,0.000000,54999.000000,1.000000,3554301108.000000,87987.000000
55000,15,14968,0.800000,1.000000,0.621589,1.000000,0.000000,0,0.000000,54787.000000,1.000000,3554301108.000000,87987.000000
56000,0,15273,0.800000,1.000000,0.648597,1.000000,0.000000,0,0.000000,55998.000000,1.000000,3699458976.000000,213511.000000
56000,1,15184,0.800000,1.000000,0.525696,1.000000,0.000000,0,0.000000,55001.000000,1.000000,3699458976.000000,213511.000000
56000,2,15274,0.800000,1.000000,0.573165,1.000000,0.000000,0,0.000000,55997.000000,1.000000,3699458976.000000,213511.000000
56000,3,15275,0.800000,1.000000,0.623011,1.000000,0.000000,0,0.000000,55999.000000,1.000000,3699458976.000000,213511.000000
56000,4,15260,0.800000,1.000000,0.644011,1.000000,0.000000,0,0.000000,55760.000000,1.000000,3699458976.000000,213511.000000
56000,5,15275,0.800000,1.000000,0.550685,1.000000,0.000000,0,0.000000,55994.000000,1.000000,3699458976.000000,213511.000000
56000,6,15158,0.800000,1.000000,0.714565,1.000000,0.000000,0,0.000000,53065.000000,1.000000,3699458976.000000,213511.000000
56000,7,15272,0.800000,1.000000,0.599174,1.000000,0.000000,0,0.000000,55964.000000,1.000000,3699458976.000000,213511.000000
56000,8,15275,0.800000,1.000000,0.597837,1.000000,0.000000,0,0.000000,55993.000000,1.000000,3699458976.000000,213511.000000
56000,9,14448,0.800000,1.000000,0.550687,1.000000,0.000000,0,0.000000,10.000000,1.000000,3699458976.000000,213511.000000
56000,10,15274,0.800000,1.000000,0.621543,1.000000,0.000000,0,0.000000,55989.000000,1.000000,3699458976.000000,213511.000000
56000,11,15266,0.800000,1.000000,0.719007,1.000000,0.000000,0,0.000000,55960.000000,1.000000,3699458976.000000,213511.000000
56000,12,15275,0.800000,1.000000,0.669909,1.000000,0.000000,1,45532.000000,56000.000000,1.000000,3699458976.000000,213511.000000
56000,13,15271,0.800000,1.000000,0.678669,1.000000,0.000000,0,0.000000,50550.000000,1.000000,3699458976.000000,213511.000000
56000,14,15219,0.800000,1.000000,0.668743,1.000000,0.000000,0,0.000000,55583.000000,1.000000,3699458976.000000,213511.000000
56000,15,15273,0.800000,1.000000,0.625701,1.000000,0.000000,0,0.000000,55990.000000,1.000000,3699458976.000000,213511.000000
57000,0,15505,0.800000,1.000000,0.665782,1.000000,0.000000,0,0.000000,56366.000000,1.000000,3836220797.000000,124386.000000
57000,1,15547,0.800000,1.000000,0.683508,1.000000,0.000000,0,0.000000,56953.000000,1.000000,3836220797.000000,124386.000000
57000,2,15548,0.800000,1.000000,0.628233,1.000000,0.000000,0,0.000000,56998.000000,1.000000,3836220797.000000,124386.000000
57000,3,15544,0.800000,1.000000,0.459771,1.000000,0.000000,0,0.000000,56854.000000,1.000000,3836220797.000000,124386.000000
57000,4,15547,0.800000,1.000000,0.621728,1.000000,0.000000,0,0.000000,56978.000000,1.000000,3836220797.000000,124386.000000
57000,5,15549,0.800000,1.000000,0.689148,1.000000,0.000000,1,46285.000000,57000.000000,1.000000,3836220797.000000,124386.000000
57000,6,15463,0.800000,1.000000,0.560187,1.000000,0.000000,0,0.000000,53065.000000,1.000000,3836220797.000000,124386.000000
57000,7,15546,0.800000,1.000000,0.644917,1.000000,0.000000,0,0.000000,56732.000000,1.000000,3836220797.000000,124386.000000
57000,8,15548,0.800000,1.000000,0.691644,1.000000,0.000000,0,0.000000,56887.000000,1.000000,3836220797.000000,124386.000000
57000,9,14770,0.800000,1.000000,0.701826,1.000000,0.000000,0,0.000000,10.000000,1.000000,3836220797.000000,124386.000000
57000,10,15550,0.800000,1.000000,0.612465,1.000000,0.000000,0,0.000000,56997.000000,1.000000,3836220797.000000,124386.000000
57000,11,15520,0.800000,1.000000,0.464065,1.000000,0.000000,0,0.000000,56834.000000,1.000000,3836220797.000000,124386.000000
57000,12,15548,0.800000,1.000000,0.708522,1.000000,0.000000,0,0.000000,56989.000000,1.000000,3836220797.000000,124386.000000
57000,13,15550,0.800000,1.000000,0.651745,1.000000,0.000000,0,0.000000,56999.000000,1.000000,3836220797.000000,124386.000000
57000,14,15532,0.800000,1.000000,0.458723,1.000000,0.000000,0,0.000000,56615.000000,1.000000,3836220797.000000,124386.000000
57000,15,15464,0.800000,1.000000,0.626340,1.000000,0.000000,0,0.000000,56439.000000,1.000000,3836220797.000000,124386.000000
58000,0,15684,0.800000,1.000000,0.572679,1.000000,0.000000,0,0.000000,57492.000000,1.000000,3971631664.000000,156709.000000
58000,1,15814,0.800000,1.000000,0.652910,1.000000,0.000000,0,0.000000,57998.000000,1.000000,3971631664.000000,156709.000000
58000,2,15792,0.800000,1.000000,0.771217,1.000000,0.000000,0,0.000000,57806.000000,1.000000,3971631664.000000,156709.000000
58000,3,15772,0.800000,1.000000,0.604440,1.000000,0.000000,0,0.000000,57816.000000,1.000000,3971631664.000000,156709.000000
58000,4,15792,0.800000,1.000000,0.582290,1.000000,0.000000,0,0.000000,57889.000000,1.000000,3971631664.000000,156709.000000
58000,5,15814,0.800000,1.000000,0.573049,1.000000,0.000000,0,0.000000,57988.000000,1.000000,3971631664.000000,156709.000000
58000,6,15782,0.800000,1.000000,0.586385,1.000000,0.000000,0,0.000000,53065.000000,1.000000,3971631664.000000,156709.000000
58000,7,15813,0.800000,1.000000,0.605563,1.000000,0.000000,0,0.000000,57995.000000,1.000000,3971631664.000000,156709.000000
58000,8,15804,0.800000,1.000000,0.613983,1.000000,0.000000,0,0.000000,57913.000000,1.000000,3971631664.000000,156709.000000
58000,9,15134,0.800000,1.000000,0.616034,1.000000,0.000000,0,0.000000,10.000000,1.000000,3971631664.000000,156709.000000
58000,10,15812,0.800000,1.000000,0.564188,1.000000,0.000000,0,0.000000,57992.000000,1.000000,3971631664.000000,156709.000000
58000,11,15807,0.800000,1.000000,0.702060,1.000000,0.000000,0,0.000000,57703.000000,1.000000,3971631664.000000,156709.000000
58000,12,15814,0.800000,1.000000,0.641771,1.000000,0.000000,0,0.000000,57999.000000,1.000000,3971631664.000000,156709.000000
58000,13,15809,0.800000,1.000000,0.527848,1.000000,0.000000,0,0.000000,57971.000000,1.000000,3971631664.000000,156709.000000
58000,14,15815,0.800000,1.000000,0.733981,1.000000,0.000000,1,46647.000000,58000.000000,1.000000,3971631664.000000,156709.000000
58000,15,15812,0.800000,1.000000,0.693490,1.000000,0.000000,0,0.000000,57986.000000,1.000000,3971631664.000000,156709.000000
59000,0,16002,0.800000,1.000000,0.715785,1.000000,0.000000,0,0.000000,57492.000000,1.000000,4110303561.000000,159349.000000
59000,1,16070,0.800000,1.000000,0.625228,1.000000,0.000000,0,0.000000,58912.000000,1.000000,4110303561.000000,159349.000000
59000,2,16076,0.800000,1.000000,0.635834,1.000000,0.000000,0,0.000000,58325.000000,1.000000,4110303561.000000,159349.000000
59000,3,16079,0.800000,1.000000,0.618493,1.000000,0.000000,0,0.000000,57816.000000,1.000000,4110303561.000000,159349.000000
59000,4,16086,0.800000,1.000000,0.641712,1.000000,0.000000,0,0.000000,58998.000000,1.000000,4110303561.000000,159349.000000
59000,5,16085,0.800000,1.000000,0.626349,1.000000,0.000000,0,0.000000,58993.000000,1.000000,4110303561.000000,159349.000000
59000,6,16082,0.800000,1.000000,0.749316,1.000000,0.000000,0,0.000000,58793.000000,1.000000,4110303561.000000,159349.000000
59000,7,16085,0.800000,1.000000,0.549175,1.000000,0.000000,0,0.000000,58991.000000,1.000000,4110303561.000000,159349.000000
59000,8,16040,0.800000,1.000000,0.592966,1.000000,0.000000,0,0.000000,58526.000000,1.000000,4110303561.000000,159349.000000
59000,9,15510,0.800000,1.000000,0.709891,1.000000,0.000000,0,0.000000,10.000000,1.000000,4110303561.000000,159349.000000
59000,10,16087,0.800000,1.000000,0.721798,1.000000,0.000000,1,46895.000000,59000.000000,1.000000,4110303561.000000,159349.000000
59000,11,16087,0.800000,1.000000,0.670062,1.000000,0.000000,0,0.000000,58990.000000,1.000000,4110303561.000000,159349.000000
59000,12,16088,0.800000,1.000000,0.693694,1.000000,0.000000,0,0.000000,58999.000000,1.000000,4110303561.000000,159349.000000
59000,13,16012,0.800000,1.000000,0.629595,1.000000,0.000000,0,0.000000,58687.000000,1.000000,4110303561.000000,159349.000000
59000,14,15960,0.800000,1.000000,0.618663,1.000000,0.000000,0,0.000000,58315.000000,1.000000,4110303561.000000,159349.000000
59000,15,16088,0.800000,1.000000,0.691343,1.000000,0.000000,0,0.000000,58997.000000,1.000000,4110303561.000000,159349.000000
60000,0,16344,0.800000,1.000000,0.525159,1.000000,0.000000,0,0.000000,59998.000000,1.000000,4240261812.000000,97937.000000
60000,1,16154,0.800000,1.000000,0.614066,1.000000,0.000000,0,0.000000,58912.000000,1.000000,4240261812.000000,97937.000000
60000,2,16320,0.800000,1.000000,0.645800,1.000000,0.000000,0,0.000000,59898.000000,1.000000,4240261812.000000,97937.000000
60000,3,16342,0.800000,1.000000,0.476405,1.000000,0.000000,0,0.000000,59955.000000,1.000000,4240261812.000000,97937.000000
60000,4,16345,0.800000,1.000000,0.745324,1.000000,0.000000,0,0.000000,59999.000000,1.000000,4240261812.000000,97937.000000
60000,5,16345,0.800000,1.000000,0.624527,1.000000,0.000000,0,0.000000,59990.000000,1.000000,4240261812.000000,97937.000000
60000,6,16339,0.800000,1.000000,0.512366,1.000000,0.000000,0,0.000000,59953.000000,1.000000,4240261812.000000,97937.000000
60000,7,16345,0.800000,1.000000,0.621856,1.000000,0.000000,0,0.000000,59995.000000,1.000000,4240261812.000000,97937.000000
60000,8,16312,0.800000,1.000000,0.685970,1.000000,0.000000,0,0.000000,59825.000000,1.000000,4240261812.000000,97937.000000
60000,9,15726,0.800000,1.000000,0.588577,1.000000,0.000000,0,0.000000,10.000000,1.000000,4240261812.000000,97937.000000
60000,10,16316,0.800000,1.000000,0.602925,1.000000,0.000000,0,0.000000,59490.000000,1.000000,4240261812.000000,97937.000000
60000,11,16345,0.800000,1.000000,0.630080,1.000000,0.000000,1,50151.000000,60000.000000,1.000000,4240261812.000000,97937.000000
60000,12,16255,0.800000,1.000000,0.603803,1.000000,0.000000,0,0.000000,59673.000000,1.000000,4240261812.000000,97937.000000
60000,13,16283,0.800000,1.000000,0.662481,1.000000,0.000000,0,0.000000,58687.000000,1.000000,4240261812.000000,97937.000000
60000,14,16344,0.800000,1.000000,0.706218,1.000000,0.000000,0,0.000000,59984.000000,1.000000,4240261812.000000,97937.000000
60000,15,16343,0.800000,1.000000,0.651952,1.000000,0.000000,0,0.000000,59845.000000,1.000000,4240261812.000000,97937.000000
61000,0,16607,0.800000,1.000000,0.714500,1.000000,0.000000,0,0.000000,60909.000000,1.000000,4380464991.000000,99185.000000
61000,1,16446,0.800000,1.000000,0.681264,1.000000,0.000000,0,0.000000,58912.000000,1.000000,4380464991.000000,99185.000000
61000,2,16538,0.800000,1.000000,0.603372,1.000000,0.000000,0,0.000000,59898.000000,1.000000,4380464991.000000,99185.000000
61000,3,16573,0.800000,1.000000,0.498713,1.000000,0.000000,0,0.000000,60621.000000,1.000000,4380464991.000000,99185.000000
61000,4,16607,0.800000,1.000000,0.611504,1.000000,0.000000,0,0.000000,60935.000000,1.000000,4380464991.000000,99185.000000
61000,5,16613,0.800000,1.000000,0.671474,1.000000,0.000000,0,0.000000,60996.000000,1.000000,4380464991.000000,99185.000000
61000,6,16491,0.800000,1.000000,0.561920,1.000000,0.000000,0,0.000000,60030.000000,1.000000,4380464991.000000,99185.000000
61000,7,16613,0.800000,1.000000,0.647031,1.000000,0.000000,1,48985.000000,61000.000000,1.000000,4380464991.000000,99185.000000
61000,8,16565,0.800000,1.000000,0.628987,1.000000,0.000000,0,0.000000,60366.000000,1.000000,4380464991.000000,99185.000000
61000,9,16041,0.800000,1.000000,0.691632,1.000000,0.000000,0,0.000000,10.000000,1.000000,4380464991.000000,99185.000000
61000,10,16613,0.800000,1.000000,0.684400,1.000000,0.000000,0,0.000000,60999.000000,1.000000,4380464991.000000,99185.000000
61000,11,16614,0.800000,1.000000,0.586995,1.000000,0.000000,0,0.000000,60993.000000,1.000000,4380464991.000000,99185.000000
61000,12,16610,0.800000,1.000000,0.549505,1.000000,0.000000,0,0.000000,60952.000000,1.000000,4380464991.000000,99185.000000
61000,13,16613,0.800000,1.000000,0.700243,1.000000,0.000000,0,0.000000,60998.000000,1.000000,4380464991.000000,99185.000000
61000,14,16613,0.800000,1.000000,0.644283,1.000000,0.000000,0,0.000000,60997.000000,1.000000,4380464991.000000,99185.000000
61000,15,16574,0.800000,1.000000,0.668990,1.000000,0.000000,0,0.000000,60638.000000,1.000000,4380464991.000000,99185.000000
62000,0,16795,0.800000,1.000000,0.628874,1.000000,0.000000,0,0.000000,61650.000000,1.000000,4528583019.000000,33633.000000
62000,1,16819,0.800000,1.000000,0.653627,1.000000,0.000000,0,0.000000,58912.000000,1.000000,4528583019.000000,33633.000000
62000,2,16846,0.800000,1.000000,0.719132,1.000000,0.000000,0,0.000000,61865.000000,1.000000,4528583019.000000,33633.000000
62000,3,16880,0.800000,1.000000,0.719774,1.000000,0.000000,0,0.000000,60621.000000,1.000000,4528583019.000000,33633.000000
62000,4,16878,0.800000,1.000000,0.643879,1.000000,0.000000,0,0.000000,61550.000000,1.000000,4528583019.000000,33633.000000
62000,5,16885,0.800000,1.000000,0.715505,1.000000,0.000000,0,0.000000,61997.000000,1.000000,4528583019.000000,33633.000000
62000,6,16817,0.800000,1.000000,0.649929,1.000000,0.000000,0,0.000000,60030.000000,1.000000,4528583019.000000,33633.000000
62000,7,16848,0.800000,1.000000,0.414543,1.000000,0.000000,0,0.000000,61707.000000,1.000000,4528583019.000000,33633.000000
62000,8,16883,0.800000,1.000000,0.725882,1.000000,0.000000,0,0.000000,61992.000000,1.000000,4528583019.000000,33633.000000
62000,9,16218,0.800000,1.000000,0.639079,1.000000,0.000000,0,0.000000,10.000000,1.000000,4528583019.000000,33633.000000
62000,10,16876,0.800000,1.000000,0.609570,1.000000,0.000000,0,0.000000,61973.000000,1.000000,4528583019.000000,33633.000000
62000,11,16884,0.800000,1.000000,0.644881,1.000000,0.000000,0,0.000000,61989.000000,1.000000,4528583019.000000,33633.000000
62000,12,16885,0.800000,1.000000,0.685894,1.000000,0.000000,0,0.000000,61999.000000,1.000000,4528583019.000000,33633.000000
62000,13,16882,0.800000,1.000000,0.618365,1.000000,0.000000,0,0.000000,61978.000000,1.000000,4528583019.000000,33633.000000
62000,14,16885,0.800000,1.000000,0.683410,1.000000,0.000000,1,49742.000000,62000.000000,1.000000,4528583019.000000,33633.000000
62000,15,16886,0.800000,1.000000,0.721106,1.000000,0.000000,0,0.000000,61998.000000,1.000000,4528583019.000000,33633.000000
63000,0,17086,0.800000,1.000000,0.562868,1.000000,0.000000,0,0.000000,61650.000000,1.000000,4680226880.000000,274168.000000
63000,1,17146,0.800000,1.000000,0.630713,1.000000,0.000000,0,0.000000,62989.000000,1.000000,4680226880.000000,274168.000000
63000,2,17122,0.800000,1.000000,0.667540,1.000000,0.000000,0,0.000000,61865.000000,1.000000,4680226880.000000,274168.000000
63000,3,17123,0.800000,1.000000,0.601817,1.000000,0.000000,0,0.000000,62893.000000,1.000000,4680226880.000000,274168.000000
63000,4,17141,0.800000,1.000000,0.603180,1.000000,0.000000,0,0.000000,62928.000000,1.000000,4680226880.000000,274168.000000
63000,5,17147,0.800000,1.000000,0.673475,1.000000,0.000000,0,0.000000,62997.000000,1.000000,4680226880.000000,274168.000000
63000,6,17149,0.800000,1.000000,0.647063,1.000000,0.000000,0,0.000000,62998.000000,1.000000,4680226880.000000,274168.000000
63000,7,17149,0.800000,1.000000,0.767179,1.000000,0.000000,0,0.000000,62999.000000,1.000000,4680226880.000000,274168.000000
63000,8,17145,0.800000,1.000000,0.697988,1.000000,0.000000,0,0.000000,62984.000000,1.000000,4680226880.000000,274168.000000
63000,9,16577,0.800000,1.000000,0.499059,1.000000,0.000000,0,0.000000,10.000000,1.000000,4680226880.000000,274168.000000
63000,10,17137,0.800000,1.000000,0.674896,1.000000,0.000000,0,0.000000,62769.000000,1.000000,4680226880.000000,274168.000000
63000,11,17148,0.800000,1.000000,0.687188,1.000000,0.000000,0,0.000000,62994.000000,1.000000,4680226880.000000,274168.000000
63000,12,17147,0.800000,1.000000,0.673993,1.000000,0.000000,0,0.000000,62742.000000,1.000000,4680226880.000000,274168.000000
63000,13,17149,0.800000,1.000000,0.713368,1.000000,0.000000,1,51366.000000,63000.000000,1.000000,4680226880.000000,274168.000000
63000,14,17125,0.800000,1.000000,0.692694,1.000000,0.000000,0,0.000000,62080.000000,1.000000,4680226880.000000,274168.000000
63000,15,17149,0.800000,1.000000,0.565909,1.000000,0.000000,0,0.000000,62972.000000,1.000000,4680226880.000000,274168.000000
64000,0,17412,0.800000,1.000000,0.696615,1.000000,0.000000,1,50470.000000,64000.000000,1.000000,4828315439.000000,34823.000000
64000,1,17385,0.800000,1.000000,0.466708,1.000000,0.000000,0,0.000000,63824.000000,1.000000,4828315439.000000,34823.000000
64000,2,17398,0.800000,1.000000,0.542364,1.000000,0.000000,0,0.000000,63807.000000,1.000000,4828315439.000000,34823.000000
64000,3,17412,0.800000,1.000000,0.497579,1.000000,0.000000,0,0.000000,63954.000000,1.000000,4828315439.000000,34823.000000
64000,4,17411,0.800000,1.000000,0.637815,1.000000,0.000000,0,0.000000,63979.000000,1.000000,4828315439.000000,34823.000000
64000,5,17411,0.800000,1.000000,0.616381,1.000000,0.000000,0,0.000000,63997.000000,1.000000,4828315439.000000,34823.000000
64000,6,17412,0.800000,1.000000,0.560171,1.000000,0.000000,0,0.000000,63998.000000,1.000000,4828315439.000000,34823.000000
64000,7,17412,0.800000,1.000000,0.663008,1.000000,0.000000,0,0.000000,63501.000000,1.000000,4828315439.000000,34823.000000
64000,8,17407,0.800000,1.000000,0.632294,1.000000,0.000000,0,0.000000,63849.000000,1.000000,4828315439.000000,34823.000000
64000,9,16970,0.800000,1.000000,0.598982,1.000000,0.000000,0,0.000000,10.000000,1.000000,4828315439.000000,34823.000000
64000,10,17384,0.800000,1.000000,0.570953,1.000000,0.000000,0,0.000000,63789.000000,1.000000,4828315439.000000,34823.000000
64000,11,17412,0.800000,1.000000,0.619730,1.000000,0.000000,0,0.000000,63999.000000,1.000000,4828315439.000000,34823.000000
64000,12,17407,0.800000,1.000000,0.569464,1.000000,0.000000,0,0.000000,63966.000000,1.000000,4828315439.000000,34823.000000
64000,13,17292,0.800000,1.000000,0.648899,1.000000,0.000000,0,0.000000,63404.000000,1.000000,4828315439.000000,34823.000000
64000,14,17411,0.800000,1.000000,0.614799,1.000000,0.000000,0,0.000000,63993.000000,1.000000,4828315439.000000,34823.000000
64000,15,17403,0.800000,1.000000,0.568910,1.000000,0.000000,0,0.000000,63725.000000,1.000000,4828315439.000000,34823.000000
65000,0,17681,0.800000,1.000000,0.597140,1.000000,0.000000,0,0.000000,64998.000000,1.000000,4978954865.000000,140598.000000
65000,1,17674,0.800000,1.000000,0.549274,1.000000,0.000000,0,0.000000,64938.000000,1.000000,4978954865.000000,140598.000000
65000,2,17646,0.800000,1.000000,0.601931,1.000000,0.000000,0,0.000000,64255.000000,1.000000,4978954865.000000,140598.000000
65000,3,17677,0.800000,1.000000,0.529204,1.000000,0.000000,0,0.000000,64959.000000,1.000000,4978954865.000000,140598.000000
65000,4,17597,0.800000,1.000000,0.581707,1.000000,0.000000,0,0.000000,64252.000000,1.000000,4978954865.000000,140598.000000
65000,5,17668,0.800000,1.000000,0.547886,1.000000,0.000000,0,0.000000,64551.000000,1.000000,4978954865.000000,140598.000000
65000,6,17681,0.800000,1.000000,0.620608,1.000000,0.000000,0,0.000000,64994.000000,1.000000,4978954865.000000,140598.000000
65000,7,17681,0.800000,1.000000,0.683449,1.000000,0.000000,0,0.000000,64992.000000,1.000000,4978954865.000000,140598.000000
65000,8,17681,0.800000,1.000000,0.540096,1.000000,0.000000,1,54151.000000,65000.000000,1.000000,4978954865.000000,140598.000000
65000,9,17296,0.800000,1.000000,0.676944,1.000000,0.000000,0,0.000000,10.000000,1.000000,4978954865.000000,140598.000000
65000,10,17680,0.800000,1.000000,0.469346,1.000000,0.000000,0,0.000000,64976.000000,1.000000,4978954865.000000,140598.000000
65000,11,17681,0.800000,1.000000,0.600176,1.000000,0.000000,0,0.000000,64999.000000,1.000000,4978954865.000000,140598.000000
65000,12,17628,0.800000,1.000000,0.671820,1.000000,0.000000,0,0.000000,63966.000000,1.000000,4978954865.000000,140598.000000
65000,13,17647,0.800000,1.000000,0.618321,1.000000,0.000000,0,0.000000,63404.000000,1.000000,4978954865.000000,140598.000000
65000,14,17681,0.800000,1.000000,0.665345,1.000000,0.000000,0,0.000000,64986.000000,1.000000,4978954865.000000,140598.000000
65000,15,17644,0.800000,1.000000,0.656039,1.000000,0.000000,0,0.000000,63725.000000,1.000000,4978954865.000000,140598.000000
66000,0,17946,0.800000,1.000000,0.619252,1.000000,0.000000,0,0.000000,65843.000000,1.000000,5138715252.000000,71816.000000
66000,1,17924,0.800000,1.000000,0.613435,1.000000,0.000000,0,0.000000,64938.000000,1.000000,5138715252.000000,71816.000000
66000,2,17962,0.800000,1.000000,0.731083,1.000000,0.000000,0,0.000000,65998.000000,1.000000,5138715252.000000,71816.000000
66000,3,17938,0.800000,1.000000,0.694355,1.000000,0.000000,0,0.000000,65742.000000,1.000000,5138715252.000000,71816.000000
66000,4,17859,0.800000,1.000000,0.614749,1.000000,0.000000,0,0.000000,64252.000000,1.000000,5138715252.000000,71816.000000
66000,5,17962,0.800000,1.000000,0.683287,1.000000,0.000000,0,0.000000,65999.000000,1.000000,5138715252.000000,71816.000000
66000,6,17962,0.800000,1.000000,0.631039,1.000000,0.000000,1,54363.000000,66000.000000,1.000000,5138715252.000000,71816.000000
66000,7,17963,0.800000,1.000000,0.575269,1.000000,0.000000,0,0.000000,65987.000000,1.000000,5138715252.000000,71816.000000
66000,8,17963,0.800000,1.000000,0.629492,1.000000,0.000000,0,0.000000,65997.000000,1.000000,5138715252.000000,71816.000000
66000,9,17605,0.800000,1.000000,0.561859,1.000000,0.000000,0,0.000000,10.000000,1.000000,5138715252.000000,71816.000000
66000,10,17961,0.800000,1.000000,0.616218,1.000000,0.000000,0,0.000000,65994.000000,1.000000,5138715252.000000,71816.000000
66000,11,17947,0.800000,1.000000,0.633928,1.000000,0.000000,0,0.000000,65926.000000,1.000000,5138715252.000000,71816.000000
66000,12,17925,0.800000,1.000000,0.623294,1.000000,0.000000,0,0.000000,65801.000000,1.000000,5138715252.000000,71816.000000
66000,13,17896,0.800000,1.000000,0.762735,1.000000,0.000000,0,0.000000,63404.000000,1.000000,5138715252.000000,71816.000000
66000,14,17960,0.800000,1.000000,0.614898,1.000000,0.000000,0,0.000000,65989.000000,1.000000,5138715252.000000,71816.000000
66000,15,17963,0.800000,1.000000,0.658714,1.000000,0.000000,0,0.000000,65995.000000,1.000000,5138715252.000000,71816.000000
67000,0,18227,0.800000,1.000000,0.748328,1.000000,0.000000,0,0.000000,66354.000000,1.000000,5302009127.000000,108743.000000
67000,1,18232,0.800000,1.000000,0.792561,1.000000,0.000000,0,0.000000,66998.000000,1.000000,5302009127.000000,108743.000000
67000,2,18232,0.800000,1.000000,0.630094,1.000000,0.000000,0,0.000000,66987.000000,1.000000,5302009127.000000,108743.000000
67000,3,18232,0.800000,1.000000,0.713518,1.000000,0.000000,0,0.000000,66999.000000,1.000000,5302009127.000000,108743.000000
67000,4,18193,0.800000,1.000000,0.535669,1.000000,0.000000,0,0.000000,64252.000000,1.000000,5302009127.000000,108743.000000
67000,5,18233,0.800000,1.000000,0.733976,1.000000,0.000000,1,53427.000000,67000.000000,1.000000,5302009127.000000,108743.000000
67000,6,18232,0.800000,1.000000,0.663464,1.000000,0.000000,0,0.000000,66951.000000,1.000000,5302009127.000000,108743.000000
67000,7,18218,0.800000,1.000000,0.664843,1.000000,0.000000,0,0.000000,66562.000000,1.000000,5302009127.000000,108743.000000
67000,8,18225,0.800000,1.000000,0.624568,1.000000,0.000000,0,0.000000,66932.000000,1.000000,5302009127.000000,108743.000000
67000,9,17912,0.800000,1.000000,0.654266,1.000000,0.000000,0,0.000000,10.000000,1.000000,5302009127.000000,108743.000000
67000,10,18228,0.800000,1.000000,0.677608,1.000000,0.000000,0,0.000000,66926.000000,1.000000,5302009127.000000,108743.000000
67000,11,18231,0.800000,1.000000,0.675430,1.000000,0.000000,0,0.000000,66992.000000,1.000000,5302009127.000000,108743.000000
67000,12,18180,0.800000,1.000000,0.623771,1.000000,0.000000,0,0.000000,65801.000000,1.000000,5302009127.000000,108743.000000
67000,13,18234,0.800000,1.000000,0.618295,1.000000,0.000000,0,0.000000,66983.000000,1.000000,5302009127.000000,108743.000000
67000,14,18221,0.800000,1.000000,0.505493,1.000000,0.000000,0,0.000000,66856.000000,1.000000,5302009127.000000,108743.000000
67000,15,18227,0.800000,1.000000,0.715096,1.000000,0.000000,0,0.000000,66668.000000,1.000000,5302009127.000000,108743.000000
68000,0,18511,0.800000,1.000000,0.778217,1.000000,0.000000,0,0.000000,67991.000000,1.000000,5469680593.000000,221474.000000
68000,1,18511,0.800000,1.000000,0.667207,1.000000,0.000000,0,0.000000,67988.000000,1.000000,5469680593.000000,221474.000000
68000,2,18501,0.800000,1.000000,0.601212,1.000000,0.000000,0,0.000000,67841.000000,1.000000,5469680593.000000,221474.000000
68000,3,18494,0.800000,1.000000,0.754326,1.000000,0.000000,0,0.000000,67046.000000,1.000000,5469680593.000000,221474.000000
68000,4,18493,0.800000,1.000000,0.629437,1.000000,0.000000,0,0.000000,67896.000000,1.000000,5469680593.000000,221474.000000
68000,5,18505,0.800000,1.000000,0.597959,1.000000,0.000000,0,0.000000,67958.000000,1.000000,5469680593.000000,221474.000000
68000,6,18513,0.800000,1.000000,0.665368,1.000000,0.000000,0,0.000000,67997.000000,1.000000,5469680593.000000,221474.000000
68000,7,18513,0.800000,1.000000,0.599224,1.000000,0.000000,0,0.000000,67946.000000,1.000000,5469680593.000000,221474.000000
68000,8,18514,0.800000,1.000000,0.624370,1.000000,0.000000,0,0.000000,67995.000000,1.000000,5469680593.000000,221474.000000
68000,9,18218,0.800000,1.000000,0.747491,1.000000,0.000000,0,0.000000,10.000000,1.000000,5469680593.000000,221474.000000
68000,10,18485,0.800000,1.000000,0.723908,1.000000,0.000000,0,0.000000,67286.000000,1.000000,5469680593.000000,221474.000000
68000,11,18514,0.800000,1.000000,0.686211,1.000000,0.000000,0,0.000000,67999.000000,1.000000,5469680593.000000,221474.000000
68000,12,18512,0.800000,1.000000,0.760890,1.000000,0.000000,0,0.000000,67994.000000,1.000000,5469680593.000000,221474.000000
68000,13,18514,0.800000,1.000000,0.676369,1.000000,0.000000,1,55796.000000,68000.000000,1.000000,5469680593.000000,221474.000000
68000,14,18514,0.800000,1.000000,0.591084,1.000000,0.000000,0,0.000000,67993.000000,1.000000,5469680593.000000,221474.000000
68000,15,18515,0.800000,1.000000,0.591033,1.000000,0.000000,0,0.000000,67973.000000,1.000000,5469680593.000000,221474.000000
69000,0,18781,0.800000,1.000000,0.644412,1.000000,0.000000,0,0.000000,68859.000000,1.000000,5631545611.000000,262453.000000
69000,1,18794,0.800000,1.000000,0.762167,1.000000,0.000000,0,0.000000,68998.000000,1.000000,5631545611.000000,262453.000000
69000,2,18761,0.800000,1.000000,0.761559,1.000000,0.000000,0,0.000000,67841.000000,1.000000,5631545611.000000,262453.000000
69000,3,18794,0.800000,1.000000,0.690214,1.000000,0.000000,0,0.000000,68988.000000,1.000000,5631545611.000000,262453.000000
69000,4,18795,0.800000,1.000000,0.659194,1.000000,0.000000,1,55955.000000,69000.000000,1.000000,5631545611.000000,262453.000000
69000,5,18796,0.800000,1.000000,0.778627,1.000000,0.000000,0,0.000000,68999.000000,1.000000,5631545611.000000,262453.000000
69000,6,18751,0.800000,1.000000,0.626709,1.000000,0.000000,0,0.000000,68508.000000,1.000000,5631545611.000000,262453.000000
69000,7,18796,0.800000,1.000000,0.630329,1.000000,0.000000,0,0.000000,68994.000000,1.000000,5631545611.000000,262453.000000
69000,8,18796,0.800000,1.000000,0.751128,1.000000,0.000000,0,0.000000,68996.000000,1.000000,5631545611.000000,262453.000000
69000,9,18574,0.800000,1.000000,0.747387,1.000000,0.000000,0,0.000000,10.000000,1.000000,5631545611.000000,262453.000000
69000,10,18694,0.800000,1.000000,0.661655,1.000000,0.000000,0,0.000000,67286.000000,1.000000,5631545611.000000,262453.000000
69000,11,18795,0.800000,1.000000,0.639096,1.000000,0.000000,0,0.000000,68971.000000,1.000000,5631545611.000000,262453.000000
69000,12,18779,0.800000,1.000000,0.631297,1.000000,0.000000,0,0.000000,68857.000000,1.000000,5631545611.000000,262453.000000
69000,13,18684,0.800000,1.000000,0.545171,1.000000,0.000000,0,0.000000,68029.000000,1.000000,5631545611.000000,262453.000000
69000,14,18790,0.800000,1.000000,0.559003,1.000000,0.000000,0,0.000000,68980.000000,1.000000,5631545611.000000,262453.000000
69000,15,18793,0.800000,1.000000,0.694856,1.000000,0.000000,0,0.000000,68960.000000,1.000000,5631545611.000000,262453.000000
70000,0,19045,0.800000,1.000000,0.711974,1.000000,0.000000,0,0.000000,69732.000000,1.000000,5784398089.000000,38087.000000
70000,1,19057,0.800000,1.000000,0.495436,1.000000,0.000000,0,0.000000,69990.000000,1.000000,5784398089.000000,38087.000000
70000,2,19053,0.800000,1.000000,0.703256,1.000000,0.000000,0,0.000000,69561.000000,1.000000,5784398089.000000,38087.000000
70000,3,19049,0.800000,1.000000,0.724826,1.000000,0.000000,0,0.000000,69962.000000,1.000000,5784398089.000000,38087.000000
70000,4,18975,0.800000,1.000000,0.713558,1.000000,0.000000,0,0.000000,69013.000000,1.000000,5784398089.000000,38087.000000
70000,5,18909,0.800000,1.000000,0.547448,1.000000,0.000000,0,0.000000,69411.000000,1.000000,5784398089.000000,38087.000000
70000,6,19058,0.800000,1.000000,0.687025,1.000000,0.000000,1,57671.000000,70000.000000,1.000000,5784398089.000000,38087.000000
70000,7,19047,0.800000,1.000000,0.668970,1.000000,0.000000,0,0.000000,69818.000000,1.000000,5784398089.000000,38087.000000
70000,8,19059,0.800000,1.000000,0.614868,1.000000,0.000000,0,0.000000,69997.000000,1.000000,5784398089.000000,38087.000000
70000,9,18910,0.800000,1.000000,0.704150,1.000000,0.000000,0,0.000000,10.000000,1.000000,5784398089.000000,38087.000000
70000,10,18837,0.800000,1.000000,0.706369,1.000000,0.000000,0,0.000000,67286.000000,1.000000,5784398089.000000,38087.000000
70000,11,19059,0.800000,1.000000,0.713092,1.000000,0.000000,0,0.000000,69999.000000,1.000000,5784398089.000000,38087.000000
70000,12,19051,0.800000,1.000000,0.620863,1.000000,0.000000,0,0.000000,69653.000000,1.000000,5784398089.000000,38087.000000
70000,13,19058,0.800000,1.000000,0.533540,1.000000,0.000000,0,0.000000,69963.000000,1.000000,5784398089.000000,38087.000000
70000,14,18993,0.800000,1.000000,0.684130,1.000000,0.000000,0,0.000000,69723.000000,1.000000,5784398089.000000,38087.000000
70000,15,19059,0.800000,1.000000,0.569522,1.000000,0.000000,0,0.000000,69996.000000,1.000000,5784398089.000000,38087.000000
71000,0,19318,0.800000,1.000000,0.511425,1.000000,0.000000,0,0.000000,70961.000000,1.000000,5945811100.000000,192393.000000
71000,1,19320,0.800000,1.000000,0.551404,1.000000,0.000000,0,0.000000,70984.000000,1.000000,5945811100.000000,192393.000000
71000,2,19305,0.800000,1.000000,0.486989,1.000000,0.000000,0,0.000000,70885.000000,1.000000,5945811100.000000,192393.000000
71000,3,19255,0.800000,1.000000,0.586295,1.000000,0.000000,0,0.000000,70733.000000,1.000000,5945811100.000000,192393.000000
71000,4,19316,0.800000,1.000000,0.654385,1.000000,0.000000,0,0.000000,70976.000000,1.000000,5945811100.000000,192393.000000
71000,5,19128,0.800000,1.000000,0.586210,1.000000,0.000000,0,0.000000,69411.000000,1.000000,5945811100.000000,192393.000000
71000,6,19317,0.800000,1.000000,0.559692,1.000000,0.000000,0,0.000000,70987.000000,1.000000,5945811100.000000,192393.000000
71000,7,19320,0.800000,1.000000,0.734985,1.000000,0.000000,0,0.000000,70997.000000,1.000000,5945811100.000000,192393.000000
71000,8,19316,0.800000,1.000000,0.816292,1.000000,0.000000,0,0.000000,70922.000000,1.000000,5945811100.000000,192393.000000
71000,9,19110,0.800000,1.000000,0.521878,1.000000,0.000000,0,0.000000,10.000000,1.000000,5945811100.000000,192393.000000
71000,10,19135,0.800000,1.000000,0.597899,1.000000,0.000000,0,0.000000,67286.000000,1.000000,5945811100.000000,192393.000000
71000,11,19321,0.800000,1.000000,0.645361,1.000000,0.000000,0,0.000000,70998.000000,1.000000,5945811100.000000,192393.000000
71000,12,19321,0.800000,1.000000,0.638840,1.000000,0.000000,1,57659.000000,71000.000000,1.000000,5945811100.000000,192393.000000
71000,13,19313,0.800000,1.000000,0.520995,1.000000,0.000000,0,0.000000,70853.000000,1.000000,5945811100.000000,192393.000000
71000,14,19321,0.800000,1.000000,0.775122,1.000000,0.000000,0,0.000000,70999.000000,1.000000,5945811100.000000,192393.000000
71000,15,19318,0.800000,1.000000,0.787334,1.000000,0.000000,0,0.000000,70954.000000,1.000000,5945811100.000000,192393.000000
72000,0,19596,0.800000,1.000000,0.601542,1.000000,0.000000,0,0.000000,71802.000000,1.000000,6130455194.000000,117621.000000
72000,1,19603,0.800000,1.000000,0.483637,1.000000,0.000000,0,0.000000,71965.000000,1.000000,6130455194.000000,117621.000000
72000,2,19603,0.800000,1.000000,0.567622,1.000000,0.000000,0,0.000000,71958.000000,1.000000,6130455194.000000,117621.000000
72000,3,19604,0.800000,1.000000,0.555341,1.000000,0.000000,0,0.000000,71993.000000,1.000000,6130455194.000000,117621.000000
72000,4,19571,0.800000,1.000000,0.750145,1.000000,0.000000,0,0.000000,70976.000000,1.000000,6130455194.000000,117621.000000
72000,5,19483,0.800000,1.000000,0.701017,1.000000,0.000000,0,0.000000,69411.000000,1.000000,6130455194.000000,117621.000000
72000,6,19605,0.800000,1.000000,0.590806,1.000000,0.000000,1,58862.000000,72000.000000,1.000000,6130455194.000000,117621.000000
72000,7,19603,0.800000,1.000000,0.652018,1.000000,0.000000,0,0.000000,71983.000000,1.000000,6130455194.000000,117621.000000
72000,8,19605,0.800000,1.000000,0.575199,1.000000,0.000000,0,0.000000,71999.000000,1.000000,6130455194.000000,117621.000000
72000,9,19484,0.800000,1.000000,0.809325,1.000000,0.000000,0,0.000000,10.000000,1.000000,6130455194.000000,117621.000000
72000,10,19472,0.800000,1.000000,0.580181,1.000000,0.000000,0,0.000000,67286.000000,1.000000,6130455194.000000,117621.000000
72000,11,19570,0.800000,1.000000,0.442233,1.000000,0.000000,0,0.000000,71517.000000,1.000000,6130455194.000000,117621.000000
72000,12,19599,0.800000,1.000000,0.559946,1.000000,0.000000,0,0.000000,71934.000000,1.000000,6130455194.000000,117621.000000
72000,13,19606,0.800000,1.000000,0.660040,1.000000,0.000000,0,0.000000,71998.000000,1.000000,6130455194.000000,117621.000000
72000,14,19587,0.800000,1.000000,0.681568,1.000000,0.000000,0,0.000000,71913.000000,1.000000,6130455194.000000,117621.000000
72000,15,19597,0.800000,1.000000,0.691222,1.000000,0.000000,0,0.000000,71943.000000,1.000000,6130455194.000000,117621.000000
73000,0,19863,0.800000,1.000000,0.649905,1.000000,0.000000,0,0.000000,72826.000000,1.000000,6306921572.000000,79304.000000
73000,1,19874,0.800000,1.000000,0.716363,1.000000,0.000000,0,0.000000,72999.000000,1.000000,6306921572.000000,79304.000000
73000,2,19868,0.800000,1.000000,0.729037,1.000000,0.000000,0,0.000000,72975.000000,1.000000,6306921572.000000,79304.000000
73000,3,19875,0.800000,1.000000,0.663139,1.000000,0.000000,1,58654.000000,73000.000000,1.000000,6306921572.000000,79304.000000
73000,4,19869,0.800000,1.000000,0.606287,1.000000,0.000000,0,0.000000,72823.000000,1.000000,6306921572.000000,79304.000000
73000,5,19875,0.800000,1.000000,0.648342,1.000000,0.000000,0,0.000000,72998.000000,1.000000,6306921572.000000,79304.000000
73000,6,19875,0.800000,1.000000,0.498859,1.000000,0.000000,0,0.000000,72981.000000,1.000000,6306921572.000000,79304.000000
73000,7,19874,0.800000,1.000000,0.673626,1.000000,0.000000,0,0.000000,72991.000000,1.000000,6306921572.000000,79304.000000
73000,8,19855,0.800000,1.000000,0.486900,1.000000,0.000000,0,0.000000,72865.000000,1.000000,6306921572.000000,79304.000000
73000,9,19811,0.800000,1.000000,0.686912,1.000000,0.000000,0,0.000000,10.000000,1.000000,6306921572.000000,79304.000000
73000,10,19730,0.800000,1.000000,0.628003,1.000000,0.000000,0,0.000000,67286.000000,1.000000,6306921572.000000,79304.000000
73000,11,19860,0.800000,1.000000,0.532582,1.000000,0.000000,0,0.000000,72609.000000,1.000000,6306921572.000000,79304.000000
73000,12,19856,0.800000,1.000000,0.652452,1.000000,0.000000,0,0.000000,72937.000000,1.000000,6306921572.000000,79304.000000
73000,13,19874,0.800000,1.000000,0.631113,1.000000,0.000000,0,0.000000,72964.000000,1.000000,6306921572.000000,79304.000000
73000,14,19842,0.800000,1.000000,0.678389,1.000000,0.000000,0,0.000000,71913.000000,1.000000,6306921572.000000,79304.000000
73000,15,19863,0.800000,1.000000,0.640567,1.000000,0.000000,0,0.000000,72854.000000,1.000000,6306921572.000000,79304.000000
74000,0,20172,0.800000,1.000000,0.664349,1.000000,0.000000,0,0.000000,73986.000000,1.000000,6505394206.000000,242032.000000
74000,1,20170,0.800000,1.000000,0.691335,1.000000,0.000000,0,0.000000,73941.000000,1.000000,6505394206.000000,242032.000000
74000,2,20162,0.800000,1.000000,0.686662,1.000000,0.000000,0,0.000000,73677.000000,1.000000,6505394206.000000,242032.000000
74000,3,20130,0.800000,1.000000,0.654617,1.000000,0.000000,0,0.000000,73845.000000,1.000000,6505394206.000000,242032.000000
74000,4,20164,0.800000,1.000000,0.536099,1.000000,0.000000,0,0.000000,73969.000000,1.000000,6505394206.000000,242032.000000
74000,5,20173,0.800000,1.000000,0.685440,1.000000,0.000000,1,59817.000000,74000.000000,1.000000,6505394206.000000,242032.000000
74000,6,20164,0.800000,1.000000,0.589454,1.000000,0.000000,0,0.000000,73967.000000,1.000000,6505394206.000000,242032.000000
74000,7,20173,0.800000,1.000000,0.697849,1.000000,0.000000,0,0.000000,73936.000000,1.000000,6505394206.000000,242032.000000
74000,8,20172,0.800000,1.000000,0.757335,1.000000,0.000000,0,0.000000,73996.000000,1.000000,6505394206.000000,242032.000000
74000,9,20174,0.800000,1.000000,0.607647,1.000000,0.000000,0,0.000000,73994.000000,1.000000,6505394206.000000,242032.000000
74000,10,20119,0.800000,1.000000,0.546742,1.000000,0.000000,0,0.000000,67286.000000,1.000000,6505394206.000000,242032.000000
74000,11,20174,0.800000,1.000000,0.752360,1.000000,0.000000,0,0.000000,73999.000000,1.000000,6505394206.000000,242032.000000
74000,12,20165,0.800000,1.000000,0.579485,1.000000,0.000000,0,0.000000,73916.000000,1.000000,6505394206.000000,242032.000000
74000,13,20174,0.800000,1.000000,0.617648,1.000000,0.000000,0,0.000000,73997.000000,1.000000,6505394206.000000,242032.000000
74000,14,20171,0.800000,1.000000,0.624657,1.000000,0.000000,0,0.000000,73989.000000,1.000000,6505394206.000000,242032.000000
74000,15,20167,0.800000,1.000000,0.665325,1.000000,0.000000,0,0.000000,73959.000000,1.000000,6505394206.000000,242032.000000
75000,0,20450,0.800000,1.000000,0.583244,1.000000,0.000000,0,0.000000,74787.000000,1.000000,6699022012.000000,204499.000000
75000,1,20476,0.800000,1.000000,0.687243,1.000000,0.000000,0,0.000000,74967.000000,1.000000,6699022012.000000,204499.000000
75000,2,20449,0.800000,1.000000,0.562247,1.000000,0.000000,0,0.000000,73677.000000,1.000000,6699022012.000000,204499.000000
75000,3,20383,0.800000,1.000000,0.619021,1.000000,0.000000,0,0.000000,73845.000000,1.000000,6699022012.000000,204499.000000
75000,4,20463,0.800000,1.000000,0.702202,1.000000,0.000000,0,0.000000,74528.000000,1.000000,6699022012.000000,204499.000000
75000,5,20476,0.800000,1.000000,0.670921,1.000000,0.000000,0,0.000000,74936.000000,1.000000,6699022012.000000,204499.000000
75000,6,20475,0.800000,1.000000,0.575937,1.000000,0.000000,0,0.000000,74947.000000,1.000000,6699022012.000000,204499.000000
75000,7,20477,0.800000,1.000000,0.710274,1.000000,0.000000,0,0.000000,74990.000000,1.000000,6699022012.000000,204499.000000
75000,8,20471,0.800000,1.000000,0.556554,1.000000,0.000000,0,0.000000,74869.000000,1.000000,6699022012.000000,204499.000000
75000,9,20461,0.800000,1.000000,0.464371,1.000000,0.000000,0,0.000000,74865.000000,1.000000,6699022012.000000,204499.000000
75000,10,20478,0.800000,1.000000,0.767677,1.000000,0.000000,0,0.000000,74997.000000,1.000000,6699022012.000000,204499.000000
75000,11,20477,0.800000,1.000000,0.775147,1.000000,0.000000,0,0.000000,74999.000000,1.000000,6699022012.000000,204499.000000
75000,12,20450,0.800000,1.000000,0.543699,1.000000,0.000000,0,0.000000,74744.000000,1.000000,6699022012.000000,204499.000000
75000,13,20478,0.800000,1.000000,0.720212,1.000000,0.000000,0,0.000000,74987.000000,1.000000,6699022012.000000,204499.000000
75000,14,20448,0.800000,1.000000,0.633904,1.000000,0.000000,0,0.000000,74829.000000,1.000000,6699022012.000000,204499.000000
75000,15,20478,0.800000,1.000000,0.705367,1.000000,0.000000,1,58663.000000,75000.000000,1.000000,6699022012.000000,204499.000000
76000,0,20755,0.800000,1.000000,0.657887,1.000000,0.000000,0,0.000000,75983.000000,1.000000,6889711785.000000,124553.000000
76000,1,20746,0.800000,1.000000,0.708307,1.000000,0.000000,0,0.000000,75917.000000,1.000000,6889711785.000000,124553.000000
76000,2,20755,0.800000,1.000000,0.615290,1.000000,0.000000,0,0.000000,75887.000000,1.000000,6889711785.000000,124553.000000
76000,3,20760,0.800000,1.000000,0.755821,1.000000,0.000000,0,0.000000,75998.000000,1.000000,6889711785.000000,124553.000000
76000,4,20678,0.800000,1.000000,0.583643,1.000000,0.000000,0,0.000000,75250.000000,1.000000,6889711785.000000,124553.000000
76000,5,20758,0.800000,1.000000,0.524886,1.000000,0.000000,0,0.000000,75982.000000,1.000000,6889711785.000000,124553.000000
76000,6,20761,0.800000,1.000000,0.602127,1.000000,0.000000,0,0.000000,75999.000000,1.000000,6889711785.000000,124553.000000
76000,7,20760,0.800000,1.000000,0.648599,1.000000,0.000000,0,0.000000,75991.000000,1.000000,6889711785.000000,124553.000000
76000,8,20739,0.800000,1.000000,0.477387,1.000000,0.000000,0,0.000000,75812.000000,1.000000,6889711785.000000,124553.000000
76000,9,20754,0.800000,1.000000,0.707363,1.000000,0.000000,0,0.000000,75516.000000,1.000000,6889711785.000000,124553.000000
76000,10,20761,0.800000,1.000000,0.690885,1.000000,0.000000,1,61868.000000,76000.000000,1.000000,6889711785.000000,124553.000000
76000,11,20761,0.800000,1.000000,0.709490,1.000000,0.000000,0,0.000000,75913.000000,1.000000,6889711785.000000,124553.000000
76000,12,20761,0.800000,1.000000,0.711379,1.000000,0.000000,0,0.000000,75995.000000,1.000000,6889711785.000000,124553.000000
76000,13,20760,0.800000,1.000000,0.552923,1.000000,0.000000,0,0.000000,75987.000000,1.000000,6889711785.000000,124553.000000
76000,14,20757,0.800000,1.000000,0.527698,1.000000,0.000000,0,0.000000,75931.000000,1.000000,6889711785.000000,124553.000000
76000,15,20751,0.800000,1.000000,0.686605,1.000000,0.000000,0,0.000000,75584.000000,1.000000,6889711785.000000,124553.000000
77000,0,21031,0.800000,1.000000,0.687013,1.000000,0.000000,0,0.000000,76996.000000,1.000000,7068272976.000000,168084.000000
77000,1,21029,0.800000,1.000000,0.577616,1.000000,0.000000,0,0.000000,76992.000000,1.000000,7068272976.000000,168084.000000
77000,2,21027,0.800000,1.000000,0.741457,1.000000,0.000000,0,0.000000,76956.000000,1.000000,7068272976.000000,168084.000000
77000,3,21031,0.800000,1.000000,0.597600,1.000000,0.000000,0,0.000000,76993.000000,1.000000,7068272976.000000,168084.000000
77000,4,21023,0.800000,1.000000,0.564971,1.000000,0.000000,0,0.000000,76924.000000,1.000000,7068272976.000000,168084.000000
77000,5,21027,0.800000,1.000000,0.518541,1.000000,0.000000,0,0.000000,76971.000000,1.000000,7068272976.000000,168084.000000
77000,6,20996,0.800000,1.000000,0.681664,1.000000,0.000000,0,0.000000,76599.000000,1.000000,7068272976.000000,168084.000000
77000,7,21031,0.800000,1.000000,0.660166,1.000000,0.000000,1,62012.000000,77000.000000,1.000000,7068272976.000000,168084.000000
77000,8,21030,0.800000,1.000000,0.647397,1.000000,0.000000,0,0.000000,76998.000000,1.000000,7068272976.000000,168084.000000
77000,9,21004,0.800000,1.000000,0.635931,1.000000,0.000000,0,0.000000,76909.000000,1.000000,7068272976.000000,168084.000000
77000,10,21021,0.800000,1.000000,0.793697,1.000000,0.000000,0,0.000000,76963.000000,1.000000,7068272976.000000,168084.000000
77000,11,21003,0.800000,1.000000,0.620235,1.000000,0.000000,0,0.000000,76712.000000,1.000000,7068272976.000000,168084.000000
77000,12,20997,0.800000,1.000000,0.651907,1.000000,0.000000,0,0.000000,76729.000000,1.000000,7068272976.000000,168084.000000
77000,13,21032,0.800000,1.000000,0.647830,1.000000,0.000000,0,0.000000,76999.000000,1.000000,7068272976.000000,168084.000000
77000,14,20985,0.800000,1.000000,0.652325,1.000000,0.000000,0,0.000000,76044.000000,1.000000,7068272976.000000,168084.000000
77000,15,21025,0.800000,1.000000,0.589019,1.000000,0.000000,0,0.000000,76822.000000,1.000000,7068272976.000000,168084.000000
78000,0,21314,0.800000,1.000000,0.770641,1.000000,0.000000,0,0.000000,77786.000000,1.000000,7254047846.000000,127587.000000
78000,1,21190,0.800000,1.000000,0.639834,1.000000,0.000000,0,0.000000,77103.000000,1.000000,7254047846.000000,127587.000000
78000,2,21328,0.800000,1.000000,0.670884,1.000000,0.000000,0,0.000000,77999.000000,1.000000,7254047846.000000,127587.000000
78000,3,21328,0.800000,1.000000,0.773298,1.000000,0.000000,1,63136.000000,78000.000000,1.000000,7254047846.000000,127587.000000
78000,4,21328,0.800000,1.000000,0.632232,1.000000,0.000000,0,0.000000,77948.000000,1.000000,7254047846.000000,127587.000000
78000,5,21286,0.800000,1.000000,0.570584,1.000000,0.000000,0,0.000000,77500.000000,1.000000,7254047846.000000,127587.000000
78000,6,21328,0.800000,1.000000,0.596460,1.000000,0.000000,0,0.000000,77996.000000,1.000000,7254047846.000000,127587.000000
78000,7,21262,0.800000,1.000000,0.639380,1.000000,0.000000,0,0.000000,77600.000000,1.000000,7254047846.000000,127587.000000
78000,8,21247,0.800000,1.000000,0.667015,1.000000,0.000000,0,0.000000,77297.000000,1.000000,7254047846.000000,127587.000000
78000,9,21231,0.800000,1.000000,0.690110,1.000000,0.000000,0,0.000000,76909.000000,1.000000,7254047846.000000,127587.000000
78000,10,21325,0.800000,1.000000,0.709515,1.000000,0.000000,0,0.000000,77987.000000,1.000000,7254047846.000000,127587.000000
78000,11,21329,0.800000,1.000000,0.722555,1.000000,0.000000,0,0.000000,77998.000000,1.000000,7254047846.000000,127587.000000
78000,12,21217,0.800000,1.000000,0.582482,1.000000,0.000000,0,0.000000,77425.000000,1.000000,7254047846.000000,127587.000000
78000,13,21328,0.800000,1.000000,0.657303,1.000000,0.000000,0,0.000000,77993.000000,1.000000,7254047846.000000,127587.000000
78000,14,21324,0.800000,1.000000,0.770688,1.000000,0.000000,0,0.000000,77984.000000,1.000000,7254047846.000000,127587.000000
78000,15,21317,0.800000,1.000000,0.659834,1.000000,0.000000,0,0.000000,77945.000000,1.000000,7254047846.000000,127587.000000
79000,0,21556,0.800000,1.000000,0.656002,1.000000,0.000000,0,0.000000,78478.000000,1.000000,7436268047.000000,172420.000000
79000,1,21482,0.800000,1.000000,0.460960,1.000000,0.000000,0,0.000000,77103.000000,1.000000,7436268047.000000,172420.000000
79000,2,21576,0.800000,1.000000,0.663006,1.000000,0.000000,1,63259.000000,79000.000000,1.000000,7436268047.000000,172420.000000
79000,3,21554,0.800000,1.000000,0.676028,1.000000,0.000000,0,0.000000,78781.000000,1.000000,7436268047.000000,172420.000000
79000,4,21574,0.800000,1.000000,0.752759,1.000000,0.000000,0,0.000000,78989.000000,1.000000,7436268047.000000,172420.000000
79000,5,21557,0.800000,1.000000,0.494497,1.000000,0.000000,0,0.000000,77500.000000,1.000000,7436268047.000000,172420.000000
79000,6,21566,0.800000,1.000000,0.622224,1.000000,0.000000,0,0.000000,78117.000000,1.000000,7436268047.000000,172420.000000
79000,7,21576,0.800000,1.000000,0.714011,1.000000,0.000000,0,0.000000,78998.000000,1.000000,7436268047.000000,172420.000000
79000,8,21561,0.800000,1.000000,0.657225,1.000000,0.000000,0,0.000000,77297.000000,1.000000,7436268047.000000,172420.000000
79000,9,21574,0.800000,1.000000,0.613604,1.000000,0.000000,0,0.000000,78949.000000,1.000000,7436268047.000000,172420.000000
79000,10,21547,0.800000,1.000000,0.584498,1.000000,0.000000,0,0.000000,78509.000000,1.000000,7436268047.000000,172420.000000
79000,11,21577,0.800000,1.000000,0.678990,1.000000,0.000000,0,0.000000,78999.000000,1.000000,7436268047.000000,172420.000000
79000,12,21545,0.800000,1.000000,0.733131,1.000000,0.000000,0,0.000000,77425.000000,1.000000,7436268047.000000,172420.000000
79000,13,21543,0.800000,1.000000,0.750089,1.000000,0.000000,0,0.000000,78396.000000,1.000000,7436268047.000000,172420.000000
79000,14,21577,0.800000,1.000000,0.665498,1.000000,0.000000,0,0.000000,78997.000000,1.000000,7436268047.000000,172420.000000
79000,15,21570,0.800000,1.000000,0.577076,1.000000,0.000000,0,0.000000,78951.000000,1.000000,7436268047.000000,172420.000000
80000,0,21871,0.800000,1.000000,0.622514,1.000000,0.000000,0,0.000000,79977.000000,1.000000,7643534603.000000,87476.000000
80000,1,21821,0.800000,1.000000,0.633917,1.000000,0.000000,0,0.000000,77103.000000,1.000000,7643534603.000000,87476.000000
80000,2,21872,0.800000,1.000000,0.652974,1.000000,0.000000,0,0.000000,79987.000000,1.000000,7643534603.000000,87476.000000
80000,3,21873,0.800000,1.000000,0.721455,1.000000,0.000000,0,0.000000,79999.000000,1.000000,7643534603.000000,87476.000000
80000,4,21856,0.800000,1.000000,0.712601,1.000000,0.000000,0,0.000000,79345.000000,1.000000,7643534603.000000,87476.000000
80000,5,21859,0.800000,1.000000,0.671862,1.000000,0.000000,0,0.000000,79584.000000,1.000000,7643534603.000000,87476.000000
80000,6,21873,0.800000,1.000000,0.686390,1.000000,0.000000,1,65236.000000,80000.000000,1.000000,7643534603.000000,87476.000000
80000,7,21873,0.800000,1.000000,0.648332,1.000000,0.000000,0,0.000000,79938.000000,1.000000,7643534603.000000,87476.000000
80000,8,21872,0.800000,1.000000,0.768698,1.000000,0.000000,0,0.000000,79998.000000,1.000000,7643534603.000000,87476.000000
80000,9,21873,0.800000,1.000000,0.708034,1.000000,0.000000,0,0.000000,79992.000000,1.000000,7643534603.000000,87476.000000
80000,10,21854,0.800000,1.000000,0.557582,1.000000,0.000000,0,0.000000,79872.000000,1.000000,7643534603.000000,87476.000000
80000,11,21862,0.800000,1.000000,0.494276,1.000000,0.000000,0,0.000000,79862.000000,1.000000,7643534603.000000,87476.000000
80000,12,21838,0.800000,1.000000,0.756792,1.000000,0.000000,0,0.000000,77425.000000,1.000000,7643534603.000000,87476.000000
80000,13,21872,0.800000,1.000000,0.776685,1.000000,0.000000,0,0.000000,79997.000000,1.000000,7643534603.000000,87476.000000
80000,14,21774,0.800000,1.000000,0.690090,1.000000,0.000000,0,0.000000,79359.000000,1.000000,7643534603.000000,87476.000000
80000,15,21866,0.800000,1.000000,0.605402,1.000000,0.000000,0,0.000000,79963.000000,1.000000,7643534603.000000,87476.000000
81000,0,22153,0.800000,1.000000,0.559384,1.000000,0.000000,0,0.000000,80994.000000,1.000000,7846464177.000000,132759.000000
81000,1,22155,0.800000,1.000000,0.524788,1.000000,0.000000,0,0.000000,80998.000000,1.000000,7846464177.000000,132759.000000
81000,2,22138,0.800000,1.000000,0.571242,1.000000,0.000000,0,0.000000,80812.000000,1.000000,7846464177.000000,132759.000000
81000,3,22155,0.800000,1.000000,0.601459,1.000000,0.000000,0,0.000000,80999.000000,1.000000,7846464177.000000,132759.000000
81000,4,22143,0.800000,1.000000,0.615778,1.000000,0.000000,0,0.000000,80853.000000,1.000000,7846464177.000000,132759.000000
81000,5,22155,0.800000,1.000000,0.630423,1.000000,0.000000,0,0.000000,80996.000000,1.000000,7846464177.000000,132759.000000
81000,6,22138,0.800000,1.000000,0.715997,1.000000,0.000000,0,0.000000,80834.000000,1.000000,7846464177.000000,132759.000000
81000,7,22156,0.800000,1.000000,0.588164,1.000000,0.000000,0,0.000000,80992.000000,1.000000,7846464177.000000,132759.000000
81000,8,22156,0.800000,1.000000,0.662371,1.000000,0.000000,0,0.000000,80958.000000,1.000000,7846464177.000000,132759.000000
81000,9,22153,0.800000,1.000000,0.536860,1.000000,0.000000,0,0.000000,80956.000000,1.000000,7846464177.000000,132759.000000
81000,10,22152,0.800000,1.000000,0.710016,1.000000,0.000000,0,0.000000,80880.000000,1.000000,7846464177.000000,132759.000000
81000,11,22119,0.800000,1.000000,0.649254,1.000000,0.000000,0,0.000000,80666.000000,1.000000,7846464177.000000,132759.000000
81000,12,22156,0.800000,1.000000,0.609702,1.000000,0.000000,1,66271.000000,81000.000000,1.000000,7846464177.000000,132759.000000
81000,13,22155,0.800000,1.000000,0.455321,1.000000,0.000000,0,0.000000,80991.000000,1.000000,7846464177.000000,132759.000000
81000,14,22132,0.800000,1.000000,0.675697,1.000000,0.000000,0,0.000000,79359.000000,1.000000,7846464177.000000,132759.000000
81000,15,22105,0.800000,1.000000,0.788788,1.000000,0.000000,0,0.000000,80213.000000,1.000000,7846464177.000000,132759.000000
82000,0,22447,0.800000,1.000000,0.735444,1.000000,0.000000,0,0.000000,81999.000000,1.000000,8039543047.000000,179438.000000
82000,1,22441,0.800000,1.000000,0.631533,1.000000,0.000000,0,0.000000,81924.000000,1.000000,8039543047.000000,179438.000000
82000,2,22447,0.800000,1.000000,0.632471,1.000000,0.000000,0,0.000000,81947.000000,1.000000,8039543047.000000,179438.000000
82000,3,22447,0.800000,1.000000,0.729728,1.000000,0.000000,1,66625.000000,82000.000000,1.000000,8039543047.000000,179438.000000
82000,4,22268,0.800000,1.000000,0.624911,1.000000,0.000000,0,0.000000,80853.000000,1.000000,8039543047.000000,179438.000000
82000,5,22385,0.800000,1.000000,0.560667,1.000000,0.000000,0,0.000000,81549.000000,1.000000,8039543047.000000,179438.000000
82000,6,22427,0.800000,1.000000,0.536563,1.000000,0.000000,0,0.000000,81910.000000,1.000000,8039543047.000000,179438.000000
82000,7,22431,0.800000,1.000000,0.630877,1.000000,0.000000,0,0.000000,81452.000000,1.000000,8039543047.000000,179438.000000
82000,8,22448,0.800000,1.000000,0.743914,1.000000,0.000000,0,0.000000,81995.000000,1.000000,8039543047.000000,179438.000000
82000,9,22403,0.800000,1.000000,0.558344,1.000000,0.000000,0,0.000000,81556.000000,1.000000,8039543047.000000,179438.000000
82000,10,22447,0.800000,1.000000,0.550720,1.000000,0.000000,0,0.000000,81982.000000,1.000000,8039543047.000000,179438.000000
82000,11,22446,0.800000,1.000000,0.605211,1.000000,0.000000,0,0.000000,81970.000000,1.000000,8039543047.000000,179438.000000
82000,12,22436,0.800000,1.000000,0.611342,1.000000,0.000000,0,0.000000,81908.000000,1.000000,8039543047.000000,179438.000000
82000,13,22301,0.800000,1.000000,0.545224,1.000000,0.000000,0,0.000000,81414.000000,1.000000,8039543047.000000,179438.000000
82000,14,22431,0.800000,1.000000,0.696982,1.000000,0.000000,0,0.000000,81932.000000,1.000000,8039543047.000000,179438.000000
82000,15,22448,0.800000,1.000000,0.635671,1.000000,0.000000,0,0.000000,81996.000000,1.000000,8039543047.000000,179438.000000
83000,0,22713,0.800000,1.000000,0.627010,1.000000,0.000000,0,0.000000,82988.000000,1.000000,8229591745.000000,181662.000000
83000,1,22715,0.800000,1.000000,0.664313,1.000000,0.000000,1,66755.000000,83000.000000,1.000000,8229591745.000000,181662.000000
83000,2,22716,0.800000,1.000000,0.634393,1.000000,0.000000,0,0.000000,82997.000000,1.000000,8229591745.000000,181662.000000
83000,3,22712,0.800000,1.000000,0.611417,1.000000,0.000000,0,0.000000,82959.000000,1.000000,8229591745.000000,181662.000000
83000,4,22471,0.800000,1.000000,0.741985,1.000000,0.000000,0,0.000000,80853.000000,1.000000,8229591745.000000,181662.000000
83000,5,22622,0.800000,1.000000,0.690622,1.000000,0.000000,0,0.000000,81549.000000,1.000000,8229591745.000000,181662.000000
83000,6,22716,0.800000,1.000000,0.652439,1.000000,0.000000,0,0.000000,82995.000000,1.000000,8229591745.000000,181662.000000
83000,7,22699,0.800000,1.000000,0.605643,1.000000,0.000000,0,0.000000,82755.000000,1.000000,8229591745.000000,181662.000000
83000,8,22715,0.800000,1.000000,0.569677,1.000000,0.000000,0,0.000000,82971.000000,1.000000,8229591745.000000,181662.000000
83000,9,22626,0.800000,1.000000,0.562443,1.000000,0.000000,0,0.000000,82626.000000,1.000000,8229591745.000000,181662.000000
83000,10,22698,0.800000,1.000000,0.629679,1.000000,0.000000,0,0.000000,82783.000000,1.000000,8229591745.000000,181662.000000
83000,11,22715,0.800000,1.000000,0.683910,1.000000,0.000000,0,0.000000,82999.000000,1.000000,8229591745.000000,181662.000000
83000,12,22714,0.800000,1.000000,0.717506,1.000000,0.000000,0,0.000000,82993.000000,1.000000,8229591745.000000,181662.000000
83000,13,22635,0.800000,1.000000,0.661609,1.000000,0.000000,0,0.000000,81414.000000,1.000000,8229591745.000000,181662.000000
83000,14,22697,0.800000,1.000000,0.552960,1.000000,0.000000,0,0.000000,82914.000000,1.000000,8229591745.000000,181662.000000
83000,15,22703,0.800000,1.000000,0.677192,1.000000,0.000000,0,0.000000,82376.000000,1.000000,8229591745.000000,181662.000000
84000,0,22999,0.800000,1.000000,0.467909,1.000000,0.000000,0,0.000000,83970.000000,1.000000,8447306588.000000,459338.000000
84000,1,23000,0.800000,1.000000,0.546576,1.000000,0.000000,0,0.000000,83958.000000,1.000000,8447306588.000000,459338.000000
84000,2,23001,0.800000,1.000000,0.609271,1.000000,0.000000,0,0.000000,83847.000000,1.000000,8447306588.000000,459338.000000
84000,3,23003,0.800000,1.000000,0.724353,1.000000,0.000000,0,0.000000,83999.000000,1.000000,8447306588.000000,459338.000000
84000,4,22813,0.800000,1.000000,0.600165,1.000000,0.000000,0,0.000000,80853.000000,1.000000,8447306588.000000,459338.000000
84000,5,22996,0.800000,1.000000,0.699092,1.000000,0.000000,0,0.000000,81549.000000,1.000000,8447306588.000000,459338.000000
84000,6,22996,0.800000,1.000000,0.513102,1.000000,0.000000,0,0.000000,83859.000000,1.000000,8447306588.000000,459338.000000
84000,7,23003,0.800000,1.000000,0.755971,1.000000,0.000000,0,0.000000,83997.000000,1.000000,8447306588.000000,459338.000000
84000,8,23003,0.800000,1.000000,0.657266,1.000000,0.000000,0,0.000000,83998.000000,1.000000,8447306588.000000,459338.000000
84000,9,22881,0.800000,1.000000,0.535395,1.000000,0.000000,0,0.000000,82626.000000,1.000000,8447306588.000000,459338.000000
84000,10,22997,0.800000,1.000000,0.546503,1.000000,0.000000,0,0.000000,83942.000000,1.000000,8447306588.000000,459338.000000
84000,11,22987,0.800000,1.000000,0.632179,1.000000,0.000000,0,0.000000,83750.000000,1.000000,8447306588.000000,459338.000000
84000,12,23003,0.800000,1.000000,0.667469,1.000000,0.000000,1,67639.000000,84000.000000,1.000000,8447306588.000000,459338.000000
84000,13,22976,0.800000,1.000000,0.591706,1.000000,0.000000,0,0.000000,83601.000000,1.000000,8447306588.000000,459338.000000
84000,14,23003,0.800000,1.000000,0.554896,1.000000,0.000000,0,0.000000,83959.000000,1.000000,8447306588.000000,459338.000000
84000,15,22975,0.800000,1.000000,0.622452,1.000000,0.000000,0,0.000000,83883.000000,1.000000,8447306588.000000,459338.000000
85000,0,23247,0.800000,1.000000,0.712505,1.000000,0.000000,0,0.000000,84743.000000,1.000000,8650828833.000000,326025.000000
85000,1,23287,0.800000,1.000000,0.560430,1.000000,0.000000,0,0.000000,84979.000000,1.000000,8650828833.000000,326025.000000
85000,2,23289,0.800000,1.000000,0.586558,1.000000,0.000000,0,0.000000,84985.000000,1.000000,8650828833.000000,326025.000000
85000,3,23288,0.800000,1.000000,0.621090,1.000000,0.000000,0,0.000000,84995.000000,1.000000,8650828833.000000,326025.000000
85000,4,22962,0.800000,1.000000,0.670722,1.000000,0.000000,0,0.000000,80853.000000,1.000000,8650828833.000000,326025.000000
85000,5,23288,0.800000,1.000000,0.542712,1.000000,0.000000,0,0.000000,84981.000000,1.000000,8650828833.000000,326025.000000
85000,6,23287,0.800000,1.000000,0.703589,1.000000,0.000000,0,0.000000,84877.000000,1.000000,8650828833.000000,326025.000000
85000,7,23288,0.800000,1.000000,0.685972,1.000000,0.000000,0,0.000000,84996.000000,1.000000,8650828833.000000,326025.000000
85000,8,23289,0.800000,1.000000,0.591171,1.000000,0.000000,0,0.000000,84983.000000,1.000000,8650828833.000000,326025.000000
85000,9,23209,0.800000,1.000000,0.712068,1.000000,0.000000,0,0.000000,82626.000000,1.000000,8650828833.000000,326025.000000
85000,10,23289,0.800000,1.000000,0.741371,1.000000,0.000000,0,0.000000,84992.000000,1.000000,8650828833.000000,326025.000000
85000,11,23284,0.800000,1.000000,0.682606,1.000000,0.000000,0,0.000000,84952.000000,1.000000,8650828833.000000,326025.000000
85000,12,23286,0.800000,1.000000,0.661457,1.000000,0.000000,0,0.000000,84761.000000,1.000000,8650828833.000000,326025.000000
85000,13,23289,0.800000,1.000000,0.764489,1.000000,0.000000,1,69910.000000,85000.000000,1.000000,8650828833.000000,326025.000000
85000,14,23287,0.800000,1.000000,0.642812,1.000000,0.000000,0,0.000000,84965.000000,1.000000,8650828833.000000,326025.000000
85000,15,23168,0.800000,1.000000,0.686972,1.000000,0.000000,0,0.000000,83883.000000,1.000000,8650828833.000000,326025.000000
86000,0,23546,0.800000,1.000000,0.666024,1.000000,0.000000,0,0.000000,84743.000000,1.000000,8861098550.000000,188390.000000
86000,1,23563,0.800000,1.000000,0.631976,1.000000,0.000000,0,0.000000,85849.000000,1.000000,8861098550.000000,188390.000000
86000,2,23564,0.800000,1.000000,0.633406,1.000000,0.000000,0,0.000000,85994.000000,1.000000,8861098550.000000,188390.000000
86000,3,23552,0.800000,1.000000,0.543824,1.000000,0.000000,0,0.000000,85919.000000,1.000000,8861098550.000000,188390.000000
86000,4,23285,0.800000,1.000000,0.559496,1.000000,0.000000,0,0.000000,80853.000000,1.000000,8861098550.000000,188390.000000
86000,5,23564,0.800000,1.000000,0.793050,1.000000,0.000000,0,0.000000,85999.000000,1.000000,8861098550.000000,188390.000000
86000,6,23561,0.800000,1.000000,0.672150,1.000000,0.000000,0,0.000000,85980.000000,1.000000,8861098550.000000,188390.000000
86000,7,23457,0.800000,1.000000,0.494415,1.000000,0.000000,0,0.000000,85140.000000,1.000000,8861098550.000000,188390.000000
86000,8,23562,0.800000,1.000000,0.657938,1.000000,0.000000,0,0.000000,85961.000000,1.000000,8861098550.000000,188390.000000
86000,9,23538,0.800000,1.000000,0.565614,1.000000,0.000000,0,0.000000,82626.000000,1.000000,8861098550.000000,188390.000000
86000,10,23564,0.800000,1.000000,0.605335,1.000000,0.000000,0,0.000000,85991.000000,1.000000,8861098550.000000,188390.000000
86000,11,23564,0.800000,1.000000,0.620365,1.000000,0.000000,0,0.000000,85993.000000,1.000000,8861098550.000000,188390.000000
86000,12,23565,0.800000,1.000000,0.568361,1.000000,0.000000,1,69109.000000,86000.000000,1.000000,8861098550.000000,188390.000000
86000,13,23562,0.800000,1.000000,0.681702,1.000000,0.000000,0,0.000000,85978.000000,1.000000,8861098550.000000,188390.000000
86000,14,23525,0.800000,1.000000,0.613679,1.000000,0.000000,0,0.000000,85604.000000,1.000000,8861098550.000000,188390.000000
86000,15,23560,0.800000,1.000000,0.545965,1.000000,0.000000,0,0.000000,83883.000000,1.000000,8861098550.000000,188390.000000
87000,0,23819,0.800000,1.000000,0.675075,1.000000,0.000000,0,0.000000,86997.000000,1.000000,9059316171.000000,332845.000000
87000,1,23816,0.800000,1.000000,0.540729,1.000000,0.000000,0,0.000000,86928.000000,1.000000,9059316171.000000,332845.000000
87000,2,23798,0.800000,1.000000,0.677912,1.000000,0.000000,0,0.000000,86080.000000,1.000000,9059316171.000000,332845.000000
87000,3,23758,0.800000,1.000000,0.697982,1.000000,0.000000,0,0.000000,85919.000000,1.000000,9059316171.000000,332845.000000
87000,4,23625,0.800000,1.000000,0.610175,1.000000,0.000000,0,0.000000,80853.000000,1.000000,9059316171.000000,332845.000000
87000,5,23810,0.800000,1.000000,0.511447,1.000000,0.000000,0,0.000000,86950.000000,1.000000,9059316171.000000,332845.000000
87000,6,23809,0.800000,1.000000,0.707669,1.000000,0.000000,0,0.000000,86961.000000,1.000000,9059316171.000000,332845.000000
87000,7,23769,0.800000,1.000000,0.667770,1.000000,0.000000,0,0.000000,85140.000000,1.000000,9059316171.000000,332845.000000
87000,8,23818,0.800000,1.000000,0.674090,1.000000,0.000000,0,0.000000,86991.000000,1.000000,9059316171.000000,332845.000000
87000,9,23819,0.800000,1.000000,0.584516,1.000000,0.000000,0,0.000000,86985.000000,1.000000,9059316171.000000,332845.000000
87000,10,23819,0.800000,1.000000,0.688686,1.000000,0.000000,0,0.000000,86999.000000,1.000000,9059316171.000000,332845.000000
87000,11,23816,0.800000,1.000000,0.690992,1.000000,0.000000,0,0.000000,86859.000000,1.000000,9059316171.000000,332845.000000
87000,12,23819,0.800000,1.000000,0.525721,1.000000,0.000000,1,69898.000000,87000.000000,1.000000,9059316171.000000,332845.000000
87000,13,23790,0.800000,1.000000,0.591359,1.000000,0.000000,0,0.000000,86728.000000,1.000000,9059316171.000000,332845.000000
87000,14,23820,0.800000,1.000000,0.761143,1.000000,0.000000,0,0.000000,86993.000000,1.000000,9059316171.000000,332845.000000
87000,15,23816,0.800000,1.000000,0.635030,1.000000,0.000000,0,0.000000,86681.000000,1.000000,9059316171.000000,332845.000000
88000,0,23998,0.800000,1.000000,0.587131,1.000000,0.000000,0,0.000000,87512.000000,1.000000,9249673200.000000,240355.000000
88000,1,24063,0.800000,1.000000,0.494275,1.000000,0.000000,0,0.000000,87885.000000,1.000000,9249673200.000000,240355.000000
88000,2,24069,0.800000,1.000000,0.689935,1.000000,0.000000,0,0.000000,87991.000000,1.000000,9249673200.000000,240355.000000
88000,3,24071,0.800000,1.000000,0.554745,1.000000,0.000000,0,0.000000,87982.000000,1.000000,9249673200.000000,240355.000000
88000,4,23968,0.800000,1.000000,0.653061,1.000000,0.000000,0,0.000000,80853.000000,1.000000,9249673200.000000,240355.000000
88000,5,24070,0.800000,1.000000,0.564171,1.000000,0.000000,0,0.000000,87998.000000,1.000000,9249673200.000000,240355.000000
88000,6,24070,0.800000,1.000000,0.636294,1.000000,0.000000,0,0.000000,87966.000000,1.000000,9249673200.000000,240355.000000
88000,7,24071,0.800000,1.000000,0.568388,1.000000,0.000000,0,0.000000,87989.000000,1.000000,9249673200.000000,240355.000000
88000,8,24070,0.800000,1.000000,0.651164,1.000000,0.000000,0,0.000000,87999.000000,1.000000,9249673200.000000,240355.000000
88000,9,24071,0.800000,1.000000,0.525775,1.000000,0.000000,1,72787.000000,88000.000000,1.000000,9249673200.000000,240355.000000
88000,10,24072,0.800000,1.000000,0.591538,1.000000,0.000000,0,0.000000,87996.000000,1.000000,9249673200.000000,240355.000000
88000,11,23881,0.800000,1.000000,0.650132,1.000000,0.000000,0,0.000000,87239.000000,1.000000,9249673200.000000,240355.000000
88000,12,24070,0.800000,1.000000,0.590241,1.000000,0.000000,0,0.000000,87990.000000,1.000000,9249673200.000000,240355.000000
88000,13,24066,0.800000,1.000000,0.465595,1.000000,0.000000,0,0.000000,87935.000000,1.000000,9249673200.000000,240355.000000
88000,14,24023,0.800000,1.000000,0.741974,1.000000,0.000000,0,0.000000,87758.000000,1.000000,9249673200.000000,240355.000000
88000,15,24067,0.800000,1.000000,0.588895,1.000000,0.000000,0,0.000000,87977.000000,1.000000,9249673200.000000,240355.000000
89000,0,24336,0.800000,1.000000,0.603484,1.000000,0.000000,0,0.000000,88923.000000,1.000000,9451424532.000000,96798.000000
89000,1,24337,0.800000,1.000000,0.605080,1.000000,0.000000,0,0.000000,88996.000000,1.000000,9451424532.000000,96798.000000
89000,2,24337,0.800000,1.000000,0.520665,1.000000,0.000000,0,0.000000,88979.000000,1.000000,9451424532.000000,96798.000000
89000,3,24337,0.800000,1.000000,0.600113,1.000000,0.000000,0,0.000000,88999.000000,1.000000,9451424532.000000,96798.000000
89000,4,24316,0.800000,1.000000,0.716401,1.000000,0.000000,0,0.000000,88907.000000,1.000000,9451424532.000000,96798.000000
89000,5,24183,0.800000,1.000000,0.666831,1.000000,0.000000,0,0.000000,88411.000000,1.000000,9451424532.000000,96798.000000
89000,6,24336,0.800000,1.000000,0.525240,1.000000,0.000000,0,0.000000,88976.000000,1.000000,9451424532.000000,96798.000000
89000,7,24310,0.800000,1.000000,0.669141,1.000000,0.000000,0,0.000000,88819.000000,1.000000,9451424532.000000,96798.000000
89000,8,24338,0.800000,1.000000,0.654738,1.000000,0.000000,0,0.000000,88992.000000,1.000000,9451424532.000000,96798.000000
89000,9,24337,0.800000,1.000000,0.602270,1.000000,0.000000,0,0.000000,88990.000000,1.000000,9451424532.000000,96798.000000
89000,10,24338,0.800000,1.000000,0.734411,1.000000,0.000000,0,0.000000,88998.000000,1.000000,9451424532.000000,96798.000000
89000,11,24063,0.800000,1.000000,0.643308,1.000000,0.000000,0,0.000000,87239.000000,1.000000,9451424532.000000,96798.000000
89000,12,24293,0.800000,1.000000,0.532128,1.000000,0.000000,0,0.000000,88454.000000,1.000000,9451424532.000000,96798.000000
89000,13,24338,0.800000,1.000000,0.565231,1.000000,0.000000,0,0.000000,88994.000000,1.000000,9451424532.000000,96798.000000
89000,14,24335,0.800000,1.000000,0.647126,1.000000,0.000000,0,0.000000,88977.000000,1.000000,9451424532.000000,96798.000000
89000,15,24338,0.800000,1.000000,0.657999,1.000000,0.000000,1,69685.000000,89000.000000,1.000000,9451424532.000000,96798.000000
90000,0,24628,0.800000,1.000000,0.582150,1.000000,0.000000,0,0.000000,89994.000000,1.000000,9681853012.000000,197020.000000
90000,1,24628,0.800000,1.000000,0.702629,1.000000,0.000000,0,0.000000,89998.000000,1.000000,9681853012.000000,197020.000000
90000,2,24628,0.800000,1.000000,0.686010,1.000000,0.000000,0,0.000000,89982.000000,1.000000,9681853012.000000,197020.000000
90000,3,24628,0.800000,1.000000,0.657783,1.000000,0.000000,0,0.000000,89938.000000,1.000000,9681853012.000000,197020.000000
90000,4,24615,0.800000,1.000000,0.487588,1.000000,0.000000,0,0.000000,88907.000000,1.000000,9681853012.000000,197020.000000
90000,5,24470,0.800000,1.000000,0.589268,1.000000,0.000000,0,0.000000,88411.000000,1.000000,9681853012.000000,197020.000000
90000,6,24619,0.800000,1.000000,0.619987,1.000000,0.000000,0,0.000000,89955.000000,1.000000,9681853012.000000,197020.000000
90000,7,24621,0.800000,1.000000,0.762450,1.000000,0.000000,0,0.000000,89968.000000,1.000000,9681853012.000000,197020.000000
90000,8,24629,0.800000,1.000000,0.755832,1.000000,0.000000,1,73298.000000,90000.000000,1.000000,9681853012.000000,197020.000000
90000,9,24612,0.800000,1.000000,0.564777,1.000000,0.000000,0,0.000000,89628.000000,1.000000,9681853012.000000,197020.000000
90000,10,24628,0.800000,1.000000,0.556175,1.000000,0.000000,0,0.000000,89993.000000,1.000000,9681853012.000000,197020.000000
90000,11,24367,0.800000,1.000000,0.705415,1.000000,0.000000,0,0.000000,87239.000000,1.000000,9681853012.000000,197020.000000
90000,12,24628,0.800000,1.000000,0.632385,1.000000,0.000000,0,0.000000,89991.000000,1.000000,9681853012.000000,197020.000000
90000,13,24629,0.800000,1.000000,0.639318,1.000000,0.000000,0,0.000000,89999.000000,1.000000,9681853012.000000,197020.000000
90000,14,24625,0.800000,1.000000,0.593809,1.000000,0.000000,0,0.000000,89959.000000,1.000000,9681853012.000000,197020.000000
90000,15,24629,0.800000,1.000000,0.612276,1.000000,0.000000,0,0.000000,89979.000000,1.000000,9681853012.000000,197020.000000
91000,0,24897,0.800000,1.000000,0.617696,1.000000,0.000000,0,0.000000,90994.000000,1.000000,9881816907.000000,198996.000000
91000,1,24797,0.800000,1.000000,0.708663,1.000000,0.000000,0,0.000000,90605.000000,1.000000,9881816907.000000,198996.000000
91000,2,24894,0.800000,1.000000,0.686001,1.000000,0.000000,0,0.000000,90847.000000,1.000000,9881816907.000000,198996.000000
91000,3,24779,0.800000,1.000000,0.644732,1.000000,0.000000,0,0.000000,90537.000000,1.000000,9881816907.000000,198996.000000
91000,4,24889,0.800000,1.000000,0.702392,1.000000,0.000000,0,0.000000,90955.000000,1.000000,9881816907.000000,198996.000000
91000,5,24817,0.800000,1.000000,0.653413,1.000000,0.000000,0,0.000000,88411.000000,1.000000,9881816907.000000,198996.000000
91000,6,24869,0.800000,1.000000,0.639920,1.000000,0.000000,0,0.000000,89955.000000,1.000000,9881816907.000000,198996.000000
91000,7,24898,0.800000,1.000000,0.703347,1.000000,0.000000,1,73028.000000,91000.000000,1.000000,9881816907.000000,198996.000000
91000,8,24897,0.800000,1.000000,0.738029,1.000000,0.000000,0,0.000000,90505.000000,1.000000,9881816907.000000,198996.000000
91000,9,24836,0.800000,1.000000,0.659687,1.000000,0.000000,0,0.000000,89628.000000,1.000000,9881816907.000000,198996.000000
91000,10,24899,0.800000,1.000000,0.652445,1.000000,0.000000,0,0.000000,90996.000000,1.000000,9881816907.000000,198996.000000
91000,11,24561,0.800000,1.000000,0.574893,1.000000,0.000000,0,0.000000,87239.000000,1.000000,9881816907.000000,198996.000000
91000,12,24899,0.800000,1.000000,0.617732,1.000000,0.000000,0,0.000000,90991.000000,1.000000,9881816907.000000,198996.000000
91000,13,24898,0.800000,1.000000,0.648144,1.000000,0.000000,0,0.000000,90873.000000,1.000000,9881816907.000000,198996.000000
91000,14,24899,0.800000,1.000000,0.673113,1.000000,0.000000,0,0.000000,90997.000000,1.000000,9881816907.000000,198996.000000
91000,15,24898,0.800000,1.000000,0.501963,1.000000,0.000000,0,0.000000,90084.000000,1.000000,9881816907.000000,198996.000000
92000,0,25158,0.800000,1.000000,0.634303,1.000000,0.000000,0,0.000000,91999.000000,1.000000,10077068321.000000,300534.000000
92000,1,25011,0.800000,1.000000,0.675372,1.000000,0.000000,0,0.000000,90605.000000,1.000000,10077068321.000000,300534.000000
92000,2,25156,0.800000,1.000000,0.521295,1.000000,0.000000,0,0.000000,91979.000000,1.000000,10077068321.000000,300534.000000
92000,3,24979,0.800000,1.000000,0.691820,1.000000,0.000000,0,0.000000,90537.000000,1.000000,10077068321.000000,300534.000000
92000,4,25158,0.800000,1.000000,0.545046,1.000000,0.000000,0,0.000000,91993.000000,1.000000,10077068321.000000,300534.000000
92000,5,25146,0.800000,1.000000,0.575390,1.000000,0.000000,0,0.000000,88411.000000,1.000000,10077068321.000000,300534.000000
92000,6,25070,0.800000,1.000000,0.604936,1.000000,0.000000,0,0.000000,91181.000000,1.000000,10077068321.000000,300534.000000
92000,7,25159,0.800000,1.000000,0.707936,1.000000,0.000000,0,0.000000,91997.000000,1.000000,10077068321.000000,300534.000000
92000,8,25147,0.800000,1.000000,0.674365,1.000000,0.000000,0,0.000000,91770.000000,1.000000,10077068321.000000,300534.000000
92000,9,25159,0.800000,1.000000,0.734047,1.000000,0.000000,1,76294.000000,92000.000000,1.000000,10077068321.000000,300534.000000
92000,10,25159,0.800000,1.000000,0.559447,1.000000,0.000000,0,0.000000,91994.000000,1.000000,10077068321.000000,300534.000000
92000,11,24638,0.800000,1.000000,0.625048,1.000000,0.000000,0,0.000000,87239.000000,1.000000,10077068321.000000,300534.000000
92000,12,25158,0.800000,1.000000,0.626135,1.000000,0.000000,0,0.000000,91996.000000,1.000000,10077068321.000000,300534.000000
92000,13,25153,0.800000,1.000000,0.736222,1.000000,0.000000,0,0.000000,91964.000000,1.000000,10077068321.000000,300534.000000
92000,14,25159,0.800000,1.000000,0.580559,1.000000,0.000000,0,0.000000,91921.000000,1.000000,10077068321.000000,300534.000000
92000,15,25123,0.800000,1.000000,0.629044,1.000000,0.000000,0,0.000000,91590.000000,1.000000,10077068321.000000,300534.000000
93000,0,25362,0.800000,1.000000,0.759773,1.000000,0.000000,0,0.000000,92832.000000,1.000000,10280343937.000000,253879.000000
93000,1,25399,0.800000,1.000000,0.590211,1.000000,0.000000,0,0.000000,92994.000000,1.000000,10280343937.000000,253879.000000
93000,2,25307,0.800000,1.000000,0.716259,1.000000,0.000000,0,0.000000,92566.000000,1.000000,10280343937.000000,253879.000000
93000,3,25283,0.800000,1.000000,0.732721,1.000000,0.000000,0,0.000000,90537.000000,1.000000,10280343937.000000,253879.000000
93000,4,25392,0.800000,1.000000,0.628644,1.000000,0.000000,0,0.000000,92920.000000,1.000000,10280343937.000000,253879.000000
93000,5,25400,0.800000,1.000000,0.718632,1.000000,0.000000,0,0.000000,92999.000000,1.000000,10280343937.000000,253879.000000
93000,6,25400,0.800000,1.000000,0.710629,1.000000,0.000000,1,75748.000000,93000.000000,1.000000,10280343937.000000,253879.000000
93000,7,25382,0.800000,1.000000,0.570953,1.000000,0.000000,0,0.000000,92919.000000,1.000000,10280343937.000000,253879.000000
93000,8,25366,0.800000,1.000000,0.614975,1.000000,0.000000,0,0.000000,92840.000000,1.000000,10280343937.000000,253879.000000
93000,9,25376,0.800000,1.000000,0.690338,1.000000,0.000000,0,0.000000,92662.000000,1.000000,10280343937.000000,253879.000000
93000,10,25360,0.800000,1.000000,0.456451,1.000000,0.000000,0,0.000000,92042.000000,1.000000,10280343937.000000,253879.000000
93000,11,24985,0.800000,1.000000,0.599148,1.000000,0.000000,0,0.000000,87239.000000,1.000000,10280343937.000000,253879.000000
93000,12,25353,0.800000,1.000000,0.640236,1.000000,0.000000,0,0.000000,92745.000000,1.000000,10280343937.000000,253879.000000
93000,13,25400,0.800000,1.000000,0.553707,1.000000,0.000000,0,0.000000,92967.000000,1.000000,10280343937.000000,253879.000000
93000,14,25400,0.800000,1.000000,0.542165,1.000000,0.000000,0,0.000000,92916.000000,1.000000,10280343937.000000,253879.000000
93000,15,25400,0.800000,1.000000,0.718437,1.000000,0.000000,0,0.000000,92996.000000,1.000000,10280343937.000000,253879.000000
94000,0,25679,0.800000,1.000000,0.563572,1.000000,0.000000,0,0.000000,93971.000000,1.000000,10511648976.000000,204186.000000
94000,1,25679,0.800000,1.000000,0.518123,1.000000,0.000000,0,0.000000,93963.000000,1.000000,10511648976.000000,204186.000000
94000,2,25495,0.800000,1.000000,0.596284,1.000000,0.000000,0,0.000000,92566.000000,1.000000,10511648976.000000,204186.000000
94000,3,25646,0.800000,1.000000,0.587579,1.000000,0.000000,0,0.000000,90537.000000,1.000000,10511648976.000000,204186.000000
94000,4,25683,0.800000,1.000000,0.652283,1.000000,0.000000,1,78309.000000,94000.000000,1.000000,10511648976.000000,204186.000000
94000,5,25675,0.800000,1.000000,0.580346,1.000000,0.000000,0,0.000000,93970.000000,1.000000,10511648976.000000,204186.000000
94000,6,25681,0.800000,1.000000,0.627936,1.000000,0.000000,0,0.000000,93983.000000,1.000000,10511648976.000000,204186.000000
94000,7,25683,0.800000,1.000000,0.737660,1.000000,0.000000,0,0.000000,93998.000000,1.000000,10511648976.000000,204186.000000
94000,8,25607,0.800000,1.000000,0.569466,1.000000,0.000000,0,0.000000,93343.000000,1.000000,10511648976.000000,204186.000000
94000,9,25641,0.800000,1.000000,0.676864,1.000000,0.000000,0,0.000000,92662.000000,1.000000,10511648976.000000,204186.000000
94000,10,25683,0.800000,1.000000,0.713817,1.000000,0.000000,0,0.000000,93999.000000,1.000000,10511648976.000000,204186.000000
94000,11,25275,0.800000,1.000000,0.681970,1.000000,0.000000,0,0.000000,87239.000000,1.000000,10511648976.000000,204186.000000
94000,12,25632,0.800000,1.000000,0.639650,1.000000,0.000000,0,0.000000,93823.000000,1.000000,10511648976.000000,204186.000000
94000,13,25676,0.800000,1.000000,0.680878,1.000000,0.000000,0,0.000000,93886.000000,1.000000,10511648976.000000,204186.000000
94000,14,25683,0.800000,1.000000,0.663411,1.000000,0.000000,0,0.000000,93997.000000,1.000000,10511648976.000000,204186.000000
94000,15,25684,0.800000,1.000000,0.666637,1.000000,0.000000,0,0.000000,93993.000000,1.000000,10511648976.000000,204186.000000
95000,0,25951,0.800000,1.000000,0.774201,1.000000,0.000000,1,74969.000000,95000.000000,1.000000,10743285729.000000,-362.000000
95000,1,25952,0.800000,1.000000,0.625321,1.000000,0.000000,0,0.000000,94972.000000,1.000000,10743285729.000000,-362.000000
95000,2,25897,0.800000,1.000000,0.688347,1.000000,0.000000,0,0.000000,92566.000000,1.000000,10743285729.000000,-362.000000
95000,3,25952,0.800000,1.000000,0.653456,1.000000,0.000000,0,0.000000,94978.000000,1.000000,10743285729.000000,-362.000000
95000,4,25950,0.800000,1.000000,0.716862,1.000000,0.000000,0,0.000000,94594.000000,1.000000,10743285729.000000,-362.000000
95000,5,25947,0.800000,1.000000,0.548588,1.000000,0.000000,0,0.000000,94969.000000,1.000000,10743285729.000000,-362.000000
95000,6,25951,0.800000,1.000000,0.555920,1.000000,0.000000,0,0.000000,94990.000000,1.000000,10743285729.000000,-362.000000
95000,7,25947,0.800000,1.000000,0.570755,1.000000,0.000000,0,0.000000,94841.000000,1.000000,10743285729.000000,-362.000000
95000,8,25951,0.800000,1.000000,0.688188,1.000000,0.000000,0,0.000000,94996.000000,1.000000,10743285729.000000,-362.000000
95000,9,25771,0.800000,1.000000,0.594166,1.000000,0.000000,0,0.000000,92662.000000,1.000000,10743285729.000000,-362.000000
95000,10,25948,0.800000,1.000000,0.520967,1.000000,0.000000,0,0.000000,94974.000000,1.000000,10743285729.000000,-362.000000
95000,11,25626,0.800000,1.000000,0.662495,1.000000,0.000000,0,0.000000,87239.000000,1.000000,10743285729.000000,-362.000000
95000,12,25911,0.800000,1.000000,0.641498,1.000000,0.000000,0,0.000000,94519.000000,1.000000,10743285729.000000,-362.000000
95000,13,25947,0.800000,1.000000,0.519654,1.000000,0.000000,0,0.000000,94957.000000,1.000000,10743285729.000000,-362.000000
95000,14,25952,0.800000,1.000000,0.656496,1.000000,0.000000,0,0.000000,94999.000000,1.000000,10743285729.000000,-362.000000
95000,15,25944,0.800000,1.000000,0.594743,1.000000,0.000000,0,0.000000,94948.000000,1.000000,10743285729.000000,-362.000000
96000,0,26216,0.800000,1.000000,0.485835,1.000000,0.000000,0,0.000000,95983.000000,1.000000,10970535156.000000,52269.000000
96000,1,26158,0.800000,1.000000,0.587106,1.000000,0.000000,0,0.000000,95007.000000,1.000000,10970535156.000000,52269.000000
96000,2,26216,0.800000,1.000000,0.669225,1.000000,0.000000,0,0.000000,95996.000000,1.000000,10970535156.000000,52269.000000
96000,3,26214,0.800000,1.000000,0.671845,1.000000,0.000000,0,0.000000,95988.000000,1.000000,10970535156.000000,52269.000000
96000,4,26177,0.800000,1.000000,0.605212,1.000000,0.000000,0,0.000000,95726.000000,1.000000,10970535156.000000,52269.000000
96000,5,26216,0.800000,1.000000,0.686791,1.000000,0.000000,0,0.000000,95985.000000,1.000000,10970535156.000000,52269.000000
96000,6,26215,0.800000,1.000000,0.532270,1.000000,0.000000,0,0.000000,95972.000000,1.000000,10970535156.000000,52269.000000
96000,7,26217,0.800000,1.000000,0.714657,1.000000,0.000000,0,0.000000,95998.000000,1.000000,10970535156.000000,52269.000000
96000,8,26215,0.800000,1.000000,0.491011,1.000000,0.000000,0,0.000000,95975.000000,1.000000,10970535156.000000,52269.000000
96000,9,26167,0.800000,1.000000,0.587843,1.000000,0.000000,0,0.000000,92662.000000,1.000000,10970535156.000000,52269.000000
96000,10,26208,0.800000,1.000000,0.690528,1.000000,0.000000,0,0.000000,95714.000000,1.000000,10970535156.000000,52269.000000
96000,11,25953,0.800000,1.000000,0.642297,1.000000,0.000000,0,0.000000,87239.000000,1.000000,10970535156.000000,52269.000000
96000,12,26217,0.800000,1.000000,0.533827,1.000000,0.000000,0,0.000000,95907.000000,1.000000,10970535156.000000,52269.000000
96000,13,26136,0.800000,1.000000,0.605634,1.000000,0.000000,0,0.000000,95070.000000,1.000000,10970535156.000000,52269.000000
96000,14,26217,0.800000,1.000000,0.664092,1.000000,0.000000,1,77013.000000,96000.000000,1.000000,10970535156.000000,52269.000000
96000,15,26218,0.800000,1.000000,0.630995,1.000000,0.000000,0,0.000000,95993.000000,1.000000,10970535156.000000,52269.000000
97000,0,26480,0.800000,1.000000,0.639038,1.000000,0.000000,0,0.000000,96983.000000,1.000000,11192797237.000000,211704.000000
97000,1,26476,0.800000,1.000000,0.628041,1.000000,0.000000,0,0.000000,95007.000000,1.000000,11192797237.000000,211704.000000
97000,2,26478,0.800000,1.000000,0.489064,1.000000,0.000000,0,0.000000,96905.000000,1.000000,11192797237.000000,211704.000000
97000,3,26460,0.800000,1.000000,0.773213,1.000000,0.000000,0,0.000000,96764.000000,1.000000,11192797237.000000,211704.000000
97000,4,26480,0.800000,1.000000,0.625368,1.000000,0.000000,0,0.000000,96999.000000,1.000000,11192797237.000000,211704.000000
97000,5,26409,0.800000,1.000000,0.664790,1.000000,0.000000,0,0.000000,96189.000000,1.000000,11192797237.000000,211704.000000
97000,6,26479,0.800000,1.000000,0.643967,1.000000,0.000000,0,0.000000,96996.000000,1.000000,11192797237.000000,211704.000000
97000,7,26431,0.800000,1.000000,0.597206,1.000000,0.000000,0,0.000000,96241.000000,1.000000,11192797237.000000,211704.000000
97000,8,26479,0.800000,1.000000,0.560100,1.000000,0.000000,0,0.000000,96984.000000,1.000000,11192797237.000000,211704.000000
97000,9,26480,0.800000,1.000000,0.549258,1.000000,0.000000,0,0.000000,96997.000000,1.000000,11192797237.000000,211704.000000
97000,10,26413,0.800000,1.000000,0.558288,1.000000,0.000000,0,0.000000,96114.000000,1.000000,11192797237.000000,211704.000000
97000,11,26239,0.800000,1.000000,0.699761,1.000000,0.000000,0,0.000000,87239.000000,1.000000,11192797237.000000,211704.000000
97000,12,26479,0.800000,1.000000,0.646362,1.000000,0.000000,0,0.000000,96992.000000,1.000000,11192797237.000000,211704.000000
97000,13,26480,0.800000,1.000000,0.664580,1.000000,0.000000,1,79475.000000,97000.000000,1.000000,11192797237.000000,211704.000000
97000,14,26441,0.800000,1.000000,0.657266,1.000000,0.000000,0,0.000000,96482.000000,1.000000,11192797237.000000,211704.000000
97000,15,26479,0.800000,1.000000,0.631711,1.000000,0.000000,0,0.000000,96955.000000,1.000000,11192797237.000000,211704.000000
98000,0,26752,0.800000,1.000000,0.625308,1.000000,0.000000,0,0.000000,97990.000000,1.000000,11435656876.000000,213698.000000
98000,1,26747,0.800000,1.000000,0.672405,1.000000,0.000000,0,0.000000,97693.000000,1.000000,11435656876.000000,213698.000000
98000,2,26744,0.800000,1.000000,0.704512,1.000000,0.000000,0,0.000000,97899.000000,1.000000,11435656876.000000,213698.000000
98000,3,26753,0.800000,1.000000,0.565236,1.000000,0.000000,0,0.000000,97967.000000,1.000000,11435656876.000000,213698.000000
98000,4,26727,0.800000,1.000000,0.625568,1.000000,0.000000,0,0.000000,97864.000000,1.000000,11435656876.000000,213698.000000
98000,5,26753,0.800000,1.000000,0.681440,1.000000,0.000000,0,0.000000,97997.000000,1.000000,11435656876.000000,213698.000000
98000,6,26754,0.800000,1.000000,0.553745,1.000000,0.000000,1,78897.000000,98000.000000,1.000000,11435656876.000000,213698.000000
98000,7,26655,0.800000,1.000000,0.570115,1.000000,0.000000,0,0.000000,97598.000000,1.000000,11435656876.000000,213698.000000
98000,8,26752,0.800000,1.000000,0.696563,1.000000,0.000000,0,0.000000,97988.000000,1.000000,11435656876.000000,213698.000000
98000,9,26752,0.800000,1.000000,0.577617,1.000000,0.000000,0,0.000000,97983.000000,1.000000,11435656876.000000,213698.000000
98000,10,26752,0.800000,1.000000,0.578646,1.000000,0.000000,0,0.000000,97987.000000,1.000000,11435656876.000000,213698.000000
98000,11,26601,0.800000,1.000000,0.637477,1.000000,0.000000,0,0.000000,87239.000000,1.000000,11435656876.000000,213698.000000
98000,12,26751,0.800000,1.000000,0.711396,1.000000,0.000000,0,0.000000,97966.000000,1.000000,11435656876.000000,213698.000000
98000,13,26753,0.800000,1.000000,0.590378,1.000000,0.000000,0,0.000000,97993.000000,1.000000,11435656876.000000,213698.000000
98000,14,26750,0.800000,1.000000,0.555771,1.000000,0.000000,0,0.000000,97884.000000,1.000000,11435656876.000000,213698.000000
98000,15,26754,0.800000,1.000000,0.754791,1.000000,0.000000,0,0.000000,97999.000000,1.000000,11435656876.000000,213698.000000
99000,0,27046,0.800000,1.000000,0.522948,1.000000,0.000000,0,0.000000,98929.000000,1.000000,11689532232.000000,486761.000000
99000,1,27057,0.800000,1.000000,0.698793,1.000000,0.000000,0,0.000000,98985.000000,1.000000,11689532232.000000,486761.000000
99000,2,27057,0.800000,1.000000,0.631303,1.000000,0.000000,0,0.000000,98999.000000,1.000000,11689532232.000000,486761.000000
99000,3,27057,0.800000,1.000000,0.759443,1.000000,0.000000,1,80846.000000,99000.000000,1.000000,11689532232.000000,486761.000000
99000,4,27050,0.800000,1.000000,0.665467,1.000000,0.000000,0,0.000000,98961.000000,1.000000,11689532232.000000,486761.000000
99000,5,27058,0.800000,1.000000,0.647559,1.000000,0.000000,0,0.000000,98997.000000,1.000000,11689532232.000000,486761.000000
99000,6,27052,0.800000,1.000000,0.684041,1.000000,0.000000,0,0.000000,98976.000000,1.000000,11689532232.000000,486761.000000
99000,7,26991,0.800000,1.000000,0.582466,1.000000,0.000000,0,0.000000,97598.000000,1.000000,11689532232.000000,486761.000000
99000,8,27033,0.800000,1.000000,0.651552,1.000000,0.000000,0,0.000000,98705.000000,1.000000,11689532232.000000,486761.000000
99000,9,27058,0.800000,1.000000,0.725907,1.000000,0.000000,0,0.000000,98998.000000,1.000000,11689532232.000000,486761.000000
99000,10,26906,0.800000,1.000000,0.674443,1.000000,0.000000,0,0.000000,98492.000000,1.000000,11689532232.000000,486761.000000
99000,11,26943,0.800000,1.000000,0.529768,1.000000,0.000000,0,0.000000,87239.000000,1.000000,11689532232.000000,486761.000000
99000,12,27043,0.800000,1.000000,0.589314,1.000000,0.000000,0,0.000000,98909.000000,1.000000,11689532232.000000,486761.000000
99000,13,27039,0.800000,1.000000,0.659251,1.000000,0.000000,0,0.000000,98561.000000,1.000000,11689532232.000000,486761.000000
99000,14,27056,0.800000,1.000000,0.720003,1.000000,0.000000,0,0.000000,98995.000000,1.000000,11689532232.000000,486761.000000
99000,15,27026,0.800000,1.000000,0.650029,1.000000,0.000000,0,0.000000,98210.000000,1.000000,11689532232.000000,486761.000000
100000,0,27326,0.800000,1.000000,0.653132,1.000000,0.000000,0,0.000000,99988.000000,1.000000,11917222597.000000,163959.000000
100000,1,27329,0.800000,1.000000,0.641263,1.000000,0.000000,0,0.000000,99997.000000,1.000000,11917222597.000000,163959.000000
100000,2,27329,0.800000,1.000000,0.621732,1.000000,0.000000,0,0.000000,99962.000000,1.000000,11917222597.000000,163959.000000
100000,3,27328,0.800000,1.000000,0.684148,1.000000,0.000000,0,0.000000,99996.000000,1.000000,11917222597.000000,163959.000000
100000,4,27327,0.800000,1.000000,0.587648,1.000000,0.000000,0,0.000000,99981.000000,1.000000,11917222597.000000,163959.000000
100000,5,27329,0.800000,1.000000,0.592073,1.000000,0.000000,1,82121.000000,100000.000000,1.000000,11917222597.000000,163959.000000
100000,6,27330,0.800000,1.000000,0.703622,1.000000,0.000000,0,0.000000,99999.000000,1.000000,11917222597.000000,163959.000000
100000,7,27319,0.800000,1.000000,0.620152,1.000000,0.000000,0,0.000000,99956.000000,1.000000,11917222597.000000,163959.000000
100000,8,27323,0.800000,1.000000,0.716265,1.000000,0.000000,0,0.000000,98705.000000,1.000000,11917222597.000000,163959.000000
100000,9,27320,0.800000,1.000000,0.624559,1.000000,0.000000,0,0.000000,99959.000000,1.000000,11917222597.000000,163959.000000
100000,10,26906,0.800000,1.000000,0.674443,1.000000,0.000000,0,0.000000,98492.000000,1.000000,11917222597.000000,163959.000000
100000,11,27211,0.800000,1.000000,0.529738,1.000000,0.000000,0,0.000000,87239.000000,1.000000,11917222597.000000,163959.000000
100000,12,27326,0.800000,1.000000,0.599670,1.000000,0.000000,0,0.000000,99986.000000,1.000000,11917222597.000000,163959.000000
100000,13,27329,0.800000,1.000000,0.676555,1.000000,0.000000,0,0.000000,99995.000000,1.000000,11917222597.000000,163959.000000
100000,14,27314,0.800000,1.000000,0.635651,1.000000,0.000000,0,0.000000,99641.000000,1.000000,11917222597.000000,163959.000000
100000,15,27315,0.800000,1.000000,0.481287,1.000000,0.000000,0,0.000000,99869.000000,1.000000,11917222597.000000,163959.000000
101000,0,27591,0.800000,1.000000,0.634788,1.000000,0.000000,1,79112.000000,101000.000000,1.000000,12144122207.000000,220700.000000
101000,1,27588,0.800000,1.000000,0.711786,1.000000,0.000000,0,0.000000,100989.000000,1.000000,12144122207.000000,220700.000000
101000,2,27580,0.800000,1.000000,0.658191,1.000000,0.000000,0,0.000000,100624.000000,1.000000,12144122207.000000,220700.000000
101000,3,27545,0.800000,1.000000,0.602092,1.000000,0.000000,0,0.000000,100229.000000,1.000000,12144122207.000000,220700.000000
101000,4,27528,0.800000,1.000000,0.763739,1.000000,0.000000,0,0.000000,100260.000000,1.000000,12144122207.000000,220700.000000
101000,5,27589,0.800000,1.000000,0.591136,1.000000,0.000000,0,0.000000,100966.000000,1.000000,12144122207.000000,220700.000000
101000,6,27590,0.800000,1.000000,0.609087,1.000000,0.000000,0,0.000000,100978.000000,1.000000,12144122207.000000,220700.000000
101000,7,27589,0.800000,1.000000,0.702927,1.000000,0.000000,0,0.000000,100993.000000,1.000000,12144122207.000000,220700.000000
101000,8,27591,0.800000,1.000000,0.602032,1.000000,0.000000,0,0.000000,100995.000000,1.000000,12144122207.000000,220700.000000
101000,9,27590,0.800000,1.000000,0.549658,1.000000,0.000000,0,0.000000,100794.000000,1.000000,12144122207.000000,220700.000000
101000,10,27073,0.800000,1.000000,0.542820,1.000000,0.000000,0,0.000000,98492.000000,1.000000,12144122207.000000,220700.000000
101000,11,27591,0.800000,1.000000,0.705075,1.000000,0.000000,0,0.000000,100998.000000,1.000000,12144122207.000000,220700.000000
101000,12,27592,0.800000,1.000000,0.614945,1.000000,0.000000,0,0.000000,100992.000000,1.000000,12144122207.000000,220700.000000
101000,13,27584,0.800000,1.000000,0.492046,1.000000,0.000000,0,0.000000,100951.000000,1.000000,12144122207.000000,220700.000000
101000,14,27584,0.800000,1.000000,0.723479,1.000000,0.000000,0,0.000000,100952.000000,1.000000,12144122207.000000,220700.000000
101000,15,27592,0.800000,1.000000,0.682016,1.000000,0.000000,0,0.000000,100999.000000,1.000000,12144122207.000000,220700.000000
102000,0,27901,0.800000,1.000000,0.551816,1.000000,0.000000,0,0.000000,101971.000000,1.000000,12429685047.000000,334796.000000
102000,1,27869,0.800000,1.000000,0.581462,1.000000,0.000000,0,0.000000,101630.000000,1.000000,12429685047.000000,334796.000000
102000,2,27903,0.800000,1.000000,0.665915,1.000000,0.000000,1,81849.000000,102000.000000,1.000000,12429685047.000000,334796.000000
102000,3,27903,0.800000,1.000000,0.700455,1.000000,0.000000,0,0.000000,101852.000000,1.000000,12429685047.000000,334796.000000
102000,4,27892,0.800000,1.000000,0.638524,1.000000,0.000000,0,0.000000,101702.000000,1.000000,12429685047.000000,334796.000000
102000,5,27896,0.800000,1.000000,0.697226,1.000000,0.000000,0,0.000000,101975.000000,1.000000,12429685047.000000,334796.000000
102000,6,27903,0.800000,1.000000,0.606657,1.000000,0.000000,0,0.000000,101999.000000,1.000000,12429685047.000000,334796.000000
102000,7,27896,0.800000,1.000000,0.599515,1.000000,0.000000,0,0.000000,101830.000000,1.000000,12429685047.000000,334796.000000
102000,8,27904,0.800000,1.000000,0.620851,1.000000,0.000000,0,0.000000,101997.000000,1.000000,12429685047.000000,334796.000000
102000,9,27895,0.800000,1.000000,0.704459,1.000000,0.000000,0,0.000000,101942.000000,1.000000,12429685047.000000,334796.000000
102000,10,27478,0.800000,1.000000,0.670500,1.000000,0.000000,0,0.000000,98492.000000,1.000000,12429685047.000000,334796.000000
102000,11,27900,0.800000,1.000000,0.710544,1.000000,0.000000,0,0.000000,101988.000000,1.000000,12429685047.000000,334796.000000
102000,12,27904,0.800000,1.000000,0.573270,1.000000,0.000000,0,0.000000,101996.000000,1.000000,12429685047.000000,334796.000000
102000,13,27904,0.800000,1.000000,0.578356,1.000000,0.000000,0,0.000000,101998.000000,1.000000,12429685047.000000,334796.000000
102000,14,27901,0.800000,1.000000,0.514921,1.000000,0.000000,0,0.000000,101962.000000,1.000000,12429685047.000000,334796.000000
102000,15,27902,0.800000,1.000000,0.628591,1.000000,0.000000,0,0.000000,101984.000000,1.000000,12429685047.000000,334796.000000
103000,0,28187,0.800000,1.000000,0.608485,1.000000,0.000000,0,0.000000,102998.000000,1.000000,12679503731.000000,56343.000000
103000,1,28188,0.800000,1.000000,0.772438,1.000000,0.000000,0,0.000000,102999.000000,1.000000,12679503731.000000,56343.000000
103000,2,28185,0.800000,1.000000,0.601125,1.000000,0.000000,0,0.000000,102984.000000,1.000000,12679503731.000000,56343.000000
103000,3,28186,0.800000,1.000000,0.544592,1.000000,0.000000,0,0.000000,102977.000000,1.000000,12679503731.000000,56343.000000
103000,4,28165,0.800000,1.000000,0.574756,1.000000,0.000000,0,0.000000,102883.000000,1.000000,12679503731.000000,56343.000000
103000,5,28172,0.800000,1.000000,0.662270,1.000000,0.000000,0,0.000000,102649.000000,1.000000,12679503731.000000,56343.000000
103000,6,28062,0.800000,1.000000,0.611257,1.000000,0.000000,0,0.000000,101999.000000,1.000000,12679503731.000000,56343.000000
103000,7,28161,0.800000,1.000000,0.635910,1.000000,0.000000,0,0.000000,102756.000000,1.000000,12679503731.000000,56343.000000
103000,8,28189,0.800000,1.000000,0.699889,1.000000,0.000000,1,84207.000000,103000.000000,1.000000,12679503731.000000,56343.000000
103000,9,28187,0.800000,1.000000,0.725610,1.000000,0.000000,0,0.000000,102993.000000,1.000000,12679503731.000000,56343.000000
103000,10,27830,0.800000,1.000000,0.525830,1.000000,0.000000,0,0.000000,98492.000000,1.000000,12679503731.000000,56343.000000
103000,11,28186,0.800000,1.000000,0.552998,1.000000,0.000000,0,0.000000,102826.000000,1.000000,12679503731.000000,56343.000000
103000,12,28182,0.800000,1.000000,0.678227,1.000000,0.000000,0,0.000000,102794.000000,1.000000,12679503731.000000,56343.000000
103000,13,28155,0.800000,1.000000,0.700907,1.000000,0.000000,0,0.000000,102335.000000,1.000000,12679503731.000000,56343.000000
103000,14,28188,0.800000,1.000000,0.710735,1.000000,0.000000,0,0.000000,102997.000000,1.000000,12679503731.000000,56343.000000
103000,15,28188,0.800000,1.000000,0.674056,1.000000,0.000000,0,0.000000,102957.000000,1.000000,12679503731.000000,56343.000000
104000,0,28389,0.800000,1.000000,0.516892,1.000000,0.000000,0,0.000000,103735.000000,1.000000,12919082243.000000,341292.000000
104000,1,28446,0.800000,1.000000,0.701146,1.000000,0.000000,0,0.000000,103625.000000,1.000000,12919082243.000000,341292.000000
104000,2,28449,0.800000,1.000000,0.601731,1.000000,0.000000,0,0.000000,103970.000000,1.000000,12919082243.000000,341292.000000
104000,3,28453,0.800000,1.000000,0.496405,1.000000,0.000000,0,0.000000,103937.000000,1.000000,12919082243.000000,341292.000000
104000,4,28446,0.800000,1.000000,0.597296,1.000000,0.000000,0,0.000000,103605.000000,1.000000,12919082243.000000,341292.000000
104000,5,28458,0.800000,1.000000,0.731147,1.000000,0.000000,1,85458.000000,104000.000000,1.000000,12919082243.000000,341292.000000
104000,6,28404,0.800000,1.000000,0.727742,1.000000,0.000000,0,0.000000,101999.000000,1.000000,12919082243.000000,341292.000000
104000,7,28458,0.800000,1.000000,0.641007,1.000000,0.000000,0,0.000000,103998.000000,1.000000,12919082243.000000,341292.000000
104000,8,28416,0.800000,1.000000,0.657476,1.000000,0.000000,0,0.000000,103823.000000,1.000000,12919082243.000000,341292.000000
104000,9,28457,0.800000,1.000000,0.689867,1.000000,0.000000,0,0.000000,103997.000000,1.000000,12919082243.000000,341292.000000
104000,10,28197,0.800000,1.000000,0.665359,1.000000,0.000000,0,0.000000,98492.000000,1.000000,12919082243.000000,341292.000000
104000,11,28458,0.800000,1.000000,0.666536,1.000000,0.000000,0,0.000000,103999.000000,1.000000,12919082243.000000,341292.000000
104000,12,28442,0.800000,1.000000,0.649330,1.000000,0.000000,0,0.000000,103904.000000,1.000000,12919082243.000000,341292.000000
104000,13,28259,0.800000,1.000000,0.715846,1.000000,0.000000,0,0.000000,102335.000000,1.000000,12919082243.000000,341292.000000
104000,14,28457,0.800000,1.000000,0.722360,1.000000,0.000000,0,0.000000,103983.000000,1.000000,12919082243.000000,341292.000000
104000,15,28458,0.800000,1.000000,0.632635,1.000000,0.000000,0,0.000000,103988.000000,1.000000,12919082243.000000,341292.000000
105000,0,28609,0.800000,1.000000,0.633784,1.000000,0.000000,0,0.000000,103735.000000,1.000000,13158141465.000000,229392.000000
105000,1,28710,0.800000,1.000000,0.602068,1.000000,0.000000,0,0.000000,104996.000000,1.000000,13158141465.000000,229392.000000
105000,2,28710,0.800000,1.000000,0.722336,1.000000,0.000000,0,0.000000,104999.000000,1.000000,13158141465.000000,229392.000000
105000,3,28711,0.800000,1.000000,0.611539,1.000000,0.000000,0,0.000000,104995.000000,1.000000,13158141465.000000,229392.000000
105000,4,28702,0.800000,1.000000,0.699109,1.000000,0.000000,0,0.000000,104745.000000,1.000000,13158141465.000000,229392.000000
105000,5,28706,0.800000,1.000000,0.672500,1.000000,0.000000,0,0.000000,104977.000000,1.000000,13158141465.000000,229392.000000
105000,6,28706,0.800000,1.000000,0.511436,1.000000,0.000000,0,0.000000,104896.000000,1.000000,13158141465.000000,229392.000000
105000,7,28711,0.800000,1.000000,0.637044,1.000000,0.000000,1,84497.000000,105000.000000,1.000000,13158141465.000000,229392.000000
105000,8,28641,0.800000,1.000000,0.590269,1.000000,0.000000,0,0.000000,103823.000000,1.000000,13158141465.000000,229392.000000
105000,9,28708,0.800000,1.000000,0.577229,1.000000,0.000000,0,0.000000,104967.000000,1.000000,13158141465.000000,229392.000000
105000,10,28543,0.800000,1.000000,0.695906,1.000000,0.000000,0,0.000000,98492.000000,1.000000,13158141465.000000,229392.000000
105000,11,28706,0.800000,1.000000,0.711652,1.000000,0.000000,0,0.000000,104945.000000,1.000000,13158141465.000000,229392.000000
105000,12,28707,0.800000,1.000000,0.591153,1.000000,0.000000,0,0.000000,104961.000000,1.000000,13158141465.000000,229392.000000
105000,13,28579,0.800000,1.000000,0.674367,1.000000,0.000000,0,0.000000,102335.000000,1.000000,13158141465.000000,229392.000000
105000,14,28711,0.800000,1.000000,0.683539,1.000000,0.000000,0,0.000000,104809.000000,1.000000,13158141465.000000,229392.000000
105000,15,28675,0.800000,1.000000,0.686371,1.000000,0.000000,0,0.000000,104494.000000,1.000000,13158141465.000000,229392.000000
106000,0,28609,0.800000,1.000000,0.633784,1.000000,0.000000,0,0.000000,103735.000000,1.000000,13402990839.000000,289581.000000
106000,1,28979,0.800000,1.000000,0.604289,1.000000,0.000000,0,0.000000,105991.000000,1.000000,13402990839.000000,289581.000000
106000,2,28979,0.800000,1.000000,0.660782,1.000000,0.000000,0,0.000000,105993.000000,1.000000,13402990839.000000,289581.000000
106000,3,28965,0.800000,1.000000,0.556247,1.000000,0.000000,0,0.000000,105700.000000,1.000000,13402990839.000000,289581.000000
106000,4,28980,0.800000,1.000000,0.739414,1.000000,0.000000,0,0.000000,105999.000000,1.000000,13402990839.000000,289581.000000
106000,5,28962,0.800000,1.000000,0.603112,1.000000,0.000000,0,0.000000,105661.000000,1.000000,13402990839.000000,289581.000000
106000,6,28974,0.800000,1.000000,0.696513,1.000000,0.000000,0,0.000000,105890.000000,1.000000,13402990839.000000,289581.000000
106000,7,28950,0.800000,1.000000,0.649739,1.000000,0.000000,0,0.000000,105886.000000,1.000000,13402990839.000000,289581.000000
106000,8,28981,0.800000,1.000000,0.745890,1.000000,0.000000,0,0.000000,105998.000000,1.000000,13402990839.000000,289581.000000
106000,9,28979,0.800000,1.000000,0.621849,1.000000,0.000000,0,0.000000,105987.000000,1.000000,13402990839.000000,289581.000000
106000,10,28923,0.800000,1.000000,0.575077,1.000000,0.000000,0,0.000000,98492.000000,1.000000,13402990839.000000,289581.000000
106000,11,28945,0.800000,1.000000,0.701221,1.000000,0.000000,0,0.000000,105022.000000,1.000000,13402990839.000000,289581.000000
106000,12,28981,0.800000,1.000000,0.776442,1.000000,0.000000,0,0.000000,105996.000000,1.000000,13402990839.000000,289581.000000
106000,13,28927,0.800000,1.000000,0.593140,1.000000,0.000000,0,0.000000,102335.000000,1.000000,13402990839.000000,289581.000000
106000,14,28968,0.800000,1.000000,0.717856,1.000000,0.000000,0,0.000000,105126.000000,1.000000,13402990839.000000,289581.000000
106000,15,28981,0.800000,1.000000,0.753308,1.000000,0.000000,1,83061.000000,106000.000000,1.000000,13402990839.000000,289581.000000
107000,0,28609,0.800000,1.000000,0.633784,1.000000,0.000000,0,0.000000,103735.000000,1.000000,13654726857.000000,233924.000000
107000,1,29262,0.800000,1.000000,0.670764,1.000000,0.000000,0,0.000000,106864.000000,1.000000,13654726857.000000,233924.000000
107000,2,29223,0.800000,1.000000,0.706052,1.000000,0.000000,0,0.000000,106589.000000,1.000000,13654726857.000000,233924.000000
107000,3,29266,0.800000,1.000000,0.690471,1.000000,0.000000,0,0.000000,106992.000000,1.000000,13654726857.000000,233924.000000
107000,4,29266,0.800000,1.000000,0.745498,1.000000,0.000000,0,0.000000,106993.000000,1.000000,13654726857.000000,233924.000000
107000,5,29211,0.800000,1.000000,0.734293,1.000000,0.000000,0,0.000000,106586.000000,1.000000,13654726857.000000,233924.000000
107000,6,29266,0.800000,1.000000,0.722613,1.000000,0.000000,0,0.000000,106999.000000,1.000000,13654726857.000000,233924.000000
107000,7,29214,0.800000,1.000000,0.592939,1.000000,0.000000,0,0.000000,105886.000000,1.000000,13654726857.000000,233924.000000
107000,8,29267,0.800000,1.000000,0.663525,1.000000,0.000000,0,0.000000,106988.000000,1.000000,13654726857.000000,233924.000000
107000,9,29265,0.800000,1.000000,0.680926,1.000000,0.000000,0,0.000000,106986.000000,1.000000,13654726857.000000,233924.000000
107000,10,29265,0.800000,1.000000,0.702079,1.000000,0.000000,0,0.000000,106782.000000,1.000000,13654726857.000000,233924.000000
107000,11,29266,0.800000,1.000000,0.730295,1.000000,0.000000,0,0.000000,106996.000000,1.000000,13654726857.000000,233924.000000
107000,12,29232,0.800000,1.000000,0.692058,1.000000,0.000000,0,0.000000,106650.000000,1.000000,13654726857.000000,233924.000000
107000,13,29267,0.800000,1.000000,0.783961,1.000000,0.000000,0,0.000000,106997.000000,1.000000,13654726857.000000,233924.000000
107000,14,29267,0.800000,1.000000,0.750552,1.000000,0.000000,1,86493.000000,107000.000000,1.000000,13654726857.000000,233924.000000
107000,15,29261,0.800000,1.000000,0.719269,1.000000,0.000000,0,0.000000,106979.000000,1.000000,13654726857.000000,233924.000000
108000,0,28609,0.800000,1.000000,0.633784,1.000000,0.000000,0,0.000000,103735.000000,1.000000,13879449867.000000,236246.000000
108000,1,29533,0.800000,1.000000,0.622481,1.000000,0.000000,0,0.000000,107994.000000,1.000000,13879449867.000000,236246.000000
108000,2,29535,0.800000,1.000000,0.665391,1.000000,0.000000,1,86486.000000,108000.000000,1.000000,13879449867.000000,236246.000000
108000,3,29473,0.800000,1.000000,0.553094,1.000000,0.000000,0,0.000000,107741.000000,1.000000,13879449867.000000,236246.000000
108000,4,29492,0.800000,1.000000,0.518896,1.000000,0.000000,0,0.000000,107309.000000,1.000000,13879449867.000000,236246.000000
108000,5,29534,0.800000,1.000000,0.643906,1.000000,0.000000,0,0.000000,107998.000000,1.000000,13879449867.000000,236246.000000
108000,6,29519,0.800000,1.000000,0.622120,1.000000,0.000000,0,0.000000,107879.000000,1.000000,13879449867.000000,236246.000000
108000,7,29536,0.800000,1.000000,0.746579,1.000000,0.000000,0,0.000000,107981.000000,1.000000,13879449867.000000,236246.000000
108000,8,29533,0.800000,1.000000,0.639893,1.000000,0.000000,0,0.000000,107934.000000,1.000000,13879449867.000000,236246.000000
108000,9,29533,0.800000,1.000000,0.634268,1.000000,0.000000,0,0.000000,107988.000000,1.000000,13879449867.000000,236246.000000
108000,10,29536,0.800000,1.000000,0.818201,1.000000,0.000000,0,0.000000,107999.000000,1.000000,13879449867.000000,236246.000000
108000,11,29534,0.800000,1.000000,0.638711,1.000000,0.000000,0,0.000000,107984.000000,1.000000,13879449867.000000,236246.000000
108000,12,29495,0.800000,1.000000,0.639573,1.000000,0.000000,0,0.000000,106650.000000,1.000000,13879449867.000000,236246.000000
108000,13,29461,0.800000,1.000000,0.642368,1.000000,0.000000,0,0.000000,107406.000000,1.000000,13879449867.000000,236246.000000
108000,14,29381,0.800000,1.000000,0.633413,1.000000,0.000000,0,0.000000,107164.000000,1.000000,13879449867.000000,236246.000000
108000,15,29527,0.800000,1.000000,0.553964,1.000000,0.000000,0,0.000000,107068.000000,1.000000,13879449867.000000,236246.000000
109000,0,28609,0.800000,1.000000,0.633784,1.000000,0.000000,0,0.000000,103735.000000,1.000000,14120438412.000000,357484.000000
109000,1,29719,0.800000,1.000000,0.519931,1.000000,0.000000,0,0.000000,108061.000000,1.000000,14120438412.000000,357484.000000
109000,2,29794,0.800000,1.000000,0.532419,1.000000,0.000000,0,0.000000,108968.000000,1.000000,14120438412.000000,357484.000000
109000,3,29708,0.800000,1.000000,0.742794,1.000000,0.000000,0,0.000000,107741.000000,1.000000,14120438412.000000,357484.000000
109000,4,29796,0.800000,1.000000,0.702975,1.000000,0.000000,0,0.000000,108998.000000,1.000000,14120438412.000000,357484.000000
109000,5,29795,0.800000,1.000000,0.754344,1.000000,0.000000,0,0.000000,108982.000000,1.000000,14120438412.000000,357484.000000
109000,6,29781,0.800000,1.000000,0.587233,1.000000,0.000000,0,0.000000,108951.000000,1.000000,14120438412.000000,357484.000000
109000,7,29757,0.800000,1.000000,0.592353,1.000000,0.000000,0,0.000000,108714.000000,1.000000,14120438412.000000,357484.000000
109000,8,29796,0.800000,1.000000,0.694583,1.000000,0.000000,1,89010.000000,109000.000000,1.000000,14120438412.000000,357484.000000
109000,9,29796,0.800000,1.000000,0.756994,1.000000,0.000000,0,0.000000,108999.000000,1.000000,14120438412.000000,357484.000000
109000,10,29796,0.800000,1.000000,0.515686,1.000000,0.000000,0,0.000000,108996.000000,1.000000,14120438412.000000,357484.000000
109000,11,29795,0.800000,1.000000,0.568499,1.000000,0.000000,0,0.000000,108980.000000,1.000000,14120438412.000000,357484.000000
109000,12,29788,0.800000,1.000000,0.709279,1.000000,0.000000,0,0.000000,108851.000000,1.000000,14120438412.000000,357484.000000
109000,13,29797,0.800000,1.000000,0.621709,1.000000,0.000000,0,0.000000,108701.000000,1.000000,14120438412.000000,357484.000000
109000,14,29772,0.800000,1.000000,0.669604,1.000000,0.000000,0,0.000000,107164.000000,1.000000,14120438412.000000,357484.000000
109000,15,29797,0.800000,1.000000,0.524532,1.000000,0.000000,0,0.000000,108993.000000,1.000000,14120438412.000000,357484.000000
110000,0,28731,0.800000,1.000000,0.712229,1.000000,0.000000,0,0.000000,103735.000000,1.000000,14362247912.000000,240392.000000
110000,1,30069,0.800000,1.000000,0.582519,1.000000,0.000000,1,87813.000000,110000.000000,1.000000,14362247912.000000,240392.000000
110000,2,30070,0.800000,1.000000,0.721092,1.000000,0.000000,0,0.000000,109992.000000,1.000000,14362247912.000000,240392.000000
110000,3,29755,0.800000,1.000000,0.655544,1.000000,0.000000,0,0.000000,107741.000000,1.000000,14362247912.000000,240392.000000
110000,4,30064,0.800000,1.000000,0.653007,1.000000,0.000000,0,0.000000,109959.000000,1.000000,14362247912.000000,240392.000000
110000,5,30069,0.800000,1.000000,0.648488,1.000000,0.000000,0,0.000000,109997.000000,1.000000,14362247912.000000,240392.000000
110000,6,29993,0.800000,1.000000,0.524704,1.000000,0.000000,0,0.000000,109152.000000,1.000000,14362247912.000000,240392.000000
110000,7,30069,0.800000,1.000000,0.538984,1.000000,0.000000,0,0.000000,109996.000000,1.000000,14362247912.000000,240392.000000
110000,8,30069,0.800000,1.000000,0.577775,1.000000,0.000000,0,0.000000,109998.000000,1.000000,14362247912.000000,240392.000000
110000,9,30069,0.800000,1.000000,0.641065,1.000000,0.000000,0,0.000000,109995.000000,1.000000,14362247912.000000,240392.000000
110000,10,30070,0.800000,1.000000,0.603958,1.000000,0.000000,0,0.000000,109999.000000,1.000000,14362247912.000000,240392.000000
110000,11,30062,0.800000,1.000000,0.694685,1.000000,0.000000,0,0.000000,109969.000000,1.000000,14362247912.000000,240392.000000
110000,12,30067,0.800000,1.000000,0.627069,1.000000,0.000000,0,0.000000,109982.000000,1.000000,14362247912.000000,240392.000000
110000,13,30065,0.800000,1.000000,0.688135,1.000000,0.000000,0,0.000000,109882.000000,1.000000,14362247912.000000,240392.000000
110000,14,30063,0.800000,1.000000,0.581524,1.000000,0.000000,0,0.000000,109894.000000,1.000000,14362247912.000000,240392.000000
110000,15,30057,0.800000,1.000000,0.662815,1.000000,0.000000,0,0.000000,109748.000000,1.000000,14362247912.000000,240392.000000
111000,0,29121,0.800000,1.000000,0.596554,1.000000,0.000000,0,0.000000,103735.000000,1.000000,14641878181.000000,239962.000000
111000,1,30352,0.800000,1.000000,0.636492,1.000000,0.000000,0,0.000000,110978.000000,1.000000,14641878181.000000,239962.000000
111000,2,30354,0.800000,1.000000,0.741358,1.000000,0.000000,0,0.000000,110997.000000,1.000000,14641878181.000000,239962.000000
111000,3,30151,0.800000,1.000000,0.748753,1.000000,0.000000,0,0.000000,107741.000000,1.000000,14641878181.000000,239962.000000
111000,4,30355,0.800000,1.000000,0.648787,1.000000,0.000000,0,0.000000,110985.000000,1.000000,14641878181.000000,239962.000000
111000,5,30354,0.800000,1.000000,0.723852,1.000000,0.000000,0,0.000000,110990.000000,1.000000,14641878181.000000,239962.000000
111000,6,30352,0.800000,1.000000,0.681250,1.000000,0.000000,0,0.000000,109152.000000,1.000000,14641878181.000000,239962.000000
111000,7,30167,0.800000,1.000000,0.589214,1.000000,0.000000,0,0.000000,110286.000000,1.000000,14641878181.000000,239962.000000
111000,8,30323,0.800000,1.000000,0.617236,1.000000,0.000000,0,0.000000,110898.000000,1.000000,14641878181.000000,239962.000000
111000,9,30355,0.800000,1.000000,0.729279,1.000000,0.000000,1,91005.000000,111000.000000,1.000000,14641878181.000000,239962.000000
111000,10,30355,0.800000,1.000000,0.706828,1.000000,0.000000,0,0.000000,110994.000000,1.000000,14641878181.000000,239962.000000
111000,11,30354,0.800000,1.000000,0.683690,1.000000,0.000000,0,0.000000,110995.000000,1.000000,14641878181.000000,239962.000000
111000,12,30351,0.800000,1.000000,0.521286,1.000000,0.000000,0,0.000000,110949.000000,1.000000,14641878181.000000,239962.000000
111000,13,30356,0.800000,1.000000,0.715249,1.000000,0.000000,0,0.000000,110999.000000,1.000000,14641878181.000000,239962.000000
111000,14,30343,0.800000,1.000000,0.698728,1.000000,0.000000,0,0.000000,110966.000000,1.000000,14641878181.000000,239962.000000
111000,15,30348,0.800000,1.000000,0.720157,1.000000,0.000000,0,0.000000,110984.000000,1.000000,14641878181.000000,239962.000000
112000,0,29476,0.800000,1.000000,0.716449,1.000000,0.000000,0,0.000000,103735.000000,1.000000,14905609243.000000,367196.000000
112000,1,30646,0.800000,1.000000,0.601785,1.000000,0.000000,0,0.000000,111990.000000,1.000000,14905609243.000000,367196.000000
112000,2,30646,0.800000,1.000000,0.606816,1.000000,0.000000,0,0.000000,111994.000000,1.000000,14905609243.000000,367196.000000
112000,3,30401,0.800000,1.000000,0.621642,1.000000,0.000000,0,0.000000,107741.000000,1.000000,14905609243.000000,367196.000000
112000,4,30645,0.800000,1.000000,0.593960,1.000000,0.000000,0,0.000000,111987.000000,1.000000,14905609243.000000,367196.000000
112000,5,30638,0.800000,1.000000,0.636515,1.000000,0.000000,0,0.000000,111728.000000,1.000000,14905609243.000000,367196.000000
112000,6,30646,0.800000,1.000000,0.637473,1.000000,0.000000,0,0.000000,111998.000000,1.000000,14905609243.000000,367196.000000
112000,7,30167,0.800000,1.000000,0.589214,1.000000,0.000000,0,0.000000,110286.000000,1.000000,14905609243.000000,367196.000000
112000,8,30585,0.800000,1.000000,0.704455,1.000000,0.000000,0,0.000000,110898.000000,1.000000,14905609243.000000,367196.000000
112000,9,30640,0.800000,1.000000,0.701411,1.000000,0.000000,0,0.000000,111977.000000,1.000000,14905609243.000000,367196.000000
112000,10,30646,0.800000,1.000000,0.678766,1.000000,0.000000,0,0.000000,111999.000000,1.000000,14905609243.000000,367196.000000
112000,11,30646,0.800000,1.000000,0.647763,1.000000,0.000000,1,90469.000000,112000.000000,1.000000,14905609243.000000,367196.000000
112000,12,30631,0.800000,1.000000,0.704409,1.000000,0.000000,0,0.000000,111442.000000,1.000000,14905609243.000000,367196.000000
112000,13,30633,0.800000,1.000000,0.699671,1.000000,0.000000,0,0.000000,111653.000000,1.000000,14905609243.000000,367196.000000
112000,14,30647,0.800000,1.000000,0.634156,1.000000,0.000000,0,0.000000,111790.000000,1.000000,14905609243.000000,367196.000000
112000,15,30638,0.800000,1.000000,0.619670,1.000000,0.000000,0,0.000000,111870.000000,1.000000,14905609243.000000,367196.000000
113000,0,29834,0.800000,1.000000,0.602589,1.000000,0.000000,0,0.000000,103735.000000,1.000000,15163531673.000000,59665.000000
113000,1,30906,0.800000,1.000000,0.640396,1.000000,0.000000,0,0.000000,112211.000000,1.000000,15163531673.000000,59665.000000
113000,2,30904,0.800000,1.000000,0.551477,1.000000,0.000000,0,0.000000,112834.000000,1.000000,15163531673.000000,59665.000000
113000,3,30736,0.800000,1.000000,0.585386,1.000000,0.000000,0,0.000000,107741.000000,1.000000,15163531673.000000,59665.000000
113000,4,30918,0.800000,1.000000,0.574891,1.000000,0.000000,0,0.000000,112967.000000,1.000000,15163531673.000000,59665.000000
113000,5,30903,0.800000,1.000000,0.580325,1.000000,0.000000,0,0.000000,112742.000000,1.000000,15163531673.000000,59665.000000
113000,6,30867,0.800000,1.000000,0.625754,1.000000,0.000000,0,0.000000,112244.000000,1.000000,15163531673.000000,59665.000000
113000,7,30167,0.800000,1.000000,0.589214,1.000000,0.000000,0,0.000000,110286.000000,1.000000,15163531673.000000,59665.000000
113000,8,30920,0.800000,1.000000,0.620007,1.000000,0.000000,0,0.000000,112996.000000,1.000000,15163531673.000000,59665.000000
113000,9,30917,0.800000,1.000000,0.713518,1.000000,0.000000,0,0.000000,112986.000000,1.000000,15163531673.000000,59665.000000
113000,10,30913,0.800000,1.000000,0.712775,1.000000,0.000000,0,0.000000,112969.000000,1.000000,15163531673.000000,59665.000000
113000,11,30920,0.800000,1.000000,0.656362,1.000000,0.000000,0,0.000000,112997.000000,1.000000,15163531673.000000,59665.000000
113000,12,30918,0.800000,1.000000,0.620669,1.000000,0.000000,0,0.000000,112991.000000,1.000000,15163531673.000000,59665.000000
113000,13,30920,0.800000,1.000000,0.572184,1.000000,0.000000,0,0.000000,112999.000000,1.000000,15163531673.000000,59665.000000
113000,14,30920,0.800000,1.000000,0.728290,1.000000,0.000000,1,91553.000000,113000.000000,1.000000,15163531673.000000,59665.000000
113000,15,30874,0.800000,1.000000,0.669042,1.000000,0.000000,0,0.000000,112336.000000,1.000000,15163531673.000000,59665.000000
114000,0,30097,0.800000,1.000000,0.611296,1.000000,0.000000,0,0.000000,103735.000000,1.000000,15425915802.000000,370392.000000
114000,1,31171,0.800000,1.000000,0.588415,1.000000,0.000000,0,0.000000,113993.000000,1.000000,15425915802.000000,370392.000000
114000,2,31171,0.800000,1.000000,0.574942,1.000000,0.000000,0,0.000000,113988.000000,1.000000,15425915802.000000,370392.000000
114000,3,31122,0.800000,1.000000,0.637279,1.000000,0.000000,0,0.000000,107741.000000,1.000000,15425915802.000000,370392.000000
114000,4,31171,0.800000,1.000000,0.493855,1.000000,0.000000,0,0.000000,113992.000000,1.000000,15425915802.000000,370392.000000
114000,5,31153,0.800000,1.000000,0.690397,1.000000,0.000000,0,0.000000,113531.000000,1.000000,15425915802.000000,370392.000000
114000,6,31172,0.800000,1.000000,0.700615,1.000000,0.000000,0,0.000000,113998.000000,1.000000,15425915802.000000,370392.000000
114000,7,30485,0.800000,1.000000,0.587189,1.000000,0.000000,0,0.000000,110286.000000,1.000000,15425915802.000000,370392.000000
114000,8,31118,0.800000,1.000000,0.618591,1.000000,0.000000,0,0.000000,113784.000000,1.000000,15425915802.000000,370392.000000
114000,9,31171,0.800000,1.000000,0.504142,1.000000,0.000000,0,0.000000,113886.000000,1.000000,15425915802.000000,370392.000000
114000,10,31169,0.800000,1.000000,0.705862,1.000000,0.000000,0,0.000000,113956.000000,1.000000,15425915802.000000,370392.000000
114000,11,31137,0.800000,1.000000,0.597924,1.000000,0.000000,0,0.000000,113777.000000,1.000000,15425915802.000000,370392.000000
114000,12,31170,0.800000,1.000000,0.648283,1.000000,0.000000,0,0.000000,113991.000000,1.000000,15425915802.000000,370392.000000
114000,13,31170,0.800000,1.000000,0.598162,1.000000,0.000000,0,0.000000,113985.000000,1.000000,15425915802.000000,370392.000000
114000,14,31133,0.800000,1.000000,0.766064,1.000000,0.000000,0,0.000000,113193.000000,1.000000,15425915802.000000,370392.000000
114000,15,31172,0.800000,1.000000,0.702826,1.000000,0.000000,1,89711.000000,114000.000000,1.000000,15425915802.000000,370392.000000
115000,0,30491,0.800000,1.000000,0.708556,1.000000,0.000000,0,0.000000,103735.000000,1.000000,15706250807.000000,312469.000000
115000,1,31451,0.800000,1.000000,0.547460,1.000000,0.000000,0,0.000000,114998.000000,1.000000,15706250807.000000,312469.000000
115000,2,31449,0.800000,1.000000,0.686440,1.000000,0.000000,0,0.000000,114941.000000,1.000000,15706250807.000000,312469.000000
115000,3,31386,0.800000,1.000000,0.751391,1.000000,0.000000,0,0.000000,107741.000000,1.000000,15706250807.000000,312469.000000
115000,4,31448,0.800000,1.000000,0.581124,1.000000,0.000000,0,0.000000,114956.000000,1.000000,15706250807.000000,312469.000000
115000,5,31450,0.800000,1.000000,0.598625,1.000000,0.000000,0,0.000000,114994.000000,1.000000,15706250807.000000,312469.000000
115000,6,31450,0.800000,1.000000,0.699967,1.000000,0.000000,0,0.000000,114962.000000,1.000000,15706250807.000000,312469.000000
115000,7,30738,0.800000,1.000000,0.637725,1.000000,0.000000,0,0.000000,110286.000000,1.000000,15706250807.000000,312469.000000
115000,8,31451,0.800000,1.000000,0.589999,1.000000,0.000000,1,94006.000000,115000.000000,1.000000,15706250807.000000,312469.000000
115000,9,31452,0.800000,1.000000,0.759043,1.000000,0.000000,0,0.000000,114999.000000,1.000000,15706250807.000000,312469.000000
115000,10,31393,0.800000,1.000000,0.626665,1.000000,0.000000,0,0.000000,114585.000000,1.000000,15706250807.000000,312469.000000
115000,11,31450,0.800000,1.000000,0.692783,1.000000,0.000000,0,0.000000,114990.000000,1.000000,15706250807.000000,312469.000000
115000,12,31407,0.800000,1.000000,0.686466,1.000000,0.000000,0,0.000000,114706.000000,1.000000,15706250807.000000,312469.000000
115000,13,31374,0.800000,1.000000,0.622400,1.000000,0.000000,0,0.000000,114712.000000,1.000000,15706250807.000000,312469.000000
115000,14,31440,0.800000,1.000000,0.613785,1.000000,0.000000,0,0.000000,114815.000000,1.000000,15706250807.000000,312469.000000
115000,15,31449,0.800000,1.000000,0.669582,1.000000,0.000000,0,0.000000,114991.000000,1.000000,15706250807.000000,312469.000000
116000,0,30781,0.800000,1.000000,0.582534,1.000000,0.000000,0,0.000000,103735.000000,1.000000,15967458876.000000,380444.000000
116000,1,31721,0.800000,1.000000,0.578639,1.000000,0.000000,0,0.000000,115997.000000,1.000000,15967458876.000000,380444.000000
116000,2,31722,0.800000,1.000000,0.575019,1.000000,0.000000,0,0.000000,115990.000000,1.000000,15967458876.000000,380444.000000
116000,3,31688,0.800000,1.000000,0.588092,1.000000,0.000000,0,0.000000,115559.000000,1.000000,15967458876.000000,380444.000000
116000,4,31720,0.800000,1.000000,0.666185,1.000000,0.000000,0,0.000000,115932.000000,1.000000,15967458876.000000,380444.000000
116000,5,31721,0.800000,1.000000,0.720189,1.000000,0.000000,0,0.000000,115999.000000,1.000000,15967458876.000000,380444.000000
116000,6,31722,0.800000,1.000000,0.665120,1.000000,0.000000,1,93646.000000,116000.000000,1.000000,15967458876.000000,380444.000000
116000,7,31065,0.800000,1.000000,0.546436,1.000000,0.000000,0,0.000000,110286.000000,1.000000,15967458876.000000,380444.000000
116000,8,31475,0.800000,1.000000,0.667337,1.000000,0.000000,0,0.000000,115080.000000,1.000000,15967458876.000000,380444.000000
116000,9,31720,0.800000,1.000000,0.706731,1.000000,0.000000,0,0.000000,115987.000000,1.000000,15967458876.000000,380444.000000
116000,10,31723,0.800000,1.000000,0.672098,1.000000,0.000000,0,0.000000,115994.000000,1.000000,15967458876.000000,380444.000000
116000,11,31648,0.800000,1.000000,0.656012,1.000000,0.000000,0,0.000000,115673.000000,1.000000,15967458876.000000,380444.000000
116000,12,31707,0.800000,1.000000,0.694602,1.000000,0.000000,0,0.000000,115880.000000,1.000000,15967458876.000000,380444.000000
116000,13,31637,0.800000,1.000000,0.514339,1.000000,0.000000,0,0.000000,114712.000000,1.000000,15967458876.000000,380444.000000
116000,14,31718,0.800000,1.000000,0.629846,1.000000,0.000000,0,0.000000,115989.000000,1.000000,15967458876.000000,380444.000000
116000,15,31664,0.800000,1.000000,0.674258,1.000000,0.000000,0,0.000000,115756.000000,1.000000,15967458876.000000,380444.000000
117000,0,31155,0.800000,1.000000,0.532745,1.000000,0.000000,0,0.000000,103735.000000,1.000000,16235606848.000000,253766.000000
117000,1,31957,0.800000,1.000000,0.732078,1.000000,0.000000,0,0.000000,116980.000000,1.000000,16235606848.000000,253766.000000
117000,2,31961,0.800000,1.000000,0.672889,1.000000,0.000000,0,0.000000,116985.000000,1.000000,16235606848.000000,253766.000000
117000,3,31961,0.800000,1.000000,0.516173,1.000000,0.000000,0,0.000000,116912.000000,1.000000,16235606848.000000,253766.000000
117000,4,31961,0.800000,1.000000,0.641349,1.000000,0.000000,0,0.000000,116999.000000,1.000000,16235606848.000000,253766.000000
117000,5,31961,0.800000,1.000000,0.614014,1.000000,0.000000,1,94625.000000,117000.000000,1.000000,16235606848.000000,253766.000000
117000,6,31929,0.800000,1.000000,0.464103,1.000000,0.000000,0,0.000000,116166.000000,1.000000,16235606848.000000,253766.000000
117000,7,31457,0.800000,1.000000,0.543432,1.000000,0.000000,0,0.000000,110286.000000,1.000000,16235606848.000000,253766.000000
117000,8,31794,0.800000,1.000000,0.716532,1.000000,0.000000,0,0.000000,115080.000000,1.000000,16235606848.000000,253766.000000
117000,9,31945,0.800000,1.000000,0.545214,1.000000,0.000000,0,0.000000,116886.000000,1.000000,16235606848.000000,253766.000000
117000,10,31961,0.800000,1.000000,0.697669,1.000000,0.000000,0,0.000000,116986.000000,1.000000,16235606848.000000,253766.000000
117000,11,31824,0.800000,1.000000,0.547264,1.000000,0.000000,0,0.000000,115673.000000,1.000000,16235606848.000000,253766.000000
117000,12,31926,0.800000,1.000000,0.587357,1.000000,0.000000,0,0.000000,116866.000000,1.000000,16235606848.000000,253766.000000
117000,13,31961,0.800000,1.000000,0.699290,1.000000,0.000000,0,0.000000,116987.000000,1.000000,16235606848.000000,253766.000000
117000,14,31962,0.800000,1.000000,0.605671,1.000000,0.000000,0,0.000000,116995.000000,1.000000,16235606848.000000,253766.000000
117000,15,31949,0.800000,1.000000,0.567707,1.000000,0.000000,0,0.000000,116902.000000,1.000000,16235606848.000000,253766.000000
118000,0,31520,0.800000,1.000000,0.588562,1.000000,0.000000,0,0.000000,103735.000000,1.000000,16512197589.000000,257616.000000
118000,1,32211,0.800000,1.000000,0.578571,1.000000,0.000000,0,0.000000,117853.000000,1.000000,16512197589.000000,257616.000000
118000,2,32211,0.800000,1.000000,0.625130,1.000000,0.000000,0,0.000000,117999.000000,1.000000,16512197589.000000,257616.000000
118000,3,32210,0.800000,1.000000,0.612566,1.000000,0.000000,0,0.000000,117993.000000,1.000000,16512197589.000000,257616.000000
118000,4,32210,0.800000,1.000000,0.597860,1.000000,0.000000,0,0.000000,117986.000000,1.000000,16512197589.000000,257616.000000
118000,5,32210,0.800000,1.000000,0.545143,1.000000,0.000000,0,0.000000,117100.000000,1.000000,16512197589.000000,257616.000000
118000,6,32179,0.800000,1.000000,0.659158,1.000000,0.000000,0,0.000000,117851.000000,1.000000,16512197589.000000,257616.000000
118000,7,31672,0.800000,1.000000,0.773398,1.000000,0.000000,0,0.000000,110286.000000,1.000000,16512197589.000000,257616.000000
118000,8,32157,0.800000,1.000000,0.753563,1.000000,0.000000,0,0.000000,115080.000000,1.000000,16512197589.000000,257616.000000
118000,9,32208,0.800000,1.000000,0.631471,1.000000,0.000000,0,0.000000,117983.000000,1.000000,16512197589.000000,257616.000000
118000,10,32209,0.800000,1.000000,0.470424,1.000000,0.000000,0,0.000000,117977.000000,1.000000,16512197589.000000,257616.000000
118000,11,32201,0.800000,1.000000,0.756442,1.000000,0.000000,0,0.000000,115673.000000,1.000000,16512197589.000000,257616.000000
118000,12,32161,0.800000,1.000000,0.652168,1.000000,0.000000,0,0.000000,116866.000000,1.000000,16512197589.000000,257616.000000
118000,13,32211,0.800000,1.000000,0.586800,1.000000,0.000000,0,0.000000,117998.000000,1.000000,16512197589.000000,257616.000000
118000,14,32211,0.800000,1.000000,0.567482,1.000000,0.000000,1,95829.000000,118000.000000,1.000000,16512197589.000000,257616.000000
118000,15,32208,0.800000,1.000000,0.517677,1.000000,0.000000,0,0.000000,117954.000000,1.000000,16512197589.000000,257616.000000
119000,0,31871,0.800000,1.000000,0.623294,1.000000,0.000000,0,0.000000,103735.000000,1.000000,16822440170.000000,64979.000000
119000,1,32490,0.800000,1.000000,0.679407,1.000000,0.000000,0,0.000000,118934.000000,1.000000,16822440170.000000,64979.000000
119000,2,32494,0.800000,1.000000,0.618196,1.000000,0.000000,0,0.000000,118951.000000,1.000000,16822440170.000000,64979.000000
119000,3,32494,0.800000,1.000000,0.586465,1.000000,0.000000,0,0.000000,118981.000000,1.000000,16822440170.000000,64979.000000
119000,4,32495,0.800000,1.000000,0.618546,1.000000,0.000000,0,0.000000,118988.000000,1.000000,16822440170.000000,64979.000000
119000,5,32496,0.800000,1.000000,0.693016,1.000000,0.000000,1,96494.000000,119000.000000,1.000000,16822440170.000000,64979.000000
119000,6,32495,0.800000,1.000000,0.726654,1.000000,0.000000,0,0.000000,118997.000000,1.000000,16822440170.000000,64979.000000
119000,7,32086,0.800000,1.000000,0.632208,1.000000,0.000000,0,0.000000,110286.000000,1.000000,16822440170.000000,64979.000000
119000,8,32462,0.800000,1.000000,0.581785,1.000000,0.000000,0,0.000000,118845.000000,1.000000,16822440170.000000,64979.000000
119000,9,32484,0.800000,1.000000,0.588533,1.000000,0.000000,0,0.000000,118601.000000,1.000000,16822440170.000000,64979.000000
119000,10,32479,0.800000,1.000000,0.566764,1.000000,0.000000,0,0.000000,118868.000000,1.000000,16822440170.000000,64979.000000
119000,11,32496,0.800000,1.000000,0.629692,1.000000,0.000000,0,0.000000,118999.000000,1.000000,16822440170.000000,64979.000000
119000,12,32496,0.800000,1.000000,0.594737,1.000000,0.000000,0,0.000000,118996.000000,1.000000,16822440170.000000,64979.000000
119000,13,32495,0.800000,1.000000,0.579130,1.000000,0.000000,0,0.000000,118976.000000,1.000000,16822440170.000000,64979.000000
119000,14,32476,0.800000,1.000000,0.624692,1.000000,0.000000,0,0.000000,118311.000000,1.000000,16822440170.000000,64979.000000
119000,15,32489,0.800000,1.000000,0.546600,1.000000,0.000000,0,0.000000,118919.000000,1.000000,16822440170.000000,64979.000000
120000,0,32118,0.800000,1.000000,0.608954,1.000000,0.000000,0,0.000000,103735.000000,1.000000,17109202439.000000,327659.000000
120000,1,32696,0.800000,1.000000,0.548158,1.000000,0.000000,0,0.000000,118934.000000,1.000000,17109202439.000000,327659.000000
120000,2,32776,0.800000,1.000000,0.729017,1.000000,0.000000,0,0.000000,119999.000000,1.000000,17109202439.000000,327659.000000
120000,3,32759,0.800000,1.000000,0.660141,1.000000,0.000000,0,0.000000,119805.000000,1.000000,17109202439.000000,327659.000000
120000,4,32760,0.800000,1.000000,0.675070,1.000000,0.000000,0,0.000000,119870.000000,1.000000,17109202439.000000,327659.000000
120000,5,32776,0.800000,1.000000,0.777783,1.000000,0.000000,1,97403.000000,120000.000000,1.000000,17109202439.000000,327659.000000
120000,6,32770,0.800000,1.000000,0.513909,1.000000,0.000000,0,0.000000,119813.000000,1.000000,17109202439.000000,327659.000000
120000,7,32391,0.800000,1.000000,0.702507,1.000000,0.000000,0,0.000000,110286.000000,1.000000,17109202439.000000,327659.000000
120000,8,32774,0.800000,1.000000,0.651245,1.000000,0.000000,0,0.000000,119994.000000,1.000000,17109202439.000000,327659.000000
120000,9,32777,0.800000,1.000000,0.649488,1.000000,0.000000,0,0.000000,119995.000000,1.000000,17109202439.000000,327659.000000
120000,10,32763,0.800000,1.000000,0.558560,1.000000,0.000000,0,0.000000,119726.000000,1.000000,17109202439.000000,327659.000000
120000,11,32776,0.800000,1.000000,0.601834,1.000000,0.000000,0,0.000000,119990.000000,1.000000,17109202439.000000,327659.000000
120000,12,32773,0.800000,1.000000,0.624165,1.000000,0.000000,0,0.000000,119989.000000,1.000000,17109202439.000000,327659.000000
120000,13,32769,0.800000,1.000000,0.597177,1.000000,0.000000,0,0.000000,119932.000000,1.000000,17109202439.000000,327659.000000
120000,14,32746,0.800000,1.000000,0.634410,1.000000,0.000000,0,0.000000,119540.000000,1.000000,17109202439.000000,327659.000000
120000,15,32777,0.800000,1.000000,0.533035,1.000000,0.000000,0,0.000000,119973.000000,1.000000,17109202439.000000,327659.000000
121000,0,32503,0.800000,1.000000,0.655127,1.000000,0.000000,0,0.000000,103735.000000,1.000000,17398808683.000000,132054.000000
121000,1,33041,0.800000,1.000000,0.627204,1.000000,0.000000,0,0.000000,120986.000000,1.000000,17398808683.000000,132054.000000
121000,2,33040,0.800000,1.000000,0.601531,1.000000,0.000000,0,0.000000,120997.000000,1.000000,17398808683.000000,132054.000000
121000,3,33024,0.800000,1.000000,0.561952,1.000000,0.000000,0,0.000000,120886.000000,1.000000,17398808683.000000,132054.000000
121000,4,33041,0.800000,1.000000,0.699453,1.000000,0.000000,0,0.000000,120993.000000,1.000000,17398808683.000000,132054.000000
121000,5,33040,0.800000,1.000000,0.577354,1.000000,0.000000,0,0.000000,120984.000000,1.000000,17398808683.000000,132054.000000
121000,6,33041,0.800000,1.000000,0.661544,1.000000,0.000000,0,0.000000,120995.000000,1.000000,17398808683.000000,132054.000000
121000,7,32704,0.800000,1.000000,0.576214,1.000000,0.000000,0,0.000000,110286.000000,1.000000,17398808683.000000,132054.000000
121000,8,33041,0.800000,1.000000,0.607191,1.000000,0.000000,0,0.000000,120999.000000,1.000000,17398808683.000000,132054.000000
121000,9,33035,0.800000,1.000000,0.611881,1.000000,0.000000,0,0.000000,120970.000000,1.000000,17398808683.000000,132054.000000
121000,10,33026,0.800000,1.000000,0.707652,1.000000,0.000000,0,0.000000,120901.000000,1.000000,17398808683.000000,132054.000000
121000,11,33014,0.800000,1.000000,0.597824,1.000000,0.000000,0,0.000000,120842.000000,1.000000,17398808683.000000,132054.000000
121000,12,33002,0.800000,1.000000,0.612968,1.000000,0.000000,0,0.000000,119989.000000,1.000000,17398808683.000000,132054.000000
121000,13,32982,0.800000,1.000000,0.531481,1.000000,0.000000,0,0.000000,119932.000000,1.000000,17398808683.000000,132054.000000
121000,14,33037,0.800000,1.000000,0.595045,1.000000,0.000000,0,0.000000,120977.000000,1.000000,17398808683.000000,132054.000000
121000,15,33042,0.800000,1.000000,0.790979,1.000000,0.000000,1,95411.000000,121000.000000,1.000000,17398808683.000000,132054.000000
122000,0,32844,0.800000,1.000000,0.588108,1.000000,0.000000,0,0.000000,103735.000000,1.000000,17706320429.000000,332639.000000
122000,1,33294,0.800000,1.000000,0.637727,1.000000,0.000000,0,0.000000,121909.000000,1.000000,17706320429.000000,332639.000000
122000,2,33296,0.800000,1.000000,0.657931,1.000000,0.000000,0,0.000000,121851.000000,1.000000,17706320429.000000,332639.000000
122000,3,33318,0.800000,1.000000,0.669295,1.000000,0.000000,0,0.000000,121981.000000,1.000000,17706320429.000000,332639.000000
122000,4,33265,0.800000,1.000000,0.515207,1.000000,0.000000,0,0.000000,121606.000000,1.000000,17706320429.000000,332639.000000
122000,5,33318,0.800000,1.000000,0.503147,1.000000,0.000000,0,0.000000,121982.000000,1.000000,17706320429.000000,332639.000000
122000,6,33319,0.800000,1.000000,0.726666,1.000000,0.000000,0,0.000000,121999.000000,1.000000,17706320429.000000,332639.000000
122000,7,33123,0.800000,1.000000,0.635050,1.000000,0.000000,0,0.000000,110286.000000,1.000000,17706320429.000000,332639.000000
122000,8,33319,0.800000,1.000000,0.717858,1.000000,0.000000,0,0.000000,121998.000000,1.000000,17706320429.000000,332639.000000
122000,9,33315,0.800000,1.000000,0.549144,1.000000,0.000000,0,0.000000,121929.000000,1.000000,17706320429.000000,332639.000000
122000,10,33319,0.800000,1.000000,0.593771,1.000000,0.000000,0,0.000000,121991.000000,1.000000,17706320429.000000,332639.000000
122000,11,33319,0.800000,1.000000,0.711319,1.000000,0.000000,1,97886.000000,122000.000000,1.000000,17706320429.000000,332639.000000
122000,12,33274,0.800000,1.000000,0.656756,1.000000,0.000000,0,0.000000,121844.000000,1.000000,17706320429.000000,332639.000000
122000,13,33318,0.800000,1.000000,0.655890,1.000000,0.000000,0,0.000000,121996.000000,1.000000,17706320429.000000,332639.000000
122000,14,33297,0.800000,1.000000,0.658159,1.000000,0.000000,0,0.000000,121524.000000,1.000000,17706320429.000000,332639.000000
122000,15,33319,0.800000,1.000000,0.637552,1.000000,0.000000,0,0.000000,121902.000000,1.000000,17706320429.000000,332639.000000
123000,0,33213,0.800000,1.000000,0.743163,1.000000,0.000000,0,0.000000,103735.000000,1.000000,18011652594.000000,267708.000000
123000,1,33566,0.800000,1.000000,0.596603,1.000000,0.000000,0,0.000000,121909.000000,1.000000,18011652594.000000,267708.000000
123000,2,33588,0.800000,1.000000,0.592528,1.000000,0.000000,0,0.000000,122977.000000,1.000000,18011652594.000000,267708.000000
123000,3,33577,0.800000,1.000000,0.678182,1.000000,0.000000,0,0.000000,122482.000000,1.000000,18011652594.000000,267708.000000
123000,4,33589,0.800000,1.000000,0.709278,1.000000,0.000000,0,0.000000,122998.000000,1.000000,18011652594.000000,267708.000000
123000,5,33589,0.800000,1.000000,0.674519,1.000000,0.000000,0,0.000000,122999.000000,1.000000,18011652594.000000,267708.000000
123000,6,33588,0.800000,1.000000,0.641312,1.000000,0.000000,0,0.000000,122994.000000,1.000000,18011652594.000000,267708.000000
123000,7,33478,0.800000,1.000000,0.694297,1.000000,0.000000,0,0.000000,110286.000000,1.000000,18011652594.000000,267708.000000
123000,8,33587,0.800000,1.000000,0.558807,1.000000,0.000000,0,0.000000,122961.000000,1.000000,18011652594.000000,267708.000000
123000,9,33589,0.800000,1.000000,0.714830,1.000000,0.000000,0,0.000000,122996.000000,1.000000,18011652594.000000,267708.000000
123000,10,33569,0.800000,1.000000,0.714366,1.000000,0.000000,0,0.000000,122889.000000,1.000000,18011652594.000000,267708.000000
123000,11,33580,0.800000,1.000000,0.523437,1.000000,0.000000,0,0.000000,122783.000000,1.000000,18011652594.000000,267708.000000
123000,12,33557,0.800000,1.000000,0.608751,1.000000,0.000000,0,0.000000,121844.000000,1.000000,18011652594.000000,267708.000000
123000,13,33589,0.800000,1.000000,0.544667,1.000000,0.000000,1,101635.000000,123000.000000,1.000000,18011652594.000000,267708.000000
123000,14,33581,0.800000,1.000000,0.654683,1.000000,0.000000,0,0.000000,122965.000000,1.000000,18011652594.000000,267708.000000
123000,15,33588,0.800000,1.000000,0.720378,1.000000,0.000000,0,0.000000,122920.000000,1.000000,18011652594.000000,267708.000000
124000,0,33427,0.800000,1.000000,0.490236,1.000000,0.000000,0,0.000000,103735.000000,1.000000,18282420927.000000,338239.000000
124000,1,33850,0.800000,1.000000,0.619708,1.000000,0.000000,0,0.000000,123954.000000,1.000000,18282420927.000000,338239.000000
124000,2,33824,0.800000,1.000000,0.550947,1.000000,0.000000,0,0.000000,123417.000000,1.000000,18282420927.000000,338239.000000
124000,3,33847,0.800000,1.000000,0.642595,1.000000,0.000000,0,0.000000,123969.000000,1.000000,18282420927.000000,338239.000000
124000,4,33856,0.800000,1.000000,0.580730,1.000000,0.000000,0,0.000000,123822.000000,1.000000,18282420927.000000,338239.000000
124000,5,33856,0.800000,1.000000,0.641549,1.000000,0.000000,0,0.000000,123994.000000,1.000000,18282420927.000000,338239.000000
124000,6,33857,0.800000,1.000000,0.670376,1.000000,0.000000,0,0.000000,123997.000000,1.000000,18282420927.000000,338239.000000
124000,7,33839,0.800000,1.000000,0.619059,1.000000,0.000000,0,0.000000,110286.000000,1.000000,18282420927.000000,338239.000000
124000,8,33709,0.800000,1.000000,0.723125,1.000000,0.000000,0,0.000000,123231.000000,1.000000,18282420927.000000,338239.000000
124000,9,33858,0.800000,1.000000,0.699103,1.000000,0.000000,0,0.000000,123999.000000,1.000000,18282420927.000000,338239.000000
124000,10,33838,0.800000,1.000000,0.567416,1.000000,0.000000,0,0.000000,123901.000000,1.000000,18282420927.000000,338239.000000
124000,11,33858,0.800000,1.000000,0.766556,1.000000,0.000000,1,99444.000000,124000.000000,1.000000,18282420927.000000,338239.000000
124000,12,33859,0.800000,1.000000,0.516607,1.000000,0.000000,0,0.000000,123948.000000,1.000000,18282420927.000000,338239.000000
124000,13,33858,0.800000,1.000000,0.644935,1.000000,0.000000,0,0.000000,123998.000000,1.000000,18282420927.000000,338239.000000
124000,14,33653,0.800000,1.000000,0.599014,1.000000,0.000000,0,0.000000,122965.000000,1.000000,18282420927.000000,338239.000000
124000,15,33858,0.800000,1.000000,0.475229,1.000000,0.000000,0,0.000000,123950.000000,1.000000,18282420927.000000,338239.000000
125000,0,33717,0.800000,1.000000,0.698164,1.000000,0.000000,0,0.000000,103735.000000,1.000000,18606724151.000000,272368.000000
125000,1,34119,0.800000,1.000000,0.659133,1.000000,0.000000,0,0.000000,124864.000000,1.000000,18606724151.000000,272368.000000
125000,2,34156,0.800000,1.000000,0.635341,1.000000,0.000000,0,0.000000,124928.000000,1.000000,18606724151.000000,272368.000000
125000,3,34133,0.800000,1.000000,0.443430,1.000000,0.000000,0,0.000000,124905.000000,1.000000,18606724151.000000,272368.000000
125000,4,34140,0.800000,1.000000,0.569760,1.000000,0.000000,0,0.000000,124945.000000,1.000000,18606724151.000000,272368.000000
125000,5,34108,0.800000,1.000000,0.642525,1.000000,0.000000,0,0.000000,124385.000000,1.000000,18606724151.000000,272368.000000
125000,6,34156,0.800000,1.000000,0.743672,1.000000,0.000000,0,0.000000,124995.000000,1.000000,18606724151.000000,272368.000000
125000,7,34157,0.800000,1.000000,0.769391,1.000000,0.000000,1,102929.000000,125000.000000,1.000000,18606724151.000000,272368.000000
125000,8,33988,0.800000,1.000000,0.710188,1.000000,0.000000,0,0.000000,123231.000000,1.000000,18606724151.000000,272368.000000
125000,9,34156,0.800000,1.000000,0.567073,1.000000,0.000000,0,0.000000,124973.000000,1.000000,18606724151.000000,272368.000000
125000,10,34152,0.800000,1.000000,0.571789,1.000000,0.000000,0,0.000000,124970.000000,1.000000,18606724151.000000,272368.000000
125000,11,34150,0.800000,1.000000,0.504975,1.000000,0.000000,0,0.000000,124939.000000,1.000000,18606724151.000000,272368.000000
125000,12,34157,0.800000,1.000000,0.655742,1.000000,0.000000,0,0.000000,124994.000000,1.000000,18606724151.000000,272368.000000
125000,13,34157,0.800000,1.000000,0.811379,1.000000,0.000000,0,0.000000,124999.000000,1.000000,18606724151.000000,272368.000000
125000,14,34023,0.800000,1.000000,0.579372,1.000000,0.000000,0,0.000000,122965.000000,1.000000,18606724151.000000,272368.000000
125000,15,34154,0.800000,1.000000,0.696689,1.000000,0.000000,0,0.000000,124978.000000,1.000000,18606724151.000000,272368.000000
126000,0,34098,0.800000,1.000000,0.752137,1.000000,0.000000,0,0.000000,103735.000000,1.000000,18905936076.000000,274956.000000
126000,1,34354,0.800000,1.000000,0.736439,1.000000,0.000000,0,0.000000,124864.000000,1.000000,18905936076.000000,274956.000000
126000,2,34418,0.800000,1.000000,0.597171,1.000000,0.000000,1,99852.000000,126000.000000,1.000000,18905936076.000000,274956.000000
126000,3,34408,0.800000,1.000000,0.666949,1.000000,0.000000,0,0.000000,125940.000000,1.000000,18905936076.000000,274956.000000
126000,4,34418,0.800000,1.000000,0.636355,1.000000,0.000000,0,0.000000,125990.000000,1.000000,18905936076.000000,274956.000000
126000,5,34419,0.800000,1.000000,0.572773,1.000000,0.000000,0,0.000000,125997.000000,1.000000,18905936076.000000,274956.000000
126000,6,34359,0.800000,1.000000,0.741363,1.000000,0.000000,0,0.000000,125708.000000,1.000000,18905936076.000000,274956.000000
126000,7,34414,0.800000,1.000000,0.673198,1.000000,0.000000,0,0.000000,125865.000000,1.000000,18905936076.000000,274956.000000
126000,8,34352,0.800000,1.000000,0.611919,1.000000,0.000000,0,0.000000,123231.000000,1.000000,18905936076.000000,274956.000000
126000,9,34414,0.800000,1.000000,0.731859,1.000000,0.000000,0,0.000000,125959.000000,1.000000,18905936076.000000,274956.000000
126000,10,34413,0.800000,1.000000,0.557311,1.000000,0.000000,0,0.000000,125931.000000,1.000000,18905936076.000000,274956.000000
126000,11,34416,0.800000,1.000000,0.740674,1.000000,0.000000,0,0.000000,125987.000000,1.000000,18905936076.000000,274956.000000
126000,12,34418,0.800000,1.000000,0.578310,1.000000,0.000000,0,0.000000,125998.000000,1.000000,18905936076.000000,274956.000000
126000,13,34314,0.800000,1.000000,0.543604,1.000000,0.000000,0,0.000000,125597.000000,1.000000,18905936076.000000,274956.000000
126000,14,34360,0.800000,1.000000,0.631538,1.000000,0.000000,0,0.000000,122965.000000,1.000000,18905936076.000000,274956.000000
126000,15,34419,0.800000,1.000000,0.611174,1.000000,0.000000,0,0.000000,125994.000000,1.000000,18905936076.000000,274956.000000
127000,0,34475,0.800000,1.000000,0.614590,1.000000,0.000000,0,0.000000,103735.000000,1.000000,19223465812.000000,69341.000000
127000,1,34693,0.800000,1.000000,0.622049,1.000000,0.000000,0,0.000000,126987.000000,1.000000,19223465812.000000,69341.000000
127000,2,34693,0.800000,1.000000,0.693059,1.000000,0.000000,0,0.000000,126996.000000,1.000000,19223465812.000000,69341.000000
127000,3,34612,0.800000,1.000000,0.563233,1.000000,0.000000,0,0.000000,126412.000000,1.000000,19223465812.000000,69341.000000
127000,4,34693,0.800000,1.000000,0.530659,1.000000,0.000000,0,0.000000,126988.000000,1.000000,19223465812.000000,69341.000000
127000,5,34694,0.800000,1.000000,0.716914,1.000000,0.000000,0,0.000000,126994.000000,1.000000,19223465812.000000,69341.000000
127000,6,34671,0.800000,1.000000,0.644010,1.000000,0.000000,0,0.000000,125708.000000,1.000000,19223465812.000000,69341.000000
127000,7,34670,0.800000,1.000000,0.598409,1.000000,0.000000,0,0.000000,126890.000000,1.000000,19223465812.000000,69341.000000
127000,8,34693,0.800000,1.000000,0.625056,1.000000,0.000000,0,0.000000,126982.000000,1.000000,19223465812.000000,69341.000000
127000,9,34694,0.800000,1.000000,0.635784,1.000000,0.000000,1,103286.000000,127000.000000,1.000000,19223465812.000000,69341.000000
127000,10,34694,0.800000,1.000000,0.682590,1.000000,0.000000,0,0.000000,126999.000000,1.000000,19223465812.000000,69341.000000
127000,11,34685,0.800000,1.000000,0.547281,1.000000,0.000000,0,0.000000,126933.000000,1.000000,19223465812.000000,69341.000000
127000,12,34554,0.800000,1.000000,0.523726,1.000000,0.000000,0,0.000000,126496.000000,1.000000,19223465812.000000,69341.000000
127000,13,34689,0.800000,1.000000,0.662086,1.000000,0.000000,0,0.000000,125597.000000,1.000000,19223465812.000000,69341.000000
127000,14,34694,0.800000,1.000000,0.639726,1.000000,0.000000,0,0.000000,126995.000000,1.000000,19223465812.000000,69341.000000
127000,15,34690,0.800000,1.000000,0.559834,1.000000,0.000000,0,0.000000,126938.000000,1.000000,19223465812.000000,69341.000000
128000,0,34796,0.800000,1.000000,0.646724,1.000000,0.000000,0,0.000000,103735.000000,1.000000,19510345499.000000,349317.000000
128000,1,34953,0.800000,1.000000,0.616087,1.000000,0.000000,0,0.000000,127994.000000,1.000000,19510345499.000000,349317.000000
128000,2,34784,0.800000,1.000000,0.687791,1.000000,0.000000,0,0.000000,127258.000000,1.000000,19510345499.000000,349317.000000
128000,3,34872,0.800000,1.000000,0.575358,1.000000,0.000000,0,0.000000,126412.000000,1.000000,19510345499.000000,349317.000000
128000,4,34954,0.800000,1.000000,0.738082,1.000000,0.000000,1,104871.000000,128000.000000,1.000000,19510345499.000000,349317.000000
128000,5,34954,0.800000,1.000000,0.591357,1.000000,0.000000,0,0.000000,127615.000000,1.000000,19510345499.000000,349317.000000
128000,6,34945,0.800000,1.000000,0.526304,1.000000,0.000000,0,0.000000,127882.000000,1.000000,19510345499.000000,349317.000000
128000,7,34945,0.800000,1.000000,0.623276,1.000000,0.000000,0,0.000000,127920.000000,1.000000,19510345499.000000,349317.000000
128000,8,34953,0.800000,1.000000,0.554247,1.000000,0.000000,0,0.000000,127992.000000,1.000000,19510345499.000000,349317.000000
128000,9,34955,0.800000,1.000000,0.647318,1.000000,0.000000,0,0.000000,127964.000000,1.000000,19510345499.000000,349317.000000
128000,10,34955,0.800000,1.000000,0.620419,1.000000,0.000000,0,0.000000,127998.000000,1.000000,19510345499.000000,349317.000000
128000,11,34955,0.800000,1.000000,0.716326,1.000000,0.000000,0,0.000000,127999.000000,1.000000,19510345499.000000,349317.000000
128000,12,34853,0.800000,1.000000,0.655361,1.000000,0.000000,0,0.000000,126496.000000,1.000000,19510345499.000000,349317.000000
128000,13,34935,0.800000,1.000000,0.571065,1.000000,0.000000,0,0.000000,127215.000000,1.000000,19510345499.000000,349317.000000
128000,14,34953,0.800000,1.000000,0.549920,1.000000,0.000000,0,0.000000,127845.000000,1.000000,19510345499.000000,349317.000000
128000,15,34955,0.800000,1.000000,0.619948,1.000000,0.000000,0,0.000000,127986.000000,1.000000,19510345499.000000,349317.000000
129000,0,35089,0.800000,1.000000,0.724312,1.000000,0.000000,0,0.000000,103735.000000,1.000000,19835367212.000000,563368.000000
129000,1,35216,0.800000,1.000000,0.703083,1.000000,0.000000,0,0.000000,128801.000000,1.000000,19835367212.000000,563368.000000
129000,2,35156,0.800000,1.000000,0.644393,1.000000,0.000000,0,0.000000,127258.000000,1.000000,19835367212.000000,563368.000000
129000,3,35165,0.800000,1.000000,0.681620,1.000000,0.000000,0,0.000000,126412.000000,1.000000,19835367212.000000,563368.000000
129000,4,35234,0.800000,1.000000,0.642592,1.000000,0.000000,0,0.000000,128938.000000,1.000000,19835367212.000000,563368.000000
129000,5,35233,0.800000,1.000000,0.702915,1.000000,0.000000,0,0.000000,128996.000000,1.000000,19835367212.000000,563368.000000
129000,6,35234,0.800000,1.000000,0.537708,1.000000,0.000000,0,0.000000,128868.000000,1.000000,19835367212.000000,563368.000000
129000,7,35234,0.800000,1.000000,0.615329,1.000000,0.000000,0,0.000000,128990.000000,1.000000,19835367212.000000,563368.000000
129000,8,35195,0.800000,1.000000,0.611233,1.000000,0.000000,0,0.000000,128807.000000,1.000000,19835367212.000000,563368.000000
129000,9,35234,0.800000,1.000000,0.745717,1.000000,0.000000,1,104593.000000,129000.000000,1.000000,19835367212.000000,563368.000000
129000,10,35235,0.800000,1.000000,0.671797,1.000000,0.000000,0,0.000000,128993.000000,1.000000,19835367212.000000,563368.000000
129000,11,35235,0.800000,1.000000,0.667087,1.000000,0.000000,0,0.000000,128999.000000,1.000000,19835367212.000000,563368.000000
129000,12,35231,0.800000,1.000000,0.660329,1.000000,0.000000,0,0.000000,126496.000000,1.000000,19835367212.000000,563368.000000
129000,13,35234,0.800000,1.000000,0.595926,1.000000,0.000000,0,0.000000,128985.000000,1.000000,19835367212.000000,563368.000000
129000,14,35212,0.800000,1.000000,0.634065,1.000000,0.000000,0,0.000000,128912.000000,1.000000,19835367212.000000,563368.000000
129000,15,35215,0.800000,1.000000,0.549192,1.000000,0.000000,0,0.000000,128908.000000,1.000000,19835367212.000000,563368.000000
130000,0,35467,0.800000,1.000000,0.575344,1.000000,0.000000,0,0.000000,103735.000000,1.000000,20135897568.000000,354701.000000
130000,1,35484,0.800000,1.000000,0.571836,1.000000,0.000000,0,0.000000,129951.000000,1.000000,20135897568.000000,354701.000000
130000,2,35444,0.800000,1.000000,0.495902,1.000000,0.000000,0,0.000000,127258.000000,1.000000,20135897568.000000,354701.000000
130000,3,35472,0.800000,1.000000,0.593199,1.000000,0.000000,0,0.000000,126412.000000,1.000000,20135897568.000000,354701.000000
130000,4,35481,0.800000,1.000000,0.547758,1.000000,0.000000,0,0.000000,129958.000000,1.000000,20135897568.000000,354701.000000
130000,5,35487,0.800000,1.000000,0.718328,1.000000,0.000000,0,0.000000,129468.000000,1.000000,20135897568.000000,354701.000000
130000,6,35450,0.800000,1.000000,0.592921,1.000000,0.000000,0,0.000000,129658.000000,1.000000,20135897568.000000,354701.000000
130000,7,35457,0.800000,1.000000,0.673939,1.000000,0.000000,0,0.000000,129806.000000,1.000000,20135897568.000000,354701.000000
130000,8,35489,0.800000,1.000000,0.718843,1.000000,0.000000,0,0.000000,129999.000000,1.000000,20135897568.000000,354701.000000
130000,9,35478,0.800000,1.000000,0.518122,1.000000,0.000000,0,0.000000,129891.000000,1.000000,20135897568.000000,354701.000000
130000,10,35489,0.800000,1.000000,0.662637,1.000000,0.000000,1,104898.000000,130000.000000,1.000000,20135897568.000000,354701.000000
130000,11,35488,0.800000,1.000000,0.643321,1.000000,0.000000,0,0.000000,129937.000000,1.000000,20135897568.000000,354701.000000
130000,12,35489,0.800000,1.000000,0.557528,1.000000,0.000000,0,0.000000,129946.000000,1.000000,20135897568.000000,354701.000000
130000,13,35489,0.800000,1.000000,0.637036,1.000000,0.000000,0,0.000000,129998.000000,1.000000,20135897568.000000,354701.000000
130000,14,35454,0.800000,1.000000,0.622488,1.000000,0.000000,0,0.000000,129548.000000,1.000000,20135897568.000000,354701.000000
130000,15,35486,0.800000,1.000000,0.666451,1.000000,0.000000,0,0.000000,129980.000000,1.000000,20135897568.000000,354701.000000
131000,0,35786,0.800000,1.000000,0.621279,1.000000,0.000000,0,0.000000,130994.000000,1.000000,20470466284.000000,500885.000000
131000,1,35760,0.800000,1.000000,0.633426,1.000000,0.000000,0,0.000000,130132.000000,1.000000,20470466284.000000,500885.000000
131000,2,35752,0.800000,1.000000,0.587839,1.000000,0.000000,0,0.000000,130827.000000,1.000000,20470466284.000000,500885.000000
131000,3,35782,0.800000,1.000000,0.604059,1.000000,0.000000,0,0.000000,130981.000000,1.000000,20470466284.000000,500885.000000
131000,4,35780,0.800000,1.000000,0.598813,1.000000,0.000000,0,0.000000,130977.000000,1.000000,20470466284.000000,500885.000000
131000,5,35785,0.800000,1.000000,0.625638,1.000000,0.000000,0,0.000000,130992.000000,1.000000,20470466284.000000,500885.000000
131000,6,35786,0.800000,1.000000,0.610464,1.000000,0.000000,0,0.000000,130996.000000,1.000000,20470466284.000000,500885.000000
131000,7,35736,0.800000,1.000000,0.495460,1.000000,0.000000,0,0.000000,130592.000000,1.000000,20470466284.000000,500885.000000
131000,8,35685,0.800000,1.000000,0.520585,1.000000,0.000000,0,0.000000,130644.000000,1.000000,20470466284.000000,500885.000000
131000,9,35774,0.800000,1.000000,0.414397,1.000000,0.000000,0,0.000000,130928.000000,1.000000,20470466284.000000,500885.000000
131000,10,35780,0.800000,1.000000,0.596700,1.000000,0.000000,0,0.000000,130917.000000,1.000000,20470466284.000000,500885.000000
131000,11,35786,0.800000,1.000000,0.722275,1.000000,0.000000,0,0.000000,130999.000000,1.000000,20470466284.000000,500885.000000
131000,12,35786,0.800000,1.000000,0.807718,1.000000,0.000000,1,106224.000000,131000.000000,1.000000,20470466284.000000,500885.000000
131000,13,35773,0.800000,1.000000,0.567494,1.000000,0.000000,0,0.000000,130782.000000,1.000000,20470466284.000000,500885.000000
131000,14,35764,0.800000,1.000000,0.593407,1.000000,0.000000,0,0.000000,130477.000000,1.000000,20470466284.000000,500885.000000
131000,15,35785,0.800000,1.000000,0.514606,1.000000,0.000000,0,0.000000,130971.000000,1.000000,20470466284.000000,500885.000000
132000,0,36068,0.800000,1.000000,0.642411,1.000000,0.000000,0,0.000000,131999.000000,1.000000,20772721093.000000,216315.000000
132000,1,35856,0.800000,1.000000,0.725972,1.000000,0.000000,0,0.000000,130132.000000,1.000000,20772721093.000000,216315.000000
132000,2,36068,0.800000,1.000000,0.688449,1.000000,0.000000,1,105189.000000,132000.000000,1.000000,20772721093.000000,216315.000000
132000,3,35998,0.800000,1.000000,0.683640,1.000000,0.000000,0,0.000000,131763.000000,1.000000,20772721093.000000,216315.000000
132000,4,36050,0.800000,1.000000,0.640292,1.000000,0.000000,0,0.000000,131923.000000,1.000000,20772721093.000000,216315.000000
132000,5,36065,0.800000,1.000000,0.551670,1.000000,0.000000,0,0.000000,131914.000000,1.000000,20772721093.000000,216315.000000
132000,6,36069,0.800000,1.000000,0.606834,1.000000,0.000000,0,0.000000,131996.000000,1.000000,20772721093.000000,216315.000000
132000,7,36042,0.800000,1.000000,0.586717,1.000000,0.000000,0,0.000000,130592.000000,1.000000,20772721093.000000,216315.000000
132000,8,35936,0.800000,1.000000,0.604353,1.000000,0.000000,0,0.000000,130644.000000,1.000000,20772721093.000000,216315.000000
132000,9,36058,0.800000,1.000000,0.708979,1.000000,0.000000,0,0.000000,131804.000000,1.000000,20772721093.000000,216315.000000
132000,10,36068,0.800000,1.000000,0.736281,1.000000,0.000000,0,0.000000,131994.000000,1.000000,20772721093.000000,216315.000000
132000,11,36066,0.800000,1.000000,0.560030,1.000000,0.000000,0,0.000000,131984.000000,1.000000,20772721093.000000,216315.000000
132000,12,35971,0.800000,1.000000,0.636019,1.000000,0.000000,0,0.000000,131244.000000,1.000000,20772721093.000000,216315.000000
132000,13,36063,0.800000,1.000000,0.560261,1.000000,0.000000,0,0.000000,131919.000000,1.000000,20772721093.000000,216315.000000
132000,14,36069,0.800000,1.000000,0.686963,1.000000,0.000000,0,0.000000,131997.000000,1.000000,20772721093.000000,216315.000000
132000,15,36062,0.800000,1.000000,0.559395,1.000000,0.000000,0,0.000000,131961.000000,1.000000,20772721093.000000,216315.000000
133000,0,36340,0.800000,1.000000,0.676930,1.000000,0.000000,0,0.000000,132993.000000,1.000000,21081204527.000000,290704.000000
133000,1,35986,0.800000,1.000000,0.616060,1.000000,0.000000,0,0.000000,130132.000000,1.000000,21081204527.000000,290704.000000
133000,2,36341,0.800000,1.000000,0.752418,1.000000,0.000000,0,0.000000,132964.000000,1.000000,21081204527.000000,290704.000000
133000,3,36318,0.800000,1.000000,0.677376,1.000000,0.000000,0,0.000000,131763.000000,1.000000,21081204527.000000,290704.000000
133000,4,36197,0.800000,1.000000,0.549216,1.000000,0.000000,0,0.000000,132326.000000,1.000000,21081204527.000000,290704.000000
133000,5,36341,0.800000,1.000000,0.719141,1.000000,0.000000,0,0.000000,132999.000000,1.000000,21081204527.000000,290704.000000
133000,6,36334,0.800000,1.000000,0.655738,1.000000,0.000000,0,0.000000,132912.000000,1.000000,21081204527.000000,290704.000000
133000,7,36341,0.800000,1.000000,0.617747,1.000000,0.000000,1,109408.000000,133000.000000,1.000000,21081204527.000000,290704.000000
133000,8,36293,0.800000,1.000000,0.742082,1.000000,0.000000,0,0.000000,130644.000000,1.000000,21081204527.000000,290704.000000
133000,9,36291,0.800000,1.000000,0.626361,1.000000,0.000000,0,0.000000,132717.000000,1.000000,21081204527.000000,290704.000000
133000,10,36338,0.800000,1.000000,0.545547,1.000000,0.000000,0,0.000000,132963.000000,1.000000,21081204527.000000,290704.000000
133000,11,36332,0.800000,1.000000,0.656405,1.000000,0.000000,0,0.000000,132892.000000,1.000000,21081204527.000000,290704.000000
133000,12,36340,0.800000,1.000000,0.547207,1.000000,0.000000,0,0.000000,132994.000000,1.000000,21081204527.000000,290704.000000
133000,13,36340,0.800000,1.000000,0.641526,1.000000,0.000000,0,0.000000,132990.000000,1.000000,21081204527.000000,290704.000000
133000,14,36340,0.800000,1.000000,0.679869,1.000000,0.000000,0,0.000000,132998.000000,1.000000,21081204527.000000,290704.000000
133000,15,36301,0.800000,1.000000,0.727830,1.000000,0.000000,0,0.000000,132857.000000,1.000000,21081204527.000000,290704.000000
134000,0,36594,0.800000,1.000000,0.680260,1.000000,0.000000,0,0.000000,133870.000000,1.000000,21368626904.000000,365207.000000
134000,1,36290,0.800000,1.000000,0.638641,1.000000,0.000000,0,0.000000,130132.000000,1.000000,21368626904.000000,365207.000000
134000,2,36597,0.800000,1.000000,0.433948,1.000000,0.000000,0,0.000000,133989.000000,1.000000,21368626904.000000,365207.000000
134000,3,36598,0.800000,1.000000,0.677541,1.000000,0.000000,0,0.000000,133998.000000,1.000000,21368626904.000000,365207.000000
134000,4,36248,0.800000,1.000000,0.726522,1.000000,0.000000,0,0.000000,132326.000000,1.000000,21368626904.000000,365207.000000
134000,5,36598,0.800000,1.000000,0.616951,1.000000,0.000000,1,108289.000000,134000.000000,1.000000,21368626904.000000,365207.000000
134000,6,36582,0.800000,1.000000,0.501771,1.000000,0.000000,0,0.000000,133899.000000,1.000000,21368626904.000000,365207.000000
134000,7,36589,0.800000,1.000000,0.722580,1.000000,0.000000,0,0.000000,133947.000000,1.000000,21368626904.000000,365207.000000
134000,8,36583,0.800000,1.000000,0.530321,1.000000,0.000000,0,0.000000,133907.000000,1.000000,21368626904.000000,365207.000000
134000,9,36576,0.800000,1.000000,0.685103,1.000000,0.000000,0,0.000000,133850.000000,1.000000,21368626904.000000,365207.000000
134000,10,36594,0.800000,1.000000,0.629555,1.000000,0.000000,0,0.000000,133936.000000,1.000000,21368626904.000000,365207.000000
134000,11,36599,0.800000,1.000000,0.696342,1.000000,0.000000,0,0.000000,133996.000000,1.000000,21368626904.000000,365207.000000
134000,12,36558,0.800000,1.000000,0.631855,1.000000,0.000000,0,0.000000,133473.000000,1.000000,21368626904.000000,365207.000000
134000,13,36522,0.800000,1.000000,0.635648,1.000000,0.000000,0,0.000000,133341.000000,1.000000,21368626904.000000,365207.000000
134000,14,36596,0.800000,1.000000,0.729274,1.000000,0.000000,0,0.000000,133987.000000,1.000000,21368626904.000000,365207.000000
134000,15,36594,0.800000,1.000000,0.764924,1.000000,0.000000,0,0.000000,132857.000000,1.000000,21368626904.000000,365207.000000
135000,0,36742,0.800000,1.000000,0.476729,1.000000,0.000000,0,0.000000,134240.000000,1.000000,21683107112.000000,367537.000000
135000,1,36619,0.800000,1.000000,0.594562,1.000000,0.000000,0,0.000000,130132.000000,1.000000,21683107112.000000,367537.000000
135000,2,36860,0.800000,1.000000,0.544539,1.000000,0.000000,0,0.000000,134919.000000,1.000000,21683107112.000000,367537.000000
135000,3,36863,0.800000,1.000000,0.608633,1.000000,0.000000,0,0.000000,134999.000000,1.000000,21683107112.000000,367537.000000
135000,4,36620,0.800000,1.000000,0.582720,1.000000,0.000000,0,0.000000,132326.000000,1.000000,21683107112.000000,367537.000000
135000,5,36840,0.800000,1.000000,0.502487,1.000000,0.000000,0,0.000000,134862.000000,1.000000,21683107112.000000,367537.000000
135000,6,36856,0.800000,1.000000,0.662194,1.000000,0.000000,0,0.000000,134931.000000,1.000000,21683107112.000000,367537.000000
135000,7,36862,0.800000,1.000000,0.498554,1.000000,0.000000,0,0.000000,134981.000000,1.000000,21683107112.000000,367537.000000
135000,8,36853,0.800000,1.000000,0.623781,1.000000,0.000000,0,0.000000,134943.000000,1.000000,21683107112.000000,367537.000000
135000,9,36838,0.800000,1.000000,0.500319,1.000000,0.000000,0,0.000000,134747.000000,1.000000,21683107112.000000,367537.000000
135000,10,36860,0.800000,1.000000,0.666667,1.000000,0.000000,0,0.000000,134972.000000,1.000000,21683107112.000000,367537.000000
135000,11,36864,0.800000,1.000000,0.673580,1.000000,0.000000,0,0.000000,134992.000000,1.000000,21683107112.000000,367537.000000
135000,12,36864,0.800000,1.000000,0.656382,1.000000,0.000000,1,109671.000000,135000.000000,1.000000,21683107112.000000,367537.000000
135000,13,36777,0.800000,1.000000,0.737701,1.000000,0.000000,0,0.000000,133341.000000,1.000000,21683107112.000000,367537.000000
135000,14,36830,0.800000,1.000000,0.614459,1.000000,0.000000,0,0.000000,134201.000000,1.000000,21683107112.000000,367537.000000
135000,15,36858,0.800000,1.000000,0.596688,1.000000,0.000000,0,0.000000,134959.000000,1.000000,21683107112.000000,367537.000000
136000,0,37035,0.800000,1.000000,0.648132,1.000000,0.000000,0,0.000000,134240.000000,1.000000,22023040206.000000,222369.000000
136000,1,37022,0.800000,1.000000,0.587002,1.000000,0.000000,0,0.000000,130132.000000,1.000000,22023040206.000000,222369.000000
136000,2,37136,0.800000,1.000000,0.633305,1.000000,0.000000,0,0.000000,135996.000000,1.000000,22023040206.000000,222369.000000
136000,3,37135,0.800000,1.000000,0.630018,1.000000,0.000000,0,0.000000,135998.000000,1.000000,22023040206.000000,222369.000000
136000,4,37008,0.800000,1.000000,0.763876,1.000000,0.000000,0,0.000000,132326.000000,1.000000,22023040206.000000,222369.000000
136000,5,37134,0.800000,1.000000,0.585179,1.000000,0.000000,0,0.000000,135965.000000,1.000000,22023040206.000000,222369.000000
136000,6,37124,0.800000,1.000000,0.627060,1.000000,0.000000,0,0.000000,135893.000000,1.000000,22023040206.000000,222369.000000
136000,7,37030,0.800000,1.000000,0.611636,1.000000,0.000000,0,0.000000,135353.000000,1.000000,22023040206.000000,222369.000000
136000,8,37134,0.800000,1.000000,0.569508,1.000000,0.000000,0,0.000000,135985.000000,1.000000,22023040206.000000,222369.000000
136000,9,37118,0.800000,1.000000,0.657257,1.000000,0.000000,0,0.000000,135612.000000,1.000000,22023040206.000000,222369.000000
136000,10,37077,0.800000,1.000000,0.685773,1.000000,0.000000,0,0.000000,135458.000000,1.000000,22023040206.000000,222369.000000
136000,11,37135,0.800000,1.000000,0.622593,1.000000,0.000000,0,0.000000,135995.000000,1.000000,22023040206.000000,222369.000000
136000,12,37113,0.800000,1.000000,0.672235,1.000000,0.000000,0,0.000000,135853.000000,1.000000,22023040206.000000,222369.000000
136000,13,37135,0.800000,1.000000,0.649173,1.000000,0.000000,0,0.000000,135986.000000,1.000000,22023040206.000000,222369.000000
136000,14,37136,0.800000,1.000000,0.706050,1.000000,0.000000,1,111363.000000,136000.000000,1.000000,22023040206.000000,222369.000000
136000,15,37134,0.800000,1.000000,0.649510,1.000000,0.000000,0,0.000000,135994.000000,1.000000,22023040206.000000,222369.000000
137000,0,37339,0.800000,1.000000,0.670010,1.000000,0.000000,0,0.000000,136837.000000,1.000000,22318512075.000000,672409.000000
137000,1,37348,0.800000,1.000000,0.544334,1.000000,0.000000,0,0.000000,136858.000000,1.000000,22318512075.000000,672409.000000
137000,2,37362,0.800000,1.000000,0.595097,1.000000,0.000000,0,0.000000,136959.000000,1.000000,22318512075.000000,672409.000000
137000,3,37365,0.800000,1.000000,0.677752,1.000000,0.000000,0,0.000000,136986.000000,1.000000,22318512075.000000,672409.000000
137000,4,37346,0.800000,1.000000,0.741834,1.000000,0.000000,0,0.000000,132326.000000,1.000000,22318512075.000000,672409.000000
137000,5,37349,0.800000,1.000000,0.547659,1.000000,0.000000,0,0.000000,136597.000000,1.000000,22318512075.000000,672409.000000
137000,6,37364,0.800000,1.000000,0.568098,1.000000,0.000000,0,0.000000,136980.000000,1.000000,22318512075.000000,672409.000000
137000,7,37359,0.800000,1.000000,0.565324,1.000000,0.000000,0,0.000000,135353.000000,1.000000,22318512075.000000,672409.000000
137000,8,37218,0.800000,1.000000,0.785347,1.000000,0.000000,0,0.000000,136287.000000,1.000000,22318512075.000000,672409.000000
137000,9,37350,0.800000,1.000000,0.586743,1.000000,0.000000,0,0.000000,136735.000000,1.000000,22318512075.000000,672409.000000
137000,10,37366,0.800000,1.000000,0.690454,1.000000,0.000000,0,0.000000,136999.000000,1.000000,22318512075.000000,672409.000000
137000,11,37363,0.800000,1.000000,0.581138,1.000000,0.000000,0,0.000000,136887.000000,1.000000,22318512075.000000,672409.000000
137000,12,37367,0.800000,1.000000,0.605370,1.000000,0.000000,0,0.000000,136993.000000,1.000000,22318512075.000000,672409.000000
137000,13,37367,0.800000,1.000000,0.639464,1.000000,0.000000,1,113104.000000,137000.000000,1.000000,22318512075.000000,672409.000000
137000,14,37368,0.800000,1.000000,0.752513,1.000000,0.000000,0,0.000000,136998.000000,1.000000,22318512075.000000,672409.000000
137000,15,37344,0.800000,1.000000,0.429789,1.000000,0.000000,0,0.000000,136675.000000,1.000000,22318512075.000000,672409.000000
138000,0,37608,0.800000,1.000000,0.630994,1.000000,0.000000,0,0.000000,137571.000000,1.000000,22634747065.000000,301066.000000
138000,1,37570,0.800000,1.000000,0.763551,1.000000,0.000000,0,0.000000,137595.000000,1.000000,22634747065.000000,301066.000000
138000,2,37595,0.800000,1.000000,0.629586,1.000000,0.000000,0,0.000000,137018.000000,1.000000,22634747065.000000,301066.000000
138000,3,37632,0.800000,1.000000,0.613477,1.000000,0.000000,0,0.000000,137931.000000,1.000000,22634747065.000000,301066.000000
138000,4,37643,0.800000,1.000000,0.674920,1.000000,0.000000,0,0.000000,137983.000000,1.000000,22634747065.000000,301066.000000
138000,5,37629,0.800000,1.000000,0.677396,1.000000,0.000000,0,0.000000,137930.000000,1.000000,22634747065.000000,301066.000000
138000,6,37641,0.800000,1.000000,0.559948,1.000000,0.000000,0,0.000000,137555.000000,1.000000,22634747065.000000,301066.000000
138000,7,37643,0.800000,1.000000,0.773488,1.000000,0.000000,0,0.000000,137999.000000,1.000000,22634747065.000000,301066.000000
138000,8,37366,0.800000,1.000000,0.676444,1.000000,0.000000,0,0.000000,136287.000000,1.000000,22634747065.000000,301066.000000
138000,9,37643,0.800000,1.000000,0.685230,1.000000,0.000000,0,0.000000,137998.000000,1.000000,22634747065.000000,301066.000000
138000,10,37641,0.800000,1.000000,0.604905,1.000000,0.000000,0,0.000000,137967.000000,1.000000,22634747065.000000,301066.000000
138000,11,37634,0.800000,1.000000,0.549670,1.000000,0.000000,0,0.000000,137953.000000,1.000000,22634747065.000000,301066.000000
138000,12,37639,0.800000,1.000000,0.629690,1.000000,0.000000,0,0.000000,137979.000000,1.000000,22634747065.000000,301066.000000
138000,13,37622,0.800000,1.000000,0.754757,1.000000,0.000000,0,0.000000,137830.000000,1.000000,22634747065.000000,301066.000000
138000,14,37643,0.800000,1.000000,0.723529,1.000000,0.000000,0,0.000000,137992.000000,1.000000,22634747065.000000,301066.000000
138000,15,37644,0.800000,1.000000,0.645389,1.000000,0.000000,1,108497.000000,138000.000000,1.000000,22634747065.000000,301066.000000
139000,0,37833,0.800000,1.000000,0.588248,1.000000,0.000000,0,0.000000,138291.000000,1.000000,22945455756.000000,605584.000000
139000,1,37823,0.800000,1.000000,0.537641,1.000000,0.000000,0,0.000000,137595.000000,1.000000,22945455756.000000,605584.000000
139000,2,37892,0.800000,1.000000,0.639739,1.000000,0.000000,0,0.000000,138964.000000,1.000000,22945455756.000000,605584.000000
139000,3,37895,0.800000,1.000000,0.574825,1.000000,0.000000,1,114724.000000,139000.000000,1.000000,22945455756.000000,605584.000000
139000,4,37878,0.800000,1.000000,0.495536,1.000000,0.000000,0,0.000000,138866.000000,1.000000,22945455756.000000,605584.000000
139000,5,37892,0.800000,1.000000,0.655343,1.000000,0.000000,0,0.000000,137930.000000,1.000000,22945455756.000000,605584.000000
139000,6,37895,0.800000,1.000000,0.652246,1.000000,0.000000,0,0.000000,138914.000000,1.000000,22945455756.000000,605584.000000
139000,7,37885,0.800000,1.000000,0.715841,1.000000,0.000000,0,0.000000,138799.000000,1.000000,22945455756.000000,605584.000000
139000,8,37771,0.800000,1.000000,0.629238,1.000000,0.000000,0,0.000000,136287.000000,1.000000,22945455756.000000,605584.000000
139000,9,37894,0.800000,1.000000,0.605276,1.000000,0.000000,0,0.000000,138980.000000,1.000000,22945455756.000000,605584.000000
139000,10,37895,0.800000,1.000000,0.629107,1.000000,0.000000,0,0.000000,138994.000000,1.000000,22945455756.000000,605584.000000
139000,11,37886,0.800000,1.000000,0.579613,1.000000,0.000000,0,0.000000,138606.000000,1.000000,22945455756.000000,605584.000000
139000,12,37895,0.800000,1.000000,0.695919,1.000000,0.000000,0,0.000000,138997.000000,1.000000,22945455756.000000,605584.000000
139000,13,37874,0.800000,1.000000,0.687774,1.000000,0.000000,0,0.000000,138895.000000,1.000000,22945455756.000000,605584.000000
139000,14,37806,0.800000,1.000000,0.686948,1.000000,0.000000,0,0.000000,138371.000000,1.000000,22945455756.000000,605584.000000
139000,15,37896,0.800000,1.000000,0.733000,1.000000,0.000000,0,0.000000,138999.000000,1.000000,22945455756.000000,605584.000000
140000,0,38139,0.800000,1.000000,0.662793,1.000000,0.000000,0,0.000000,139927.000000,1.000000,23269918307.000000,762826.000000
140000,1,38120,0.800000,1.000000,0.616030,1.000000,0.000000,0,0.000000,137595.000000,1.000000,23269918307.000000,762826.000000
140000,2,38133,0.800000,1.000000,0.665064,1.000000,0.000000,0,0.000000,139640.000000,1.000000,23269918307.000000,762826.000000
140000,3,38152,0.800000,1.000000,0.686551,1.000000,0.000000,0,0.000000,139988.000000,1.000000,23269918307.000000,762826.000000
140000,4,38156,0.800000,1.000000,0.667135,1.000000,0.000000,0,0.000000,139997.000000,1.000000,23269918307.000000,762826.000000
140000,5,38156,0.800000,1.000000,0.612831,1.000000,0.000000,0,0.000000,139998.000000,1.000000,23269918307.000000,762826.000000
140000,6,38155,0.800000,1.000000,0.688270,1.000000,0.000000,0,0.000000,139999.000000,1.000000,23269918307.000000,762826.000000
140000,7,38156,0.800000,1.000000,0.627863,1.000000,0.000000,1,114670.000000,140000.000000,1.000000,23269918307.000000,762826.000000
140000,8,38141,0.800000,1.000000,0.617163,1.000000,0.000000,0,0.000000,136287.000000,1.000000,23269918307.000000,762826.000000
140000,9,38026,0.800000,1.000000,0.757145,1.000000,0.000000,0,0.000000,139497.000000,1.000000,23269918307.000000,762826.000000
140000,10,38151,0.800000,1.000000,0.578817,1.000000,0.000000,0,0.000000,139956.000000,1.000000,23269918307.000000,762826.000000
140000,11,38090,0.800000,1.000000,0.490333,1.000000,0.000000,0,0.000000,139222.000000,1.000000,23269918307.000000,762826.000000
140000,12,38149,0.800000,1.000000,0.594169,1.000000,0.000000,0,0.000000,139901.000000,1.000000,23269918307.000000,762826.000000
140000,13,38144,0.800000,1.000000,0.672224,1.000000,0.000000,0,0.000000,138895.000000,1.000000,23269918307.000000,762826.000000
140000,14,38157,0.800000,1.000000,0.713520,1.000000,0.000000,0,0.000000,139993.000000,1.000000,23269918307.000000,762826.000000
140000,15,38154,0.800000,1.000000,0.495165,1.000000,0.000000,0,0.000000,139972.000000,1.000000,23269918307.000000,762826.000000
141000,0,38417,0.800000,1.000000,0.697133,1.000000,0.000000,0,0.000000,140760.000000,1.000000,23611247762.000000,460894.000000
141000,1,38426,0.800000,1.000000,0.704183,1.000000,0.000000,0,0.000000,140954.000000,1.000000,23611247762.000000,460894.000000
141000,2,38426,0.800000,1.000000,0.673544,1.000000,0.000000,0,0.000000,140993.000000,1.000000,23611247762.000000,460894.000000
141000,3,38427,0.800000,1.000000,0.740100,1.000000,0.000000,0,0.000000,140999.000000,1.000000,23611247762.000000,460894.000000
141000,4,38401,0.800000,1.000000,0.585911,1.000000,0.000000,0,0.000000,140662.000000,1.000000,23611247762.000000,460894.000000
141000,5,38427,0.800000,1.000000,0.589664,1.000000,0.000000,0,0.000000,140971.000000,1.000000,23611247762.000000,460894.000000
141000,6,38427,0.800000,1.000000,0.672314,1.000000,0.000000,1,112442.000000,141000.000000,1.000000,23611247762.000000,460894.000000
141000,7,38427,0.800000,1.000000,0.714272,1.000000,0.000000,0,0.000000,140998.000000,1.000000,23611247762.000000,460894.000000
141000,8,38428,0.800000,1.000000,0.584315,1.000000,0.000000,0,0.000000,140992.000000,1.000000,23611247762.000000,460894.000000
141000,9,38351,0.800000,1.000000,0.643280,1.000000,0.000000,0,0.000000,139497.000000,1.000000,23611247762.000000,460894.000000
141000,10,38413,0.800000,1.000000,0.687988,1.000000,0.000000,0,0.000000,140674.000000,1.000000,23611247762.000000,460894.000000
141000,11,38414,0.800000,1.000000,0.692635,1.000000,0.000000,0,0.000000,140947.000000,1.000000,23611247762.000000,460894.000000
141000,12,38420,0.800000,1.000000,0.604815,1.000000,0.000000,0,0.000000,140952.000000,1.000000,23611247762.000000,460894.000000
141000,13,38417,0.800000,1.000000,0.527897,1.000000,0.000000,0,0.000000,140856.000000,1.000000,23611247762.000000,460894.000000
141000,14,38423,0.800000,1.000000,0.515047,1.000000,0.000000,0,0.000000,140903.000000,1.000000,23611247762.000000,460894.000000
141000,15,38394,0.800000,1.000000,0.689833,1.000000,0.000000,0,0.000000,140447.000000,1.000000,23611247762.000000,460894.000000
142000,0,38699,0.800000,1.000000,0.722000,1.000000,0.000000,0,0.000000,141999.000000,1.000000,23948108885.000000,232137.000000
142000,1,38697,0.800000,1.000000,0.587949,1.000000,0.000000,0,0.000000,141989.000000,1.000000,23948108885.000000,232137.000000
142000,2,38657,0.800000,1.000000,0.555967,1.000000,0.000000,0,0.000000,141578.000000,1.000000,23948108885.000000,232137.000000
142000,3,38698,0.800000,1.000000,0.658096,1.000000,0.000000,0,0.000000,141991.000000,1.000000,23948108885.000000,232137.000000
142000,4,38691,0.800000,1.000000,0.490913,1.000000,0.000000,0,0.000000,141907.000000,1.000000,23948108885.000000,232137.000000
142000,5,38696,0.800000,1.000000,0.655286,1.000000,0.000000,0,0.000000,141988.000000,1.000000,23948108885.000000,232137.000000
142000,6,38675,0.800000,1.000000,0.686913,1.000000,0.000000,0,0.000000,141498.000000,1.000000,23948108885.000000,232137.000000
142000,7,38690,0.800000,1.000000,0.668055,1.000000,0.000000,0,0.000000,141920.000000,1.000000,23948108885.000000,232137.000000
142000,8,38700,0.800000,1.000000,0.747165,1.000000,0.000000,0,0.000000,141996.000000,1.000000,23948108885.000000,232137.000000
142000,9,38699,0.800000,1.000000,0.642780,1.000000,0.000000,0,0.000000,139497.000000,1.000000,23948108885.000000,232137.000000
142000,10,38700,0.800000,1.000000,0.650449,1.000000,0.000000,1,113983.000000,142000.000000,1.000000,23948108885.000000,232137.000000
142000,11,38699,0.800000,1.000000,0.618226,1.000000,0.000000,0,0.000000,141997.000000,1.000000,23948108885.000000,232137.000000
142000,12,38697,0.800000,1.000000,0.499629,1.000000,0.000000,0,0.000000,141980.000000,1.000000,23948108885.000000,232137.000000
142000,13,38699,0.800000,1.000000,0.646150,1.000000,0.000000,0,0.000000,141998.000000,1.000000,23948108885.000000,232137.000000
142000,14,38668,0.800000,1.000000,0.601223,1.000000,0.000000,0,0.000000,141867.000000,1.000000,23948108885.000000,232137.000000
142000,15,38642,0.800000,1.000000,0.681023,1.000000,0.000000,0,0.000000,141337.000000,1.000000,23948108885.000000,232137.000000
143000,0,38982,0.800000,1.000000,0.612651,1.000000,0.000000,0,0.000000,142996.000000,1.000000,24296947671.000000,467642.000000
143000,1,38981,0.800000,1.000000,0.595991,1.000000,0.000000,0,0.000000,142989.000000,1.000000,24296947671.000000,467642.000000
143000,2,38981,0.800000,1.000000,0.686419,1.000000,0.000000,0,0.000000,142985.000000,1.000000,24296947671.000000,467642.000000
143000,3,38981,0.800000,1.000000,0.577192,1.000000,0.000000,0,0.000000,142993.000000,1.000000,24296947671.000000,467642.000000
143000,4,38978,0.800000,1.000000,0.606762,1.000000,0.000000,0,0.000000,142144.000000,1.000000,24296947671.000000,467642.000000
143000,5,38974,0.800000,1.000000,0.656817,1.000000,0.000000,0,0.000000,142845.000000,1.000000,24296947671.000000,467642.000000
143000,6,38981,0.800000,1.000000,0.520552,1.000000,0.000000,0,0.000000,142920.000000,1.000000,24296947671.000000,467642.000000
143000,7,38983,0.800000,1.000000,0.719451,1.000000,0.000000,0,0.000000,142999.000000,1.000000,24296947671.000000,467642.000000
143000,8,38896,0.800000,1.000000,0.713453,1.000000,0.000000,0,0.000000,142670.000000,1.000000,24296947671.000000,467642.000000
143000,9,38978,0.800000,1.000000,0.605152,1.000000,0.000000,0,0.000000,142975.000000,1.000000,24296947671.000000,467642.000000
143000,10,38922,0.800000,1.000000,0.644319,1.000000,0.000000,0,0.000000,142104.000000,1.000000,24296947671.000000,467642.000000
143000,11,38976,0.800000,1.000000,0.631161,1.000000,0.000000,0,0.000000,142870.000000,1.000000,24296947671.000000,467642.000000
143000,12,38980,0.800000,1.000000,0.551641,1.000000,0.000000,0,0.000000,142984.000000,1.000000,24296947671.000000,467642.000000
143000,13,38983,0.800000,1.000000,0.657656,1.000000,0.000000,1,117962.000000,143000.000000,1.000000,24296947671.000000,467642.000000
143000,14,38982,0.800000,1.000000,0.553066,1.000000,0.000000,0,0.000000,142983.000000,1.000000,24296947671.000000,467642.000000
143000,15,38941,0.800000,1.000000,0.679555,1.000000,0.000000,0,0.000000,141337.000000,1.000000,24296947671.000000,467642.000000
144000,0,39257,0.800000,1.000000,0.679965,1.000000,0.000000,0,0.000000,143312.000000,1.000000,24652142470.000000,157026.000000
144000,1,39257,0.800000,1.000000,0.699751,1.000000,0.000000,0,0.000000,143971.000000,1.000000,24652142470.000000,157026.000000
144000,2,39260,0.800000,1.000000,0.645910,1.000000,0.000000,0,0.000000,143994.000000,1.000000,24652142470.000000,157026.000000
144000,3,39252,0.800000,1.000000,0.660368,1.000000,0.000000,0,0.000000,143456.000000,1.000000,24652142470.000000,157026.000000
144000,4,39257,0.800000,1.000000,0.614075,1.000000,0.000000,0,0.000000,143934.000000,1.000000,24652142470.000000,157026.000000
144000,5,39261,0.800000,1.000000,0.724425,1.000000,0.000000,0,0.000000,143998.000000,1.000000,24652142470.000000,157026.000000
144000,6,39224,0.800000,1.000000,0.544697,1.000000,0.000000,0,0.000000,143028.000000,1.000000,24652142470.000000,157026.000000
144000,7,39261,0.800000,1.000000,0.664436,1.000000,0.000000,0,0.000000,143999.000000,1.000000,24652142470.000000,157026.000000
144000,8,39261,0.800000,1.000000,0.556408,1.000000,0.000000,0,0.000000,143985.000000,1.000000,24652142470.000000,157026.000000
144000,9,39253,0.800000,1.000000,0.623043,1.000000,0.000000,0,0.000000,143388.000000,1.000000,24652142470.000000,157026.000000
144000,10,39245,0.800000,1.000000,0.618746,1.000000,0.000000,0,0.000000,143601.000000,1.000000,24652142470.000000,157026.000000
144000,11,39256,0.800000,1.000000,0.611250,1.000000,0.000000,0,0.000000,143928.000000,1.000000,24652142470.000000,157026.000000
144000,12,39221,0.800000,1.000000,0.563362,1.000000,0.000000,0,0.000000,143745.000000,1.000000,24652142470.000000,157026.000000
144000,13,39261,0.800000,1.000000,0.704747,1.000000,0.000000,1,118616.000000,144000.000000,1.000000,24652142470.000000,157026.000000
144000,14,39252,0.800000,1.000000,0.637649,1.000000,0.000000,0,0.000000,143639.000000,1.000000,24652142470.000000,157026.000000
144000,15,39262,0.800000,1.000000,0.640559,1.000000,0.000000,0,0.000000,143986.000000,1.000000,24652142470.000000,157026.000000
145000,0,39559,0.800000,1.000000,0.605840,1.000000,0.000000,0,0.000000,144255.000000,1.000000,25021710734.000000,395309.000000
145000,1,39559,0.800000,1.000000,0.634013,1.000000,0.000000,1,117941.000000,145000.000000,1.000000,25021710734.000000,395309.000000
145000,2,39544,0.800000,1.000000,0.620922,1.000000,0.000000,0,0.000000,144933.000000,1.000000,25021710734.000000,395309.000000
145000,3,39548,0.800000,1.000000,0.589898,1.000000,0.000000,0,0.000000,144961.000000,1.000000,25021710734.000000,395309.000000
145000,4,39558,0.800000,1.000000,0.712094,1.000000,0.000000,0,0.000000,144996.000000,1.000000,25021710734.000000,395309.000000
145000,5,39556,0.800000,1.000000,0.722923,1.000000,0.000000,0,0.000000,144837.000000,1.000000,25021710734.000000,395309.000000
145000,6,39558,0.800000,1.000000,0.533593,1.000000,0.000000,0,0.000000,144929.000000,1.000000,25021710734.000000,395309.000000
145000,7,39518,0.800000,1.000000,0.701560,1.000000,0.000000,0,0.000000,144530.000000,1.000000,25021710734.000000,395309.000000
145000,8,39490,0.800000,1.000000,0.578782,1.000000,0.000000,0,0.000000,144058.000000,1.000000,25021710734.000000,395309.000000
145000,9,39555,0.800000,1.000000,0.636579,1.000000,0.000000,0,0.000000,144971.000000,1.000000,25021710734.000000,395309.000000
145000,10,39556,0.800000,1.000000,0.606852,1.000000,0.000000,0,0.000000,144906.000000,1.000000,25021710734.000000,395309.000000
145000,11,39560,0.800000,1.000000,0.667458,1.000000,0.000000,0,0.000000,144962.000000,1.000000,25021710734.000000,395309.000000
145000,12,39501,0.800000,1.000000,0.613695,1.000000,0.000000,0,0.000000,143745.000000,1.000000,25021710734.000000,395309.000000
145000,13,39549,0.800000,1.000000,0.622079,1.000000,0.000000,0,0.000000,144786.000000,1.000000,25021710734.000000,395309.000000
145000,14,39559,0.800000,1.000000,0.642840,1.000000,0.000000,0,0.000000,144999.000000,1.000000,25021710734.000000,395309.000000
145000,15,39560,0.800000,1.000000,0.694994,1.000000,0.000000,0,0.000000,144995.000000,1.000000,25021710734.000000,395309.000000
146000,0,39841,0.800000,1.000000,0.629658,1.000000,0.000000,0,0.000000,145009.000000,1.000000,25393941787.000000,478134.000000
146000,1,39850,0.800000,1.000000,0.742083,1.000000,0.000000,0,0.000000,145999.000000,1.000000,25393941787.000000,478134.000000
146000,2,39846,0.800000,1.000000,0.666857,1.000000,0.000000,0,0.000000,145985.000000,1.000000,25393941787.000000,478134.000000
146000,3,39788,0.800000,1.000000,0.593497,1.000000,0.000000,0,0.000000,145626.000000,1.000000,25393941787.000000,478134.000000
146000,4,39850,0.800000,1.000000,0.649912,1.000000,0.000000,0,0.000000,145997.000000,1.000000,25393941787.000000,478134.000000
146000,5,39850,0.800000,1.000000,0.748381,1.000000,0.000000,0,0.000000,145972.000000,1.000000,25393941787.000000,478134.000000
146000,6,39838,0.800000,1.000000,0.549212,1.000000,0.000000,0,0.000000,145905.000000,1.000000,25393941787.000000,478134.000000
146000,7,39845,0.800000,1.000000,0.601691,1.000000,0.000000,0,0.000000,145968.000000,1.000000,25393941787.000000,478134.000000
146000,8,39839,0.800000,1.000000,0.718673,1.000000,0.000000,0,0.000000,144058.000000,1.000000,25393941787.000000,478134.000000
146000,9,39850,0.800000,1.000000,0.681651,1.000000,0.000000,0,0.000000,145995.000000,1.000000,25393941787.000000,478134.000000
146000,10,39834,0.800000,1.000000,0.644316,1.000000,0.000000,0,0.000000,145833.000000,1.000000,25393941787.000000,478134.000000
146000,11,39841,0.800000,1.000000,0.423419,1.000000,0.000000,0,0.000000,145899.000000,1.000000,25393941787.000000,478134.000000
146000,12,39796,0.800000,1.000000,0.727713,1.000000,0.000000,0,0.000000,143745.000000,1.000000,25393941787.000000,478134.000000
146000,13,39851,0.800000,1.000000,0.666109,1.000000,0.000000,1,120123.000000,146000.000000,1.000000,25393941787.000000,478134.000000
146000,14,39851,0.800000,1.000000,0.740938,1.000000,0.000000,0,0.000000,145998.000000,1.000000,25393941787.000000,478134.000000
146000,15,39849,0.800000,1.000000,0.622487,1.000000,0.000000,0,0.000000,145960.000000,1.000000,25393941787.000000,478134.000000
147000,0,40122,0.800000,1.000000,0.603424,1.000000,0.000000,0,0.000000,146969.000000,1.000000,25748777441.000000,561707.000000
147000,1,40120,0.800000,1.000000,0.615820,1.000000,0.000000,0,0.000000,146947.000000,1.000000,25748777441.000000,561707.000000
147000,2,40095,0.800000,1.000000,0.737005,1.000000,0.000000,0,0.000000,145985.000000,1.000000,25748777441.000000,561707.000000
147000,3,40123,0.800000,1.000000,0.647829,1.000000,0.000000,0,0.000000,146991.000000,1.000000,25748777441.000000,561707.000000
147000,4,40103,0.800000,1.000000,0.610876,1.000000,0.000000,0,0.000000,146528.000000,1.000000,25748777441.000000,561707.000000
147000,5,40124,0.800000,1.000000,0.602609,1.000000,0.000000,0,0.000000,146955.000000,1.000000,25748777441.000000,561707.000000
147000,6,40122,0.800000,1.000000,0.552946,1.000000,0.000000,0,0.000000,146997.000000,1.000000,25748777441.000000,561707.000000
147000,7,40123,0.800000,1.000000,0.647138,1.000000,0.000000,0,0.000000,146999.000000,1.000000,25748777441.000000,561707.000000
147000,8,40123,0.800000,1.000000,0.702446,1.000000,0.000000,0,0.000000,146989.000000,1.000000,25748777441.000000,561707.000000
147000,9,40121,0.800000,1.000000,0.640651,1.000000,0.000000,0,0.000000,146984.000000,1.000000,25748777441.000000,561707.000000
147000,10,40123,0.800000,1.000000,0.663407,1.000000,0.000000,0,0.000000,146995.000000,1.000000,25748777441.000000,561707.000000
147000,11,40113,0.800000,1.000000,0.651540,1.000000,0.000000,0,0.000000,146652.000000,1.000000,25748777441.000000,561707.000000
147000,12,40108,0.800000,1.000000,0.593813,1.000000,0.000000,0,0.000000,146837.000000,1.000000,25748777441.000000,561707.000000
147000,13,40124,0.800000,1.000000,0.569026,1.000000,0.000000,0,0.000000,146971.000000,1.000000,25748777441.000000,561707.000000
147000,14,40124,0.800000,1.000000,0.664818,1.000000,0.000000,1,119127.000000,147000.000000,1.000000,25748777441.000000,561707.000000
147000,15,40089,0.800000,1.000000,0.633463,1.000000,0.000000,0,0.000000,146833.000000,1.000000,25748777441.000000,561707.000000
148000,0,40401,0.800000,1.000000,0.653888,1.000000,0.000000,0,0.000000,147985.000000,1.000000,26096470758.000000,565503.000000
148000,1,40367,0.800000,1.000000,0.597092,1.000000,0.000000,0,0.000000,147454.000000,1.000000,26096470758.000000,565503.000000
148000,2,40379,0.800000,1.000000,0.731719,1.000000,0.000000,0,0.000000,147580.000000,1.000000,26096470758.000000,565503.000000
148000,3,40363,0.800000,1.000000,0.656846,1.000000,0.000000,0,0.000000,147777.000000,1.000000,26096470758.000000,565503.000000
148000,4,40400,0.800000,1.000000,0.642811,1.000000,0.000000,0,0.000000,147505.000000,1.000000,26096470758.000000,565503.000000
148000,5,40337,0.800000,1.000000,0.590755,1.000000,0.000000,0,0.000000,147517.000000,1.000000,26096470758.000000,565503.000000
148000,6,40403,0.800000,1.000000,0.709055,1.000000,0.000000,0,0.000000,147999.000000,1.000000,26096470758.000000,565503.000000
148000,7,40369,0.800000,1.000000,0.505530,1.000000,0.000000,0,0.000000,147851.000000,1.000000,26096470758.000000,565503.000000
148000,8,40394,0.800000,1.000000,0.589805,1.000000,0.000000,0,0.000000,147422.000000,1.000000,26096470758.000000,565503.000000
148000,9,40404,0.800000,1.000000,0.790690,1.000000,0.000000,1,120110.000000,148000.000000,1.000000,26096470758.000000,565503.000000
148000,10,40405,0.800000,1.000000,0.698593,1.000000,0.000000,0,0.000000,147983.000000,1.000000,26096470758.000000,565503.000000
148000,11,40404,0.800000,1.000000,0.658407,1.000000,0.000000,0,0.000000,147998.000000,1.000000,26096470758.000000,565503.000000
148000,12,40405,0.800000,1.000000,0.640866,1.000000,0.000000,0,0.000000,147997.000000,1.000000,26096470758.000000,565503.000000
148000,13,40396,0.800000,1.000000,0.598472,1.000000,0.000000,0,0.000000,147140.000000,1.000000,26096470758.000000,565503.000000
148000,14,40393,0.800000,1.000000,0.552717,1.000000,0.000000,0,0.000000,147917.000000,1.000000,26096470758.000000,565503.000000
148000,15,40356,0.800000,1.000000,0.651669,1.000000,0.000000,0,0.000000,146833.000000,1.000000,26096470758.000000,565503.000000
149000,0,40683,0.800000,1.000000,0.575710,1.000000,0.000000,0,0.000000,148872.000000,1.000000,26461868966.000000,81329.000000
149000,1,40670,0.800000,1.000000,0.663352,1.000000,0.000000,0,0.000000,147454.000000,1.000000,26461868966.000000,81329.000000
149000,2,40684,0.800000,1.000000,0.666272,1.000000,0.000000,0,0.000000,148990.000000,1.000000,26461868966.000000,81329.000000
149000,3,40663,0.800000,1.000000,0.498036,1.000000,0.000000,0,0.000000,148779.000000,1.000000,26461868966.000000,81329.000000
149000,4,40684,0.800000,1.000000,0.603345,1.000000,0.000000,1,122477.000000,149000.000000,1.000000,26461868966.000000,81329.000000
149000,5,40634,0.800000,1.000000,0.622386,1.000000,0.000000,0,0.000000,147517.000000,1.000000,26461868966.000000,81329.000000
149000,6,40683,0.800000,1.000000,0.662314,1.000000,0.000000,0,0.000000,148917.000000,1.000000,26461868966.000000,81329.000000
149000,7,40562,0.800000,1.000000,0.561192,1.000000,0.000000,0,0.000000,148412.000000,1.000000,26461868966.000000,81329.000000
149000,8,40683,0.800000,1.000000,0.648690,1.000000,0.000000,0,0.000000,148996.000000,1.000000,26461868966.000000,81329.000000
149000,9,40662,0.800000,1.000000,0.540611,1.000000,0.000000,0,0.000000,148463.000000,1.000000,26461868966.000000,81329.000000
149000,10,40684,0.800000,1.000000,0.647488,1.000000,0.000000,0,0.000000,148998.000000,1.000000,26461868966.000000,81329.000000
149000,11,40675,0.800000,1.000000,0.674979,1.000000,0.000000,0,0.000000,148966.000000,1.000000,26461868966.000000,81329.000000
149000,12,40684,0.800000,1.000000,0.645354,1.000000,0.000000,0,0.000000,148989.000000,1.000000,26461868966.000000,81329.000000
149000,13,40665,0.800000,1.000000,0.537667,1.000000,0.000000,0,0.000000,148498.000000,1.000000,26461868966.000000,81329.000000
149000,14,40684,0.800000,1.000000,0.623314,1.000000,0.000000,0,0.000000,148994.000000,1.000000,26461868966.000000,81329.000000
149000,15,40684,0.800000,1.000000,0.637227,1.000000,0.000000,0,0.000000,148993.000000,1.000000,26461868966.000000,81329.000000
150000,0,40970,0.800000,1.000000,0.796826,1.000000,0.000000,0,0.000000,149999.000000,1.000000,26834055586.000000,655182.000000
150000,1,40940,0.800000,1.000000,0.756384,1.000000,0.000000,0,0.000000,147454.000000,1.000000,26834055586.000000,655182.000000
150000,2,40955,0.800000,1.000000,0.629450,1.000000,0.000000,0,0.000000,149939.000000,1.000000,26834055586.000000,655182.000000
150000,3,40970,0.800000,1.000000,0.589077,1.000000,0.000000,0,0.000000,149961.000000,1.000000,26834055586.000000,655182.000000
150000,4,40971,0.800000,1.000000,0.624547,1.000000,0.000000,0,0.000000,149985.000000,1.000000,26834055586.000000,655182.000000
150000,5,40928,0.800000,1.000000,0.656476,1.000000,0.000000,0,0.000000,147517.000000,1.000000,26834055586.000000,655182.000000
150000,6,40963,0.800000,1.000000,0.721496,1.000000,0.000000,0,0.000000,149831.000000,1.000000,26834055586.000000,655182.000000
150000,7,40877,0.800000,1.000000,0.724149,1.000000,0.000000,0,0.000000,148412.000000,1.000000,26834055586.000000,655182.000000
150000,8,40947,0.800000,1.000000,0.488609,1.000000,0.000000,0,0.000000,149763.000000,1.000000,26834055586.000000,655182.000000
150000,9,40903,0.800000,1.000000,0.694124,1.000000,0.000000,0,0.000000,149501.000000,1.000000,26834055586.000000,655182.000000
150000,10,40968,0.800000,1.000000,0.654685,1.000000,0.000000,0,0.000000,149971.000000,1.000000,26834055586.000000,655182.000000
150000,11,40971,0.800000,1.000000,0.745468,1.000000,0.000000,0,0.000000,149997.000000,1.000000,26834055586.000000,655182.000000
150000,12,40971,0.800000,1.000000,0.628812,1.000000,0.000000,0,0.000000,149981.000000,1.000000,26834055586.000000,655182.000000
150000,13,40971,0.800000,1.000000,0.688238,1.000000,0.000000,1,123701.000000,150000.000000,1.000000,26834055586.000000,655182.000000
150000,14,40967,0.800000,1.000000,0.672385,1.000000,0.000000,0,0.000000,149927.000000,1.000000,26834055586.000000,655182.000000
150000,15,40972,0.800000,1.000000,0.706106,1.000000,0.000000,0,0.000000,149996.000000,1.000000,26834055586.000000,655182.000000
151000,0,41250,0.800000,1.000000,0.507416,1.000000,0.000000,0,0.000000,150951.000000,1.000000,27214613014.000000,330006.000000
151000,1,41251,0.800000,1.000000,0.594416,1.000000,0.000000,0,0.000000,150984.000000,1.000000,27214613014.000000,330006.000000
151000,2,41252,0.800000,1.000000,0.613912,1.000000,0.000000,0,0.000000,150998.000000,1.000000,27214613014.000000,330006.000000
151000,3,41252,0.800000,1.000000,0.664356,1.000000,0.000000,1,124061.000000,151000.000000,1.000000,27214613014.000000,330006.000000
151000,4,41248,0.800000,1.000000,0.706030,1.000000,0.000000,0,0.000000,150981.000000,1.000000,27214613014.000000,330006.000000
151000,5,41241,0.800000,1.000000,0.621035,1.000000,0.000000,0,0.000000,150682.000000,1.000000,27214613014.000000,330006.000000
151000,6,41248,0.800000,1.000000,0.550337,1.000000,0.000000,0,0.000000,150889.000000,1.000000,27214613014.000000,330006.000000
151000,7,41166,0.800000,1.000000,0.645249,1.000000,0.000000,0,0.000000,148412.000000,1.000000,27214613014.000000,330006.000000
151000,8,41253,0.800000,1.000000,0.630122,1.000000,0.000000,0,0.000000,150999.000000,1.000000,27214613014.000000,330006.000000
151000,9,41224,0.800000,1.000000,0.578429,1.000000,0.000000,0,0.000000,150893.000000,1.000000,27214613014.000000,330006.000000
151000,10,41243,0.800000,1.000000,0.535920,1.000000,0.000000,0,0.000000,150897.000000,1.000000,27214613014.000000,330006.000000
151000,11,41253,0.800000,1.000000,0.618198,1.000000,0.000000,0,0.000000,150997.000000,1.000000,27214613014.000000,330006.000000
151000,12,41253,0.800000,1.000000,0.660638,1.000000,0.000000,0,0.000000,150994.000000,1.000000,27214613014.000000,330006.000000
151000,13,41252,0.800000,1.000000,0.629598,1.000000,0.000000,0,0.000000,150986.000000,1.000000,27214613014.000000,330006.000000
151000,14,41248,0.800000,1.000000,0.614581,1.000000,0.000000,0,0.000000,150971.000000,1.000000,27214613014.000000,330006.000000
151000,15,41240,0.800000,1.000000,0.614262,1.000000,0.000000,0,0.000000,150810.000000,1.000000,27214613014.000000,330006.000000
152000,0,41535,0.800000,1.000000,0.560129,1.000000,0.000000,0,0.000000,151986.000000,1.000000,27589217592.000000,332204.000000
152000,1,41536,0.800000,1.000000,0.551623,1.000000,0.000000,0,0.000000,151993.000000,1.000000,27589217592.000000,332204.000000
152000,2,41453,0.800000,1.000000,0.620984,1.000000,0.000000,0,0.000000,151700.000000,1.000000,27589217592.000000,332204.000000
152000,3,41537,0.800000,1.000000,0.600193,1.000000,0.000000,0,0.000000,151998.000000,1.000000,27589217592.000000,332204.000000
152000,4,41536,0.800000,1.000000,0.633381,1.000000,0.000000,0,0.000000,151994.000000,1.000000,27589217592.000000,332204.000000
152000,5,41537,0.800000,1.000000,0.703831,1.000000,0.000000,1,123143.000000,152000.000000,1.000000,27589217592.000000,332204.000000
152000,6,41505,0.800000,1.000000,0.603863,1.000000,0.000000,0,0.000000,151136.000000,1.000000,27589217592.000000,332204.000000
152000,7,41498,0.800000,1.000000,0.677964,1.000000,0.000000,0,0.000000,148412.000000,1.000000,27589217592.000000,332204.000000
152000,8,41537,0.800000,1.000000,0.609500,1.000000,0.000000,0,0.000000,151754.000000,1.000000,27589217592.000000,332204.000000
152000,9,41530,0.800000,1.000000,0.567484,1.000000,0.000000,0,0.000000,151900.000000,1.000000,27589217592.000000,332204.000000
152000,10,41524,0.800000,1.000000,0.603423,1.000000,0.000000,0,0.000000,151737.000000,1.000000,27589217592.000000,332204.000000
152000,11,41530,0.800000,1.000000,0.654657,1.000000,0.000000,0,0.000000,151801.000000,1.000000,27589217592.000000,332204.000000
152000,12,41538,0.800000,1.000000,0.653364,1.000000,0.000000,0,0.000000,151992.000000,1.000000,27589217592.000000,332204.000000
152000,13,41535,0.800000,1.000000,0.593417,1.000000,0.000000,0,0.000000,151980.000000,1.000000,27589217592.000000,332204.000000
152000,14,41533,0.800000,1.000000,0.597848,1.000000,0.000000,0,0.000000,151902.000000,1.000000,27589217592.000000,332204.000000
152000,15,41536,0.800000,1.000000,0.595405,1.000000,0.000000,0,0.000000,151981.000000,1.000000,27589217592.000000,332204.000000
153000,0,41807,0.800000,1.000000,0.690080,1.000000,0.000000,0,0.000000,152809.000000,1.000000,27951360106.000000,418153.000000
153000,1,41808,0.800000,1.000000,0.561696,1.000000,0.000000,0,0.000000,152912.000000,1.000000,27951360106.000000,418153.000000
153000,2,41663,0.800000,1.000000,0.509588,1.000000,0.000000,0,0.000000,151700.000000,1.000000,27951360106.000000,418153.000000
153000,3,41817,0.800000,1.000000,0.592339,1.000000,0.000000,0,0.000000,152978.000000,1.000000,27951360106.000000,418153.000000
153000,4,41819,0.800000,1.000000,0.662892,1.000000,0.000000,0,0.000000,152996.000000,1.000000,27951360106.000000,418153.000000
153000,5,41820,0.800000,1.000000,0.615207,1.000000,0.000000,0,0.000000,152994.000000,1.000000,27951360106.000000,418153.000000
153000,6,41784,0.800000,1.000000,0.728655,1.000000,0.000000,0,0.000000,151136.000000,1.000000,27951360106.000000,418153.000000
153000,7,41820,0.800000,1.000000,0.713522,1.000000,0.000000,1,125252.000000,153000.000000,1.000000,27951360106.000000,418153.000000
153000,8,41810,0.800000,1.000000,0.593773,1.000000,0.000000,0,0.000000,152907.000000,1.000000,27951360106.000000,418153.000000
153000,9,41817,0.800000,1.000000,0.646199,1.000000,0.000000,0,0.000000,152749.000000,1.000000,27951360106.000000,418153.000000
153000,10,41819,0.800000,1.000000,0.749749,1.000000,0.000000,0,0.000000,152998.000000,1.000000,27951360106.000000,418153.000000
153000,11,41691,0.800000,1.000000,0.592719,1.000000,0.000000,0,0.000000,152152.000000,1.000000,27951360106.000000,418153.000000
153000,12,41819,0.800000,1.000000,0.686561,1.000000,0.000000,0,0.000000,152995.000000,1.000000,27951360106.000000,418153.000000
153000,13,41814,0.800000,1.000000,0.635053,1.000000,0.000000,0,0.000000,152682.000000,1.000000,27951360106.000000,418153.000000
153000,14,41821,0.800000,1.000000,0.730146,1.000000,0.000000,0,0.000000,152999.000000,1.000000,27951360106.000000,418153.000000
153000,15,41817,0.800000,1.000000,0.540994,1.000000,0.000000,0,0.000000,152989.000000,1.000000,27951360106.000000,418153.000000
154000,0,42104,0.800000,1.000000,0.722033,1.000000,0.000000,1,127046.000000,154000.000000,1.000000,28331987464.000000,757409.000000
154000,1,41937,0.800000,1.000000,0.636055,1.000000,0.000000,0,0.000000,153238.000000,1.000000,28331987464.000000,757409.000000
154000,2,42035,0.800000,1.000000,0.635951,1.000000,0.000000,0,0.000000,151700.000000,1.000000,28331987464.000000,757409.000000
154000,3,42071,0.800000,1.000000,0.614114,1.000000,0.000000,0,0.000000,153866.000000,1.000000,28331987464.000000,757409.000000
154000,4,42105,0.800000,1.000000,0.633488,1.000000,0.000000,0,0.000000,153992.000000,1.000000,28331987464.000000,757409.000000
154000,5,42085,0.800000,1.000000,0.686918,1.000000,0.000000,0,0.000000,153408.000000,1.000000,28331987464.000000,757409.000000
154000,6,42105,0.800000,1.000000,0.615796,1.000000,0.000000,0,0.000000,153995.000000,1.000000,28331987464.000000,757409.000000
154000,7,42104,0.800000,1.000000,0.662430,1.000000,0.000000,0,0.000000,153981.000000,1.000000,28331987464.000000,757409.000000
154000,8,42105,0.800000,1.000000,0.546338,1.000000,0.000000,0,0.000000,153985.000000,1.000000,28331987464.000000,757409.000000
154000,9,42104,0.800000,1.000000,0.583346,1.000000,0.000000,0,0.000000,153999.000000,1.000000,28331987464.000000,757409.000000
154000,10,42066,0.800000,1.000000,0.521006,1.000000,0.000000,0,0.000000,153738.000000,1.000000,28331987464.000000,757409.000000
154000,11,42062,0.800000,1.000000,0.625202,1.000000,0.000000,0,0.000000,152152.000000,1.000000,28331987464.000000,757409.000000
154000,12,42105,0.800000,1.000000,0.687208,1.000000,0.000000,0,0.000000,153994.000000,1.000000,28331987464.000000,757409.000000
154000,13,42094,0.800000,1.000000,0.645454,1.000000,0.000000,0,0.000000,153952.000000,1.000000,28331987464.000000,757409.000000
154000,14,42098,0.800000,1.000000,0.554855,1.000000,0.000000,0,0.000000,153883.000000,1.000000,28331987464.000000,757409.000000
154000,15,42104,0.800000,1.000000,0.584776,1.000000,0.000000,0,0.000000,153990.000000,1.000000,28331987464.000000,757409.000000
155000,0,42404,0.800000,1.000000,0.680611,1.000000,0.000000,1,127740.000000,155000.000000,1.000000,28753315228.000000,423723.000000
155000,1,42307,0.800000,1.000000,0.537379,1.000000,0.000000,0,0.000000,153238.000000,1.000000,28753315228.000000,423723.000000
155000,2,42401,0.800000,1.000000,0.603497,1.000000,0.000000,0,0.000000,154970.000000,1.000000,28753315228.000000,423723.000000
155000,3,42402,0.800000,1.000000,0.646728,1.000000,0.000000,0,0.000000,153866.000000,1.000000,28753315228.000000,423723.000000
155000,4,42402,0.800000,1.000000,0.591980,1.000000,0.000000,0,0.000000,154990.000000,1.000000,28753315228.000000,423723.000000
155000,5,42398,0.800000,1.000000,0.680057,1.000000,0.000000,0,0.000000,154960.000000,1.000000,28753315228.000000,423723.000000
155000,6,42385,0.800000,1.000000,0.538587,1.000000,0.000000,0,0.000000,154849.000000,1.000000,28753315228.000000,423723.000000
155000,7,42402,0.800000,1.000000,0.686510,1.000000,0.000000,0,0.000000,154993.000000,1.000000,28753315228.000000,423723.000000
155000,8,42404,0.800000,1.000000,0.686963,1.000000,0.000000,0,0.000000,154999.000000,1.000000,28753315228.000000,423723.000000
155000,9,42401,0.800000,1.000000,0.685560,1.000000,0.000000,0,0.000000,154967.000000,1.000000,28753315228.000000,423723.000000
155000,10,42405,0.800000,1.000000,0.704224,1.000000,0.000000,0,0.000000,154994.000000,1.000000,28753315228.000000,423723.000000
155000,11,42378,0.800000,1.000000,0.684899,1.000000,0.000000,0,0.000000,154703.000000,1.000000,28753315228.000000,423723.000000
155000,12,42393,0.800000,1.000000,0.677545,1.000000,0.000000,0,0.000000,154922.000000,1.000000,28753315228.000000,423723.000000
155000,13,42397,0.800000,1.000000,0.719927,1.000000,0.000000,0,0.000000,154946.000000,1.000000,28753315228.000000,423723.000000
155000,14,42404,0.800000,1.000000,0.806877,1.000000,0.000000,0,0.000000,154998.000000,1.000000,28753315228.000000,423723.000000
155000,15,42389,0.800000,1.000000,0.534541,1.000000,0.000000,0,0.000000,154923.000000,1.000000,28753315228.000000,423723.000000
156000,0,42658,0.800000,1.000000,0.668436,1.000000,0.000000,0,0.000000,155435.000000,1.000000,29103642177.000000,426633.000000
156000,1,42661,0.800000,1.000000,0.690128,1.000000,0.000000,0,0.000000,153238.000000,1.000000,29103642177.000000,426633.000000
156000,2,42675,0.800000,1.000000,0.664914,1.000000,0.000000,0,0.000000,155995.000000,1.000000,29103642177.000000,426633.000000
156000,3,42675,0.800000,1.000000,0.679199,1.000000,0.000000,1,127988.000000,156000.000000,1.000000,29103642177.000000,426633.000000
156000,4,42675,0.800000,1.000000,0.675089,1.000000,0.000000,0,0.000000,155992.000000,1.000000,29103642177.000000,426633.000000
156000,5,42627,0.800000,1.000000,0.634081,1.000000,0.000000,0,0.000000,155549.000000,1.000000,29103642177.000000,426633.000000
156000,6,42670,0.800000,1.000000,0.535365,1.000000,0.000000,0,0.000000,155944.000000,1.000000,29103642177.000000,426633.000000
156000,7,42660,0.800000,1.000000,0.598159,1.000000,0.000000,0,0.000000,155947.000000,1.000000,29103642177.000000,426633.000000
156000,8,42675,0.800000,1.000000,0.685609,1.000000,0.000000,0,0.000000,155999.000000,1.000000,29103642177.000000,426633.000000
156000,9,42674,0.800000,1.000000,0.559770,1.000000,0.000000,0,0.000000,155989.000000,1.000000,29103642177.000000,426633.000000
156000,10,42440,0.800000,1.000000,0.662554,1.000000,0.000000,0,0.000000,155089.000000,1.000000,29103642177.000000,426633.000000
156000,11,42674,0.800000,1.000000,0.689161,1.000000,0.000000,0,0.000000,155993.000000,1.000000,29103642177.000000,426633.000000
156000,12,42675,0.800000,1.000000,0.600774,1.000000,0.000000,0,0.000000,155998.000000,1.000000,29103642177.000000,426633.000000
156000,13,42664,0.800000,1.000000,0.721104,1.000000,0.000000,0,0.000000,155373.000000,1.000000,29103642177.000000,426633.000000
156000,14,42641,0.800000,1.000000,0.691913,1.000000,0.000000,0,0.000000,155769.000000,1.000000,29103642177.000000,426633.000000
156000,15,42647,0.800000,1.000000,0.513239,1.000000,0.000000,0,0.000000,155790.000000,1.000000,29103642177.000000,426633.000000
157000,0,42957,0.800000,1.000000,0.632736,1.000000,0.000000,0,0.000000,156999.000000,1.000000,29486294174.000000,600801.000000
157000,1,42957,0.800000,1.000000,0.713195,1.000000,0.000000,0,0.000000,156959.000000,1.000000,29486294174.000000,600801.000000
157000,2,42821,0.800000,1.000000,0.606509,1.000000,0.000000,0,0.000000,156326.000000,1.000000,29486294174.000000,600801.000000
157000,3,42955,0.800000,1.000000,0.571284,1.000000,0.000000,0,0.000000,156839.000000,1.000000,29486294174.000000,600801.000000
157000,4,42958,0.800000,1.000000,0.716667,1.000000,0.000000,1,128557.000000,157000.000000,1.000000,29486294174.000000,600801.000000
157000,5,42957,0.800000,1.000000,0.627436,1.000000,0.000000,0,0.000000,156983.000000,1.000000,29486294174.000000,600801.000000
157000,6,42950,0.800000,1.000000,0.573765,1.000000,0.000000,0,0.000000,156829.000000,1.000000,29486294174.000000,600801.000000
157000,7,42955,0.800000,1.000000,0.578879,1.000000,0.000000,0,0.000000,156825.000000,1.000000,29486294174.000000,600801.000000
157000,8,42951,0.800000,1.000000,0.674040,1.000000,0.000000,0,0.000000,156913.000000,1.000000,29486294174.000000,600801.000000
157000,9,42952,0.800000,1.000000,0.627837,1.000000,0.000000,0,0.000000,156973.000000,1.000000,29486294174.000000,600801.000000
157000,10,42683,0.800000,1.000000,0.532898,1.000000,0.000000,0,0.000000,155089.000000,1.000000,29486294174.000000,600801.000000
157000,11,42955,0.800000,1.000000,0.670882,1.000000,0.000000,0,0.000000,156941.000000,1.000000,29486294174.000000,600801.000000
157000,12,42958,0.800000,1.000000,0.684963,1.000000,0.000000,0,0.000000,156980.000000,1.000000,29486294174.000000,600801.000000
157000,13,42945,0.800000,1.000000,0.667319,1.000000,0.000000,0,0.000000,155373.000000,1.000000,29486294174.000000,600801.000000
157000,14,42950,0.800000,1.000000,0.674663,1.000000,0.000000,0,0.000000,156647.000000,1.000000,29486294174.000000,600801.000000
157000,15,42958,0.800000,1.000000,0.768646,1.000000,0.000000,0,0.000000,156998.000000,1.000000,29486294174.000000,600801.000000
158000,0,43243,0.800000,1.000000,0.669978,1.000000,0.000000,0,0.000000,157917.000000,1.000000,29894379435.000000,172996.000000
158000,1,43250,0.800000,1.000000,0.623375,1.000000,0.000000,0,0.000000,157994.000000,1.000000,29894379435.000000,172996.000000
158000,2,43091,0.800000,1.000000,0.637549,1.000000,0.000000,0,0.000000,156326.000000,1.000000,29894379435.000000,172996.000000
158000,3,43250,0.800000,1.000000,0.794134,1.000000,0.000000,0,0.000000,157999.000000,1.000000,29894379435.000000,172996.000000
158000,4,43250,0.800000,1.000000,0.596172,1.000000,0.000000,1,129425.000000,158000.000000,1.000000,29894379435.000000,172996.000000
158000,5,43247,0.800000,1.000000,0.511682,1.000000,0.000000,0,0.000000,157875.000000,1.000000,29894379435.000000,172996.000000
158000,6,43251,0.800000,1.000000,0.533591,1.000000,0.000000,0,0.000000,157993.000000,1.000000,29894379435.000000,172996.000000
158000,7,43250,0.800000,1.000000,0.590681,1.000000,0.000000,0,0.000000,157997.000000,1.000000,29894379435.000000,172996.000000
158000,8,43226,0.800000,1.000000,0.668012,1.000000,0.000000,0,0.000000,157618.000000,1.000000,29894379435.000000,172996.000000
158000,9,43248,0.800000,1.000000,0.591714,1.000000,0.000000,0,0.000000,157927.000000,1.000000,29894379435.000000,172996.000000
158000,10,43050,0.800000,1.000000,0.614647,1.000000,0.000000,0,0.000000,155089.000000,1.000000,29894379435.000000,172996.000000
158000,11,43248,0.800000,1.000000,0.590237,1.000000,0.000000,0,0.000000,157882.000000,1.000000,29894379435.000000,172996.000000
158000,12,43247,0.800000,1.000000,0.611180,1.000000,0.000000,0,0.000000,157776.000000,1.000000,29894379435.000000,172996.000000
158000,13,43249,0.800000,1.000000,0.536636,1.000000,0.000000,0,0.000000,157987.000000,1.000000,29894379435.000000,172996.000000
158000,14,43249,0.800000,1.000000,0.493333,1.000000,0.000000,0,0.000000,157972.000000,1.000000,29894379435.000000,172996.000000
158000,15,43250,0.800000,1.000000,0.562868,1.000000,0.000000,0,0.000000,157981.000000,1.000000,29894379435.000000,172996.000000
159000,0,43514,0.800000,1.000000,0.675081,1.000000,0.000000,0,0.000000,158762.000000,1.000000,30307438543.000000,348250.000000
159000,1,43534,0.800000,1.000000,0.722166,1.000000,0.000000,0,0.000000,158780.000000,1.000000,30307438543.000000,348250.000000
159000,2,43455,0.800000,1.000000,0.553845,1.000000,0.000000,0,0.000000,156326.000000,1.000000,30307438543.000000,348250.000000
159000,3,43541,0.800000,1.000000,0.639118,1.000000,0.000000,0,0.000000,158995.000000,1.000000,30307438543.000000,348250.000000
159000,4,43538,0.800000,1.000000,0.652085,1.000000,0.000000,0,0.000000,158974.000000,1.000000,30307438543.000000,348250.000000
159000,5,43539,0.800000,1.000000,0.587722,1.000000,0.000000,0,0.000000,158968.000000,1.000000,30307438543.000000,348250.000000
159000,6,43531,0.800000,1.000000,0.532872,1.000000,0.000000,0,0.000000,158618.000000,1.000000,30307438543.000000,348250.000000
159000,7,43541,0.800000,1.000000,0.665622,1.000000,0.000000,0,0.000000,158997.000000,1.000000,30307438543.000000,348250.000000
159000,8,43538,0.800000,1.000000,0.640571,1.000000,0.000000,0,0.000000,158982.000000,1.000000,30307438543.000000,348250.000000
159000,9,43538,0.800000,1.000000,0.704899,1.000000,0.000000,0,0.000000,158978.000000,1.000000,30307438543.000000,348250.000000
159000,10,43398,0.800000,1.000000,0.571224,1.000000,0.000000,0,0.000000,155089.000000,1.000000,30307438543.000000,348250.000000
159000,11,43540,0.800000,1.000000,0.437489,1.000000,0.000000,0,0.000000,158998.000000,1.000000,30307438543.000000,348250.000000
159000,12,43541,0.800000,1.000000,0.662778,1.000000,0.000000,0,0.000000,158996.000000,1.000000,30307438543.000000,348250.000000
159000,13,43532,0.800000,1.000000,0.642947,1.000000,0.000000,0,0.000000,158950.000000,1.000000,30307438543.000000,348250.000000
159000,14,43541,0.800000,1.000000,0.682427,1.000000,0.000000,1,128501.000000,159000.000000,1.000000,30307438543.000000,348250.000000
159000,15,43540,0.800000,1.000000,0.630983,1.000000,0.000000,0,0.000000,158878.000000,1.000000,30307438543.000000,348250.000000
160000,0,43835,0.800000,1.000000,0.694571,1.000000,0.000000,0,0.000000,159999.000000,1.000000,30718100389.000000,437971.000000
160000,1,43835,0.800000,1.000000,0.689926,1.000000,0.000000,1,130815.000000,160000.000000,1.000000,30718100389.000000,437971.000000
160000,2,43808,0.800000,1.000000,0.808889,1.000000,0.000000,0,0.000000,156326.000000,1.000000,30718100389.000000,437971.000000
160000,3,43817,0.800000,1.000000,0.618345,1.000000,0.000000,0,0.000000,159874.000000,1.000000,30718100389.000000,437971.000000
160000,4,43835,0.800000,1.000000,0.707262,1.000000,0.000000,0,0.000000,159997.000000,1.000000,30718100389.000000,437971.000000
160000,5,43801,0.800000,1.000000,0.652923,1.000000,0.000000,0,0.000000,159754.000000,1.000000,30718100389.000000,437971.000000
160000,6,43836,0.800000,1.000000,0.610342,1.000000,0.000000,0,0.000000,159978.000000,1.000000,30718100389.000000,437971.000000
160000,7,43823,0.800000,1.000000,0.590466,1.000000,0.000000,0,0.000000,159895.000000,1.000000,30718100389.000000,437971.000000
160000,8,43833,0.800000,1.000000,0.589999,1.000000,0.000000,0,0.000000,159989.000000,1.000000,30718100389.000000,437971.000000
160000,9,43836,0.800000,1.000000,0.805214,1.000000,0.000000,0,0.000000,159998.000000,1.000000,30718100389.000000,437971.000000
160000,10,43706,0.800000,1.000000,0.655463,1.000000,0.000000,0,0.000000,155089.000000,1.000000,30718100389.000000,437971.000000
160000,11,43822,0.800000,1.000000,0.719083,1.000000,0.000000,0,0.000000,159768.000000,1.000000,30718100389.000000,437971.000000
160000,12,43834,0.800000,1.000000,0.611096,1.000000,0.000000,0,0.000000,159987.000000,1.000000,30718100389.000000,437971.000000
160000,13,43835,0.800000,1.000000,0.685663,1.000000,0.000000,0,0.000000,159949.000000,1.000000,30718100389.000000,437971.000000
160000,14,43775,0.800000,1.000000,0.567903,1.000000,0.000000,0,0.000000,159120.000000,1.000000,30718100389.000000,437971.000000
160000,15,43832,0.800000,1.000000,0.675332,1.000000,0.000000,0,0.000000,159981.000000,1.000000,30718100389.000000,437971.000000
161000,0,44112,0.800000,1.000000,0.567060,1.000000,0.000000,1,132232.000000,161000.000000,1.000000,31102343976.000000,352798.000000
161000,1,44112,0.800000,1.000000,0.820360,1.000000,0.000000,0,0.000000,160999.000000,1.000000,31102343976.000000,352798.000000
161000,2,44113,0.800000,1.000000,0.728583,1.000000,0.000000,0,0.000000,160996.000000,1.000000,31102343976.000000,352798.000000
161000,3,44111,0.800000,1.000000,0.729476,1.000000,0.000000,0,0.000000,160995.000000,1.000000,31102343976.000000,352798.000000
161000,4,44113,0.800000,1.000000,0.660208,1.000000,0.000000,0,0.000000,160988.000000,1.000000,31102343976.000000,352798.000000
161000,5,44108,0.800000,1.000000,0.607370,1.000000,0.000000,0,0.000000,159754.000000,1.000000,31102343976.000000,352798.000000
161000,6,43991,0.800000,1.000000,0.569052,1.000000,0.000000,0,0.000000,160288.000000,1.000000,31102343976.000000,352798.000000
161000,7,44101,0.800000,1.000000,0.565613,1.000000,0.000000,0,0.000000,160921.000000,1.000000,31102343976.000000,352798.000000
161000,8,44112,0.800000,1.000000,0.586332,1.000000,0.000000,0,0.000000,160992.000000,1.000000,31102343976.000000,352798.000000
161000,9,44112,0.800000,1.000000,0.673926,1.000000,0.000000,0,0.000000,160984.000000,1.000000,31102343976.000000,352798.000000
161000,10,44075,0.800000,1.000000,0.664671,1.000000,0.000000,0,0.000000,155089.000000,1.000000,31102343976.000000,352798.000000
161000,11,44101,0.800000,1.000000,0.600810,1.000000,0.000000,0,0.000000,160951.000000,1.000000,31102343976.000000,352798.000000
161000,12,44012,0.800000,1.000000,0.522978,1.000000,0.000000,0,0.000000,160609.000000,1.000000,31102343976.000000,352798.000000
161000,13,44112,0.800000,1.000000,0.636877,1.000000,0.000000,0,0.000000,160998.000000,1.000000,31102343976.000000,352798.000000
161000,14,44040,0.800000,1.000000,0.672806,1.000000,0.000000,0,0.000000,159120.000000,1.000000,31102343976.000000,352798.000000
161000,15,44109,0.800000,1.000000,0.621797,1.000000,0.000000,0,0.000000,160682.000000,1.000000,31102343976.000000,352798.000000
162000,0,44362,0.800000,1.000000,0.549504,1.000000,0.000000,0,0.000000,161409.000000,1.000000,31470621798.000000,532410.000000
162000,1,44377,0.800000,1.000000,0.650242,1.000000,0.000000,0,0.000000,161998.000000,1.000000,31470621798.000000,532410.000000
162000,2,44377,0.800000,1.000000,0.607380,1.000000,0.000000,0,0.000000,161999.000000,1.000000,31470621798.000000,532410.000000
162000,3,44377,0.800000,1.000000,0.727702,1.000000,0.000000,0,0.000000,161933.000000,1.000000,31470621798.000000,532410.000000
162000,4,44334,0.800000,1.000000,0.571430,1.000000,0.000000,0,0.000000,161812.000000,1.000000,31470621798.000000,532410.000000
162000,5,44356,0.800000,1.000000,0.675817,1.000000,0.000000,0,0.000000,161544.000000,1.000000,31470621798.000000,532410.000000
162000,6,44271,0.800000,1.000000,0.621229,1.000000,0.000000,0,0.000000,160288.000000,1.000000,31470621798.000000,532410.000000
162000,7,44372,0.800000,1.000000,0.660994,1.000000,0.000000,0,0.000000,160921.000000,1.000000,31470621798.000000,532410.000000
162000,8,44377,0.800000,1.000000,0.644523,1.000000,0.000000,1,133621.000000,162000.000000,1.000000,31470621798.000000,532410.000000
162000,9,44378,0.800000,1.000000,0.623392,1.000000,0.000000,0,0.000000,161996.000000,1.000000,31470621798.000000,532410.000000
162000,10,44346,0.800000,1.000000,0.662928,1.000000,0.000000,0,0.000000,161721.000000,1.000000,31470621798.000000,532410.000000
162000,11,44372,0.800000,1.000000,0.544827,1.000000,0.000000,0,0.000000,160951.000000,1.000000,31470621798.000000,532410.000000
162000,12,44188,0.800000,1.000000,0.672348,1.000000,0.000000,0,0.000000,160609.000000,1.000000,31470621798.000000,532410.000000
162000,13,44378,0.800000,1.000000,0.631042,1.000000,0.000000,0,0.000000,161981.000000,1.000000,31470621798.000000,532410.000000
162000,14,44378,0.800000,1.000000,0.707344,1.000000,0.000000,0,0.000000,161991.000000,1.000000,31470621798.000000,532410.000000
162000,15,44355,0.800000,1.000000,0.621134,1.000000,0.000000,0,0.000000,161776.000000,1.000000,31470621798.000000,532410.000000
163000,0,44637,0.800000,1.000000,0.660800,1.000000,0.000000,0,0.000000,162723.000000,1.000000,31903059777.000000,714458.000000
163000,1,44668,0.800000,1.000000,0.620640,1.000000,0.000000,0,0.000000,162986.000000,1.000000,31903059777.000000,714458.000000
163000,2,44642,0.800000,1.000000,0.558594,1.000000,0.000000,0,0.000000,162759.000000,1.000000,31903059777.000000,714458.000000
163000,3,44666,0.800000,1.000000,0.682877,1.000000,0.000000,0,0.000000,162964.000000,1.000000,31903059777.000000,714458.000000
163000,4,44665,0.800000,1.000000,0.533599,1.000000,0.000000,0,0.000000,162954.000000,1.000000,31903059777.000000,714458.000000
163000,5,44659,0.800000,1.000000,0.747106,1.000000,0.000000,0,0.000000,162825.000000,1.000000,31903059777.000000,714458.000000
163000,6,44617,0.800000,1.000000,0.573394,1.000000,0.000000,0,0.000000,160288.000000,1.000000,31903059777.000000,714458.000000
163000,7,44670,0.800000,1.000000,0.652996,1.000000,0.000000,0,0.000000,162996.000000,1.000000,31903059777.000000,714458.000000
163000,8,44669,0.800000,1.000000,0.738086,1.000000,0.000000,0,0.000000,162999.000000,1.000000,31903059777.000000,714458.000000
163000,9,44655,0.800000,1.000000,0.680275,1.000000,0.000000,0,0.000000,162952.000000,1.000000,31903059777.000000,714458.000000
163000,10,44670,0.800000,1.000000,0.582000,1.000000,0.000000,0,0.000000,162998.000000,1.000000,31903059777.000000,714458.000000
163000,11,44649,0.800000,1.000000,0.565276,1.000000,0.000000,0,0.000000,162892.000000,1.000000,31903059777.000000,714458.000000
163000,12,44579,0.800000,1.000000,0.674063,1.000000,0.000000,0,0.000000,160609.000000,1.000000,31903059777.000000,714458.000000
163000,13,44670,0.800000,1.000000,0.687648,1.000000,0.000000,1,134407.000000,163000.000000,1.000000,31903059777.000000,714458.000000
163000,14,44671,0.800000,1.000000,0.741632,1.000000,0.000000,0,0.000000,162997.000000,1.000000,31903059777.000000,714458.000000
163000,15,44670,0.800000,1.000000,0.650444,1.000000,0.000000,0,0.000000,162994.000000,1.000000,31903059777.000000,714458.000000
164000,0,44952,0.800000,1.000000,0.593261,1.000000,0.000000,0,0.000000,163983.000000,1.000000,32313496262.000000,269683.000000
164000,1,44811,0.800000,1.000000,0.637798,1.000000,0.000000,0,0.000000,163497.000000,1.000000,32313496262.000000,269683.000000
164000,2,44955,0.800000,1.000000,0.596319,1.000000,0.000000,0,0.000000,163998.000000,1.000000,32313496262.000000,269683.000000
164000,3,44940,0.800000,1.000000,0.602890,1.000000,0.000000,0,0.000000,162964.000000,1.000000,32313496262.000000,269683.000000
164000,4,44952,0.800000,1.000000,0.662610,1.000000,0.000000,0,0.000000,163629.000000,1.000000,32313496262.000000,269683.000000
164000,5,44955,0.800000,1.000000,0.636975,1.000000,0.000000,0,0.000000,163999.000000,1.000000,32313496262.000000,269683.000000
164000,6,44952,0.800000,1.000000,0.702529,1.000000,0.000000,0,0.000000,160288.000000,1.000000,32313496262.000000,269683.000000
164000,7,44955,0.800000,1.000000,0.712310,1.000000,0.000000,0,0.000000,163971.000000,1.000000,32313496262.000000,269683.000000
164000,8,44936,0.800000,1.000000,0.643392,1.000000,0.000000,0,0.000000,163821.000000,1.000000,32313496262.000000,269683.000000
164000,9,44942,0.800000,1.000000,0.681705,1.000000,0.000000,0,0.000000,163945.000000,1.000000,32313496262.000000,269683.000000
164000,10,44939,0.800000,1.000000,0.654694,1.000000,0.000000,0,0.000000,163922.000000,1.000000,32313496262.000000,269683.000000
164000,11,44939,0.800000,1.000000,0.515696,1.000000,0.000000,0,0.000000,163732.000000,1.000000,32313496262.000000,269683.000000
164000,12,44955,0.800000,1.000000,0.687266,1.000000,0.000000,1,132471.000000,164000.000000,1.000000,32313496262.000000,269683.000000
164000,13,44951,0.800000,1.000000,0.535180,1.000000,0.000000,0,0.000000,163982.000000,1.000000,32313496262.000000,269683.000000
164000,14,44949,0.800000,1.000000,0.542040,1.000000,0.000000,0,0.000000,163807.000000,1.000000,32313496262.000000,269683.000000
164000,15,44955,0.800000,1.000000,0.734498,1.000000,0.000000,0,0.000000,163997.000000,1.000000,32313496262.000000,269683.000000
165000,0,45220,0.800000,1.000000,0.553711,1.000000,0.000000,0,0.000000,164912.000000,1.000000,32692290825.000000,361136.000000
165000,1,44864,0.800000,1.000000,0.598471,1.000000,0.000000,0,0.000000,163497.000000,1.000000,32692290825.000000,361136.000000
165000,2,45215,0.800000,1.000000,0.590999,1.000000,0.000000,0,0.000000,164822.000000,1.000000,32692290825.000000,361136.000000
165000,3,45198,0.800000,1.000000,0.788355,1.000000,0.000000,0,0.000000,164837.000000,1.000000,32692290825.000000,361136.000000
165000,4,45207,0.800000,1.000000,0.641213,1.000000,0.000000,0,0.000000,164732.000000,1.000000,32692290825.000000,361136.000000
165000,5,45240,0.800000,1.000000,0.672788,1.000000,0.000000,0,0.000000,164983.000000,1.000000,32692290825.000000,361136.000000
165000,6,45240,0.800000,1.000000,0.590176,1.000000,0.000000,0,0.000000,164987.000000,1.000000,32692290825.000000,361136.000000
165000,7,45226,0.800000,1.000000,0.594304,1.000000,0.000000,0,0.000000,164589.000000,1.000000,32692290825.000000,361136.000000
165000,8,45239,0.800000,1.000000,0.668076,1.000000,0.000000,0,0.000000,164998.000000,1.000000,32692290825.000000,361136.000000
165000,9,45226,0.800000,1.000000,0.701970,1.000000,0.000000,0,0.000000,164929.000000,1.000000,32692290825.000000,361136.000000
165000,10,45220,0.800000,1.000000,0.740070,1.000000,0.000000,0,0.000000,164918.000000,1.000000,32692290825.000000,361136.000000
165000,11,45239,0.800000,1.000000,0.722767,1.000000,0.000000,0,0.000000,164999.000000,1.000000,32692290825.000000,361136.000000
165000,12,45204,0.800000,1.000000,0.649468,1.000000,0.000000,0,0.000000,164849.000000,1.000000,32692290825.000000,361136.000000
165000,13,45240,0.800000,1.000000,0.631351,1.000000,0.000000,1,135914.000000,165000.000000,1.000000,32692290825.000000,361136.000000
165000,14,45221,0.800000,1.000000,0.647217,1.000000,0.000000,0,0.000000,164792.000000,1.000000,32692290825.000000,361136.000000
165000,15,45240,0.800000,1.000000,0.579385,1.000000,0.000000,0,0.000000,164992.000000,1.000000,32692290825.000000,361136.000000
166000,0,45501,0.800000,1.000000,0.667115,1.000000,0.000000,0,0.000000,165998.000000,1.000000,33073070481.000000,545416.000000
166000,1,45253,0.800000,1.000000,0.709757,1.000000,0.000000,0,0.000000,163497.000000,1.000000,33073070481.000000,545416.000000
166000,2,45501,0.800000,1.000000,0.813173,1.000000,0.000000,0,0.000000,165995.000000,1.000000,33073070481.000000,545416.000000
166000,3,45499,0.800000,1.000000,0.617429,1.000000,0.000000,0,0.000000,165930.000000,1.000000,33073070481.000000,545416.000000
166000,4,45467,0.800000,1.000000,0.573251,1.000000,0.000000,0,0.000000,165699.000000,1.000000,33073070481.000000,545416.000000
166000,5,45486,0.800000,1.000000,0.671363,1.000000,0.000000,0,0.000000,165801.000000,1.000000,33073070481.000000,545416.000000
166000,6,45493,0.800000,1.000000,0.608780,1.000000,0.000000,0,0.000000,165914.000000,1.000000,33073070481.000000,545416.000000
166000,7,45502,0.800000,1.000000,0.669389,1.000000,0.000000,0,0.000000,165999.000000,1.000000,33073070481.000000,545416.000000
166000,8,45502,0.800000,1.000000,0.641983,1.000000,0.000000,0,0.000000,165996.000000,1.000000,33073070481.000000,545416.000000
166000,9,45258,0.800000,1.000000,0.623885,1.000000,0.000000,0,0.000000,164929.000000,1.000000,33073070481.000000,545416.000000
166000,10,45500,0.800000,1.000000,0.667333,1.000000,0.000000,0,0.000000,165886.000000,1.000000,33073070481.000000,545416.000000
166000,11,45502,0.800000,1.000000,0.656178,1.000000,0.000000,0,0.000000,165981.000000,1.000000,33073070481.000000,545416.000000
166000,12,45477,0.800000,1.000000,0.654896,1.000000,0.000000,0,0.000000,165900.000000,1.000000,33073070481.000000,545416.000000
166000,13,45501,0.800000,1.000000,0.631230,1.000000,0.000000,0,0.000000,165973.000000,1.000000,33073070481.000000,545416.000000
166000,14,45495,0.800000,1.000000,0.599661,1.000000,0.000000,0,0.000000,165970.000000,1.000000,33073070481.000000,545416.000000
166000,15,45502,0.800000,1.000000,0.676620,1.000000,0.000000,1,130094.000000,166000.000000,1.000000,33073070481.000000,545416.000000
167000,0,45729,0.800000,1.000000,0.741746,1.000000,0.000000,0,0.000000,166310.000000,1.000000,33500751648.000000,549310.000000
167000,1,45612,0.800000,1.000000,0.593716,1.000000,0.000000,0,0.000000,163497.000000,1.000000,33500751648.000000,549310.000000
167000,2,45775,0.800000,1.000000,0.600485,1.000000,0.000000,0,0.000000,166896.000000,1.000000,33500751648.000000,549310.000000
167000,3,45784,0.800000,1.000000,0.605560,1.000000,0.000000,0,0.000000,166997.000000,1.000000,33500751648.000000,549310.000000
167000,4,45774,0.800000,1.000000,0.656249,1.000000,0.000000,0,0.000000,166957.000000,1.000000,33500751648.000000,549310.000000
167000,5,45747,0.800000,1.000000,0.600367,1.000000,0.000000,0,0.000000,166711.000000,1.000000,33500751648.000000,549310.000000
167000,6,45784,0.800000,1.000000,0.635156,1.000000,0.000000,0,0.000000,166999.000000,1.000000,33500751648.000000,549310.000000
167000,7,45772,0.800000,1.000000,0.638921,1.000000,0.000000,0,0.000000,166652.000000,1.000000,33500751648.000000,549310.000000
167000,8,45785,0.800000,1.000000,0.659055,1.000000,0.000000,0,0.000000,166996.000000,1.000000,33500751648.000000,549310.000000
167000,9,45661,0.800000,1.000000,0.719996,1.000000,0.000000,0,0.000000,164929.000000,1.000000,33500751648.000000,549310.000000
167000,10,45784,0.800000,1.000000,0.705617,1.000000,0.000000,0,0.000000,166965.000000,1.000000,33500751648.000000,549310.000000
167000,11,45784,0.800000,1.000000,0.700432,1.000000,0.000000,0,0.000000,166986.000000,1.000000,33500751648.000000,549310.000000
167000,12,45785,0.800000,1.000000,0.715302,1.000000,0.000000,0,0.000000,166991.000000,1.000000,33500751648.000000,549310.000000
167000,13,45785,0.800000,1.000000,0.721996,1.000000,0.000000,1,137485.000000,167000.000000,1.000000,33500751648.000000,549310.000000
167000,14,45782,0.800000,1.000000,0.545828,1.000000,0.000000,0,0.000000,166960.000000,1.000000,33500751648.000000,549310.000000
167000,15,45785,0.800000,1.000000,0.658691,1.000000,0.000000,0,0.000000,166993.000000,1.000000,33500751648.000000,549310.000000
168000,0,46067,0.800000,1.000000,0.577172,1.000000,0.000000,0,0.000000,167970.000000,1.000000,33932784252.000000,368494.000000
168000,1,45992,0.800000,1.000000,0.697890,1.000000,0.000000,0,0.000000,163497.000000,1.000000,33932784252.000000,368494.000000
168000,2,46069,0.800000,1.000000,0.705694,1.000000,0.000000,1,135196.000000,168000.000000,1.000000,33932784252.000000,368494.000000
168000,3,46067,0.800000,1.000000,0.682418,1.000000,0.000000,0,0.000000,167992.000000,1.000000,33932784252.000000,368494.000000
168000,4,46051,0.800000,1.000000,0.730843,1.000000,0.000000,0,0.000000,167892.000000,1.000000,33932784252.000000,368494.000000
168000,5,46066,0.800000,1.000000,0.723024,1.000000,0.000000,0,0.000000,167882.000000,1.000000,33932784252.000000,368494.000000
168000,6,46020,0.800000,1.000000,0.696181,1.000000,0.000000,0,0.000000,167088.000000,1.000000,33932784252.000000,368494.000000
168000,7,46068,0.800000,1.000000,0.613379,1.000000,0.000000,0,0.000000,167969.000000,1.000000,33932784252.000000,368494.000000
168000,8,46058,0.800000,1.000000,0.622496,1.000000,0.000000,0,0.000000,167698.000000,1.000000,33932784252.000000,368494.000000
168000,9,45978,0.800000,1.000000,0.554910,1.000000,0.000000,0,0.000000,164929.000000,1.000000,33932784252.000000,368494.000000
168000,10,46069,0.800000,1.000000,0.707325,1.000000,0.000000,0,0.000000,167999.000000,1.000000,33932784252.000000,368494.000000
168000,11,46069,0.800000,1.000000,0.659248,1.000000,0.000000,0,0.000000,167994.000000,1.000000,33932784252.000000,368494.000000
168000,12,46070,0.800000,1.000000,0.648652,1.000000,0.000000,0,0.000000,167997.000000,1.000000,33932784252.000000,368494.000000
168000,13,46067,0.800000,1.000000,0.621360,1.000000,0.000000,0,0.000000,167991.000000,1.000000,33932784252.000000,368494.000000
168000,14,46070,0.800000,1.000000,0.688484,1.000000,0.000000,0,0.000000,167995.000000,1.000000,33932784252.000000,368494.000000
168000,15,46053,0.800000,1.000000,0.644602,1.000000,0.000000,0,0.000000,167336.000000,1.000000,33932784252.000000,368494.000000
169000,0,46366,0.800000,1.000000,0.622383,1.000000,0.000000,0,0.000000,168998.000000,1.000000,34379192523.000000,278069.000000
169000,1,46317,0.800000,1.000000,0.682252,1.000000,0.000000,0,0.000000,163497.000000,1.000000,34379192523.000000,278069.000000
169000,2,46366,0.800000,1.000000,0.731963,1.000000,0.000000,0,0.000000,168999.000000,1.000000,34379192523.000000,278069.000000
169000,3,46359,0.800000,1.000000,0.843600,1.000000,0.000000,0,0.000000,168971.000000,1.000000,34379192523.000000,278069.000000
169000,4,46316,0.800000,1.000000,0.590820,1.000000,0.000000,0,0.000000,168613.000000,1.000000,34379192523.000000,278069.000000
169000,5,46364,0.800000,1.000000,0.630064,1.000000,0.000000,0,0.000000,168924.000000,1.000000,34379192523.000000,278069.000000
169000,6,46361,0.800000,1.000000,0.743899,1.000000,0.000000,0,0.000000,167088.000000,1.000000,34379192523.000000,278069.000000
169000,7,46360,0.800000,1.000000,0.698831,1.000000,0.000000,0,0.000000,168892.000000,1.000000,34379192523.000000,278069.000000
169000,8,46360,0.800000,1.000000,0.680899,1.000000,0.000000,0,0.000000,168978.000000,1.000000,34379192523.000000,278069.000000
169000,9,46303,0.800000,1.000000,0.647808,1.000000,0.000000,0,0.000000,164929.000000,1.000000,34379192523.000000,278069.000000
169000,10,46365,0.800000,1.000000,0.572390,1.000000,0.000000,0,0.000000,168994.000000,1.000000,34379192523.000000,278069.000000
169000,11,46366,0.800000,1.000000,0.601832,1.000000,0.000000,1,135967.000000,169000.000000,1.000000,34379192523.000000,278069.000000
169000,12,46367,0.800000,1.000000,0.737501,1.000000,0.000000,0,0.000000,168996.000000,1.000000,34379192523.000000,278069.000000
169000,13,46362,0.800000,1.000000,0.726434,1.000000,0.000000,0,0.000000,168860.000000,1.000000,34379192523.000000,278069.000000
169000,14,46367,0.800000,1.000000,0.543781,1.000000,0.000000,0,0.000000,168942.000000,1.000000,34379192523.000000,278069.000000
169000,15,46366,0.800000,1.000000,0.733551,1.000000,0.000000,0,0.000000,168989.000000,1.000000,34379192523.000000,278069.000000
170000,0,46642,0.800000,1.000000,0.776183,1.000000,0.000000,1,139920.000000,170000.000000,1.000000,34787294558.000000,466361.000000
170000,1,46642,0.800000,1.000000,0.639026,1.000000,0.000000,0,0.000000,169984.000000,1.000000,34787294558.000000,466361.000000
170000,2,46641,0.800000,1.000000,0.631972,1.000000,0.000000,0,0.000000,169995.000000,1.000000,34787294558.000000,466361.000000
170000,3,46641,0.800000,1.000000,0.635851,1.000000,0.000000,0,0.000000,169955.000000,1.000000,34787294558.000000,466361.000000
170000,4,46641,0.800000,1.000000,0.706913,1.000000,0.000000,0,0.000000,169996.000000,1.000000,34787294558.000000,466361.000000
170000,5,46631,0.800000,1.000000,0.591177,1.000000,0.000000,0,0.000000,169894.000000,1.000000,34787294558.000000,466361.000000
170000,6,46583,0.800000,1.000000,0.569072,1.000000,0.000000,0,0.000000,169703.000000,1.000000,34787294558.000000,466361.000000
170000,7,46640,0.800000,1.000000,0.724967,1.000000,0.000000,0,0.000000,169953.000000,1.000000,34787294558.000000,466361.000000
170000,8,46582,0.800000,1.000000,0.700998,1.000000,0.000000,0,0.000000,169433.000000,1.000000,34787294558.000000,466361.000000
170000,9,46639,0.800000,1.000000,0.722185,1.000000,0.000000,0,0.000000,169697.000000,1.000000,34787294558.000000,466361.000000
170000,10,46642,0.800000,1.000000,0.812606,1.000000,0.000000,0,0.000000,169999.000000,1.000000,34787294558.000000,466361.000000
170000,11,46643,0.800000,1.000000,0.671045,1.000000,0.000000,0,0.000000,169994.000000,1.000000,34787294558.000000,466361.000000
170000,12,46643,0.800000,1.000000,0.721713,1.000000,0.000000,0,0.000000,169997.000000,1.000000,34787294558.000000,466361.000000
170000,13,46631,0.800000,1.000000,0.634384,1.000000,0.000000,0,0.000000,169578.000000,1.000000,34787294558.000000,466361.000000
170000,14,46575,0.800000,1.000000,0.654352,1.000000,0.000000,0,0.000000,169438.000000,1.000000,34787294558.000000,466361.000000
170000,15,46638,0.800000,1.000000,0.475809,1.000000,0.000000,0,0.000000,169887.000000,1.000000,34787294558.000000,466361.000000
171000,0,46928,0.800000,1.000000,0.539171,1.000000,0.000000,0,0.000000,170944.000000,1.000000,35206253773.000000,187660.000000
171000,1,46855,0.800000,1.000000,0.553877,1.000000,0.000000,0,0.000000,170584.000000,1.000000,35206253773.000000,187660.000000
171000,2,46843,0.800000,1.000000,0.829696,1.000000,0.000000,0,0.000000,170157.000000,1.000000,35206253773.000000,187660.000000
171000,3,46930,0.800000,1.000000,0.683934,1.000000,0.000000,0,0.000000,170916.000000,1.000000,35206253773.000000,187660.000000
171000,4,46931,0.800000,1.000000,0.628145,1.000000,0.000000,0,0.000000,170962.000000,1.000000,35206253773.000000,187660.000000
171000,5,46931,0.800000,1.000000,0.640735,1.000000,0.000000,0,0.000000,170992.000000,1.000000,35206253773.000000,187660.000000
171000,6,46927,0.800000,1.000000,0.699170,1.000000,0.000000,0,0.000000,170983.000000,1.000000,35206253773.000000,187660.000000
171000,7,46923,0.800000,1.000000,0.573351,1.000000,0.000000,0,0.000000,170973.000000,1.000000,35206253773.000000,187660.000000
171000,8,46832,0.800000,1.000000,0.679918,1.000000,0.000000,0,0.000000,169433.000000,1.000000,35206253773.000000,187660.000000
171000,9,46931,0.800000,1.000000,0.665508,1.000000,0.000000,0,0.000000,170999.000000,1.000000,35206253773.000000,187660.000000
171000,10,46919,0.800000,1.000000,0.480076,1.000000,0.000000,0,0.000000,170826.000000,1.000000,35206253773.000000,187660.000000
171000,11,46912,0.800000,1.000000,0.649997,1.000000,0.000000,0,0.000000,170847.000000,1.000000,35206253773.000000,187660.000000
171000,12,46912,0.800000,1.000000,0.685072,1.000000,0.000000,0,0.000000,170334.000000,1.000000,35206253773.000000,187660.000000
171000,13,46931,0.800000,1.000000,0.818098,1.000000,0.000000,0,0.000000,170995.000000,1.000000,35206253773.000000,187660.000000
171000,14,46896,0.800000,1.000000,0.601590,1.000000,0.000000,0,0.000000,169438.000000,1.000000,35206253773.000000,187660.000000
171000,15,46932,0.800000,1.000000,0.800722,1.000000,0.000000,1,134042.000000,171000.000000,1.000000,35206253773.000000,187660.000000
172000,0,47226,0.800000,1.000000,0.705584,1.000000,0.000000,0,0.000000,171066.000000,1.000000,35686802594.000000,661245.000000
172000,1,47234,0.800000,1.000000,0.710094,1.000000,0.000000,1,141207.000000,172000.000000,1.000000,35686802594.000000,661245.000000
172000,2,47233,0.800000,1.000000,0.610302,1.000000,0.000000,0,0.000000,171998.000000,1.000000,35686802594.000000,661245.000000
172000,3,47234,0.800000,1.000000,0.610463,1.000000,0.000000,0,0.000000,171991.000000,1.000000,35686802594.000000,661245.000000
172000,4,47216,0.800000,1.000000,0.604707,1.000000,0.000000,0,0.000000,171926.000000,1.000000,35686802594.000000,661245.000000
172000,5,47233,0.800000,1.000000,0.698415,1.000000,0.000000,0,0.000000,171992.000000,1.000000,35686802594.000000,661245.000000
172000,6,47231,0.800000,1.000000,0.618847,1.000000,0.000000,0,0.000000,171852.000000,1.000000,35686802594.000000,661245.000000
172000,7,47231,0.800000,1.000000,0.648451,1.000000,0.000000,0,0.000000,171976.000000,1.000000,35686802594.000000,661245.000000
172000,8,47234,0.800000,1.000000,0.778950,1.000000,0.000000,0,0.000000,171993.000000,1.000000,35686802594.000000,661245.000000
172000,9,47230,0.800000,1.000000,0.574876,1.000000,0.000000,0,0.000000,171917.000000,1.000000,35686802594.000000,661245.000000
172000,10,47234,0.800000,1.000000,0.709366,1.000000,0.000000,0,0.000000,171995.000000,1.000000,35686802594.000000,661245.000000
172000,11,47234,0.800000,1.000000,0.572557,1.000000,0.000000,0,0.000000,171979.000000,1.000000,35686802594.000000,661245.000000
172000,12,47234,0.800000,1.000000,0.628852,1.000000,0.000000,0,0.000000,171984.000000,1.000000,35686802594.000000,661245.000000
172000,13,47235,0.800000,1.000000,0.622099,1.000000,0.000000,0,0.000000,171999.000000,1.000000,35686802594.000000,661245.000000
172000,14,47225,0.800000,1.000000,0.708651,1.000000,0.000000,0,0.000000,171594.000000,1.000000,35686802594.000000,661245.000000
172000,15,47174,0.800000,1.000000,0.690013,1.000000,0.000000,0,0.000000,171726.000000,1.000000,35686802594.000000,661245.000000
173000,0,47517,0.800000,1.000000,0.613490,1.000000,0.000000,0,0.000000,172995.000000,1.000000,36094330926.000000,475143.000000
173000,1,47517,0.800000,1.000000,0.696360,1.000000,0.000000,1,141953.000000,173000.000000,1.000000,36094330926.000000,475143.000000
173000,2,47517,0.800000,1.000000,0.569058,1.000000,0.000000,0,0.000000,172989.000000,1.000000,36094330926.000000,475143.000000
173000,3,47517,0.800000,1.000000,0.669709,1.000000,0.000000,0,0.000000,172999.000000,1.000000,36094330926.000000,475143.000000
173000,4,47518,0.800000,1.000000,0.634815,1.000000,0.000000,0,0.000000,172998.000000,1.000000,36094330926.000000,475143.000000
173000,5,47467,0.800000,1.000000,0.584675,1.000000,0.000000,0,0.000000,172111.000000,1.000000,36094330926.000000,475143.000000
173000,6,47517,0.800000,1.000000,0.594451,1.000000,0.000000,0,0.000000,172984.000000,1.000000,36094330926.000000,475143.000000
173000,7,47515,0.800000,1.000000,0.585960,1.000000,0.000000,0,0.000000,172985.000000,1.000000,36094330926.000000,475143.000000
173000,8,47504,0.800000,1.000000,0.586219,1.000000,0.000000,0,0.000000,171993.000000,1.000000,36094330926.000000,475143.000000
173000,9,47518,0.800000,1.000000,0.642170,1.000000,0.000000,0,0.000000,172991.000000,1.000000,36094330926.000000,475143.000000
173000,10,47517,0.800000,1.000000,0.748990,1.000000,0.000000,0,0.000000,172706.000000,1.000000,36094330926.000000,475143.000000
173000,11,47456,0.800000,1.000000,0.640117,1.000000,0.000000,0,0.000000,172246.000000,1.000000,36094330926.000000,475143.000000
173000,12,47497,0.800000,1.000000,0.540063,1.000000,0.000000,0,0.000000,172754.000000,1.000000,36094330926.000000,475143.000000
173000,13,47517,0.800000,1.000000,0.576304,1.000000,0.000000,0,0.000000,172996.000000,1.000000,36094330926.000000,475143.000000
173000,14,47504,0.800000,1.000000,0.599446,1.000000,0.000000,0,0.000000,172931.000000,1.000000,36094330926.000000,475143.000000
173000,15,47342,0.800000,1.000000,0.580743,1.000000,0.000000,0,0.000000,171726.000000,1.000000,36094330926.000000,475143.000000
174000,0,47809,0.800000,1.000000,0.693218,1.000000,0.000000,0,0.000000,173828.000000,1.000000,36529699670.000000,573592.000000
174000,1,47814,0.800000,1.000000,0.675687,1.000000,0.000000,0,0.000000,173777.000000,1.000000,36529699670.000000,573592.000000
174000,2,47815,0.800000,1.000000,0.737330,1.000000,0.000000,0,0.000000,173996.000000,1.000000,36529699670.000000,573592.000000
174000,3,47816,0.800000,1.000000,0.666540,1.000000,0.000000,1,141797.000000,174000.000000,1.000000,36529699670.000000,573592.000000
174000,4,47815,0.800000,1.000000,0.661462,1.000000,0.000000,0,0.000000,173976.000000,1.000000,36529699670.000000,573592.000000
174000,5,47811,0.800000,1.000000,0.649668,1.000000,0.000000,0,0.000000,173979.000000,1.000000,36529699670.000000,573592.000000
174000,6,47808,0.800000,1.000000,0.627260,1.000000,0.000000,0,0.000000,173935.000000,1.000000,36529699670.000000,573592.000000
174000,7,47767,0.800000,1.000000,0.481487,1.000000,0.000000,0,0.000000,173357.000000,1.000000,36529699670.000000,573592.000000
174000,8,47817,0.800000,1.000000,0.575484,1.000000,0.000000,0,0.000000,173999.000000,1.000000,36529699670.000000,573592.000000
174000,9,47816,0.800000,1.000000,0.671947,1.000000,0.000000,0,0.000000,173971.000000,1.000000,36529699670.000000,573592.000000
174000,10,47810,0.800000,1.000000,0.722732,1.000000,0.000000,0,0.000000,173978.000000,1.000000,36529699670.000000,573592.000000
174000,11,47814,0.800000,1.000000,0.532254,1.000000,0.000000,0,0.000000,173993.000000,1.000000,36529699670.000000,573592.000000
174000,12,47817,0.800000,1.000000,0.647196,1.000000,0.000000,0,0.000000,173990.000000,1.000000,36529699670.000000,573592.000000
174000,13,47775,0.800000,1.000000,0.558992,1.000000,0.000000,0,0.000000,173629.000000,1.000000,36529699670.000000,573592.000000
174000,14,47817,0.800000,1.000000,0.825794,1.000000,0.000000,0,0.000000,173997.000000,1.000000,36529699670.000000,573592.000000
174000,15,47387,0.800000,1.000000,0.705456,1.000000,0.000000,0,0.000000,171726.000000,1.000000,36529699670.000000,573592.000000
175000,0,48105,0.800000,1.000000,0.610816,1.000000,0.000000,0,0.000000,174946.000000,1.000000,36945306452.000000,383436.000000
175000,1,48070,0.800000,1.000000,0.663966,1.000000,0.000000,0,0.000000,174856.000000,1.000000,36945306452.000000,383436.000000
175000,2,48109,0.800000,1.000000,0.686392,1.000000,0.000000,0,0.000000,174997.000000,1.000000,36945306452.000000,383436.000000
175000,3,48097,0.800000,1.000000,0.613789,1.000000,0.000000,0,0.000000,174851.000000,1.000000,36945306452.000000,383436.000000
175000,4,48098,0.800000,1.000000,0.703358,1.000000,0.000000,0,0.000000,174681.000000,1.000000,36945306452.000000,383436.000000
175000,5,48108,0.800000,1.000000,0.632200,1.000000,0.000000,0,0.000000,174989.000000,1.000000,36945306452.000000,383436.000000
175000,6,48043,0.800000,1.000000,0.582255,1.000000,0.000000,0,0.000000,173935.000000,1.000000,36945306452.000000,383436.000000
175000,7,48081,0.800000,1.000000,0.594009,1.000000,0.000000,0,0.000000,174730.000000,1.000000,36945306452.000000,383436.000000
175000,8,48064,0.800000,1.000000,0.617013,1.000000,0.000000,0,0.000000,174792.000000,1.000000,36945306452.000000,383436.000000
175000,9,48109,0.800000,1.000000,0.626797,1.000000,0.000000,1,142806.000000,175000.000000,1.000000,36945306452.000000,383436.000000
175000,10,48103,0.800000,1.000000,0.672249,1.000000,0.000000,0,0.000000,174341.000000,1.000000,36945306452.000000,383436.000000
175000,11,48110,0.800000,1.000000,0.646532,1.000000,0.000000,0,0.000000,174998.000000,1.000000,36945306452.000000,383436.000000
175000,12,48110,0.800000,1.000000,0.770166,1.000000,0.000000,0,0.000000,174999.000000,1.000000,36945306452.000000,383436.000000
175000,13,48108,0.800000,1.000000,0.627264,1.000000,0.000000,0,0.000000,174990.000000,1.000000,36945306452.000000,383436.000000
175000,14,48105,0.800000,1.000000,0.663848,1.000000,0.000000,0,0.000000,174980.000000,1.000000,36945306452.000000,383436.000000
175000,15,47422,0.800000,1.000000,0.552136,1.000000,0.000000,0,0.000000,171726.000000,1.000000,36945306452.000000,383436.000000
176000,0,48397,0.800000,1.000000,0.700260,1.000000,0.000000,1,144703.000000,176000.000000,1.000000,37382713970.000000,289855.000000
176000,1,48229,0.800000,1.000000,0.560955,1.000000,0.000000,0,0.000000,174856.000000,1.000000,37382713970.000000,289855.000000
176000,2,48397,0.800000,1.000000,0.743055,1.000000,0.000000,0,0.000000,175999.000000,1.000000,37382713970.000000,289855.000000
176000,3,48378,0.800000,1.000000,0.545871,1.000000,0.000000,0,0.000000,175881.000000,1.000000,37382713970.000000,289855.000000
176000,4,48388,0.800000,1.000000,0.568315,1.000000,0.000000,0,0.000000,175499.000000,1.000000,37382713970.000000,289855.000000
176000,5,48397,0.800000,1.000000,0.660241,1.000000,0.000000,0,0.000000,175980.000000,1.000000,37382713970.000000,289855.000000
176000,6,48394,0.800000,1.000000,0.722740,1.000000,0.000000,0,0.000000,173935.000000,1.000000,37382713970.000000,289855.000000
176000,7,48395,0.800000,1.000000,0.616209,1.000000,0.000000,0,0.000000,175981.000000,1.000000,37382713970.000000,289855.000000
176000,8,48389,0.800000,1.000000,0.607199,1.000000,0.000000,0,0.000000,174792.000000,1.000000,37382713970.000000,289855.000000
176000,9,48397,0.800000,1.000000,0.721676,1.000000,0.000000,0,0.000000,175990.000000,1.000000,37382713970.000000,289855.000000
176000,10,48397,0.800000,1.000000,0.711219,1.000000,0.000000,0,0.000000,175979.000000,1.000000,37382713970.000000,289855.000000
176000,11,48302,0.800000,1.000000,0.600075,1.000000,0.000000,0,0.000000,175410.000000,1.000000,37382713970.000000,289855.000000
176000,12,48396,0.800000,1.000000,0.512509,1.000000,0.000000,0,0.000000,175986.000000,1.000000,37382713970.000000,289855.000000
176000,13,48398,0.800000,1.000000,0.777493,1.000000,0.000000,0,0.000000,175997.000000,1.000000,37382713970.000000,289855.000000
176000,14,48397,0.800000,1.000000,0.752874,1.000000,0.000000,0,0.000000,175998.000000,1.000000,37382713970.000000,289855.000000
176000,15,47729,0.800000,1.000000,0.656845,1.000000,0.000000,0,0.000000,171726.000000,1.000000,37382713970.000000,289855.000000
177000,0,48677,0.800000,1.000000,0.649735,1.000000,0.000000,1,145525.000000,177000.000000,1.000000,37833992473.000000,582752.000000
177000,1,48582,0.800000,1.000000,0.743782,1.000000,0.000000,0,0.000000,174856.000000,1.000000,37833992473.000000,582752.000000
177000,2,48677,0.800000,1.000000,0.703504,1.000000,0.000000,0,0.000000,176999.000000,1.000000,37833992473.000000,582752.000000
177000,3,48678,0.800000,1.000000,0.647822,1.000000,0.000000,0,0.000000,176992.000000,1.000000,37833992473.000000,582752.000000
177000,4,48677,0.800000,1.000000,0.669656,1.000000,0.000000,0,0.000000,176993.000000,1.000000,37833992473.000000,582752.000000
177000,5,48645,0.800000,1.000000,0.658963,1.000000,0.000000,0,0.000000,176784.000000,1.000000,37833992473.000000,582752.000000
177000,6,48676,0.800000,1.000000,0.575968,1.000000,0.000000,0,0.000000,176384.000000,1.000000,37833992473.000000,582752.000000
177000,7,48658,0.800000,1.000000,0.552277,1.000000,0.000000,0,0.000000,176918.000000,1.000000,37833992473.000000,582752.000000
177000,8,48677,0.800000,1.000000,0.742352,1.000000,0.000000,0,0.000000,176995.000000,1.000000,37833992473.000000,582752.000000
177000,9,48678,0.800000,1.000000,0.578318,1.000000,0.000000,0,0.000000,176987.000000,1.000000,37833992473.000000,582752.000000
177000,10,48665,0.800000,1.000000,0.505803,1.000000,0.000000,0,0.000000,176954.000000,1.000000,37833992473.000000,582752.000000
177000,11,48659,0.800000,1.000000,0.586286,1.000000,0.000000,0,0.000000,175410.000000,1.000000,37833992473.000000,582752.000000
177000,12,48662,0.800000,1.000000,0.634844,1.000000,0.000000,0,0.000000,176786.000000,1.000000,37833992473.000000,582752.000000
177000,13,48678,0.800000,1.000000,0.603318,1.000000,0.000000,0,0.000000,176996.000000,1.000000,37833992473.000000,582752.000000
177000,14,48675,0.800000,1.000000,0.562291,1.000000,0.000000,0,0.000000,176958.000000,1.000000,37833992473.000000,582752.000000
177000,15,48071,0.800000,1.000000,0.616801,1.000000,0.000000,0,0.000000,171726.000000,1.000000,37833992473.000000,582752.000000
178000,0,48969,0.800000,1.000000,0.567935,1.000000,0.000000,0,0.000000,177963.000000,1.000000,38297130471.000000,586272.000000
178000,1,48884,0.800000,1.000000,0.476462,1.000000,0.000000,0,0.000000,174856.000000,1.000000,38297130471.000000,586272.000000
178000,2,48967,0.800000,1.000000,0.695876,1.000000,0.000000,0,0.000000,177994.000000,1.000000,38297130471.000000,586272.000000
178000,3,48969,0.800000,1.000000,0.691606,1.000000,0.000000,0,0.000000,177956.000000,1.000000,38297130471.000000,586272.000000
178000,4,48952,0.800000,1.000000,0.636432,1.000000,0.000000,0,0.000000,177917.000000,1.000000,38297130471.000000,586272.000000
178000,5,48966,0.800000,1.000000,0.674842,1.000000,0.000000,0,0.000000,177969.000000,1.000000,38297130471.000000,586272.000000
178000,6,48969,0.800000,1.000000,0.630129,1.000000,0.000000,0,0.000000,177999.000000,1.000000,38297130471.000000,586272.000000
178000,7,48968,0.800000,1.000000,0.602913,1.000000,0.000000,0,0.000000,177992.000000,1.000000,38297130471.000000,586272.000000
178000,8,48967,0.800000,1.000000,0.524193,1.000000,0.000000,0,0.000000,177985.000000,1.000000,38297130471.000000,586272.000000
178000,9,48969,0.800000,1.000000,0.537491,1.000000,0.000000,0,0.000000,177988.000000,1.000000,38297130471.000000,586272.000000
178000,10,48958,0.800000,1.000000,0.558945,1.000000,0.000000,0,0.000000,177933.000000,1.000000,38297130471.000000,586272.000000
178000,11,48952,0.800000,1.000000,0.664350,1.000000,0.000000,0,0.000000,175410.000000,1.000000,38297130471.000000,586272.000000
178000,12,48958,0.800000,1.000000,0.674868,1.000000,0.000000,0,0.000000,177935.000000,1.000000,38297130471.000000,586272.000000
178000,13,48969,0.800000,1.000000,0.602482,1.000000,0.000000,0,0.000000,177997.000000,1.000000,38297130471.000000,586272.000000
178000,14,48970,0.800000,1.000000,0.738509,1.000000,0.000000,1,144527.000000,178000.000000,1.000000,38297130471.000000,586272.000000
178000,15,48396,0.800000,1.000000,0.517504,1.000000,0.000000,0,0.000000,171726.000000,1.000000,38297130471.000000,586272.000000
179000,0,49096,0.800000,1.000000,0.592686,1.000000,0.000000,0,0.000000,178016.000000,1.000000,38722087881.000000,196666.000000
179000,1,49247,0.800000,1.000000,0.611149,1.000000,0.000000,0,0.000000,178996.000000,1.000000,38722087881.000000,196666.000000
179000,2,49245,0.800000,1.000000,0.696685,1.000000,0.000000,0,0.000000,178802.000000,1.000000,38722087881.000000,196666.000000
179000,3,49188,0.800000,1.000000,0.571186,1.000000,0.000000,0,0.000000,178777.000000,1.000000,38722087881.000000,196666.000000
179000,4,49244,0.800000,1.000000,0.551080,1.000000,0.000000,0,0.000000,178962.000000,1.000000,38722087881.000000,196666.000000
179000,5,49182,0.800000,1.000000,0.647677,1.000000,0.000000,0,0.000000,178663.000000,1.000000,38722087881.000000,196666.000000
179000,6,49245,0.800000,1.000000,0.715488,1.000000,0.000000,0,0.000000,178985.000000,1.000000,38722087881.000000,196666.000000
179000,7,49245,0.800000,1.000000,0.537484,1.000000,0.000000,0,0.000000,178970.000000,1.000000,38722087881.000000,196666.000000
179000,8,49246,0.800000,1.000000,0.561563,1.000000,0.000000,0,0.000000,178994.000000,1.000000,38722087881.000000,196666.000000
179000,9,49247,0.800000,1.000000,0.616556,1.000000,0.000000,0,0.000000,178999.000000,1.000000,38722087881.000000,196666.000000
179000,10,49238,0.800000,1.000000,0.622677,1.000000,0.000000,0,0.000000,178739.000000,1.000000,38722087881.000000,196666.000000
179000,11,49179,0.800000,1.000000,0.615781,1.000000,0.000000,0,0.000000,178722.000000,1.000000,38722087881.000000,196666.000000
179000,12,49245,0.800000,1.000000,0.520095,1.000000,0.000000,0,0.000000,178977.000000,1.000000,38722087881.000000,196666.000000
179000,13,49247,0.800000,1.000000,0.601815,1.000000,0.000000,1,146667.000000,179000.000000,1.000000,38722087881.000000,196666.000000
179000,14,49243,0.800000,1.000000,0.613212,1.000000,0.000000,0,0.000000,178950.000000,1.000000,38722087881.000000,196666.000000
179000,15,48778,0.800000,1.000000,0.589015,1.000000,0.000000,0,0.000000,171726.000000,1.000000,38722087881.000000,196666.000000
180000,0,49492,0.800000,1.000000,0.701131,1.000000,0.000000,0,0.000000,178016.000000,1.000000,39172220577.000000,396084.000000
180000,1,49507,0.800000,1.000000,0.640846,1.000000,0.000000,0,0.000000,179806.000000,1.000000,39172220577.000000,396084.000000
180000,2,49508,0.800000,1.000000,0.593921,1.000000,0.000000,0,0.000000,179896.000000,1.000000,39172220577.000000,396084.000000
180000,3,49513,0.800000,1.000000,0.588899,1.000000,0.000000,0,0.000000,179928.000000,1.000000,39172220577.000000,396084.000000
180000,4,49518,0.800000,1.000000,0.555818,1.000000,0.000000,0,0.000000,179996.000000,1.000000,39172220577.000000,396084.000000
180000,5,49517,0.800000,1.000000,0.608854,1.000000,0.000000,0,0.000000,179990.000000,1.000000,39172220577.000000,396084.000000
180000,6,49518,0.800000,1.000000,0.619660,1.000000,0.000000,0,0.000000,179978.000000,1.000000,39172220577.000000,396084.000000
180000,7,49517,0.800000,1.000000,0.674475,1.000000,0.000000,0,0.000000,179997.000000,1.000000,39172220577.000000,396084.000000
180000,8,49518,0.800000,1.000000,0.740409,1.000000,0.000000,1,148906.000000,180000.000000,1.000000,39172220577.000000,396084.000000
180000,9,49489,0.800000,1.000000,0.628055,1.000000,0.000000,0,0.000000,179558.000000,1.000000,39172220577.000000,396084.000000
180000,10,49513,0.800000,1.000000,0.635709,1.000000,0.000000,0,0.000000,179962.000000,1.000000,39172220577.000000,396084.000000
180000,11,49492,0.800000,1.000000,0.600327,1.000000,0.000000,0,0.000000,178722.000000,1.000000,39172220577.000000,396084.000000
180000,12,49483,0.800000,1.000000,0.648645,1.000000,0.000000,0,0.000000,179659.000000,1.000000,39172220577.000000,396084.000000
180000,13,49519,0.800000,1.000000,0.668375,1.000000,0.000000,0,0.000000,179999.000000,1.000000,39172220577.000000,396084.000000
180000,14,49514,0.800000,1.000000,0.735026,1.000000,0.000000,0,0.000000,179957.000000,1.000000,39172220577.000000,396084.000000
180000,15,49059,0.800000,1.000000,0.606399,1.000000,0.000000,0,0.000000,171726.000000,1.000000,39172220577.000000,396084.000000
181000,0,49804,0.800000,1.000000,0.580854,1.000000,0.000000,0,0.000000,180644.000000,1.000000,39646422197.000000,498017.000000
181000,1,49809,0.800000,1.000000,0.702242,1.000000,0.000000,1,149295.000000,181000.000000,1.000000,39646422197.000000,498017.000000
181000,2,49810,0.800000,1.000000,0.640941,1.000000,0.000000,0,0.000000,180996.000000,1.000000,39646422197.000000,498017.000000
181000,3,49810,0.800000,1.000000,0.598360,1.000000,0.000000,0,0.000000,180992.000000,1.000000,39646422197.000000,498017.000000
181000,4,49790,0.800000,1.000000,0.668792,1.000000,0.000000,0,0.000000,180750.000000,1.000000,39646422197.000000,498017.000000
181000,5,49810,0.800000,1.000000,0.619645,1.000000,0.000000,0,0.000000,180995.000000,1.000000,39646422197.000000,498017.000000
181000,6,49767,0.800000,1.000000,0.686926,1.000000,0.000000,0,0.000000,180576.000000,1.000000,39646422197.000000,498017.000000
181000,7,49810,0.800000,1.000000,0.652743,1.000000,0.000000,0,0.000000,180998.000000,1.000000,39646422197.000000,498017.000000
181000,8,49793,0.800000,1.000000,0.662279,1.000000,0.000000,0,0.000000,180883.000000,1.000000,39646422197.000000,498017.000000
181000,9,49798,0.800000,1.000000,0.674103,1.000000,0.000000,0,0.000000,180506.000000,1.000000,39646422197.000000,498017.000000
181000,10,49807,0.800000,1.000000,0.601917,1.000000,0.000000,0,0.000000,180988.000000,1.000000,39646422197.000000,498017.000000
181000,11,49810,0.800000,1.000000,0.701672,1.000000,0.000000,0,0.000000,180975.000000,1.000000,39646422197.000000,498017.000000
181000,12,49810,0.800000,1.000000,0.677326,1.000000,0.000000,0,0.000000,180999.000000,1.000000,39646422197.000000,498017.000000
181000,13,49796,0.800000,1.000000,0.571749,1.000000,0.000000,0,0.000000,180403.000000,1.000000,39646422197.000000,498017.000000
181000,14,49808,0.800000,1.000000,0.802362,1.000000,0.000000,0,0.000000,180283.000000,1.000000,39646422197.000000,498017.000000
181000,15,49423,0.800000,1.000000,0.693588,1.000000,0.000000,0,0.000000,171726.000000,1.000000,39646422197.000000,498017.000000
182000,0,50084,0.800000,1.000000,0.533784,1.000000,0.000000,0,0.000000,181991.000000,1.000000,40084381508.000000,700247.000000
182000,1,50084,0.800000,1.000000,0.605216,1.000000,0.000000,1,150049.000000,182000.000000,1.000000,40084381508.000000,700247.000000
182000,2,50055,0.800000,1.000000,0.585451,1.000000,0.000000,0,0.000000,181816.000000,1.000000,40084381508.000000,700247.000000
182000,3,50084,0.800000,1.000000,0.724446,1.000000,0.000000,0,0.000000,181998.000000,1.000000,40084381508.000000,700247.000000
182000,4,50076,0.800000,1.000000,0.617453,1.000000,0.000000,0,0.000000,181936.000000,1.000000,40084381508.000000,700247.000000
182000,5,50083,0.800000,1.000000,0.586651,1.000000,0.000000,0,0.000000,181958.000000,1.000000,40084381508.000000,700247.000000
182000,6,50072,0.800000,1.000000,0.499465,1.000000,0.000000,0,0.000000,180576.000000,1.000000,40084381508.000000,700247.000000
182000,7,50081,0.800000,1.000000,0.612485,1.000000,0.000000,0,0.000000,181981.000000,1.000000,40084381508.000000,700247.000000
182000,8,50085,0.800000,1.000000,0.636043,1.000000,0.000000,0,0.000000,181999.000000,1.000000,40084381508.000000,700247.000000
182000,9,50073,0.800000,1.000000,0.584520,1.000000,0.000000,0,0.000000,181707.000000,1.000000,40084381508.000000,700247.000000
182000,10,50084,0.800000,1.000000,0.601582,1.000000,0.000000,0,0.000000,181984.000000,1.000000,40084381508.000000,700247.000000
182000,11,50085,0.800000,1.000000,0.563537,1.000000,0.000000,0,0.000000,181993.000000,1.000000,40084381508.000000,700247.000000
182000,12,50078,0.800000,1.000000,0.578814,1.000000,0.000000,0,0.000000,181084.000000,1.000000,40084381508.000000,700247.000000
182000,13,50053,0.800000,1.000000,0.667228,1.000000,0.000000,0,0.000000,181698.000000,1.000000,40084381508.000000,700247.000000
182000,14,50069,0.800000,1.000000,0.507352,1.000000,0.000000,0,0.000000,181907.000000,1.000000,40084381508.000000,700247.000000
182000,15,49696,0.800000,1.000000,0.618986,1.000000,0.000000,0,0.000000,171726.000000,1.000000,40084381508.000000,700247.000000
183000,0,50355,0.800000,1.000000,0.577878,1.000000,0.000000,0,0.000000,182993.000000,1.000000,40501584301.000000,0.000000
183000,1,50356,0.800000,1.000000,0.600939,1.000000,0.000000,0,0.000000,182995.000000,1.000000,40501584301.000000,0.000000
183000,2,50351,0.800000,1.000000,0.627686,1.000000,0.000000,0,0.000000,182922.000000,1.000000,40501584301.000000,0.000000
183000,3,50352,0.800000,1.000000,0.543853,1.000000,0.000000,0,0.000000,182973.000000,1.000000,40501584301.000000,0.000000
183000,4,50323,0.800000,1.000000,0.608506,1.000000,0.000000,0,0.000000,182876.000000,1.000000,40501584301.000000,0.000000
183000,5,50356,0.800000,1.000000,0.538178,1.000000,0.000000,1,148206.000000,183000.000000,1.000000,40501584301.000000,0.000000
183000,6,50345,0.800000,1.000000,0.648578,1.000000,0.000000,0,0.000000,182924.000000,1.000000,40501584301.000000,0.000000
183000,7,50356,0.800000,1.000000,0.652832,1.000000,0.000000,0,0.000000,182998.000000,1.000000,40501584301.000000,0.000000
183000,8,50338,0.800000,1.000000,0.676822,1.000000,0.000000,0,0.000000,182816.000000,1.000000,40501584301.000000,0.000000
183000,9,50357,0.800000,1.000000,0.657804,1.000000,0.000000,0,0.000000,182997.000000,1.000000,40501584301.000000,0.000000
183000,10,50212,0.800000,1.000000,0.662492,1.000000,0.000000,0,0.000000,182423.000000,1.000000,40501584301.000000,0.000000
183000,11,50357,0.800000,1.000000,0.748975,1.000000,0.000000,0,0.000000,182999.000000,1.000000,40501584301.000000,0.000000
183000,12,50343,0.800000,1.000000,0.679410,1.000000,0.000000,0,0.000000,182428.000000,1.000000,40501584301.000000,0.000000
183000,13,50300,0.800000,1.000000,0.518537,1.000000,0.000000,0,0.000000,181698.000000,1.000000,40501584301.000000,0.000000
183000,14,50293,0.800000,1.000000,0.536073,1.000000,0.000000,0,0.000000,182375.000000,1.000000,40501584301.000000,0.000000
183000,15,50005,0.800000,1.000000,0.698773,1.000000,0.000000,0,0.000000,171726.000000,1.000000,40501584301.000000,0.000000
184000,0,50617,0.800000,1.000000,0.629003,1.000000,0.000000,0,0.000000,183981.000000,1.000000,40937914680.000000,506057.000000
184000,1,50430,0.800000,1.000000,0.634721,1.000000,0.000000,0,0.000000,183103.000000,1.000000,40937914680.000000,506057.000000
184000,2,50612,0.800000,1.000000,0.607981,1.000000,0.000000,0,0.000000,183710.000000,1.000000,40937914680.000000,506057.000000
184000,3,50615,0.800000,1.000000,0.563043,1.000000,0.000000,0,0.000000,183905.000000,1.000000,40937914680.000000,506057.000000
184000,4,50618,0.800000,1.000000,0.710869,1.000000,0.000000,0,0.000000,183999.000000,1.000000,40937914680.000000,506057.000000
184000,5,50619,0.800000,1.000000,0.641340,1.000000,0.000000,0,0.000000,183998.000000,1.000000,40937914680.000000,506057.000000
184000,6,50607,0.800000,1.000000,0.554122,1.000000,0.000000,0,0.000000,183935.000000,1.000000,40937914680.000000,506057.000000
184000,7,50619,0.800000,1.000000,0.723466,1.000000,0.000000,1,148947.000000,184000.000000,1.000000,40937914680.000000,506057.000000
184000,8,50594,0.800000,1.000000,0.592604,1.000000,0.000000,0,0.000000,183269.000000,1.000000,40937914680.000000,506057.000000
184000,9,50616,0.800000,1.000000,0.746697,1.000000,0.000000,0,0.000000,183991.000000,1.000000,40937914680.000000,506057.000000
184000,10,50584,0.800000,1.000000,0.645523,1.000000,0.000000,0,0.000000,182423.000000,1.000000,40937914680.000000,506057.000000
184000,11,50617,0.800000,1.000000,0.632274,1.000000,0.000000,0,0.000000,183993.000000,1.000000,40937914680.000000,506057.000000
184000,12,50586,0.800000,1.000000,0.602476,1.000000,0.000000,0,0.000000,183718.000000,1.000000,40937914680.000000,506057.000000
184000,13,50619,0.800000,1.000000,0.707662,1.000000,0.000000,0,0.000000,183994.000000,1.000000,40937914680.000000,506057.000000
184000,14,50603,0.800000,1.000000,0.600549,1.000000,0.000000,0,0.000000,182375.000000,1.000000,40937914680.000000,506057.000000
184000,15,50368,0.800000,1.000000,0.613201,1.000000,0.000000,0,0.000000,171726.000000,1.000000,40937914680.000000,506057.000000
185000,0,50904,0.800000,1.000000,0.597452,1.000000,0.000000,0,0.000000,184999.000000,1.000000,41378702094.000000,407212.000000
185000,1,50430,0.800000,1.000000,0.634721,1.000000,0.000000,0,0.000000,183103.000000,1.000000,41378702094.000000,407212.000000
185000,2,50903,0.800000,1.000000,0.569206,1.000000,0.000000,0,0.000000,184985.000000,1.000000,41378702094.000000,407212.000000
185000,3,50865,0.800000,1.000000,0.689970,1.000000,0.000000,0,0.000000,184859.000000,1.000000,41378702094.000000,407212.000000
185000,4,50904,0.800000,1.000000,0.657490,1.000000,0.000000,0,0.000000,184981.000000,1.000000,41378702094.000000,407212.000000
185000,5,50902,0.800000,1.000000,0.711204,1.000000,0.000000,0,0.000000,184982.000000,1.000000,41378702094.000000,407212.000000
185000,6,50905,0.800000,1.000000,0.680369,1.000000,0.000000,1,149091.000000,185000.000000,1.000000,41378702094.000000,407212.000000
185000,7,50901,0.800000,1.000000,0.603295,1.000000,0.000000,0,0.000000,184941.000000,1.000000,41378702094.000000,407212.000000
185000,8,50903,0.800000,1.000000,0.579542,1.000000,0.000000,0,0.000000,184990.000000,1.000000,41378702094.000000,407212.000000
185000,9,50905,0.800000,1.000000,0.613421,1.000000,0.000000,0,0.000000,184998.000000,1.000000,41378702094.000000,407212.000000
185000,10,50895,0.800000,1.000000,0.547943,1.000000,0.000000,0,0.000000,184844.000000,1.000000,41378702094.000000,407212.000000
185000,11,50822,0.800000,1.000000,0.670003,1.000000,0.000000,0,0.000000,184275.000000,1.000000,41378702094.000000,407212.000000
185000,12,50901,0.800000,1.000000,0.513872,1.000000,0.000000,0,0.000000,184916.000000,1.000000,41378702094.000000,407212.000000
185000,13,50905,0.800000,1.000000,0.699098,1.000000,0.000000,0,0.000000,184996.000000,1.000000,41378702094.000000,407212.000000
185000,14,50900,0.800000,1.000000,0.566612,1.000000,0.000000,0,0.000000,184860.000000,1.000000,41378702094.000000,407212.000000
185000,15,50723,0.800000,1.000000,0.681182,1.000000,0.000000,0,0.000000,171726.000000,1.000000,41378702094.000000,407212.000000
186000,0,51177,0.800000,1.000000,0.611675,1.000000,0.000000,0,0.000000,185814.000000,1.000000,41788204471.000000,409398.000000
186000,1,50430,0.800000,1.000000,0.634721,1.000000,0.000000,0,0.000000,183103.000000,1.000000,41788204471.000000,409398.000000
186000,2,51168,0.800000,1.000000,0.576660,1.000000,0.000000,0,0.000000,185929.000000,1.000000,41788204471.000000,409398.000000
186000,3,51179,0.800000,1.000000,0.609532,1.000000,0.000000,0,0.000000,185992.000000,1.000000,41788204471.000000,409398.000000
186000,4,51179,0.800000,1.000000,0.609446,1.000000,0.000000,1,151712.000000,186000.000000,1.000000,41788204471.000000,409398.000000
186000,5,51157,0.800000,1.000000,0.678064,1.000000,0.000000,0,0.000000,185832.000000,1.000000,41788204471.000000,409398.000000
186000,6,51174,0.800000,1.000000,0.659889,1.000000,0.000000,0,0.000000,185977.000000,1.000000,41788204471.000000,409398.000000
186000,7,51176,0.800000,1.000000,0.609559,1.000000,0.000000,0,0.000000,185978.000000,1.000000,41788204471.000000,409398.000000
186000,8,51178,0.800000,1.000000,0.613311,1.000000,0.000000,0,0.000000,185998.000000,1.000000,41788204471.000000,409398.000000
186000,9,51116,0.800000,1.000000,0.648847,1.000000,0.000000,0,0.000000,185740.000000,1.000000,41788204471.000000,409398.000000
186000,10,51178,0.800000,1.000000,0.611769,1.000000,0.000000,0,0.000000,185987.000000,1.000000,41788204471.000000,409398.000000
186000,11,50884,0.800000,1.000000,0.615906,1.000000,0.000000,0,0.000000,184275.000000,1.000000,41788204471.000000,409398.000000
186000,12,51177,0.800000,1.000000,0.468116,1.000000,0.000000,0,0.000000,185884.000000,1.000000,41788204471.000000,409398.000000
186000,13,51176,0.800000,1.000000,0.501730,1.000000,0.000000,0,0.000000,185969.000000,1.000000,41788204471.000000,409398.000000
186000,14,51179,0.800000,1.000000,0.679098,1.000000,0.000000,0,0.000000,185999.000000,1.000000,41788204471.000000,409398.000000
186000,15,51153,0.800000,1.000000,0.676490,1.000000,0.000000,0,0.000000,171726.000000,1.000000,41788204471.000000,409398.000000
187000,0,51465,0.800000,1.000000,0.668375,1.000000,0.000000,0,0.000000,186590.000000,1.000000,42238429588.000000,514403.000000
187000,1,50447,0.800000,1.000000,0.611620,1.000000,0.000000,0,0.000000,183103.000000,1.000000,42238429588.000000,514403.000000
187000,2,51466,0.800000,1.000000,0.742520,1.000000,0.000000,0,0.000000,186997.000000,1.000000,42238429588.000000,514403.000000
187000,3,51466,0.800000,1.000000,0.753891,1.000000,0.000000,0,0.000000,186999.000000,1.000000,42238429588.000000,514403.000000
187000,4,51465,0.800000,1.000000,0.667653,1.000000,0.000000,0,0.000000,186993.000000,1.000000,42238429588.000000,514403.000000
187000,5,51466,0.800000,1.000000,0.707240,1.000000,0.000000,1,151221.000000,187000.000000,1.000000,42238429588.000000,514403.000000
187000,6,51465,0.800000,1.000000,0.685911,1.000000,0.000000,0,0.000000,186626.000000,1.000000,42238429588.000000,514403.000000
187000,7,51435,0.800000,1.000000,0.671790,1.000000,0.000000,0,0.000000,186023.000000,1.000000,42238429588.000000,514403.000000
187000,8,51467,0.800000,1.000000,0.768241,1.000000,0.000000,0,0.000000,186998.000000,1.000000,42238429588.000000,514403.000000
187000,9,51374,0.800000,1.000000,0.731049,1.000000,0.000000,0,0.000000,185740.000000,1.000000,42238429588.000000,514403.000000
187000,10,51467,0.800000,1.000000,0.742594,1.000000,0.000000,0,0.000000,186995.000000,1.000000,42238429588.000000,514403.000000
187000,11,51223,0.800000,1.000000,0.635122,1.000000,0.000000,0,0.000000,184275.000000,1.000000,42238429588.000000,514403.000000
187000,12,51467,0.800000,1.000000,0.676572,1.000000,0.000000,0,0.000000,186959.000000,1.000000,42238429588.000000,514403.000000
187000,13,51465,0.800000,1.000000,0.704074,1.000000,0.000000,0,0.000000,186979.000000,1.000000,42238429588.000000,514403.000000
187000,14,51465,0.800000,1.000000,0.622333,1.000000,0.000000,0,0.000000,186977.000000,1.000000,42238429588.000000,514403.000000
187000,15,51467,0.800000,1.000000,0.633640,1.000000,0.000000,0,0.000000,186980.000000,1.000000,42238429588.000000,514403.000000
188000,0,51766,0.800000,1.000000,0.613107,1.000000,0.000000,1,154413.000000,188000.000000,1.000000,42719509838.000000,517661.000000
188000,1,50843,0.800000,1.000000,0.563828,1.000000,0.000000,0,0.000000,183103.000000,1.000000,42719509838.000000,517661.000000
188000,2,51758,0.800000,1.000000,0.643028,1.000000,0.000000,0,0.000000,187795.000000,1.000000,42719509838.000000,517661.000000
188000,3,51765,0.800000,1.000000,0.713790,1.000000,0.000000,0,0.000000,187930.000000,1.000000,42719509838.000000,517661.000000
188000,4,51767,0.800000,1.000000,0.662672,1.000000,0.000000,0,0.000000,187991.000000,1.000000,42719509838.000000,517661.000000
188000,5,51767,0.800000,1.000000,0.587634,1.000000,0.000000,0,0.000000,187992.000000,1.000000,42719509838.000000,517661.000000
188000,6,51487,0.800000,1.000000,0.636842,1.000000,0.000000,0,0.000000,187035.000000,1.000000,42719509838.000000,517661.000000
188000,7,51744,0.800000,1.000000,0.566721,1.000000,0.000000,0,0.000000,187246.000000,1.000000,42719509838.000000,517661.000000
188000,8,51756,0.800000,1.000000,0.603786,1.000000,0.000000,0,0.000000,187697.000000,1.000000,42719509838.000000,517661.000000
188000,9,51725,0.800000,1.000000,0.596211,1.000000,0.000000,0,0.000000,185740.000000,1.000000,42719509838.000000,517661.000000
188000,10,51767,0.800000,1.000000,0.671228,1.000000,0.000000,0,0.000000,187995.000000,1.000000,42719509838.000000,517661.000000
188000,11,51591,0.800000,1.000000,0.730584,1.000000,0.000000,0,0.000000,184275.000000,1.000000,42719509838.000000,517661.000000
188000,12,51751,0.800000,1.000000,0.474789,1.000000,0.000000,0,0.000000,187823.000000,1.000000,42719509838.000000,517661.000000
188000,13,51732,0.800000,1.000000,0.569966,1.000000,0.000000,0,0.000000,187549.000000,1.000000,42719509838.000000,517661.000000
188000,14,51767,0.800000,1.000000,0.713580,1.000000,0.000000,0,0.000000,187999.000000,1.000000,42719509838.000000,517661.000000
188000,15,51754,0.800000,1.000000,0.596545,1.000000,0.000000,0,0.000000,187928.000000,1.000000,42719509838.000000,517661.000000
189000,0,52015,0.800000,1.000000,0.658220,1.000000,0.000000,0,0.000000,188998.000000,1.000000,43112292084.000000,208022.000000
189000,1,51174,0.800000,1.000000,0.541599,1.000000,0.000000,0,0.000000,183103.000000,1.000000,43112292084.000000,208022.000000
189000,2,52015,0.800000,1.000000,0.637173,1.000000,0.000000,1,150939.000000,189000.000000,1.000000,43112292084.000000,208022.000000
189000,3,52012,0.800000,1.000000,0.470114,1.000000,0.000000,0,0.000000,188965.000000,1.000000,43112292084.000000,208022.000000
189000,4,51886,0.800000,1.000000,0.649338,1.000000,0.000000,0,0.000000,188443.000000,1.000000,43112292084.000000,208022.000000
189000,5,51988,0.800000,1.000000,0.636646,1.000000,0.000000,0,0.000000,188718.000000,1.000000,43112292084.000000,208022.000000
189000,6,51487,0.800000,1.000000,0.636842,1.000000,0.000000,0,0.000000,187035.000000,1.000000,43112292084.000000,208022.000000
189000,7,52006,0.800000,1.000000,0.496805,1.000000,0.000000,0,0.000000,188935.000000,1.000000,43112292084.000000,208022.000000
189000,8,52003,0.800000,1.000000,0.680025,1.000000,0.000000,0,0.000000,188897.000000,1.000000,43112292084.000000,208022.000000
189000,9,52000,0.800000,1.000000,0.669741,1.000000,0.000000,0,0.000000,185740.000000,1.000000,43112292084.000000,208022.000000
189000,10,51935,0.800000,1.000000,0.747593,1.000000,0.000000,0,0.000000,188657.000000,1.000000,43112292084.000000,208022.000000
189000,11,51992,0.800000,1.000000,0.702408,1.000000,0.000000,0,0.000000,184275.000000,1.000000,43112292084.000000,208022.000000
189000,12,51997,0.800000,1.000000,0.668894,1.000000,0.000000,0,0.000000,188860.000000,1.000000,43112292084.000000,208022.000000
189000,13,52015,0.800000,1.000000,0.728331,1.000000,0.000000,0,0.000000,188999.000000,1.000000,43112292084.000000,208022.000000
189000,14,51991,0.800000,1.000000,0.627675,1.000000,0.000000,0,0.000000,188487.000000,1.000000,43112292084.000000,208022.000000
189000,15,52016,0.800000,1.000000,0.666733,1.000000,0.000000,0,0.000000,188997.000000,1.000000,43112292084.000000,208022.000000
190000,0,52101,0.800000,1.000000,0.692156,1.000000,0.000000,0,0.000000,189151.000000,1.000000,43512439805.000000,313539.000000
190000,1,51543,0.800000,1.000000,0.698329,1.000000,0.000000,0,0.000000,183103.000000,1.000000,43512439805.000000,313539.000000
190000,2,52290,0.800000,1.000000,0.597671,1.000000,0.000000,0,0.000000,189685.000000,1.000000,43512439805.000000,313539.000000
190000,3,52244,0.800000,1.000000,0.620564,1.000000,0.000000,0,0.000000,189424.000000,1.000000,43512439805.000000,313539.000000
190000,4,51886,0.800000,1.000000,0.649338,1.000000,0.000000,0,0.000000,188443.000000,1.000000,43512439805.000000,313539.000000
190000,5,52292,0.800000,1.000000,0.699443,1.000000,0.000000,0,0.000000,189993.000000,1.000000,43512439805.000000,313539.000000
190000,6,51487,0.800000,1.000000,0.636842,1.000000,0.000000,0,0.000000,187035.000000,1.000000,43512439805.000000,313539.000000
190000,7,52293,0.800000,1.000000,0.644381,1.000000,0.000000,0,0.000000,189999.000000,1.000000,43512439805.000000,313539.000000
190000,8,52293,0.800000,1.000000,0.609879,1.000000,0.000000,0,0.000000,189998.000000,1.000000,43512439805.000000,313539.000000
190000,9,52287,0.800000,1.000000,0.597174,1.000000,0.000000,0,0.000000,189936.000000,1.000000,43512439805.000000,313539.000000
190000,10,52237,0.800000,1.000000,0.694594,1.000000,0.000000,0,0.000000,188657.000000,1.000000,43512439805.000000,313539.000000
190000,11,52292,0.800000,1.000000,0.755879,1.000000,0.000000,0,0.000000,189989.000000,1.000000,43512439805.000000,313539.000000
190000,12,52256,0.800000,1.000000,0.631782,1.000000,0.000000,0,0.000000,189216.000000,1.000000,43512439805.000000,313539.000000
190000,13,52287,0.800000,1.000000,0.700590,1.000000,0.000000,0,0.000000,189841.000000,1.000000,43512439805.000000,313539.000000
190000,14,52294,0.800000,1.000000,0.637343,1.000000,0.000000,1,154616.000000,190000.000000,1.000000,43512439805.000000,313539.000000
190000,15,52293,0.800000,1.000000,0.622842,1.000000,0.000000,0,0.000000,189974.000000,1.000000,43512439805.000000,313539.000000
191000,0,52431,0.800000,1.000000,0.724329,1.000000,0.000000,0,0.000000,189151.000000,1.000000,43970116848.000000,313819.000000
191000,1,51842,0.800000,1.000000,0.641042,1.000000,0.000000,0,0.000000,183103.000000,1.000000,43970116848.000000,313819.000000
191000,2,52538,0.800000,1.000000,0.635760,1.000000,0.000000,0,0.000000,190989.000000,1.000000,43970116848.000000,313819.000000
191000,3,52538,0.800000,1.000000,0.623179,1.000000,0.000000,0,0.000000,190998.000000,1.000000,43970116848.000000,313819.000000
191000,4,52299,0.800000,1.000000,0.701683,1.000000,0.000000,0,0.000000,188443.000000,1.000000,43970116848.000000,313819.000000
191000,5,52537,0.800000,1.000000,0.685715,1.000000,0.000000,0,0.000000,190984.000000,1.000000,43970116848.000000,313819.000000
191000,6,51826,0.800000,1.000000,0.646913,1.000000,0.000000,0,0.000000,187035.000000,1.000000,43970116848.000000,313819.000000
191000,7,52537,0.800000,1.000000,0.680031,1.000000,0.000000,0,0.000000,190993.000000,1.000000,43970116848.000000,313819.000000
191000,8,52537,0.800000,1.000000,0.596427,1.000000,0.000000,0,0.000000,190994.000000,1.000000,43970116848.000000,313819.000000
191000,9,52540,0.800000,1.000000,0.616659,1.000000,0.000000,0,0.000000,190999.000000,1.000000,43970116848.000000,313819.000000
191000,10,52531,0.800000,1.000000,0.662078,1.000000,0.000000,0,0.000000,190950.000000,1.000000,43970116848.000000,313819.000000
191000,11,52524,0.800000,1.000000,0.585143,1.000000,0.000000,0,0.000000,190793.000000,1.000000,43970116848.000000,313819.000000
191000,12,52540,0.800000,1.000000,0.614228,1.000000,0.000000,1,154336.000000,191000.000000,1.000000,43970116848.000000,313819.000000
191000,13,52529,0.800000,1.000000,0.551847,1.000000,0.000000,0,0.000000,190916.000000,1.000000,43970116848.000000,313819.000000
191000,14,52533,0.800000,1.000000,0.706100,1.000000,0.000000,0,0.000000,190959.000000,1.000000,43970116848.000000,313819.000000
191000,15,52472,0.800000,1.000000,0.583815,1.000000,0.000000,0,0.000000,190277.000000,1.000000,43970116848.000000,313819.000000
192000,0,52746,0.800000,1.000000,0.483077,1.000000,0.000000,0,0.000000,189151.000000,1.000000,44428034377.000000,419908.000000
192000,1,52262,0.800000,1.000000,0.671878,1.000000,0.000000,0,0.000000,183103.000000,1.000000,44428034377.000000,419908.000000
192000,2,52771,0.800000,1.000000,0.642342,1.000000,0.000000,0,0.000000,191924.000000,1.000000,44428034377.000000,419908.000000
192000,3,52789,0.800000,1.000000,0.690779,1.000000,0.000000,0,0.000000,191992.000000,1.000000,44428034377.000000,419908.000000
192000,4,52632,0.800000,1.000000,0.608230,1.000000,0.000000,0,0.000000,188443.000000,1.000000,44428034377.000000,419908.000000
192000,5,52789,0.800000,1.000000,0.553248,1.000000,0.000000,0,0.000000,191993.000000,1.000000,44428034377.000000,419908.000000
192000,6,52159,0.800000,1.000000,0.662286,1.000000,0.000000,0,0.000000,187035.000000,1.000000,44428034377.000000,419908.000000
192000,7,52789,0.800000,1.000000,0.650007,1.000000,0.000000,0,0.000000,191980.000000,1.000000,44428034377.000000,419908.000000
192000,8,52745,0.800000,1.000000,0.518112,1.000000,0.000000,0,0.000000,191143.000000,1.000000,44428034377.000000,419908.000000
192000,9,52750,0.800000,1.000000,0.730731,1.000000,0.000000,0,0.000000,191820.000000,1.000000,44428034377.000000,419908.000000
192000,10,52789,0.800000,1.000000,0.708413,1.000000,0.000000,1,154234.000000,192000.000000,1.000000,44428034377.000000,419908.000000
192000,11,52782,0.800000,1.000000,0.537676,1.000000,0.000000,0,0.000000,191955.000000,1.000000,44428034377.000000,419908.000000
192000,12,52777,0.800000,1.000000,0.666184,1.000000,0.000000,0,0.000000,191842.000000,1.000000,44428034377.000000,419908.000000
192000,13,52790,0.800000,1.000000,0.641558,1.000000,0.000000,0,0.000000,191981.000000,1.000000,44428034377.000000,419908.000000
192000,14,52753,0.800000,1.000000,0.522461,1.000000,0.000000,0,0.000000,191659.000000,1.000000,44428034377.000000,419908.000000
192000,15,52790,0.800000,1.000000,0.602880,1.000000,0.000000,0,0.000000,191994.000000,1.000000,44428034377.000000,419908.000000
193000,0,53058,0.800000,1.000000,0.676399,1.000000,0.000000,0,0.000000,192923.000000,1.000000,44929836429.000000,317289.000000
193000,1,52696,0.800000,1.000000,0.813252,1.000000,0.000000,0,0.000000,183103.000000,1.000000,44929836429.000000,317289.000000
193000,2,53060,0.800000,1.000000,0.644515,1.000000,0.000000,0,0.000000,192969.000000,1.000000,44929836429.000000,317289.000000
193000,3,53061,0.800000,1.000000,0.714680,1.000000,0.000000,0,0.000000,192997.000000,1.000000,44929836429.000000,317289.000000
193000,4,52958,0.800000,1.000000,0.554558,1.000000,0.000000,0,0.000000,188443.000000,1.000000,44929836429.000000,317289.000000
193000,5,53061,0.800000,1.000000,0.642953,1.000000,0.000000,0,0.000000,192984.000000,1.000000,44929836429.000000,317289.000000
193000,6,52525,0.800000,1.000000,0.644537,1.000000,0.000000,0,0.000000,187035.000000,1.000000,44929836429.000000,317289.000000
193000,7,53027,0.800000,1.000000,0.470216,1.000000,0.000000,0,0.000000,192776.000000,1.000000,44929836429.000000,317289.000000
193000,8,53061,0.800000,1.000000,0.689151,1.000000,0.000000,0,0.000000,192994.000000,1.000000,44929836429.000000,317289.000000
193000,9,53014,0.800000,1.000000,0.721139,1.000000,0.000000,0,0.000000,192830.000000,1.000000,44929836429.000000,317289.000000
193000,10,53053,0.800000,1.000000,0.614042,1.000000,0.000000,0,0.000000,192876.000000,1.000000,44929836429.000000,317289.000000
193000,11,53061,0.800000,1.000000,0.675460,1.000000,0.000000,1,156223.000000,193000.000000,1.000000,44929836429.000000,317289.000000
193000,12,53062,0.800000,1.000000,0.803680,1.000000,0.000000,0,0.000000,192998.000000,1.000000,44929836429.000000,317289.000000
193000,13,53055,0.800000,1.000000,0.652446,1.000000,0.000000,0,0.000000,192909.000000,1.000000,44929836429.000000,317289.000000
193000,14,53053,0.800000,1.000000,0.590158,1.000000,0.000000,0,0.000000,191659.000000,1.000000,44929836429.000000,317289.000000
193000,15,53058,0.800000,1.000000,0.754487,1.000000,0.000000,0,0.000000,192986.000000,1.000000,44929836429.000000,317289.000000
194000,0,53328,0.800000,1.000000,0.631508,1.000000,0.000000,0,0.000000,193996.000000,1.000000,45403654121.000000,319003.000000
194000,1,53034,0.800000,1.000000,0.605427,1.000000,0.000000,0,0.000000,183103.000000,1.000000,45403654121.000000,319003.000000
194000,2,53329,0.800000,1.000000,0.632541,1.000000,0.000000,0,0.000000,193998.000000,1.000000,45403654121.000000,319003.000000
194000,3,53325,0.800000,1.000000,0.684611,1.000000,0.000000,0,0.000000,193943.000000,1.000000,45403654121.000000,319003.000000
194000,4,53315,0.800000,1.000000,0.586030,1.000000,0.000000,0,0.000000,188443.000000,1.000000,45403654121.000000,319003.000000
194000,5,53321,0.800000,1.000000,0.711390,1.000000,0.000000,0,0.000000,193961.000000,1.000000,45403654121.000000,319003.000000
194000,6,52872,0.800000,1.000000,0.693229,1.000000,0.000000,0,0.000000,187035.000000,1.000000,45403654121.000000,319003.000000
194000,7,53258,0.800000,1.000000,0.632572,1.000000,0.000000,0,0.000000,193406.000000,1.000000,45403654121.000000,319003.000000
194000,8,53328,0.800000,1.000000,0.669511,1.000000,0.000000,0,0.000000,193991.000000,1.000000,45403654121.000000,319003.000000
194000,9,53293,0.800000,1.000000,0.587314,1.000000,0.000000,0,0.000000,192830.000000,1.000000,45403654121.000000,319003.000000
194000,10,53308,0.800000,1.000000,0.708090,1.000000,0.000000,0,0.000000,193800.000000,1.000000,45403654121.000000,319003.000000
194000,11,53323,0.800000,1.000000,0.574973,1.000000,0.000000,0,0.000000,193850.000000,1.000000,45403654121.000000,319003.000000
194000,12,53308,0.800000,1.000000,0.637582,1.000000,0.000000,0,0.000000,193843.000000,1.000000,45403654121.000000,319003.000000
194000,13,53329,0.800000,1.000000,0.552844,1.000000,0.000000,1,158798.000000,194000.000000,1.000000,45403654121.000000,319003.000000
194000,14,53329,0.800000,1.000000,0.649093,1.000000,0.000000,0,0.000000,193999.000000,1.000000,45403654121.000000,319003.000000
194000,15,53323,0.800000,1.000000,0.550420,1.000000,0.000000,0,0.000000,193926.000000,1.000000,45403654121.000000,319003.000000
195000,0,53420,0.800000,1.000000,0.629080,1.000000,0.000000,0,0.000000,194043.000000,1.000000,45853707576.000000,428078.000000
195000,1,53443,0.800000,1.000000,0.640850,1.000000,0.000000,0,0.000000,183103.000000,1.000000,45853707576.000000,428078.000000
195000,2,53590,0.800000,1.000000,0.623319,1.000000,0.000000,0,0.000000,194994.000000,1.000000,45853707576.000000,428078.000000
195000,3,53590,0.800000,1.000000,0.626960,1.000000,0.000000,0,0.000000,194990.000000,1.000000,45853707576.000000,428078.000000
195000,4,53493,0.800000,1.000000,0.732712,1.000000,0.000000,0,0.000000,194604.000000,1.000000,45853707576.000000,428078.000000
195000,5,53572,0.800000,1.000000,0.617249,1.000000,0.000000,0,0.000000,194925.000000,1.000000,45853707576.000000,428078.000000
195000,6,53274,0.800000,1.000000,0.560152,1.000000,0.000000,0,0.000000,187035.000000,1.000000,45853707576.000000,428078.000000
195000,7,53476,0.800000,1.000000,0.548217,1.000000,0.000000,0,0.000000,193406.000000,1.000000,45853707576.000000,428078.000000
195000,8,53588,0.800000,1.000000,0.699362,1.000000,0.000000,0,0.000000,194985.000000,1.000000,45853707576.000000,428078.000000
195000,9,53590,0.800000,1.000000,0.662410,1.000000,0.000000,1,158867.000000,195000.000000,1.000000,45853707576.000000,428078.000000
195000,10,53589,0.800000,1.000000,0.657473,1.000000,0.000000,0,0.000000,194993.000000,1.000000,45853707576.000000,428078.000000
195000,11,53591,0.800000,1.000000,0.568908,1.000000,0.000000,0,0.000000,194998.000000,1.000000,45853707576.000000,428078.000000
195000,12,53587,0.800000,1.000000,0.643343,1.000000,0.000000,0,0.000000,194974.000000,1.000000,45853707576.000000,428078.000000
195000,13,53589,0.800000,1.000000,0.568874,1.000000,0.000000,0,0.000000,194781.000000,1.000000,45853707576.000000,428078.000000
195000,14,53591,0.800000,1.000000,0.689019,1.000000,0.000000,0,0.000000,194999.000000,1.000000,45853707576.000000,428078.000000
195000,15,53555,0.800000,1.000000,0.690086,1.000000,0.000000,0,0.000000,194669.000000,1.000000,45853707576.000000,428078.000000
196000,0,53593,0.800000,1.000000,0.582006,1.000000,0.000000,0,0.000000,194043.000000,1.000000,46362590892.000000,430940.000000
196000,1,53870,0.800000,1.000000,0.711225,1.000000,0.000000,0,0.000000,195998.000000,1.000000,46362590892.000000,430940.000000
196000,2,53870,0.800000,1.000000,0.605626,1.000000,0.000000,0,0.000000,195978.000000,1.000000,46362590892.000000,430940.000000
196000,3,53867,0.800000,1.000000,0.526072,1.000000,0.000000,0,0.000000,195979.000000,1.000000,46362590892.000000,430940.000000
196000,4,53847,0.800000,1.000000,0.669879,1.000000,0.000000,0,0.000000,194604.000000,1.000000,46362590892.000000,430940.000000
196000,5,53870,0.800000,1.000000,0.676219,1.000000,0.000000,1,157916.000000,196000.000000,1.000000,46362590892.000000,430940.000000
196000,6,53648,0.800000,1.000000,0.702883,1.000000,0.000000,0,0.000000,187035.000000,1.000000,46362590892.000000,430940.000000
196000,7,53842,0.800000,1.000000,0.624455,1.000000,0.000000,0,0.000000,193406.000000,1.000000,46362590892.000000,430940.000000
196000,8,53870,0.800000,1.000000,0.699407,1.000000,0.000000,0,0.000000,195997.000000,1.000000,46362590892.000000,430940.000000
196000,9,53843,0.800000,1.000000,0.735651,1.000000,0.000000,0,0.000000,195896.000000,1.000000,46362590892.000000,430940.000000
196000,10,53865,0.800000,1.000000,0.710508,1.000000,0.000000,0,0.000000,195982.000000,1.000000,46362590892.000000,430940.000000
196000,11,53871,0.800000,1.000000,0.748494,1.000000,0.000000,0,0.000000,195999.000000,1.000000,46362590892.000000,430940.000000
196000,12,53864,0.800000,1.000000,0.659369,1.000000,0.000000,0,0.000000,195971.000000,1.000000,46362590892.000000,430940.000000
196000,13,53869,0.800000,1.000000,0.603853,1.000000,0.000000,0,0.000000,195983.000000,1.000000,46362590892.000000,430940.000000
196000,14,53836,0.800000,1.000000,0.599761,1.000000,0.000000,0,0.000000,195588.000000,1.000000,46362590892.000000,430940.000000
196000,15,53853,0.800000,1.000000,0.687666,1.000000,0.000000,0,0.000000,195808.000000,1.000000,46362590892.000000,430940.000000
197000,0,54002,0.800000,1.000000,0.630631,1.000000,0.000000,0,0.000000,194043.000000,1.000000,46868277833.000000,216536.000000
197000,1,54146,0.800000,1.000000,0.747006,1.000000,0.000000,0,0.000000,196998.000000,1.000000,46868277833.000000,216536.000000
197000,2,54146,0.800000,1.000000,0.659336,1.000000,0.000000,0,0.000000,196994.000000,1.000000,46868277833.000000,216536.000000
197000,3,54144,0.800000,1.000000,0.756231,1.000000,0.000000,0,0.000000,196987.000000,1.000000,46868277833.000000,216536.000000
197000,4,54137,0.800000,1.000000,0.547559,1.000000,0.000000,0,0.000000,196893.000000,1.000000,46868277833.000000,216536.000000
197000,5,54146,0.800000,1.000000,0.677195,1.000000,0.000000,1,158316.000000,197000.000000,1.000000,46868277833.000000,216536.000000
197000,6,54008,0.800000,1.000000,0.668164,1.000000,0.000000,0,0.000000,187035.000000,1.000000,46868277833.000000,216536.000000
197000,7,54145,0.800000,1.000000,0.637189,1.000000,0.000000,0,0.000000,196993.000000,1.000000,46868277833.000000,216536.000000
197000,8,54139,0.800000,1.000000,0.705617,1.000000,0.000000,0,0.000000,196961.000000,1.000000,46868277833.000000,216536.000000
197000,9,54144,0.800000,1.000000,0.504119,1.000000,0.000000,0,0.000000,196884.000000,1.000000,46868277833.000000,216536.000000
197000,10,54146,0.800000,1.000000,0.648297,1.000000,0.000000,0,0.000000,196990.000000,1.000000,46868277833.000000,216536.000000
197000,11,54144,0.800000,1.000000,0.582742,1.000000,0.000000,0,0.000000,196984.000000,1.000000,46868277833.000000,216536.000000
197000,12,54123,0.800000,1.000000,0.662660,1.000000,0.000000,0,0.000000,196666.000000,1.000000,46868277833.000000,216536.000000
197000,13,54144,0.800000,1.000000,0.591621,1.000000,0.000000,0,0.000000,196792.000000,1.000000,46868277833.000000,216536.000000
197000,14,54137,0.800000,1.000000,0.626482,1.000000,0.000000,0,0.000000,196958.000000,1.000000,46868277833.000000,216536.000000
197000,15,54112,0.800000,1.000000,0.739282,1.000000,0.000000,0,0.000000,196161.000000,1.000000,46868277833.000000,216536.000000
198000,0,54302,0.800000,1.000000,0.654480,1.000000,0.000000,0,0.000000,194043.000000,1.000000,47331533206.000000,543395.000000
198000,1,54419,0.800000,1.000000,0.668134,1.000000,0.000000,0,0.000000,197995.000000,1.000000,47331533206.000000,543395.000000
198000,2,54415,0.800000,1.000000,0.637663,1.000000,0.000000,0,0.000000,197979.000000,1.000000,47331533206.000000,543395.000000
198000,3,54419,0.800000,1.000000,0.712525,1.000000,0.000000,0,0.000000,197976.000000,1.000000,47331533206.000000,543395.000000
198000,4,54420,0.800000,1.000000,0.651591,1.000000,0.000000,0,0.000000,197990.000000,1.000000,47331533206.000000,543395.000000
198000,5,54420,0.800000,1.000000,0.683875,1.000000,0.000000,1,158890.000000,198000.000000,1.000000,47331533206.000000,543395.000000
198000,6,54393,0.800000,1.000000,0.453881,1.000000,0.000000,0,0.000000,187035.000000,1.000000,47331533206.000000,543395.000000
198000,7,54206,0.800000,1.000000,0.618064,1.000000,0.000000,0,0.000000,197024.000000,1.000000,47331533206.000000,543395.000000
198000,8,54420,0.800000,1.000000,0.567261,1.000000,0.000000,0,0.000000,197997.000000,1.000000,47331533206.000000,543395.000000
198000,9,54418,0.800000,1.000000,0.676952,1.000000,0.000000,0,0.000000,197977.000000,1.000000,47331533206.000000,543395.000000
198000,10,54415,0.800000,1.000000,0.590309,1.000000,0.000000,0,0.000000,197724.000000,1.000000,47331533206.000000,543395.000000
198000,11,54399,0.800000,1.000000,0.644474,1.000000,0.000000,0,0.000000,197606.000000,1.000000,47331533206.000000,543395.000000
198000,12,54374,0.800000,1.000000,0.597880,1.000000,0.000000,0,0.000000,197287.000000,1.000000,47331533206.000000,543395.000000
198000,13,54412,0.800000,1.000000,0.699203,1.000000,0.000000,0,0.000000,197927.000000,1.000000,47331533206.000000,543395.000000
198000,14,54380,0.800000,1.000000,0.550692,1.000000,0.000000,0,0.000000,197537.000000,1.000000,47331533206.000000,543395.000000
198000,15,54420,0.800000,1.000000,0.673656,1.000000,0.000000,0,0.000000,197999.000000,1.000000,47331533206.000000,543395.000000
199000,0,54709,0.800000,1.000000,0.676213,1.000000,0.000000,0,0.000000,194043.000000,1.000000,47855416649.000000,327767.000000
199000,1,54691,0.800000,1.000000,0.632520,1.000000,0.000000,0,0.000000,198629.000000,1.000000,47855416649.000000,327767.000000
199000,2,54710,0.800000,1.000000,0.637447,1.000000,0.000000,0,0.000000,198930.000000,1.000000,47855416649.000000,327767.000000
199000,3,54707,0.800000,1.000000,0.665108,1.000000,0.000000,0,0.000000,198965.000000,1.000000,47855416649.000000,327767.000000
199000,4,54603,0.800000,1.000000,0.722170,1.000000,0.000000,0,0.000000,198112.000000,1.000000,47855416649.000000,327767.000000
199000,5,54709,0.800000,1.000000,0.613476,1.000000,0.000000,0,0.000000,198982.000000,1.000000,47855416649.000000,327767.000000
199000,6,54661,0.800000,1.000000,0.707502,1.000000,0.000000,0,0.000000,198798.000000,1.000000,47855416649.000000,327767.000000
199000,7,54576,0.800000,1.000000,0.617900,1.000000,0.000000,0,0.000000,197024.000000,1.000000,47855416649.000000,327767.000000
199000,8,54691,0.800000,1.000000,0.653829,1.000000,0.000000,0,0.000000,198914.000000,1.000000,47855416649.000000,327767.000000
199000,9,54711,0.800000,1.000000,0.664222,1.000000,0.000000,0,0.000000,198987.000000,1.000000,47855416649.000000,327767.000000
199000,10,54711,0.800000,1.000000,0.736592,1.000000,0.000000,0,0.000000,198995.000000,1.000000,47855416649.000000,327767.000000
199000,11,54711,0.800000,1.000000,0.734539,1.000000,0.000000,0,0.000000,198999.000000,1.000000,47855416649.000000,327767.000000
199000,12,54711,0.800000,1.000000,0.586728,1.000000,0.000000,0,0.000000,198931.000000,1.000000,47855416649.000000,327767.000000
199000,13,54711,0.800000,1.000000,0.590395,1.000000,0.000000,1,162782.000000,199000.000000,1.000000,47855416649.000000,327767.000000
199000,14,54711,0.800000,1.000000,0.678094,1.000000,0.000000,0,0.000000,198822.000000,1.000000,47855416649.000000,327767.000000
199000,15,54712,0.800000,1.000000,0.602848,1.000000,0.000000,0,0.000000,198997.000000,1.000000,47855416649.000000,327767.000000
200000,0,54965,0.800000,1.000000,0.694500,1.000000,0.000000,0,0.000000,199948.000000,1.000000,48286958309.000000,548873.000000
200000,1,54957,0.800000,1.000000,0.620490,1.000000,0.000000,0,0.000000,199554.000000,1.000000,48286958309.000000,548873.000000
200000,2,54951,0.800000,1.000000,0.701755,1.000000,0.000000,0,0.000000,199128.000000,1.000000,48286958309.000000,548873.000000
200000,3,54957,0.800000,1.000000,0.593843,1.000000,0.000000,0,0.000000,199298.000000,1.000000,48286958309.000000,548873.000000
200000,4,54938,0.800000,1.000000,0.600551,1.000000,0.000000,0,0.000000,198112.000000,1.000000,48286958309.000000,548873.000000
200000,5,54970,0.800000,1.000000,0.803462,1.000000,0.000000,1,160574.000000,200000.000000,1.000000,48286958309.000000,548873.000000
200000,6,54668,0.800000,1.000000,0.724195,1.000000,0.000000,0,0.000000,198798.000000,1.000000,48286958309.000000,548873.000000
200000,7,54927,0.800000,1.000000,0.563802,1.000000,0.000000,0,0.000000,197024.000000,1.000000,48286958309.000000,548873.000000
200000,8,54913,0.800000,1.000000,0.720441,1.000000,0.000000,0,0.000000,198914.000000,1.000000,48286958309.000000,548873.000000
200000,9,54970,0.800000,1.000000,0.591657,1.000000,0.000000,0,0.000000,199997.000000,1.000000,48286958309.000000,548873.000000
200000,10,54960,0.800000,1.000000,0.525662,1.000000,0.000000,0,0.000000,199862.000000,1.000000,48286958309.000000,548873.000000
200000,11,54971,0.800000,1.000000,0.704690,1.000000,0.000000,0,0.000000,199998.000000,1.000000,48286958309.000000,548873.000000
200000,12,54970,0.800000,1.000000,0.710967,1.000000,0.000000,0,0.000000,199996.000000,1.000000,48286958309.000000,548873.000000
200000,13,54970,0.800000,1.000000,0.565356,1.000000,0.000000,0,0.000000,199974.000000,1.000000,48286958309.000000,548873.000000
200000,14,54967,0.800000,1.000000,0.582837,1.000000,0.000000,0,0.000000,199909.000000,1.000000,48286958309.000000,548873.000000
200000,15,54917,0.800000,1.000000,0.667239,1.000000,0.000000,0,0.000000,199767.000000,1.000000,48286958309.000000,548873.000000
201000,0,55233,0.800000,1.000000,0.665839,1.000000,0.000000,0,0.000000,200985.000000,1.000000,48758131249.000000,772691.000000
201000,1,55234,0.800000,1.000000,0.658455,1.000000,0.000000,1,167816.000000,201000.000000,1.000000,48758131249.000000,772691.000000
201000,2,55231,0.800000,1.000000,0.486666,1.000000,0.000000,0,0.000000,200910.000000,1.000000,48758131249.000000,772691.000000
201000,3,55202,0.800000,1.000000,0.732147,1.000000,0.000000,0,0.000000,200612.000000,1.000000,48758131249.000000,772691.000000
201000,4,55233,0.800000,1.000000,0.694577,1.000000,0.000000,0,0.000000,200996.000000,1.000000,48758131249.000000,772691.000000
201000,5,55214,0.800000,1.000000,0.730040,1.000000,0.000000,0,0.000000,200929.000000,1.000000,48758131249.000000,772691.000000
201000,6,54981,0.800000,1.000000,0.508870,1.000000,0.000000,0,0.000000,198798.000000,1.000000,48758131249.000000,772691.000000
201000,7,55232,0.800000,1.000000,0.550349,1.000000,0.000000,0,0.000000,200921.000000,1.000000,48758131249.000000,772691.000000
201000,8,55235,0.800000,1.000000,0.659500,1.000000,0.000000,0,0.000000,200997.000000,1.000000,48758131249.000000,772691.000000
201000,9,55229,0.800000,1.000000,0.622390,1.000000,0.000000,0,0.000000,200902.000000,1.000000,48758131249.000000,772691.000000
201000,10,55235,0.800000,1.000000,0.735288,1.000000,0.000000,0,0.000000,200999.000000,1.000000,48758131249.000000,772691.000000
201000,11,55232,0.800000,1.000000,0.621853,1.000000,0.000000,0,0.000000,200955.000000,1.000000,48758131249.000000,772691.000000
201000,12,55232,0.800000,1.000000,0.685802,1.000000,0.000000,0,0.000000,200990.000000,1.000000,48758131249.000000,772691.000000
201000,13,55235,0.800000,1.000000,0.750849,1.000000,0.000000,0,0.000000,200998.000000,1.000000,48758131249.000000,772691.000000
201000,14,55234,0.800000,1.000000,0.563304,1.000000,0.000000,0,0.000000,200982.000000,1.000000,48758131249.000000,772691.000000
201000,15,55057,0.800000,1.000000,0.637471,1.000000,0.000000,0,0.000000,199767.000000,1.000000,48758131249.000000,772691.000000
202000,0,55512,0.800000,1.000000,0.543366,1.000000,0.000000,0,0.000000,201994.000000,1.000000,49211566316.000000,443664.000000
202000,1,55512,0.800000,1.000000,0.743941,1.000000,0.000000,0,0.000000,201996.000000,1.000000,49211566316.000000,443664.000000
202000,2,55502,0.800000,1.000000,0.594180,1.000000,0.000000,0,0.000000,201931.000000,1.000000,49211566316.000000,443664.000000
202000,3,55429,0.800000,1.000000,0.634542,1.000000,0.000000,0,0.000000,200612.000000,1.000000,49211566316.000000,443664.000000
202000,4,55512,0.800000,1.000000,0.615491,1.000000,0.000000,1,166053.000000,202000.000000,1.000000,49211566316.000000,443664.000000
202000,5,55496,0.800000,1.000000,0.631044,1.000000,0.000000,0,0.000000,201853.000000,1.000000,49211566316.000000,443664.000000
202000,6,55298,0.800000,1.000000,0.683486,1.000000,0.000000,0,0.000000,198798.000000,1.000000,49211566316.000000,443664.000000
202000,7,55511,0.800000,1.000000,0.587659,1.000000,0.000000,0,0.000000,201973.000000,1.000000,49211566316.000000,443664.000000
202000,8,55321,0.800000,1.000000,0.773955,1.000000,0.000000,0,0.000000,201292.000000,1.000000,49211566316.000000,443664.000000
202000,9,55513,0.800000,1.000000,0.710174,1.000000,0.000000,0,0.000000,201998.000000,1.000000,49211566316.000000,443664.000000
202000,10,55513,0.800000,1.000000,0.723696,1.000000,0.000000,0,0.000000,201989.000000,1.000000,49211566316.000000,443664.000000
202000,11,55512,0.800000,1.000000,0.617741,1.000000,0.000000,0,0.000000,201999.000000,1.000000,49211566316.000000,443664.000000
202000,12,55495,0.800000,1.000000,0.572607,1.000000,0.000000,0,0.000000,201876.000000,1.000000,49211566316.000000,443664.000000
202000,13,55495,0.800000,1.000000,0.564026,1.000000,0.000000,0,0.000000,201564.000000,1.000000,49211566316.000000,443664.000000
202000,14,55510,0.800000,1.000000,0.550297,1.000000,0.000000,0,0.000000,201709.000000,1.000000,49211566316.000000,443664.000000
202000,15,55215,0.800000,1.000000,0.790323,1.000000,0.000000,0,0.000000,199767.000000,1.000000,49211566316.000000,443664.000000
203000,0,55773,0.800000,1.000000,0.613166,1.000000,0.000000,0,0.000000,202992.000000,1.000000,49670761784.000000,556153.000000
203000,1,55749,0.800000,1.000000,0.611646,1.000000,0.000000,0,0.000000,202751.000000,1.000000,49670761784.000000,556153.000000
203000,2,55773,0.800000,1.000000,0.475892,1.000000,0.000000,0,0.000000,202997.000000,1.000000,49670761784.000000,556153.000000
203000,3,55713,0.800000,1.000000,0.550187,1.000000,0.000000,0,0.000000,200612.000000,1.000000,49670761784.000000,556153.000000
203000,4,55773,0.800000,1.000000,0.528915,1.000000,0.000000,0,0.000000,202999.000000,1.000000,49670761784.000000,556153.000000
203000,5,55773,0.800000,1.000000,0.519031,1.000000,0.000000,0,0.000000,202947.000000,1.000000,49670761784.000000,556153.000000
203000,6,55583,0.800000,1.000000,0.671813,1.000000,0.000000,0,0.000000,198798.000000,1.000000,49670761784.000000,556153.000000
203000,7,55756,0.800000,1.000000,0.641018,1.000000,0.000000,0,0.000000,202110.000000,1.000000,49670761784.000000,556153.000000
203000,8,55394,0.800000,1.000000,0.620430,1.000000,0.000000,0,0.000000,201292.000000,1.000000,49670761784.000000,556153.000000
203000,9,55773,0.800000,1.000000,0.681904,1.000000,0.000000,1,164956.000000,203000.000000,1.000000,49670761784.000000,556153.000000
203000,10,55769,0.800000,1.000000,0.578428,1.000000,0.000000,0,0.000000,202900.000000,1.000000,49670761784.000000,556153.000000
203000,11,55772,0.800000,1.000000,0.581473,1.000000,0.000000,0,0.000000,202477.000000,1.000000,49670761784.000000,556153.000000
203000,12,55772,0.800000,1.000000,0.513661,1.000000,0.000000,0,0.000000,202937.000000,1.000000,49670761784.000000,556153.000000
203000,13,55745,0.800000,1.000000,0.533656,1.000000,0.000000,0,0.000000,202402.000000,1.000000,49670761784.000000,556153.000000
203000,14,55773,0.800000,1.000000,0.717514,1.000000,0.000000,0,0.000000,202998.000000,1.000000,49670761784.000000,556153.000000
203000,15,55585,0.800000,1.000000,0.584999,1.000000,0.000000,0,0.000000,199767.000000,1.000000,49670761784.000000,556153.000000
204000,0,56050,0.800000,1.000000,0.639045,1.000000,0.000000,0,0.000000,203717.000000,1.000000,50192891486.000000,448294.000000
204000,1,56060,0.800000,1.000000,0.552228,1.000000,0.000000,0,0.000000,203997.000000,1.000000,50192891486.000000,448294.000000
204000,2,56057,0.800000,1.000000,0.700493,1.000000,0.000000,0,0.000000,203982.000000,1.000000,50192891486.000000,448294.000000
204000,3,55979,0.800000,1.000000,0.705958,1.000000,0.000000,0,0.000000,200612.000000,1.000000,50192891486.000000,448294.000000
204000,4,55934,0.800000,1.000000,0.658534,1.000000,0.000000,0,0.000000,203527.000000,1.000000,50192891486.000000,448294.000000
204000,5,56056,0.800000,1.000000,0.489844,1.000000,0.000000,0,0.000000,203963.000000,1.000000,50192891486.000000,448294.000000
204000,6,55945,0.800000,1.000000,0.629744,1.000000,0.000000,0,0.000000,198798.000000,1.000000,50192891486.000000,448294.000000
204000,7,56059,0.800000,1.000000,0.603687,1.000000,0.000000,0,0.000000,203978.000000,1.000000,50192891486.000000,448294.000000
204000,8,55790,0.800000,1.000000,0.737059,1.000000,0.000000,0,0.000000,201292.000000,1.000000,50192891486.000000,448294.000000
204000,9,56046,0.800000,1.000000,0.544192,1.000000,0.000000,0,0.000000,203902.000000,1.000000,50192891486.000000,448294.000000
204000,10,56060,0.800000,1.000000,0.721767,1.000000,0.000000,1,163509.000000,204000.000000,1.000000,50192891486.000000,448294.000000
204000,11,56040,0.800000,1.000000,0.610468,1.000000,0.000000,0,0.000000,203452.000000,1.000000,50192891486.000000,448294.000000
204000,12,56061,0.800000,1.000000,0.669828,1.000000,0.000000,0,0.000000,203998.000000,1.000000,50192891486.000000,448294.000000
204000,13,56061,0.800000,1.000000,0.694283,1.000000,0.000000,0,0.000000,203992.000000,1.000000,50192891486.000000,448294.000000
204000,14,56038,0.800000,1.000000,0.622352,1.000000,0.000000,0,0.000000,203836.000000,1.000000,50192891486.000000,448294.000000
204000,15,55914,0.800000,1.000000,0.691957,1.000000,0.000000,0,0.000000,199767.000000,1.000000,50192891486.000000,448294.000000
205000,0,56335,0.800000,1.000000,0.753159,1.000000,0.000000,0,0.000000,204998.000000,1.000000,50673573524.000000,450352.000000
205000,1,56335,0.800000,1.000000,0.628446,1.000000,0.000000,0,0.000000,204968.000000,1.000000,50673573524.000000,450352.000000
205000,2,56334,0.800000,1.000000,0.683007,1.000000,0.000000,0,0.000000,204742.000000,1.000000,50673573524.000000,450352.000000
205000,3,56322,0.800000,1.000000,0.702852,1.000000,0.000000,0,0.000000,200612.000000,1.000000,50673573524.000000,450352.000000
205000,4,55934,0.800000,1.000000,0.658534,1.000000,0.000000,0,0.000000,203527.000000,1.000000,50673573524.000000,450352.000000
205000,5,56335,0.800000,1.000000,0.630965,1.000000,0.000000,0,0.000000,204999.000000,1.000000,50673573524.000000,450352.000000
205000,6,56317,0.800000,1.000000,0.683501,1.000000,0.000000,0,0.000000,198798.000000,1.000000,50673573524.000000,450352.000000
205000,7,56335,0.800000,1.000000,0.604739,1.000000,0.000000,0,0.000000,204938.000000,1.000000,50673573524.000000,450352.000000
205000,8,56136,0.800000,1.000000,0.662274,1.000000,0.000000,0,0.000000,201292.000000,1.000000,50673573524.000000,450352.000000
205000,9,56217,0.800000,1.000000,0.590032,1.000000,0.000000,0,0.000000,204533.000000,1.000000,50673573524.000000,450352.000000
205000,10,56336,0.800000,1.000000,0.789271,1.000000,0.000000,1,164173.000000,205000.000000,1.000000,50673573524.000000,450352.000000
205000,11,56319,0.800000,1.000000,0.487584,1.000000,0.000000,0,0.000000,204843.000000,1.000000,50673573524.000000,450352.000000
205000,12,56336,0.800000,1.000000,0.707381,1.000000,0.000000,0,0.000000,204996.000000,1.000000,50673573524.000000,450352.000000
205000,13,56330,0.800000,1.000000,0.710105,1.000000,0.000000,0,0.000000,204977.000000,1.000000,50673573524.000000,450352.000000
205000,14,56335,0.800000,1.000000,0.686625,1.000000,0.000000,0,0.000000,204935.000000,1.000000,50673573524.000000,450352.000000
205000,15,56174,0.800000,1.000000,0.634864,1.000000,0.000000,0,0.000000,199767.000000,1.000000,50673573524.000000,450352.000000
206000,0,56613,0.800000,1.000000,0.708596,1.000000,0.000000,0,0.000000,205940.000000,1.000000,51172205451.000000,452920.000000
206000,1,56620,0.800000,1.000000,0.519673,1.000000,0.000000,0,0.000000,205981.000000,1.000000,51172205451.000000,452920.000000
206000,2,56620,0.800000,1.000000,0.556881,1.000000,0.000000,0,0.000000,205988.000000,1.000000,51172205451.000000,452920.000000
206000,3,56581,0.800000,1.000000,0.477908,1.000000,0.000000,0,0.000000,205254.000000,1.000000,51172205451.000000,452920.000000
206000,4,55934,0.800000,1.000000,0.658534,1.000000,0.000000,0,0.000000,203527.000000,1.000000,51172205451.000000,452920.000000
206000,5,56621,0.800000,1.000000,0.604461,1.000000,0.000000,0,0.000000,205996.000000,1.000000,51172205451.000000,452920.000000
206000,6,56622,0.800000,1.000000,0.670783,1.000000,0.000000,1,169323.000000,206000.000000,1.000000,51172205451.000000,452920.000000
206000,7,56622,0.800000,1.000000,0.637115,1.000000,0.000000,0,0.000000,205998.000000,1.000000,51172205451.000000,452920.000000
206000,8,56428,0.800000,1.000000,0.665841,1.000000,0.000000,0,0.000000,201292.000000,1.000000,51172205451.000000,452920.000000
206000,9,56517,0.800000,1.000000,0.628475,1.000000,0.000000,0,0.000000,204533.000000,1.000000,51172205451.000000,452920.000000
206000,10,56619,0.800000,1.000000,0.570705,1.000000,0.000000,0,0.000000,205944.000000,1.000000,51172205451.000000,452920.000000
206000,11,56622,0.800000,1.000000,0.670265,1.000000,0.000000,0,0.000000,205999.000000,1.000000,51172205451.000000,452920.000000
206000,12,56623,0.800000,1.000000,0.653551,1.000000,0.000000,0,0.000000,205991.000000,1.000000,51172205451.000000,452920.000000
206000,13,56619,0.800000,1.000000,0.573287,1.000000,0.000000,0,0.000000,205972.000000,1.000000,51172205451.000000,452920.000000
206000,14,56608,0.800000,1.000000,0.643332,1.000000,0.000000,0,0.000000,205679.000000,1.000000,51172205451.000000,452920.000000
206000,15,56578,0.800000,1.000000,0.674435,1.000000,0.000000,0,0.000000,199767.000000,1.000000,51172205451.000000,452920.000000
207000,0,56865,0.800000,1.000000,0.604794,1.000000,0.000000,0,0.000000,206897.000000,1.000000,51653401686.000000,227414.000000
207000,1,56888,0.800000,1.000000,0.763615,1.000000,0.000000,1,171911.000000,207000.000000,1.000000,51653401686.000000,227414.000000
207000,2,56883,0.800000,1.000000,0.640149,1.000000,0.000000,0,0.000000,206817.000000,1.000000,51653401686.000000,227414.000000
207000,3,56888,0.800000,1.000000,0.559747,1.000000,0.000000,0,0.000000,206951.000000,1.000000,51653401686.000000,227414.000000
207000,4,55934,0.800000,1.000000,0.658534,1.000000,0.000000,0,0.000000,203527.000000,1.000000,51653401686.000000,227414.000000
207000,5,56888,0.800000,1.000000,0.581271,1.000000,0.000000,0,0.000000,206991.000000,1.000000,51653401686.000000,227414.000000
207000,6,56826,0.800000,1.000000,0.719228,1.000000,0.000000,0,0.000000,206250.000000,1.000000,51653401686.000000,227414.000000
207000,7,56884,0.800000,1.000000,0.643104,1.000000,0.000000,0,0.000000,206977.000000,1.000000,51653401686.000000,227414.000000
207000,8,56829,0.800000,1.000000,0.674810,1.000000,0.000000,0,0.000000,201292.000000,1.000000,51653401686.000000,227414.000000
207000,9,56886,0.800000,1.000000,0.632236,1.000000,0.000000,0,0.000000,206978.000000,1.000000,51653401686.000000,227414.000000
207000,10,56879,0.800000,1.000000,0.654630,1.000000,0.000000,0,0.000000,206562.000000,1.000000,51653401686.000000,227414.000000
207000,11,56887,0.800000,1.000000,0.701994,1.000000,0.000000,0,0.000000,206735.000000,1.000000,51653401686.000000,227414.000000
207000,12,56886,0.800000,1.000000,0.700212,1.000000,0.000000,0,0.000000,206981.000000,1.000000,51653401686.000000,227414.000000
207000,13,56888,0.800000,1.000000,0.671116,1.000000,0.000000,0,0.000000,206999.000000,1.000000,51653401686.000000,227414.000000
207000,14,56888,0.800000,1.000000,0.627024,1.000000,0.000000,0,0.000000,206993.000000,1.000000,51653401686.000000,227414.000000
207000,15,56889,0.800000,1.000000,0.628790,1.000000,0.000000,0,0.000000,206997.000000,1.000000,51653401686.000000,227414.000000
208000,0,57177,0.800000,1.000000,0.704021,1.000000,0.000000,0,0.000000,207998.000000,1.000000,52170482968.000000,685862.000000
208000,1,57177,0.800000,1.000000,0.591637,1.000000,0.000000,0,0.000000,207985.000000,1.000000,52170482968.000000,685862.000000
208000,2,57175,0.800000,1.000000,0.717396,1.000000,0.000000,0,0.000000,207993.000000,1.000000,52170482968.000000,685862.000000
208000,3,57156,0.800000,1.000000,0.733921,1.000000,0.000000,0,0.000000,207908.000000,1.000000,52170482968.000000,685862.000000
208000,4,56159,0.800000,1.000000,0.648248,1.000000,0.000000,0,0.000000,203527.000000,1.000000,52170482968.000000,685862.000000
208000,5,57131,0.800000,1.000000,0.728858,1.000000,0.000000,0,0.000000,207417.000000,1.000000,52170482968.000000,685862.000000
208000,6,57106,0.800000,1.000000,0.673157,1.000000,0.000000,0,0.000000,206250.000000,1.000000,52170482968.000000,685862.000000
208000,7,57164,0.800000,1.000000,0.677474,1.000000,0.000000,0,0.000000,206977.000000,1.000000,52170482968.000000,685862.000000
208000,8,57171,0.800000,1.000000,0.650046,1.000000,0.000000,0,0.000000,207956.000000,1.000000,52170482968.000000,685862.000000
208000,9,57178,0.800000,1.000000,0.623489,1.000000,0.000000,0,0.000000,207994.000000,1.000000,52170482968.000000,685862.000000
208000,10,57178,0.800000,1.000000,0.613440,1.000000,0.000000,0,0.000000,207996.000000,1.000000,52170482968.000000,685862.000000
208000,11,57164,0.800000,1.000000,0.482000,1.000000,0.000000,0,0.000000,207917.000000,1.000000,52170482968.000000,685862.000000
208000,12,57177,0.800000,1.000000,0.643809,1.000000,0.000000,0,0.000000,207999.000000,1.000000,52170482968.000000,685862.000000
208000,13,57176,0.800000,1.000000,0.709198,1.000000,0.000000,0,0.000000,207987.000000,1.000000,52170482968.000000,685862.000000
208000,14,57178,0.800000,1.000000,0.591520,1.000000,0.000000,1,168080.000000,208000.000000,1.000000,52170482968.000000,685862.000000
208000,15,57159,0.800000,1.000000,0.612376,1.000000,0.000000,0,0.000000,207841.000000,1.000000,52170482968.000000,685862.000000
209000,0,57393,0.800000,1.000000,0.545465,1.000000,0.000000,0,0.000000,208447.000000,1.000000,52706352304.000000,229824.000000
209000,1,57443,0.800000,1.000000,0.634856,1.000000,0.000000,0,0.000000,208673.000000,1.000000,52706352304.000000,229824.000000
209000,2,57468,0.800000,1.000000,0.630368,1.000000,0.000000,0,0.000000,208996.000000,1.000000,52706352304.000000,229824.000000
209000,3,57466,0.800000,1.000000,0.675478,1.000000,0.000000,0,0.000000,208648.000000,1.000000,52706352304.000000,229824.000000
209000,4,56437,0.800000,1.000000,0.579385,1.000000,0.000000,0,0.000000,203527.000000,1.000000,52706352304.000000,229824.000000
209000,5,57469,0.800000,1.000000,0.587480,1.000000,0.000000,0,0.000000,208986.000000,1.000000,52706352304.000000,229824.000000
209000,6,57449,0.800000,1.000000,0.750334,1.000000,0.000000,0,0.000000,208921.000000,1.000000,52706352304.000000,229824.000000
209000,7,57467,0.800000,1.000000,0.664085,1.000000,0.000000,0,0.000000,208976.000000,1.000000,52706352304.000000,229824.000000
209000,8,57470,0.800000,1.000000,0.572574,1.000000,0.000000,0,0.000000,208994.000000,1.000000,52706352304.000000,229824.000000
209000,9,57469,0.800000,1.000000,0.717092,1.000000,0.000000,0,0.000000,208997.000000,1.000000,52706352304.000000,229824.000000
209000,10,57461,0.800000,1.000000,0.624778,1.000000,0.000000,0,0.000000,208805.000000,1.000000,52706352304.000000,229824.000000
209000,11,57465,0.800000,1.000000,0.578721,1.000000,0.000000,0,0.000000,208944.000000,1.000000,52706352304.000000,229824.000000
209000,12,57469,0.800000,1.000000,0.656083,1.000000,0.000000,0,0.000000,208999.000000,1.000000,52706352304.000000,229824.000000
209000,13,57470,0.800000,1.000000,0.636782,1.000000,0.000000,1,170311.000000,209000.000000,1.000000,52706352304.000000,229824.000000
209000,14,57443,0.800000,1.000000,0.612165,1.000000,0.000000,0,0.000000,208764.000000,1.000000,52706352304.000000,229824.000000
209000,15,57467,0.800000,1.000000,0.515473,1.000000,0.000000,0,0.000000,208973.000000,1.000000,52706352304.000000,229824.000000
210000,0,57769,0.800000,1.000000,0.590981,1.000000,0.000000,0,0.000000,209982.000000,1.000000,53245275013.000000,577679.000000
210000,1,57731,0.800000,1.000000,0.587401,1.000000,0.000000,0,0.000000,209751.000000,1.000000,53245275013.000000,577679.000000
210000,2,57772,0.800000,1.000000,0.752287,1.000000,0.000000,0,0.000000,209999.000000,1.000000,53245275013.000000,577679.000000
210000,3,57771,0.800000,1.000000,0.614977,1.000000,0.000000,0,0.000000,209942.000000,1.000000,53245275013.000000,577679.000000
210000,4,56742,0.800000,1.000000,0.624620,1.000000,0.000000,0,0.000000,203527.000000,1.000000,53245275013.000000,577679.000000
210000,5,57772,0.800000,1.000000,0.642294,1.000000,0.000000,0,0.000000,209997.000000,1.000000,53245275013.000000,577679.000000
210000,6,57702,0.800000,1.000000,0.602753,1.000000,0.000000,0,0.000000,209475.000000,1.000000,53245275013.000000,577679.000000
210000,7,57770,0.800000,1.000000,0.659412,1.000000,0.000000,0,0.000000,209994.000000,1.000000,53245275013.000000,577679.000000
210000,8,57761,0.800000,1.000000,0.673566,1.000000,0.000000,0,0.000000,209967.000000,1.000000,53245275013.000000,577679.000000
210000,9,57772,0.800000,1.000000,0.613699,1.000000,0.000000,1,170881.000000,210000.000000,1.000000,53245275013.000000,577679.000000
210000,10,57600,0.800000,1.000000,0.667165,1.000000,0.000000,0,0.000000,209289.000000,1.000000,53245275013.000000,577679.000000
210000,11,57753,0.800000,1.000000,0.574647,1.000000,0.000000,0,0.000000,209573.000000,1.000000,53245275013.000000,577679.000000
210000,12,57759,0.800000,1.000000,0.633788,1.000000,0.000000,0,0.000000,209909.000000,1.000000,53245275013.000000,577679.000000
210000,13,57773,0.800000,1.000000,0.698511,1.000000,0.000000,0,0.000000,209998.000000,1.000000,53245275013.000000,577679.000000
210000,14,57773,0.800000,1.000000,0.622987,1.000000,0.000000,0,0.000000,209975.000000,1.000000,53245275013.000000,577679.000000
210000,15,57769,0.800000,1.000000,0.541314,1.000000,0.000000,0,0.000000,209968.000000,1.000000,53245275013.000000,577679.000000
211000,0,58053,0.800000,1.000000,0.681830,1.000000,0.000000,0,0.000000,210997.000000,1.000000,53767077906.000000,348317.000000
211000,1,58054,0.800000,1.000000,0.731668,1.000000,0.000000,0,0.000000,210998.000000,1.000000,53767077906.000000,348317.000000
211000,2,58018,0.800000,1.000000,0.713437,1.000000,0.000000,0,0.000000,210626.000000,1.000000,53767077906.000000,348317.000000
211000,3,58050,0.800000,1.000000,0.632054,1.000000,0.000000,0,0.000000,210975.000000,1.000000,53767077906.000000,348317.000000
211000,4,57110,0.800000,1.000000,0.613782,1.000000,0.000000,0,0.000000,203527.000000,1.000000,53767077906.000000,348317.000000
211000,5,58054,0.800000,1.000000,0.685579,1.000000,0.000000,0,0.000000,210999.000000,1.000000,53767077906.000000,348317.000000
211000,6,58040,0.800000,1.000000,0.676422,1.000000,0.000000,0,0.000000,209475.000000,1.000000,53767077906.000000,348317.000000
211000,7,58045,0.800000,1.000000,0.618072,1.000000,0.000000,0,0.000000,210517.000000,1.000000,53767077906.000000,348317.000000
211000,8,57948,0.800000,1.000000,0.633731,1.000000,0.000000,0,0.000000,209967.000000,1.000000,53767077906.000000,348317.000000
211000,9,58045,0.800000,1.000000,0.469017,1.000000,0.000000,0,0.000000,210910.000000,1.000000,53767077906.000000,348317.000000
211000,10,57851,0.800000,1.000000,0.794323,1.000000,0.000000,0,0.000000,209289.000000,1.000000,53767077906.000000,348317.000000
211000,11,58054,0.800000,1.000000,0.720693,1.000000,0.000000,1,169993.000000,211000.000000,1.000000,53767077906.000000,348317.000000
211000,12,58053,0.800000,1.000000,0.647272,1.000000,0.000000,0,0.000000,210995.000000,1.000000,53767077906.000000,348317.000000
211000,13,58052,0.800000,1.000000,0.623168,1.000000,0.000000,0,0.000000,210990.000000,1.000000,53767077906.000000,348317.000000
211000,14,58054,0.800000,1.000000,0.676874,1.000000,0.000000,0,0.000000,210963.000000,1.000000,53767077906.000000,348317.000000
211000,15,58021,0.800000,1.000000,0.600893,1.000000,0.000000,0,0.000000,210782.000000,1.000000,53767077906.000000,348317.000000
212000,0,58345,0.800000,1.000000,0.664104,1.000000,0.000000,0,0.000000,211999.000000,1.000000,54327933987.000000,466500.000000
212000,1,58346,0.800000,1.000000,0.639210,1.000000,0.000000,1,175792.000000,212000.000000,1.000000,54327933987.000000,466500.000000
212000,2,58342,0.800000,1.000000,0.632442,1.000000,0.000000,0,0.000000,211976.000000,1.000000,54327933987.000000,466500.000000
212000,3,58346,0.800000,1.000000,0.636922,1.000000,0.000000,0,0.000000,211995.000000,1.000000,54327933987.000000,466500.000000
212000,4,57538,0.800000,1.000000,0.654065,1.000000,0.000000,0,0.000000,203527.000000,1.000000,54327933987.000000,466500.000000
212000,5,58347,0.800000,1.000000,0.652102,1.000000,0.000000,0,0.000000,211998.000000,1.000000,54327933987.000000,466500.000000
212000,6,58347,0.800000,1.000000,0.638874,1.000000,0.000000,0,0.000000,211992.000000,1.000000,54327933987.000000,466500.000000
212000,7,58334,0.800000,1.000000,0.630351,1.000000,0.000000,0,0.000000,211748.000000,1.000000,54327933987.000000,466500.000000
212000,8,58222,0.800000,1.000000,0.652381,1.000000,0.000000,0,0.000000,209967.000000,1.000000,54327933987.000000,466500.000000
212000,9,58305,0.800000,1.000000,0.619196,1.000000,0.000000,0,0.000000,211126.000000,1.000000,54327933987.000000,466500.000000
212000,10,58217,0.800000,1.000000,0.596640,1.000000,0.000000,0,0.000000,209289.000000,1.000000,54327933987.000000,466500.000000
212000,11,58301,0.800000,1.000000,0.626725,1.000000,0.000000,0,0.000000,211742.000000,1.000000,54327933987.000000,466500.000000
212000,12,58316,0.800000,1.000000,0.557239,1.000000,0.000000,0,0.000000,211696.000000,1.000000,54327933987.000000,466500.000000
212000,13,58341,0.800000,1.000000,0.527196,1.000000,0.000000,0,0.000000,211929.000000,1.000000,54327933987.000000,466500.000000
212000,14,58336,0.800000,1.000000,0.688663,1.000000,0.000000,0,0.000000,211966.000000,1.000000,54327933987.000000,466500.000000
212000,15,58346,0.800000,1.000000,0.513898,1.000000,0.000000,0,0.000000,211988.000000,1.000000,54327933987.000000,466500.000000
213000,0,58615,0.800000,1.000000,0.672105,1.000000,0.000000,1,175904.000000,213000.000000,1.000000,54856798927.000000,701694.000000
213000,1,58612,0.800000,1.000000,0.524860,1.000000,0.000000,0,0.000000,212909.000000,1.000000,54856798927.000000,701694.000000
213000,2,58579,0.800000,1.000000,0.668302,1.000000,0.000000,0,0.000000,212512.000000,1.000000,54856798927.000000,701694.000000
213000,3,58615,0.800000,1.000000,0.567062,1.000000,0.000000,0,0.000000,212999.000000,1.000000,54856798927.000000,701694.000000
213000,4,57889,0.800000,1.000000,0.629395,1.000000,0.000000,0,0.000000,203527.000000,1.000000,54856798927.000000,701694.000000
213000,5,58616,0.800000,1.000000,0.636218,1.000000,0.000000,0,0.000000,212998.000000,1.000000,54856798927.000000,701694.000000
213000,6,58593,0.800000,1.000000,0.629442,1.000000,0.000000,0,0.000000,212597.000000,1.000000,54856798927.000000,701694.000000
213000,7,58613,0.800000,1.000000,0.584007,1.000000,0.000000,0,0.000000,212838.000000,1.000000,54856798927.000000,701694.000000
213000,8,58612,0.800000,1.000000,0.726750,1.000000,0.000000,0,0.000000,212985.000000,1.000000,54856798927.000000,701694.000000
213000,9,58616,0.800000,1.000000,0.561775,1.000000,0.000000,0,0.000000,212984.000000,1.000000,54856798927.000000,701694.000000
213000,10,58506,0.800000,1.000000,0.539830,1.000000,0.000000,0,0.000000,209289.000000,1.000000,54856798927.000000,701694.000000
213000,11,58615,0.800000,1.000000,0.728967,1.000000,0.000000,0,0.000000,212995.000000,1.000000,54856798927.000000,701694.000000
213000,12,58613,0.800000,1.000000,0.775290,1.000000,0.000000,0,0.000000,212988.000000,1.000000,54856798927.000000,701694.000000
213000,13,58603,0.800000,1.000000,0.710860,1.000000,0.000000,0,0.000000,212936.000000,1.000000,54856798927.000000,701694.000000
213000,14,58603,0.800000,1.000000,0.685710,1.000000,0.000000,0,0.000000,212905.000000,1.000000,54856798927.000000,701694.000000
213000,15,58557,0.800000,1.000000,0.646894,1.000000,0.000000,0,0.000000,212667.000000,1.000000,54856798927.000000,701694.000000
214000,0,58895,0.800000,1.000000,0.544943,1.000000,0.000000,0,0.000000,213973.000000,1.000000,55396576071.000000,471020.000000
214000,1,58880,0.800000,1.000000,0.799179,1.000000,0.000000,0,0.000000,213427.000000,1.000000,55396576071.000000,471020.000000
214000,2,58898,0.800000,1.000000,0.603165,1.000000,0.000000,0,0.000000,213966.000000,1.000000,55396576071.000000,471020.000000
214000,3,58811,0.800000,1.000000,0.752919,1.000000,0.000000,0,0.000000,213330.000000,1.000000,55396576071.000000,471020.000000
214000,4,58176,0.800000,1.000000,0.609051,1.000000,0.000000,0,0.000000,203527.000000,1.000000,55396576071.000000,471020.000000
214000,5,58899,0.800000,1.000000,0.533846,1.000000,0.000000,0,0.000000,213898.000000,1.000000,55396576071.000000,471020.000000
214000,6,58837,0.800000,1.000000,0.530738,1.000000,0.000000,0,0.000000,213587.000000,1.000000,55396576071.000000,471020.000000
214000,7,58878,0.800000,1.000000,0.513087,1.000000,0.000000,0,0.000000,213156.000000,1.000000,55396576071.000000,471020.000000
214000,8,58899,0.800000,1.000000,0.617886,1.000000,0.000000,0,0.000000,213989.000000,1.000000,55396576071.000000,471020.000000
214000,9,58899,0.800000,1.000000,0.542314,1.000000,0.000000,0,0.000000,213986.000000,1.000000,55396576071.000000,471020.000000
214000,10,58899,0.800000,1.000000,0.625920,1.000000,0.000000,1,172018.000000,214000.000000,1.000000,55396576071.000000,471020.000000
214000,11,58893,0.800000,1.000000,0.627364,1.000000,0.000000,0,0.000000,213972.000000,1.000000,55396576071.000000,471020.000000
214000,12,58899,0.800000,1.000000,0.549717,1.000000,0.000000,0,0.000000,213993.000000,1.000000,55396576071.000000,471020.000000
214000,13,58894,0.800000,1.000000,0.569401,1.000000,0.000000,0,0.000000,213830.000000,1.000000,55396576071.000000,471020.000000
214000,14,58899,0.800000,1.000000,0.631328,1.000000,0.000000,0,0.000000,213994.000000,1.000000,55396576071.000000,471020.000000
214000,15,58899,0.800000,1.000000,0.574944,1.000000,0.000000,0,0.000000,213999.000000,1.000000,55396576071.000000,471020.000000
215000,0,59138,0.800000,1.000000,0.606609,1.000000,0.000000,0,0.000000,214952.000000,1.000000,55872308738.000000,590261.000000
215000,1,59152,0.800000,1.000000,0.607279,1.000000,0.000000,1,177705.000000,215000.000000,1.000000,55872308738.000000,590261.000000
215000,2,59152,0.800000,1.000000,0.701932,1.000000,0.000000,0,0.000000,214999.000000,1.000000,55872308738.000000,590261.000000
215000,3,59046,0.800000,1.000000,0.675671,1.000000,0.000000,0,0.000000,213330.000000,1.000000,55872308738.000000,590261.000000
215000,4,58534,0.800000,1.000000,0.639986,1.000000,0.000000,0,0.000000,203527.000000,1.000000,55872308738.000000,590261.000000
215000,5,59118,0.800000,1.000000,0.698687,1.000000,0.000000,0,0.000000,214249.000000,1.000000,55872308738.000000,590261.000000
215000,6,59146,0.800000,1.000000,0.700127,1.000000,0.000000,0,0.000000,214932.000000,1.000000,55872308738.000000,590261.000000
215000,7,59148,0.800000,1.000000,0.615640,1.000000,0.000000,0,0.000000,214961.000000,1.000000,55872308738.000000,590261.000000
215000,8,59151,0.800000,1.000000,0.684888,1.000000,0.000000,0,0.000000,214996.000000,1.000000,55872308738.000000,590261.000000
215000,9,59128,0.800000,1.000000,0.665444,1.000000,0.000000,0,0.000000,214769.000000,1.000000,55872308738.000000,590261.000000
215000,10,59057,0.800000,1.000000,0.602876,1.000000,0.000000,0,0.000000,214025.000000,1.000000,55872308738.000000,590261.000000
215000,11,59145,0.800000,1.000000,0.590634,1.000000,0.000000,0,0.000000,214963.000000,1.000000,55872308738.000000,590261.000000
215000,12,59117,0.800000,1.000000,0.612574,1.000000,0.000000,0,0.000000,214579.000000,1.000000,55872308738.000000,590261.000000
215000,13,59152,0.800000,1.000000,0.663596,1.000000,0.000000,0,0.000000,214997.000000,1.000000,55872308738.000000,590261.000000
215000,14,59153,0.800000,1.000000,0.657434,1.000000,0.000000,0,0.000000,214998.000000,1.000000,55872308738.000000,590261.000000
215000,15,59153,0.800000,1.000000,0.642105,1.000000,0.000000,0,0.000000,214992.000000,1.000000,55872308738.000000,590261.000000
216000,0,59428,0.800000,1.000000,0.575264,1.000000,0.000000,0,0.000000,215979.000000,1.000000,56436433986.000000,712064.000000
216000,1,59422,0.800000,1.000000,0.671943,1.000000,0.000000,0,0.000000,215883.000000,1.000000,56436433986.000000,712064.000000
216000,2,59427,0.800000,1.000000,0.698199,1.000000,0.000000,0,0.000000,215953.000000,1.000000,56436433986.000000,712064.000000
216000,3,59389,0.800000,1.000000,0.614414,1.000000,0.000000,0,0.000000,213330.000000,1.000000,56436433986.000000,712064.000000
216000,4,58904,0.800000,1.000000,0.638487,1.000000,0.000000,0,0.000000,203527.000000,1.000000,56436433986.000000,712064.000000
216000,5,59428,0.800000,1.000000,0.612814,1.000000,0.000000,0,0.000000,215949.000000,1.000000,56436433986.000000,712064.000000
216000,6,59429,0.800000,1.000000,0.729501,1.000000,0.000000,0,0.000000,215929.000000,1.000000,56436433986.000000,712064.000000
216000,7,59414,0.800000,1.000000,0.614994,1.000000,0.000000,0,0.000000,215905.000000,1.000000,56436433986.000000,712064.000000
216000,8,59399,0.800000,1.000000,0.667475,1.000000,0.000000,0,0.000000,215387.000000,1.000000,56436433986.000000,712064.000000
216000,9,59429,0.800000,1.000000,0.659219,1.000000,0.000000,0,0.000000,215989.000000,1.000000,56436433986.000000,712064.000000
216000,10,59431,0.800000,1.000000,0.667366,1.000000,0.000000,0,0.000000,214025.000000,1.000000,56436433986.000000,712064.000000
216000,11,59428,0.800000,1.000000,0.569413,1.000000,0.000000,0,0.000000,215992.000000,1.000000,56436433986.000000,712064.000000
216000,12,59431,0.800000,1.000000,0.716978,1.000000,0.000000,0,0.000000,215998.000000,1.000000,56436433986.000000,712064.000000
216000,13,59431,0.800000,1.000000,0.778310,1.000000,0.000000,1,175642.000000,216000.000000,1.000000,56436433986.000000,712064.000000
216000,14,59431,0.800000,1.000000,0.622088,1.000000,0.000000,0,0.000000,215980.000000,1.000000,56436433986.000000,712064.000000
216000,15,59431,0.800000,1.000000,0.791143,1.000000,0.000000,0,0.000000,215999.000000,1.000000,56436433986.000000,712064.000000
217000,0,59733,0.800000,1.000000,0.613611,1.000000,0.000000,0,0.000000,216994.000000,1.000000,57014180618.000000,357451.000000
217000,1,59735,0.800000,1.000000,0.764345,1.000000,0.000000,1,179178.000000,217000.000000,1.000000,57014180618.000000,357451.000000
217000,2,59732,0.800000,1.000000,0.587466,1.000000,0.000000,0,0.000000,216814.000000,1.000000,57014180618.000000,357451.000000
217000,3,59732,0.800000,1.000000,0.651740,1.000000,0.000000,0,0.000000,216968.000000,1.000000,57014180618.000000,357451.000000
217000,4,59263,0.800000,1.000000,0.636679,1.000000,0.000000,0,0.000000,203527.000000,1.000000,57014180618.000000,357451.000000
217000,5,59734,0.800000,1.000000,0.643056,1.000000,0.000000,0,0.000000,216941.000000,1.000000,57014180618.000000,357451.000000
217000,6,59712,0.800000,1.000000,0.616354,1.000000,0.000000,0,0.000000,216923.000000,1.000000,57014180618.000000,357451.000000
217000,7,59733,0.800000,1.000000,0.755053,1.000000,0.000000,0,0.000000,216773.000000,1.000000,57014180618.000000,357451.000000
217000,8,59707,0.800000,1.000000,0.737278,1.000000,0.000000,0,0.000000,215387.000000,1.000000,57014180618.000000,357451.000000
217000,9,59712,0.800000,1.000000,0.738747,1.000000,0.000000,0,0.000000,216926.000000,1.000000,57014180618.000000,357451.000000
217000,10,59735,0.800000,1.000000,0.600708,1.000000,0.000000,0,0.000000,216997.000000,1.000000,57014180618.000000,357451.000000
217000,11,59677,0.800000,1.000000,0.585472,1.000000,0.000000,0,0.000000,216592.000000,1.000000,57014180618.000000,357451.000000
217000,12,59735,0.800000,1.000000,0.669952,1.000000,0.000000,0,0.000000,216993.000000,1.000000,57014180618.000000,357451.000000
217000,13,59730,0.800000,1.000000,0.696427,1.000000,0.000000,0,0.000000,216983.000000,1.000000,57014180618.000000,357451.000000
217000,14,59735,0.800000,1.000000,0.758896,1.000000,0.000000,0,0.000000,216999.000000,1.000000,57014180618.000000,357451.000000
217000,15,59699,0.800000,1.000000,0.533512,1.000000,0.000000,0,0.000000,216478.000000,1.000000,57014180618.000000,357451.000000
218000,0,60016,0.800000,1.000000,0.670986,1.000000,0.000000,0,0.000000,217979.000000,1.000000,57562013984.000000,479944.000000
218000,1,60018,0.800000,1.000000,0.621538,1.000000,0.000000,1,179824.000000,218000.000000,1.000000,57562013984.000000,479944.000000
218000,2,59986,0.800000,1.000000,0.712286,1.000000,0.000000,0,0.000000,217880.000000,1.000000,57562013984.000000,479944.000000
218000,3,60018,0.800000,1.000000,0.611657,1.000000,0.000000,0,0.000000,217996.000000,1.000000,57562013984.000000,479944.000000
218000,4,59595,0.800000,1.000000,0.693902,1.000000,0.000000,0,0.000000,203527.000000,1.000000,57562013984.000000,479944.000000
218000,5,60018,0.800000,1.000000,0.656878,1.000000,0.000000,0,0.000000,217997.000000,1.000000,57562013984.000000,479944.000000
218000,6,60019,0.800000,1.000000,0.717714,1.000000,0.000000,0,0.000000,217998.000000,1.000000,57562013984.000000,479944.000000
218000,7,60016,0.800000,1.000000,0.723258,1.000000,0.000000,0,0.000000,217992.000000,1.000000,57562013984.000000,479944.000000
218000,8,59981,0.800000,1.000000,0.697069,1.000000,0.000000,0,0.000000,215387.000000,1.000000,57562013984.000000,479944.000000
218000,9,60017,0.800000,1.000000,0.725098,1.000000,0.000000,0,0.000000,217993.000000,1.000000,57562013984.000000,479944.000000
218000,10,60017,0.800000,1.000000,0.592688,1.000000,0.000000,0,0.000000,217982.000000,1.000000,57562013984.000000,479944.000000
218000,11,59923,0.800000,1.000000,0.712737,1.000000,0.000000,0,0.000000,216592.000000,1.000000,57562013984.000000,479944.000000
218000,12,60019,0.800000,1.000000,0.667161,1.000000,0.000000,0,0.000000,217995.000000,1.000000,57562013984.000000,479944.000000
218000,13,60018,0.800000,1.000000,0.608608,1.000000,0.000000,0,0.000000,217569.000000,1.000000,57562013984.000000,479944.000000
218000,14,60019,0.800000,1.000000,0.677598,1.000000,0.000000,0,0.000000,217999.000000,1.000000,57562013984.000000,479944.000000
218000,15,60002,0.800000,1.000000,0.559320,1.000000,0.000000,0,0.000000,217897.000000,1.000000,57562013984.000000,479944.000000
219000,0,60304,0.800000,1.000000,0.603750,1.000000,0.000000,0,0.000000,218984.000000,1.000000,58109214523.000000,241144.000000
219000,1,60305,0.800000,1.000000,0.682382,1.000000,0.000000,0,0.000000,218998.000000,1.000000,58109214523.000000,241144.000000
219000,2,60268,0.800000,1.000000,0.487996,1.000000,0.000000,0,0.000000,217880.000000,1.000000,58109214523.000000,241144.000000
219000,3,60248,0.800000,1.000000,0.556037,1.000000,0.000000,0,0.000000,218217.000000,1.000000,58109214523.000000,241144.000000
219000,4,59918,0.800000,1.000000,0.695806,1.000000,0.000000,0,0.000000,203527.000000,1.000000,58109214523.000000,241144.000000
219000,5,60304,0.800000,1.000000,0.642686,1.000000,0.000000,0,0.000000,218996.000000,1.000000,58109214523.000000,241144.000000
219000,6,60303,0.800000,1.000000,0.583621,1.000000,0.000000,0,0.000000,218995.000000,1.000000,58109214523.000000,241144.000000
219000,7,60305,0.800000,1.000000,0.710340,1.000000,0.000000,0,0.000000,218999.000000,1.000000,58109214523.000000,241144.000000
219000,8,60279,0.800000,1.000000,0.646294,1.000000,0.000000,0,0.000000,218814.000000,1.000000,58109214523.000000,241144.000000
219000,9,60292,0.800000,1.000000,0.501006,1.000000,0.000000,0,0.000000,218104.000000,1.000000,58109214523.000000,241144.000000
219000,10,60305,0.800000,1.000000,0.565810,1.000000,0.000000,0,0.000000,218963.000000,1.000000,58109214523.000000,241144.000000
219000,11,60248,0.800000,1.000000,0.508314,1.000000,0.000000,0,0.000000,216592.000000,1.000000,58109214523.000000,241144.000000
219000,12,60305,0.800000,1.000000,0.643658,1.000000,0.000000,1,175880.000000,219000.000000,1.000000,58109214523.000000,241144.000000
219000,13,60306,0.800000,1.000000,0.588760,1.000000,0.000000,0,0.000000,218993.000000,1.000000,58109214523.000000,241144.000000
219000,14,60277,0.800000,1.000000,0.715439,1.000000,0.000000,0,0.000000,218904.000000,1.000000,58109214523.000000,241144.000000
219000,15,60266,0.800000,1.000000,0.509418,1.000000,0.000000,0,0.000000,218697.000000,1.000000,58109214523.000000,241144.000000
220000,0,60543,0.800000,1.000000,0.468234,1.000000,0.000000,0,0.000000,219957.000000,1.000000,58576765963.000000,362553.000000
220000,1,60549,0.800000,1.000000,0.523335,1.000000,0.000000,1,181346.000000,220000.000000,1.000000,58576765963.000000,362553.000000
220000,2,60545,0.800000,1.000000,0.655458,1.000000,0.000000,0,0.000000,219433.000000,1.000000,58576765963.000000,362553.000000
220000,3,60549,0.800000,1.000000,0.692240,1.000000,0.000000,0,0.000000,219999.000000,1.000000,58576765963.000000,362553.000000
220000,4,60364,0.800000,1.000000,0.705902,1.000000,0.000000,0,0.000000,203527.000000,1.000000,58576765963.000000,362553.000000
220000,5,60489,0.800000,1.000000,0.712760,1.000000,0.000000,0,0.000000,219728.000000,1.000000,58576765963.000000,362553.000000
220000,6,60470,0.800000,1.000000,0.690514,1.000000,0.000000,0,0.000000,219623.000000,1.000000,58576765963.000000,362553.000000
220000,7,60550,0.800000,1.000000,0.591510,1.000000,0.000000,0,0.000000,219992.000000,1.000000,58576765963.000000,362553.000000
220000,8,60456,0.800000,1.000000,0.580598,1.000000,0.000000,0,0.000000,218814.000000,1.000000,58576765963.000000,362553.000000
220000,9,60550,0.800000,1.000000,0.554616,1.000000,0.000000,0,0.000000,219983.000000,1.000000,58576765963.000000,362553.000000
220000,10,60531,0.800000,1.000000,0.682461,1.000000,0.000000,0,0.000000,219624.000000,1.000000,58576765963.000000,362553.000000
220000,11,60536,0.800000,1.000000,0.598185,1.000000,0.000000,0,0.000000,219922.000000,1.000000,58576765963.000000,362553.000000
220000,12,60550,0.800000,1.000000,0.648731,1.000000,0.000000,0,0.000000,219939.000000,1.000000,58576765963.000000,362553.000000
220000,13,60509,0.800000,1.000000,0.610281,1.000000,0.000000,0,0.000000,219775.000000,1.000000,58576765963.000000,362553.000000
220000,14,60364,0.800000,1.000000,0.691734,1.000000,0.000000,0,0.000000,218904.000000,1.000000,58576765963.000000,362553.000000
220000,15,60550,0.800000,1.000000,0.703948,1.000000,0.000000,0,0.000000,219997.000000,1.000000,58576765963.000000,362553.000000
221000,0,60780,0.800000,1.000000,0.677673,1.000000,0.000000,0,0.000000,220958.000000,1.000000,59111352891.000000,607879.000000
221000,1,60765,0.800000,1.000000,0.792157,1.000000,0.000000,0,0.000000,220527.000000,1.000000,59111352891.000000,607879.000000
221000,2,60793,0.800000,1.000000,0.641278,1.000000,0.000000,0,0.000000,220059.000000,1.000000,59111352891.000000,607879.000000
221000,3,60790,0.800000,1.000000,0.734021,1.000000,0.000000,0,0.000000,220966.000000,1.000000,59111352891.000000,607879.000000
221000,4,60710,0.800000,1.000000,0.665500,1.000000,0.000000,0,0.000000,203527.000000,1.000000,59111352891.000000,607879.000000
221000,5,60794,0.800000,1.000000,0.628298,1.000000,0.000000,0,0.000000,220993.000000,1.000000,59111352891.000000,607879.000000
221000,6,60782,0.800000,1.000000,0.604835,1.000000,0.000000,0,0.000000,220607.000000,1.000000,59111352891.000000,607879.000000
221000,7,60790,0.800000,1.000000,0.577342,1.000000,0.000000,0,0.000000,220969.000000,1.000000,59111352891.000000,607879.000000
221000,8,60794,0.800000,1.000000,0.688180,1.000000,0.000000,0,0.000000,220995.000000,1.000000,59111352891.000000,607879.000000
221000,9,60794,0.800000,1.000000,0.658331,1.000000,0.000000,1,179357.000000,221000.000000,1.000000,59111352891.000000,607879.000000
221000,10,60769,0.800000,1.000000,0.589775,1.000000,0.000000,0,0.000000,220912.000000,1.000000,59111352891.000000,607879.000000
221000,11,60793,0.800000,1.000000,0.614291,1.000000,0.000000,0,0.000000,220986.000000,1.000000,59111352891.000000,607879.000000
221000,12,60795,0.800000,1.000000,0.770121,1.000000,0.000000,0,0.000000,220998.000000,1.000000,59111352891.000000,607879.000000
221000,13,60793,0.800000,1.000000,0.669128,1.000000,0.000000,0,0.000000,220989.000000,1.000000,59111352891.000000,607879.000000
221000,14,60776,0.800000,1.000000,0.767646,1.000000,0.000000,0,0.000000,218904.000000,1.000000,59111352891.000000,607879.000000
221000,15,60795,0.800000,1.000000,0.635083,1.000000,0.000000,0,0.000000,220999.000000,1.000000,59111352891.000000,607879.000000
222000,0,61079,0.800000,1.000000,0.596717,1.000000,0.000000,0,0.000000,221656.000000,1.000000,59685184848.000000,610815.000000
222000,1,61006,0.800000,1.000000,0.643083,1.000000,0.000000,0,0.000000,220527.000000,1.000000,59685184848.000000,610815.000000
222000,2,61081,0.800000,1.000000,0.453540,1.000000,0.000000,0,0.000000,221955.000000,1.000000,59685184848.000000,610815.000000
222000,3,61082,0.800000,1.000000,0.570083,1.000000,0.000000,0,0.000000,221722.000000,1.000000,59685184848.000000,610815.000000
222000,4,61089,0.800000,1.000000,0.739872,1.000000,0.000000,1,185526.000000,222000.000000,1.000000,59685184848.000000,610815.000000
222000,5,61089,0.800000,1.000000,0.585900,1.000000,0.000000,0,0.000000,221992.000000,1.000000,59685184848.000000,610815.000000
222000,6,61089,0.800000,1.000000,0.744373,1.000000,0.000000,0,0.000000,221999.000000,1.000000,59685184848.000000,610815.000000
222000,7,61087,0.800000,1.000000,0.634673,1.000000,0.000000,0,0.000000,221928.000000,1.000000,59685184848.000000,610815.000000
222000,8,61075,0.800000,1.000000,0.670212,1.000000,0.000000,0,0.000000,221712.000000,1.000000,59685184848.000000,610815.000000
222000,9,61086,0.800000,1.000000,0.614785,1.000000,0.000000,0,0.000000,221890.000000,1.000000,59685184848.000000,610815.000000
222000,10,61088,0.800000,1.000000,0.656097,1.000000,0.000000,0,0.000000,221997.000000,1.000000,59685184848.000000,610815.000000
222000,11,61088,0.800000,1.000000,0.595158,1.000000,0.000000,0,0.000000,221991.000000,1.000000,59685184848.000000,610815.000000
222000,12,61089,0.800000,1.000000,0.664804,1.000000,0.000000,0,0.000000,221995.000000,1.000000,59685184848.000000,610815.000000
222000,13,61044,0.800000,1.000000,0.566432,1.000000,0.000000,0,0.000000,221276.000000,1.000000,59685184848.000000,610815.000000
222000,14,61062,0.800000,1.000000,0.588446,1.000000,0.000000,0,0.000000,221622.000000,1.000000,59685184848.000000,610815.000000
222000,15,61088,0.800000,1.000000,0.561087,1.000000,0.000000,0,0.000000,221971.000000,1.000000,59685184848.000000,610815.000000
223000,0,61367,0.800000,1.000000,0.727515,1.000000,0.000000,1,183519.000000,223000.000000,1.000000,60234292237.000000,490824.000000
223000,1,61347,0.800000,1.000000,0.715978,1.000000,0.000000,0,0.000000,220527.000000,1.000000,60234292237.000000,490824.000000
223000,2,61366,0.800000,1.000000,0.566490,1.000000,0.000000,0,0.000000,222992.000000,1.000000,60234292237.000000,490824.000000
223000,3,61352,0.800000,1.000000,0.689074,1.000000,0.000000,0,0.000000,222877.000000,1.000000,60234292237.000000,490824.000000
223000,4,61360,0.800000,1.000000,0.633438,1.000000,0.000000,0,0.000000,222718.000000,1.000000,60234292237.000000,490824.000000
223000,5,61366,0.800000,1.000000,0.618837,1.000000,0.000000,0,0.000000,222996.000000,1.000000,60234292237.000000,490824.000000
223000,6,61367,0.800000,1.000000,0.680934,1.000000,0.000000,0,0.000000,222998.000000,1.000000,60234292237.000000,490824.000000
223000,7,61367,0.800000,1.000000,0.506730,1.000000,0.000000,0,0.000000,222968.000000,1.000000,60234292237.000000,490824.000000
223000,8,61367,0.800000,1.000000,0.595379,1.000000,0.000000,0,0.000000,222999.000000,1.000000,60234292237.000000,490824.000000
223000,9,61359,0.800000,1.000000,0.659972,1.000000,0.000000,0,0.000000,222928.000000,1.000000,60234292237.000000,490824.000000
223000,10,61364,0.800000,1.000000,0.806495,1.000000,0.000000,0,0.000000,222991.000000,1.000000,60234292237.000000,490824.000000
223000,11,61344,0.800000,1.000000,0.700018,1.000000,0.000000,0,0.000000,222481.000000,1.000000,60234292237.000000,490824.000000
223000,12,61339,0.800000,1.000000,0.709277,1.000000,0.000000,0,0.000000,222858.000000,1.000000,60234292237.000000,490824.000000
223000,13,61321,0.800000,1.000000,0.620805,1.000000,0.000000,0,0.000000,222743.000000,1.000000,60234292237.000000,490824.000000
223000,14,61366,0.800000,1.000000,0.640483,1.000000,0.000000,0,0.000000,222987.000000,1.000000,60234292237.000000,490824.000000
223000,15,61355,0.800000,1.000000,0.552218,1.000000,0.000000,0,0.000000,222953.000000,1.000000,60234292237.000000,490824.000000
224000,0,61655,0.800000,1.000000,0.668351,1.000000,0.000000,0,0.000000,223998.000000,1.000000,60773774395.000000,616363.000000
224000,1,61647,0.800000,1.000000,0.681941,1.000000,0.000000,0,0.000000,223933.000000,1.000000,60773774395.000000,616363.000000
224000,2,61617,0.800000,1.000000,0.615412,1.000000,0.000000,0,0.000000,223786.000000,1.000000,60773774395.000000,616363.000000
224000,3,61655,0.800000,1.000000,0.702924,1.000000,0.000000,1,182224.000000,224000.000000,1.000000,60773774395.000000,616363.000000
224000,4,61630,0.800000,1.000000,0.584476,1.000000,0.000000,0,0.000000,223769.000000,1.000000,60773774395.000000,616363.000000
224000,5,61654,0.800000,1.000000,0.731391,1.000000,0.000000,0,0.000000,223996.000000,1.000000,60773774395.000000,616363.000000
224000,6,61649,0.800000,1.000000,0.578917,1.000000,0.000000,0,0.000000,223969.000000,1.000000,60773774395.000000,616363.000000
224000,7,61653,0.800000,1.000000,0.617608,1.000000,0.000000,0,0.000000,223970.000000,1.000000,60773774395.000000,616363.000000
224000,8,61656,0.800000,1.000000,0.725003,1.000000,0.000000,0,0.000000,223999.000000,1.000000,60773774395.000000,616363.000000
224000,9,61641,0.800000,1.000000,0.717910,1.000000,0.000000,0,0.000000,223704.000000,1.000000,60773774395.000000,616363.000000
224000,10,61394,0.800000,1.000000,0.591780,1.000000,0.000000,0,0.000000,222991.000000,1.000000,60773774395.000000,616363.000000
224000,11,61654,0.800000,1.000000,0.648630,1.000000,0.000000,0,0.000000,223988.000000,1.000000,60773774395.000000,616363.000000
224000,12,61655,0.800000,1.000000,0.609209,1.000000,0.000000,0,0.000000,223992.000000,1.000000,60773774395.000000,616363.000000
224000,13,61649,0.800000,1.000000,0.598666,1.000000,0.000000,0,0.000000,223920.000000,1.000000,60773774395.000000,616363.000000
224000,14,61635,0.800000,1.000000,0.644813,1.000000,0.000000,0,0.000000,223576.000000,1.000000,60773774395.000000,616363.000000
224000,15,61649,0.800000,1.000000,0.641599,1.000000,0.000000,0,0.000000,223973.000000,1.000000,60773774395.000000,616363.000000
225000,0,61942,0.800000,1.000000,0.674562,1.000000,0.000000,0,0.000000,224878.000000,1.000000,61343217071.000000,990242.000000
225000,1,61955,0.800000,1.000000,0.708303,1.000000,0.000000,0,0.000000,224989.000000,1.000000,61343217071.000000,990242.000000
225000,2,61949,0.800000,1.000000,0.695391,1.000000,0.000000,0,0.000000,224904.000000,1.000000,61343217071.000000,990242.000000
225000,3,61931,0.800000,1.000000,0.444693,1.000000,0.000000,0,0.000000,224792.000000,1.000000,61343217071.000000,990242.000000
225000,4,61954,0.800000,1.000000,0.582534,1.000000,0.000000,0,0.000000,224965.000000,1.000000,61343217071.000000,990242.000000
225000,5,61957,0.800000,1.000000,0.789010,1.000000,0.000000,0,0.000000,224998.000000,1.000000,61343217071.000000,990242.000000
225000,6,61917,0.800000,1.000000,0.642714,1.000000,0.000000,0,0.000000,224855.000000,1.000000,61343217071.000000,990242.000000
225000,7,61954,0.800000,1.000000,0.609155,1.000000,0.000000,0,0.000000,224983.000000,1.000000,61343217071.000000,990242.000000
225000,8,61956,0.800000,1.000000,0.640798,1.000000,0.000000,0,0.000000,224800.000000,1.000000,61343217071.000000,990242.000000
225000,9,61957,0.800000,1.000000,0.612961,1.000000,0.000000,0,0.000000,224977.000000,1.000000,61343217071.000000,990242.000000
225000,10,61504,0.800000,1.000000,0.572275,1.000000,0.000000,0,0.000000,222991.000000,1.000000,61343217071.000000,990242.000000
225000,11,61955,0.800000,1.000000,0.574217,1.000000,0.000000,0,0.000000,224949.000000,1.000000,61343217071.000000,990242.000000
225000,12,61955,0.800000,1.000000,0.588811,1.000000,0.000000,0,0.000000,224987.000000,1.000000,61343217071.000000,990242.000000
225000,13,61901,0.800000,1.000000,0.694900,1.000000,0.000000,0,0.000000,224554.000000,1.000000,61343217071.000000,990242.000000
225000,14,61957,0.800000,1.000000,0.812074,1.000000,0.000000,1,180925.000000,225000.000000,1.000000,61343217071.000000,990242.000000
225000,15,61957,0.800000,1.000000,0.632580,1.000000,0.000000,0,0.000000,224995.000000,1.000000,61343217071.000000,990242.000000
226000,0,62227,0.800000,1.000000,0.486730,1.000000,0.000000,0,0.000000,225631.000000,1.000000,61939621784.000000,871325.000000
226000,1,62244,0.800000,1.000000,0.578089,1.000000,0.000000,0,0.000000,225954.000000,1.000000,61939621784.000000,871325.000000
226000,2,62248,0.800000,1.000000,0.586944,1.000000,0.000000,0,0.000000,225978.000000,1.000000,61939621784.000000,871325.000000
226000,3,62245,0.800000,1.000000,0.601162,1.000000,0.000000,0,0.000000,225979.000000,1.000000,61939621784.000000,871325.000000
226000,4,62248,0.800000,1.000000,0.703061,1.000000,0.000000,0,0.000000,225999.000000,1.000000,61939621784.000000,871325.000000
226000,5,62246,0.800000,1.000000,0.646909,1.000000,0.000000,0,0.000000,225895.000000,1.000000,61939621784.000000,871325.000000
226000,6,62197,0.800000,1.000000,0.777486,1.000000,0.000000,0,0.000000,224855.000000,1.000000,61939621784.000000,871325.000000
226000,7,62249,0.800000,1.000000,0.614729,1.000000,0.000000,1,182721.000000,226000.000000,1.000000,61939621784.000000,871325.000000
226000,8,62225,0.800000,1.000000,0.661068,1.000000,0.000000,0,0.000000,225609.000000,1.000000,61939621784.000000,871325.000000
226000,9,62250,0.800000,1.000000,0.718765,1.000000,0.000000,0,0.000000,225995.000000,1.000000,61939621784.000000,871325.000000
226000,10,61903,0.800000,1.000000,0.612990,1.000000,0.000000,0,0.000000,222991.000000,1.000000,61939621784.000000,871325.000000
226000,11,62249,0.800000,1.000000,0.657802,1.000000,0.000000,0,0.000000,225990.000000,1.000000,61939621784.000000,871325.000000
226000,12,62250,0.800000,1.000000,0.652047,1.000000,0.000000,0,0.000000,225997.000000,1.000000,61939621784.000000,871325.000000
226000,13,62250,0.800000,1.000000,0.599653,1.000000,0.000000,0,0.000000,225998.000000,1.000000,61939621784.000000,871325.000000
226000,14,62235,0.800000,1.000000,0.503393,1.000000,0.000000,0,0.000000,225299.000000,1.000000,61939621784.000000,871325.000000
226000,15,62240,0.800000,1.000000,0.584032,1.000000,0.000000,0,0.000000,225943.000000,1.000000,61939621784.000000,871325.000000
227000,0,62535,0.800000,1.000000,0.636918,1.000000,0.000000,0,0.000000,226981.000000,1.000000,62470156358.000000,500212.000000
227000,1,62535,0.800000,1.000000,0.657254,1.000000,0.000000,0,0.000000,226999.000000,1.000000,62470156358.000000,500212.000000
227000,2,62536,0.800000,1.000000,0.632575,1.000000,0.000000,1,181061.000000,227000.000000,1.000000,62470156358.000000,500212.000000
227000,3,62245,0.800000,1.000000,0.601162,1.000000,0.000000,0,0.000000,225979.000000,1.000000,62470156358.000000,500212.000000
227000,4,62504,0.800000,1.000000,0.554518,1.000000,0.000000,0,0.000000,226862.000000,1.000000,62470156358.000000,500212.000000
227000,5,62504,0.800000,1.000000,0.598519,1.000000,0.000000,0,0.000000,226251.000000,1.000000,62470156358.000000,500212.000000
227000,6,62536,0.800000,1.000000,0.666304,1.000000,0.000000,0,0.000000,226995.000000,1.000000,62470156358.000000,500212.000000
227000,7,62533,0.800000,1.000000,0.686930,1.000000,0.000000,0,0.000000,226732.000000,1.000000,62470156358.000000,500212.000000
227000,8,62536,0.800000,1.000000,0.572740,1.000000,0.000000,0,0.000000,226964.000000,1.000000,62470156358.000000,500212.000000
227000,9,62536,0.800000,1.000000,0.703378,1.000000,0.000000,0,0.000000,226987.000000,1.000000,62470156358.000000,500212.000000
227000,10,62236,0.800000,1.000000,0.578783,1.000000,0.000000,0,0.000000,222991.000000,1.000000,62470156358.000000,500212.000000
227000,11,62525,0.800000,1.000000,0.600155,1.000000,0.000000,0,0.000000,226955.000000,1.000000,62470156358.000000,500212.000000
227000,12,62536,0.800000,1.000000,0.645888,1.000000,0.000000,0,0.000000,226997.000000,1.000000,62470156358.000000,500212.000000
227000,13,62531,0.800000,1.000000,0.605754,1.000000,0.000000,0,0.000000,226977.000000,1.000000,62470156358.000000,500212.000000
227000,14,62528,0.800000,1.000000,0.606624,1.000000,0.000000,0,0.000000,226956.000000,1.000000,62470156358.000000,500212.000000
227000,15,62404,0.800000,1.000000,0.543218,1.000000,0.000000,0,0.000000,225943.000000,1.000000,62470156358.000000,500212.000000
228000,0,62795,0.800000,1.000000,0.680464,1.000000,0.000000,0,0.000000,227986.000000,1.000000,62990369449.000000,251190.000000
228000,1,62752,0.800000,1.000000,0.650273,1.000000,0.000000,0,0.000000,227526.000000,1.000000,62990369449.000000,251190.000000
228000,2,62798,0.800000,1.000000,0.597699,1.000000,0.000000,0,0.000000,227992.000000,1.000000,62990369449.000000,251190.000000
228000,3,62245,0.800000,1.000000,0.601162,1.000000,0.000000,0,0.000000,225979.000000,1.000000,62990369449.000000,251190.000000
228000,4,62793,0.800000,1.000000,0.650782,1.000000,0.000000,0,0.000000,227979.000000,1.000000,62990369449.000000,251190.000000
228000,5,62768,0.800000,1.000000,0.652384,1.000000,0.000000,0,0.000000,227796.000000,1.000000,62990369449.000000,251190.000000
228000,6,62799,0.800000,1.000000,0.635177,1.000000,0.000000,1,187529.000000,228000.000000,1.000000,62990369449.000000,251190.000000
228000,7,62791,0.800000,1.000000,0.577804,1.000000,0.000000,0,0.000000,227869.000000,1.000000,62990369449.000000,251190.000000
228000,8,62798,0.800000,1.000000,0.556872,1.000000,0.000000,0,0.000000,227926.000000,1.000000,62990369449.000000,251190.000000
228000,9,62793,0.800000,1.000000,0.634666,1.000000,0.000000,0,0.000000,227940.000000,1.000000,62990369449.000000,251190.000000
228000,10,62660,0.800000,1.000000,0.530848,1.000000,0.000000,0,0.000000,222991.000000,1.000000,62990369449.000000,251190.000000
228000,11,62799,0.800000,1.000000,0.692739,1.000000,0.000000,0,0.000000,227999.000000,1.000000,62990369449.000000,251190.000000
228000,12,62799,0.800000,1.000000,0.679793,1.000000,0.000000,0,0.000000,227994.000000,1.000000,62990369449.000000,251190.000000
228000,13,62799,0.800000,1.000000,0.768666,1.000000,0.000000,0,0.000000,227997.000000,1.000000,62990369449.000000,251190.000000
228000,14,62798,0.800000,1.000000,0.669908,1.000000,0.000000,0,0.000000,227827.000000,1.000000,62990369449.000000,251190.000000
228000,15,62726,0.800000,1.000000,0.594089,1.000000,0.000000,0,0.000000,225943.000000,1.000000,62990369449.000000,251190.000000
229000,0,63029,0.800000,1.000000,0.581866,1.000000,0.000000,0,0.000000,228647.000000,1.000000,63525652241.000000,125989.000000
229000,1,63002,0.800000,1.000000,0.530453,1.000000,0.000000,0,0.000000,228613.000000,1.000000,63525652241.000000,125989.000000
229000,2,63060,0.800000,1.000000,0.620330,1.000000,0.000000,0,0.000000,228445.000000,1.000000,63525652241.000000,125989.000000
229000,3,62442,0.800000,1.000000,0.660651,1.000000,0.000000,0,0.000000,225979.000000,1.000000,63525652241.000000,125989.000000
229000,4,63065,0.800000,1.000000,0.579055,1.000000,0.000000,0,0.000000,228985.000000,1.000000,63525652241.000000,125989.000000
229000,5,63064,0.800000,1.000000,0.632425,1.000000,0.000000,0,0.000000,228988.000000,1.000000,63525652241.000000,125989.000000
229000,6,63066,0.800000,1.000000,0.605571,1.000000,0.000000,1,188355.000000,229000.000000,1.000000,63525652241.000000,125989.000000
229000,7,63055,0.800000,1.000000,0.634645,1.000000,0.000000,0,0.000000,228922.000000,1.000000,63525652241.000000,125989.000000
229000,8,63041,0.800000,1.000000,0.540011,1.000000,0.000000,0,0.000000,228873.000000,1.000000,63525652241.000000,125989.000000
229000,9,63067,0.800000,1.000000,0.750755,1.000000,0.000000,0,0.000000,228998.000000,1.000000,63525652241.000000,125989.000000
229000,10,63053,0.800000,1.000000,0.771787,1.000000,0.000000,0,0.000000,222991.000000,1.000000,63525652241.000000,125989.000000
229000,11,63061,0.800000,1.000000,0.591655,1.000000,0.000000,0,0.000000,228980.000000,1.000000,63525652241.000000,125989.000000
229000,12,62967,0.800000,1.000000,0.794116,1.000000,0.000000,0,0.000000,228603.000000,1.000000,63525652241.000000,125989.000000
229000,13,63067,0.800000,1.000000,0.710514,1.000000,0.000000,0,0.000000,228999.000000,1.000000,63525652241.000000,125989.000000
229000,14,63066,0.800000,1.000000,0.692079,1.000000,0.000000,0,0.000000,228996.000000,1.000000,63525652241.000000,125989.000000
229000,15,63064,0.800000,1.000000,0.594637,1.000000,0.000000,0,0.000000,228982.000000,1.000000,63525652241.000000,125989.000000
230000,0,63341,0.800000,1.000000,0.746009,1.000000,0.000000,0,0.000000,229981.000000,1.000000,64061792757.000000,378865.000000
230000,1,63341,0.800000,1.000000,0.552052,1.000000,0.000000,0,0.000000,229975.000000,1.000000,64061792757.000000,378865.000000
230000,2,63341,0.800000,1.000000,0.709898,1.000000,0.000000,0,0.000000,229998.000000,1.000000,64061792757.000000,378865.000000
230000,3,62813,0.800000,1.000000,0.613395,1.000000,0.000000,0,0.000000,225979.000000,1.000000,64061792757.000000,378865.000000
230000,4,63338,0.800000,1.000000,0.708821,1.000000,0.000000,0,0.000000,229982.000000,1.000000,64061792757.000000,378865.000000
230000,5,63340,0.800000,1.000000,0.656869,1.000000,0.000000,0,0.000000,229955.000000,1.000000,64061792757.000000,378865.000000
230000,6,63304,0.800000,1.000000,0.707612,1.000000,0.000000,0,0.000000,229881.000000,1.000000,64061792757.000000,378865.000000
230000,7,63156,0.800000,1.000000,0.640732,1.000000,0.000000,0,0.000000,229324.000000,1.000000,64061792757.000000,378865.000000
230000,8,63323,0.800000,1.000000,0.543699,1.000000,0.000000,0,0.000000,229928.000000,1.000000,64061792757.000000,378865.000000
230000,9,63313,0.800000,1.000000,0.650503,1.000000,0.000000,0,0.000000,229578.000000,1.000000,64061792757.000000,378865.000000
230000,10,63341,0.800000,1.000000,0.685289,1.000000,0.000000,0,0.000000,229990.000000,1.000000,64061792757.000000,378865.000000
230000,11,63340,0.800000,1.000000,0.576438,1.000000,0.000000,0,0.000000,229968.000000,1.000000,64061792757.000000,378865.000000
230000,12,63159,0.800000,1.000000,0.776108,1.000000,0.000000,0,0.000000,228603.000000,1.000000,64061792757.000000,378865.000000
230000,13,63342,0.800000,1.000000,0.701737,1.000000,0.000000,1,186838.000000,230000.000000,1.000000,64061792757.000000,378865.000000
230000,14,63342,0.800000,1.000000,0.756879,1.000000,0.000000,0,0.000000,229999.000000,1.000000,64061792757.000000,378865.000000
230000,15,63281,0.800000,1.000000,0.708287,1.000000,0.000000,0,0.000000,229470.000000,1.000000,64061792757.000000,378865.000000
231000,0,63620,0.800000,1.000000,0.689517,1.000000,0.000000,0,0.000000,230995.000000,1.000000,64581013971.000000,508706.000000
231000,1,63617,0.800000,1.000000,0.668625,1.000000,0.000000,0,0.000000,230943.000000,1.000000,64581013971.000000,508706.000000
231000,2,63621,0.800000,1.000000,0.581596,1.000000,0.000000,0,0.000000,230986.000000,1.000000,64581013971.000000,508706.000000
231000,3,63177,0.800000,1.000000,0.556569,1.000000,0.000000,0,0.000000,225979.000000,1.000000,64581013971.000000,508706.000000
231000,4,63622,0.800000,1.000000,0.693577,1.000000,0.000000,0,0.000000,230997.000000,1.000000,64581013971.000000,508706.000000
231000,5,63622,0.800000,1.000000,0.736038,1.000000,0.000000,1,183918.000000,231000.000000,1.000000,64581013971.000000,508706.000000
231000,6,63304,0.800000,1.000000,0.707612,1.000000,0.000000,0,0.000000,229881.000000,1.000000,64581013971.000000,508706.000000
231000,7,63218,0.800000,1.000000,0.648496,1.000000,0.000000,0,0.000000,229324.000000,1.000000,64581013971.000000,508706.000000
231000,8,63623,0.800000,1.000000,0.718788,1.000000,0.000000,0,0.000000,230998.000000,1.000000,64581013971.000000,508706.000000
231000,9,63609,0.800000,1.000000,0.567423,1.000000,0.000000,0,0.000000,230457.000000,1.000000,64581013971.000000,508706.000000
231000,10,63622,0.800000,1.000000,0.639628,1.000000,0.000000,0,0.000000,230994.000000,1.000000,64581013971.000000,508706.000000
231000,11,63619,0.800000,1.000000,0.598795,1.000000,0.000000,0,0.000000,230981.000000,1.000000,64581013971.000000,508706.000000
231000,12,63509,0.800000,1.000000,0.692457,1.000000,0.000000,0,0.000000,228603.000000,1.000000,64581013971.000000,508706.000000
231000,13,63620,0.800000,1.000000,0.589804,1.000000,0.000000,0,0.000000,230983.000000,1.000000,64581013971.000000,508706.000000
231000,14,63558,0.800000,1.000000,0.573192,1.000000,0.000000,0,0.000000,230598.000000,1.000000,64581013971.000000,508706.000000
231000,15,63548,0.800000,1.000000,0.540452,1.000000,0.000000,0,0.000000,229470.000000,1.000000,64581013971.000000,508706.000000
232000,0,63873,0.800000,1.000000,0.643017,1.000000,0.000000,0,0.000000,231770.000000,1.000000,65115544646.000000,254924.000000
232000,1,63887,0.800000,1.000000,0.686201,1.000000,0.000000,1,191370.000000,232000.000000,1.000000,65115544646.000000,254924.000000
232000,2,63887,0.800000,1.000000,0.679814,1.000000,0.000000,0,0.000000,231996.000000,1.000000,65115544646.000000,254924.000000
232000,3,63448,0.800000,1.000000,0.655880,1.000000,0.000000,0,0.000000,225979.000000,1.000000,65115544646.000000,254924.000000
232000,4,63861,0.800000,1.000000,0.640677,1.000000,0.000000,0,0.000000,231589.000000,1.000000,65115544646.000000,254924.000000
232000,5,63886,0.800000,1.000000,0.689605,1.000000,0.000000,0,0.000000,231988.000000,1.000000,65115544646.000000,254924.000000
232000,6,63304,0.800000,1.000000,0.707612,1.000000,0.000000,0,0.000000,229881.000000,1.000000,65115544646.000000,254924.000000
232000,7,63575,0.800000,1.000000,0.648439,1.000000,0.000000,0,0.000000,229324.000000,1.000000,65115544646.000000,254924.000000
232000,8,63885,0.800000,1.000000,0.553498,1.000000,0.000000,0,0.000000,231970.000000,1.000000,65115544646.000000,254924.000000
232000,9,63886,0.800000,1.000000,0.794301,1.000000,0.000000,0,0.000000,231998.000000,1.000000,65115544646.000000,254924.000000
232000,10,63817,0.800000,1.000000,0.695869,1.000000,0.000000,0,0.000000,231681.000000,1.000000,65115544646.000000,254924.000000
232000,11,63888,0.800000,1.000000,0.642786,1.000000,0.000000,0,0.000000,231993.000000,1.000000,65115544646.000000,254924.000000
232000,12,63886,0.800000,1.000000,0.736954,1.000000,0.000000,0,0.000000,231995.000000,1.000000,65115544646.000000,254924.000000
232000,13,63887,0.800000,1.000000,0.675328,1.000000,0.000000,0,0.000000,231999.000000,1.000000,65115544646.000000,254924.000000
232000,14,63873,0.800000,1.000000,0.687744,1.000000,0.000000,0,0.000000,231812.000000,1.000000,65115544646.000000,254924.000000
232000,15,63863,0.800000,1.000000,0.480998,1.000000,0.000000,0,0.000000,229470.000000,1.000000,65115544646.000000,254924.000000
233000,0,64169,0.800000,1.000000,0.682733,1.000000,0.000000,0,0.000000,232997.000000,1.000000,65662059842.000000,256088.000000
233000,1,64164,0.800000,1.000000,0.692647,1.000000,0.000000,0,0.000000,232972.000000,1.000000,65662059842.000000,256088.000000
233000,2,64164,0.800000,1.000000,0.430012,1.000000,0.000000,0,0.000000,232924.000000,1.000000,65662059842.000000,256088.000000
233000,3,63742,0.800000,1.000000,0.586247,1.000000,0.000000,0,0.000000,225979.000000,1.000000,65662059842.000000,256088.000000
233000,4,64121,0.800000,1.000000,0.702972,1.000000,0.000000,0,0.000000,232824.000000,1.000000,65662059842.000000,256088.000000
233000,5,64167,0.800000,1.000000,0.591877,1.000000,0.000000,0,0.000000,232987.000000,1.000000,65662059842.000000,256088.000000
233000,6,63304,0.800000,1.000000,0.707612,1.000000,0.000000,0,0.000000,229881.000000,1.000000,65662059842.000000,256088.000000
233000,7,63915,0.800000,1.000000,0.640047,1.000000,0.000000,0,0.000000,229324.000000,1.000000,65662059842.000000,256088.000000
233000,8,64169,0.800000,1.000000,0.731376,1.000000,0.000000,0,0.000000,232996.000000,1.000000,65662059842.000000,256088.000000
233000,9,64169,0.800000,1.000000,0.520442,1.000000,0.000000,0,0.000000,232999.000000,1.000000,65662059842.000000,256088.000000
233000,10,64169,0.800000,1.000000,0.716005,1.000000,0.000000,0,0.000000,232998.000000,1.000000,65662059842.000000,256088.000000
233000,11,64143,0.800000,1.000000,0.720358,1.000000,0.000000,0,0.000000,232653.000000,1.000000,65662059842.000000,256088.000000
233000,12,64136,0.800000,1.000000,0.639601,1.000000,0.000000,0,0.000000,232567.000000,1.000000,65662059842.000000,256088.000000
233000,13,64163,0.800000,1.000000,0.679674,1.000000,0.000000,0,0.000000,232945.000000,1.000000,65662059842.000000,256088.000000
233000,14,64169,0.800000,1.000000,0.669475,1.000000,0.000000,1,187460.000000,233000.000000,1.000000,65662059842.000000,256088.000000
233000,15,64114,0.800000,1.000000,0.641560,1.000000,0.000000,0,0.000000,232733.000000,1.000000,65662059842.000000,256088.000000
234000,0,64438,0.800000,1.000000,0.689524,1.000000,0.000000,0,0.000000,233974.000000,1.000000,66211617811.000000,902005.000000
234000,1,64441,0.800000,1.000000,0.687683,1.000000,0.000000,0,0.000000,233940.000000,1.000000,66211617811.000000,902005.000000
234000,2,64443,0.800000,1.000000,0.754590,1.000000,0.000000,0,0.000000,233999.000000,1.000000,66211617811.000000,902005.000000
234000,3,64078,0.800000,1.000000,0.531547,1.000000,0.000000,0,0.000000,225979.000000,1.000000,66211617811.000000,902005.000000
234000,4,64430,0.800000,1.000000,0.593458,1.000000,0.000000,0,0.000000,233886.000000,1.000000,66211617811.000000,902005.000000
234000,5,64385,0.800000,1.000000,0.551290,1.000000,0.000000,0,0.000000,233697.000000,1.000000,66211617811.000000,902005.000000
234000,6,63304,0.800000,1.000000,0.707612,1.000000,0.000000,0,0.000000,229881.000000,1.000000,66211617811.000000,902005.000000
234000,7,64293,0.800000,1.000000,0.586332,1.000000,0.000000,0,0.000000,229324.000000,1.000000,66211617811.000000,902005.000000
234000,8,64442,0.800000,1.000000,0.667515,1.000000,0.000000,0,0.000000,233865.000000,1.000000,66211617811.000000,902005.000000
234000,9,64374,0.800000,1.000000,0.650960,1.000000,0.000000,0,0.000000,233345.000000,1.000000,66211617811.000000,902005.000000
234000,10,64443,0.800000,1.000000,0.621535,1.000000,0.000000,0,0.000000,233997.000000,1.000000,66211617811.000000,902005.000000
234000,11,64436,0.800000,1.000000,0.512125,1.000000,0.000000,0,0.000000,233926.000000,1.000000,66211617811.000000,902005.000000
234000,12,64441,0.800000,1.000000,0.574605,1.000000,0.000000,0,0.000000,233938.000000,1.000000,66211617811.000000,902005.000000
234000,13,64442,0.800000,1.000000,0.595436,1.000000,0.000000,0,0.000000,233991.000000,1.000000,66211617811.000000,902005.000000
234000,14,64443,0.800000,1.000000,0.672115,1.000000,0.000000,1,188261.000000,234000.000000,1.000000,66211617811.000000,902005.000000
234000,15,64422,0.800000,1.000000,0.529078,1.000000,0.000000,0,0.000000,233896.000000,1.000000,66211617811.000000,902005.000000
235000,0,64700,0.800000,1.000000,0.610230,1.000000,0.000000,1,193022.000000,235000.000000,1.000000,66763914305.000000,256300.000000
235000,1,64699,0.800000,1.000000,0.668766,1.000000,0.000000,0,0.000000,234989.000000,1.000000,66763914305.000000,256300.000000
235000,2,64679,0.800000,1.000000,0.542164,1.000000,0.000000,0,0.000000,234516.000000,1.000000,66763914305.000000,256300.000000
235000,3,64381,0.800000,1.000000,0.534101,1.000000,0.000000,0,0.000000,225979.000000,1.000000,66763914305.000000,256300.000000
235000,4,64696,0.800000,1.000000,0.660587,1.000000,0.000000,0,0.000000,234980.000000,1.000000,66763914305.000000,256300.000000
235000,5,64700,0.800000,1.000000,0.662200,1.000000,0.000000,0,0.000000,234995.000000,1.000000,66763914305.000000,256300.000000
235000,6,63450,0.800000,1.000000,0.628885,1.000000,0.000000,0,0.000000,229881.000000,1.000000,66763914305.000000,256300.000000
235000,7,64664,0.800000,1.000000,0.661738,1.000000,0.000000,0,0.000000,229324.000000,1.000000,66763914305.000000,256300.000000
235000,8,64697,0.800000,1.000000,0.606712,1.000000,0.000000,0,0.000000,234951.000000,1.000000,66763914305.000000,256300.000000
235000,9,64701,0.800000,1.000000,0.631037,1.000000,0.000000,0,0.000000,234996.000000,1.000000,66763914305.000000,256300.000000
235000,10,64701,0.800000,1.000000,0.708483,1.000000,0.000000,0,0.000000,234931.000000,1.000000,66763914305.000000,256300.000000
235000,11,64696,0.800000,1.000000,0.590938,1.000000,0.000000,0,0.000000,234925.000000,1.000000,66763914305.000000,256300.000000
235000,12,64701,0.800000,1.000000,0.730325,1.000000,0.000000,0,0.000000,234998.000000,1.000000,66763914305.000000,256300.000000
235000,13,64690,0.800000,1.000000,0.559742,1.000000,0.000000,0,0.000000,234714.000000,1.000000,66763914305.000000,256300.000000
235000,14,64701,0.800000,1.000000,0.550113,1.000000,0.000000,0,0.000000,234999.000000,1.000000,66763914305.000000,256300.000000
235000,15,64681,0.800000,1.000000,0.677525,1.000000,0.000000,0,0.000000,234917.000000,1.000000,66763914305.000000,256300.000000
236000,0,64966,0.800000,1.000000,0.699087,1.000000,0.000000,0,0.000000,235926.000000,1.000000,67381132183.000000,906849.000000
236000,1,64990,0.800000,1.000000,0.663668,1.000000,0.000000,0,0.000000,235989.000000,1.000000,67381132183.000000,906849.000000
236000,2,64991,0.800000,1.000000,0.723387,1.000000,0.000000,1,188127.000000,236000.000000,1.000000,67381132183.000000,906849.000000
236000,3,64697,0.800000,1.000000,0.627849,1.000000,0.000000,0,0.000000,225979.000000,1.000000,67381132183.000000,906849.000000
236000,4,64982,0.800000,1.000000,0.555724,1.000000,0.000000,0,0.000000,235944.000000,1.000000,67381132183.000000,906849.000000
236000,5,64989,0.800000,1.000000,0.722563,1.000000,0.000000,0,0.000000,235985.000000,1.000000,67381132183.000000,906849.000000
236000,6,63823,0.800000,1.000000,0.698938,1.000000,0.000000,0,0.000000,229881.000000,1.000000,67381132183.000000,906849.000000
236000,7,64984,0.800000,1.000000,0.635105,1.000000,0.000000,0,0.000000,235961.000000,1.000000,67381132183.000000,906849.000000
236000,8,64988,0.800000,1.000000,0.664490,1.000000,0.000000,0,0.000000,235969.000000,1.000000,67381132183.000000,906849.000000
236000,9,64991,0.800000,1.000000,0.736716,1.000000,0.000000,0,0.000000,235996.000000,1.000000,67381132183.000000,906849.000000
236000,10,64987,0.800000,1.000000,0.609205,1.000000,0.000000,0,0.000000,235978.000000,1.000000,67381132183.000000,906849.000000
236000,11,64992,0.800000,1.000000,0.765790,1.000000,0.000000,0,0.000000,235999.000000,1.000000,67381132183.000000,906849.000000
236000,12,64991,0.800000,1.000000,0.615285,1.000000,0.000000,0,0.000000,235982.000000,1.000000,67381132183.000000,906849.000000
236000,13,64990,0.800000,1.000000,0.603080,1.000000,0.000000,0,0.000000,235968.000000,1.000000,67381132183.000000,906849.000000
236000,14,64992,0.800000,1.000000,0.695978,1.000000,0.000000,0,0.000000,235995.000000,1.000000,67381132183.000000,906849.000000
236000,15,64952,0.800000,1.000000,0.488071,1.000000,0.000000,0,0.000000,235725.000000,1.000000,67381132183.000000,906849.000000
237000,0,65031,0.800000,1.000000,0.673014,1.000000,0.000000,0,0.000000,235926.000000,1.000000,67882236038.000000,260644.000000
237000,1,65238,0.800000,1.000000,0.692658,1.000000,0.000000,0,0.000000,236962.000000,1.000000,67882236038.000000,260644.000000
237000,2,65243,0.800000,1.000000,0.656994,1.000000,0.000000,1,188827.000000,237000.000000,1.000000,67882236038.000000,260644.000000
237000,3,65081,0.800000,1.000000,0.602003,1.000000,0.000000,0,0.000000,225979.000000,1.000000,67882236038.000000,260644.000000
237000,4,65238,0.800000,1.000000,0.533355,1.000000,0.000000,0,0.000000,236940.000000,1.000000,67882236038.000000,260644.000000
237000,5,65226,0.800000,1.000000,0.709960,1.000000,0.000000,0,0.000000,236396.000000,1.000000,67882236038.000000,260644.000000
237000,6,64128,0.800000,1.000000,0.571768,1.000000,0.000000,0,0.000000,229881.000000,1.000000,67882236038.000000,260644.000000
237000,7,65233,0.800000,1.000000,0.631500,1.000000,0.000000,0,0.000000,236916.000000,1.000000,67882236038.000000,260644.000000
237000,8,65242,0.800000,1.000000,0.567852,1.000000,0.000000,0,0.000000,236993.000000,1.000000,67882236038.000000,260644.000000
237000,9,65243,0.800000,1.000000,0.724447,1.000000,0.000000,0,0.000000,236999.000000,1.000000,67882236038.000000,260644.000000
237000,10,65152,0.800000,1.000000,0.701139,1.000000,0.000000,0,0.000000,235978.000000,1.000000,67882236038.000000,260644.000000
237000,11,65157,0.800000,1.000000,0.586715,1.000000,0.000000,0,0.000000,236179.000000,1.000000,67882236038.000000,260644.000000
237000,12,65242,0.800000,1.000000,0.633581,1.000000,0.000000,0,0.000000,236921.000000,1.000000,67882236038.000000,260644.000000
237000,13,65220,0.800000,1.000000,0.634523,1.000000,0.000000,0,0.000000,236633.000000,1.000000,67882236038.000000,260644.000000
237000,14,65244,0.800000,1.000000,0.701346,1.000000,0.000000,0,0.000000,236996.000000,1.000000,67882236038.000000,260644.000000
237000,15,65242,0.800000,1.000000,0.486189,1.000000,0.000000,0,0.000000,236995.000000,1.000000,67882236038.000000,260644.000000
238000,0,65394,0.800000,1.000000,0.668654,1.000000,0.000000,0,0.000000,235926.000000,1.000000,68450265217.000000,1176615.000000
238000,1,65493,0.800000,1.000000,0.638334,1.000000,0.000000,0,0.000000,237993.000000,1.000000,68450265217.000000,1176615.000000
238000,2,65493,0.800000,1.000000,0.626948,1.000000,0.000000,1,189380.000000,238000.000000,1.000000,68450265217.000000,1176615.000000
238000,3,65473,0.800000,1.000000,0.736803,1.000000,0.000000,0,0.000000,225979.000000,1.000000,68450265217.000000,1176615.000000
238000,4,65493,0.800000,1.000000,0.690722,1.000000,0.000000,0,0.000000,237999.000000,1.000000,68450265217.000000,1176615.000000
238000,5,65493,0.800000,1.000000,0.623217,1.000000,0.000000,0,0.000000,237987.000000,1.000000,68450265217.000000,1176615.000000
238000,6,64487,0.800000,1.000000,0.734222,1.000000,0.000000,0,0.000000,229881.000000,1.000000,68450265217.000000,1176615.000000
238000,7,65431,0.800000,1.000000,0.735698,1.000000,0.000000,0,0.000000,236916.000000,1.000000,68450265217.000000,1176615.000000
238000,8,65493,0.800000,1.000000,0.505855,1.000000,0.000000,0,0.000000,237990.000000,1.000000,68450265217.000000,1176615.000000
238000,9,65381,0.800000,1.000000,0.535598,1.000000,0.000000,0,0.000000,237162.000000,1.000000,68450265217.000000,1176615.000000
238000,10,65494,0.800000,1.000000,0.655258,1.000000,0.000000,0,0.000000,237995.000000,1.000000,68450265217.000000,1176615.000000
238000,11,65494,0.800000,1.000000,0.620342,1.000000,0.000000,0,0.000000,237996.000000,1.000000,68450265217.000000,1176615.000000
238000,12,65492,0.800000,1.000000,0.550618,1.000000,0.000000,0,0.000000,237978.000000,1.000000,68450265217.000000,1176615.000000
238000,13,65438,0.800000,1.000000,0.613336,1.000000,0.000000,0,0.000000,237571.000000,1.000000,68450265217.000000,1176615.000000
238000,14,65494,0.800000,1.000000,0.685367,1.000000,0.000000,0,0.000000,237998.000000,1.000000,68450265217.000000,1176615.000000
238000,15,65470,0.800000,1.000000,0.576305,1.000000,0.000000,0,0.000000,237777.000000,1.000000,68450265217.000000,1176615.000000
239000,0,65767,0.800000,1.000000,0.681293,1.000000,0.000000,0,0.000000,238998.000000,1.000000,69060167103.000000,392547.000000
239000,1,65766,0.800000,1.000000,0.609049,1.000000,0.000000,0,0.000000,238985.000000,1.000000,69060167103.000000,392547.000000
239000,2,65767,0.800000,1.000000,0.553327,1.000000,0.000000,1,190148.000000,239000.000000,1.000000,69060167103.000000,392547.000000
239000,3,65763,0.800000,1.000000,0.577549,1.000000,0.000000,0,0.000000,238976.000000,1.000000,69060167103.000000,392547.000000
239000,4,65743,0.800000,1.000000,0.599307,1.000000,0.000000,0,0.000000,238915.000000,1.000000,69060167103.000000,392547.000000
239000,5,65766,0.800000,1.000000,0.789673,1.000000,0.000000,0,0.000000,238993.000000,1.000000,69060167103.000000,392547.000000
239000,6,64767,0.800000,1.000000,0.709422,1.000000,0.000000,0,0.000000,229881.000000,1.000000,69060167103.000000,392547.000000
239000,7,65767,0.800000,1.000000,0.713703,1.000000,0.000000,0,0.000000,238996.000000,1.000000,69060167103.000000,392547.000000
239000,8,65765,0.800000,1.000000,0.672861,1.000000,0.000000,0,0.000000,238967.000000,1.000000,69060167103.000000,392547.000000
239000,9,65764,0.800000,1.000000,0.599953,1.000000,0.000000,0,0.000000,237162.000000,1.000000,69060167103.000000,392547.000000
239000,10,65730,0.800000,1.000000,0.647253,1.000000,0.000000,0,0.000000,238643.000000,1.000000,69060167103.000000,392547.000000
239000,11,65763,0.800000,1.000000,0.550935,1.000000,0.000000,0,0.000000,238893.000000,1.000000,69060167103.000000,392547.000000
239000,12,65767,0.800000,1.000000,0.666313,1.000000,0.000000,0,0.000000,238999.000000,1.000000,69060167103.000000,392547.000000
239000,13,65743,0.800000,1.000000,0.581254,1.000000,0.000000,0,0.000000,238693.000000,1.000000,69060167103.000000,392547.000000
239000,14,65767,0.800000,1.000000,0.570773,1.000000,0.000000,0,0.000000,238984.000000,1.000000,69060167103.000000,392547.000000
239000,15,65760,0.800000,1.000000,0.571376,1.000000,0.000000,0,0.000000,238945.000000,1.000000,69060167103.000000,392547.000000
240000,0,66032,0.800000,1.000000,0.673791,1.000000,0.000000,0,0.000000,239969.000000,1.000000,69615440548.000000,660283.000000
240000,1,66001,0.800000,1.000000,0.765632,1.000000,0.000000,0,0.000000,239661.000000,1.000000,69615440548.000000,660283.000000
240000,2,66030,0.800000,1.000000,0.491961,1.000000,0.000000,0,0.000000,239951.000000,1.000000,69615440548.000000,660283.000000
240000,3,66028,0.800000,1.000000,0.650641,1.000000,0.000000,0,0.000000,239824.000000,1.000000,69615440548.000000,660283.000000
240000,4,66039,0.800000,1.000000,0.715640,1.000000,0.000000,1,199460.000000,240000.000000,1.000000,69615440548.000000,660283.000000
240000,5,66037,0.800000,1.000000,0.575336,1.000000,0.000000,0,0.000000,239963.000000,1.000000,69615440548.000000,660283.000000
240000,6,65002,0.800000,1.000000,0.752572,1.000000,0.000000,0,0.000000,229881.000000,1.000000,69615440548.000000,660283.000000
240000,7,66040,0.800000,1.000000,0.658552,1.000000,0.000000,0,0.000000,239998.000000,1.000000,69615440548.000000,660283.000000
240000,8,66038,0.800000,1.000000,0.772599,1.000000,0.000000,0,0.000000,239994.000000,1.000000,69615440548.000000,660283.000000
240000,9,66037,0.800000,1.000000,0.672542,1.000000,0.000000,0,0.000000,239949.000000,1.000000,69615440548.000000,660283.000000
240000,10,66028,0.800000,1.000000,0.639286,1.000000,0.000000,0,0.000000,238643.000000,1.000000,69615440548.000000,660283.000000
240000,11,66040,0.800000,1.000000,0.689075,1.000000,0.000000,0,0.000000,239995.000000,1.000000,69615440548.000000,660283.000000
240000,12,66018,0.800000,1.000000,0.533524,1.000000,0.000000,0,0.000000,239206.000000,1.000000,69615440548.000000,660283.000000
240000,13,65932,0.800000,1.000000,0.724978,1.000000,0.000000,0,0.000000,239344.000000,1.000000,69615440548.000000,660283.000000
240000,14,66040,0.800000,1.000000,0.736321,1.000000,0.000000,0,0.000000,239997.000000,1.000000,69615440548.000000,660283.000000
240000,15,66040,0.800000,1.000000,0.692355,1.000000,0.000000,0,0.000000,239999.000000,1.000000,69615440548.000000,660283.000000
241000,0,66241,0.800000,1.000000,0.582258,1.000000,0.000000,0,0.000000,240790.000000,1.000000,70154174862.000000,530216.000000
241000,1,66299,0.800000,1.000000,0.635184,1.000000,0.000000,0,0.000000,240952.000000,1.000000,70154174862.000000,530216.000000
241000,2,66230,0.800000,1.000000,0.667183,1.000000,0.000000,0,0.000000,239951.000000,1.000000,70154174862.000000,530216.000000
241000,3,66302,0.800000,1.000000,0.629606,1.000000,0.000000,0,0.000000,240998.000000,1.000000,70154174862.000000,530216.000000
241000,4,66302,0.800000,1.000000,0.672472,1.000000,0.000000,1,200352.000000,241000.000000,1.000000,70154174862.000000,530216.000000
241000,5,66215,0.800000,1.000000,0.458492,1.000000,0.000000,0,0.000000,240670.000000,1.000000,70154174862.000000,530216.000000
241000,6,65271,0.800000,1.000000,0.567399,1.000000,0.000000,0,0.000000,229881.000000,1.000000,70154174862.000000,530216.000000
241000,7,66303,0.800000,1.000000,0.713687,1.000000,0.000000,0,0.000000,240999.000000,1.000000,70154174862.000000,530216.000000
241000,8,66303,0.800000,1.000000,0.712948,1.000000,0.000000,0,0.000000,240996.000000,1.000000,70154174862.000000,530216.000000
241000,9,66301,0.800000,1.000000,0.570505,1.000000,0.000000,0,0.000000,240981.000000,1.000000,70154174862.000000,530216.000000
241000,10,66287,0.800000,1.000000,0.728631,1.000000,0.000000,0,0.000000,240385.000000,1.000000,70154174862.000000,530216.000000
241000,11,66300,0.800000,1.000000,0.605444,1.000000,0.000000,0,0.000000,240992.000000,1.000000,70154174862.000000,530216.000000
241000,12,66298,0.800000,1.000000,0.550881,1.000000,0.000000,0,0.000000,240891.000000,1.000000,70154174862.000000,530216.000000
241000,13,66203,0.800000,1.000000,0.576386,1.000000,0.000000,0,0.000000,239344.000000,1.000000,70154174862.000000,530216.000000
241000,14,66301,0.800000,1.000000,0.720522,1.000000,0.000000,0,0.000000,240997.000000,1.000000,70154174862.000000,530216.000000
241000,15,66302,0.800000,1.000000,0.648330,1.000000,0.000000,0,0.000000,240883.000000,1.000000,70154174862.000000,530216.000000
242000,0,66569,0.800000,1.000000,0.679999,1.000000,0.000000,0,0.000000,240790.000000,1.000000,70758687178.000000,532604.000000
242000,1,66582,0.800000,1.000000,0.713418,1.000000,0.000000,0,0.000000,241276.000000,1.000000,70758687178.000000,532604.000000
242000,2,66581,0.800000,1.000000,0.776948,1.000000,0.000000,0,0.000000,241997.000000,1.000000,70758687178.000000,532604.000000
242000,3,66577,0.800000,1.000000,0.680565,1.000000,0.000000,0,0.000000,241978.000000,1.000000,70758687178.000000,532604.000000
242000,4,66582,0.800000,1.000000,0.648301,1.000000,0.000000,0,0.000000,241999.000000,1.000000,70758687178.000000,532604.000000
242000,5,66497,0.800000,1.000000,0.574149,1.000000,0.000000,0,0.000000,240670.000000,1.000000,70758687178.000000,532604.000000
242000,6,65633,0.800000,1.000000,0.672132,1.000000,0.000000,0,0.000000,229881.000000,1.000000,70758687178.000000,532604.000000
242000,7,66582,0.800000,1.000000,0.681156,1.000000,0.000000,1,196793.000000,242000.000000,1.000000,70758687178.000000,532604.000000
242000,8,66474,0.800000,1.000000,0.701056,1.000000,0.000000,0,0.000000,241636.000000,1.000000,70758687178.000000,532604.000000
242000,9,66579,0.800000,1.000000,0.682985,1.000000,0.000000,0,0.000000,241963.000000,1.000000,70758687178.000000,532604.000000
242000,10,66577,0.800000,1.000000,0.585896,1.000000,0.000000,0,0.000000,241981.000000,1.000000,70758687178.000000,532604.000000
242000,11,66578,0.800000,1.000000,0.491177,1.000000,0.000000,0,0.000000,241976.000000,1.000000,70758687178.000000,532604.000000
242000,12,66559,0.800000,1.000000,0.533734,1.000000,0.000000,0,0.000000,241819.000000,1.000000,70758687178.000000,532604.000000
242000,13,66481,0.800000,1.000000,0.627991,1.000000,0.000000,0,0.000000,239344.000000,1.000000,70758687178.000000,532604.000000
242000,14,66581,0.800000,1.000000,0.620666,1.000000,0.000000,0,0.000000,241995.000000,1.000000,70758687178.000000,532604.000000
242000,15,66582,0.800000,1.000000,0.624891,1.000000,0.000000,0,0.000000,241937.000000,1.000000,70758687178.000000,532604.000000
243000,0,66791,0.800000,1.000000,0.647174,1.000000,0.000000,0,0.000000,240790.000000,1.000000,71341928692.000000,401015.000000
243000,1,66852,0.800000,1.000000,0.689811,1.000000,0.000000,0,0.000000,242957.000000,1.000000,71341928692.000000,401015.000000
243000,2,66852,0.800000,1.000000,0.643420,1.000000,0.000000,0,0.000000,242996.000000,1.000000,71341928692.000000,401015.000000
243000,3,66853,0.800000,1.000000,0.522031,1.000000,0.000000,0,0.000000,242997.000000,1.000000,71341928692.000000,401015.000000
243000,4,66853,0.800000,1.000000,0.551343,1.000000,0.000000,0,0.000000,242990.000000,1.000000,71341928692.000000,401015.000000
243000,5,66850,0.800000,1.000000,0.648953,1.000000,0.000000,0,0.000000,242667.000000,1.000000,71341928692.000000,401015.000000
243000,6,65891,0.800000,1.000000,0.519868,1.000000,0.000000,0,0.000000,229881.000000,1.000000,71341928692.000000,401015.000000
243000,7,66853,0.800000,1.000000,0.678260,1.000000,0.000000,1,197632.000000,243000.000000,1.000000,71341928692.000000,401015.000000
243000,8,66712,0.800000,1.000000,0.761762,1.000000,0.000000,0,0.000000,241636.000000,1.000000,71341928692.000000,401015.000000
243000,9,66854,0.800000,1.000000,0.702812,1.000000,0.000000,0,0.000000,242964.000000,1.000000,71341928692.000000,401015.000000
243000,10,66850,0.800000,1.000000,0.470904,1.000000,0.000000,0,0.000000,242961.000000,1.000000,71341928692.000000,401015.000000
243000,11,66813,0.800000,1.000000,0.757504,1.000000,0.000000,0,0.000000,242735.000000,1.000000,71341928692.000000,401015.000000
243000,12,66805,0.800000,1.000000,0.631309,1.000000,0.000000,0,0.000000,242660.000000,1.000000,71341928692.000000,401015.000000
243000,13,66853,0.800000,1.000000,0.612019,1.000000,0.000000,0,0.000000,242788.000000,1.000000,71341928692.000000,401015.000000
243000,14,66854,0.800000,1.000000,0.647347,1.000000,0.000000,0,0.000000,242991.000000,1.000000,71341928692.000000,401015.000000
243000,15,66854,0.800000,1.000000,0.685712,1.000000,0.000000,0,0.000000,242992.000000,1.000000,71341928692.000000,401015.000000
244000,0,67003,0.800000,1.000000,0.713381,1.000000,0.000000,0,0.000000,240790.000000,1.000000,71972502336.000000,805374.000000
244000,1,67141,0.800000,1.000000,0.677544,1.000000,0.000000,0,0.000000,243992.000000,1.000000,71972502336.000000,805374.000000
244000,2,67141,0.800000,1.000000,0.597028,1.000000,0.000000,1,194450.000000,244000.000000,1.000000,71972502336.000000,805374.000000
244000,3,67131,0.800000,1.000000,0.583816,1.000000,0.000000,0,0.000000,243953.000000,1.000000,71972502336.000000,805374.000000
244000,4,67141,0.800000,1.000000,0.692766,1.000000,0.000000,0,0.000000,243994.000000,1.000000,71972502336.000000,805374.000000
244000,5,67142,0.800000,1.000000,0.665304,1.000000,0.000000,0,0.000000,243996.000000,1.000000,71972502336.000000,805374.000000
244000,6,66236,0.800000,1.000000,0.535015,1.000000,0.000000,0,0.000000,229881.000000,1.000000,71972502336.000000,805374.000000
244000,7,67132,0.800000,1.000000,0.593644,1.000000,0.000000,0,0.000000,243898.000000,1.000000,71972502336.000000,805374.000000
244000,8,67108,0.800000,1.000000,0.647535,1.000000,0.000000,0,0.000000,241636.000000,1.000000,71972502336.000000,805374.000000
244000,9,67132,0.800000,1.000000,0.676042,1.000000,0.000000,0,0.000000,243966.000000,1.000000,71972502336.000000,805374.000000
244000,10,67135,0.800000,1.000000,0.566690,1.000000,0.000000,0,0.000000,243964.000000,1.000000,71972502336.000000,805374.000000
244000,11,67142,0.800000,1.000000,0.655472,1.000000,0.000000,0,0.000000,243997.000000,1.000000,71972502336.000000,805374.000000
244000,12,67141,0.800000,1.000000,0.661796,1.000000,0.000000,0,0.000000,243998.000000,1.000000,71972502336.000000,805374.000000
244000,13,67141,0.800000,1.000000,0.647832,1.000000,0.000000,0,0.000000,243957.000000,1.000000,71972502336.000000,805374.000000
244000,14,67094,0.800000,1.000000,0.677764,1.000000,0.000000,0,0.000000,243790.000000,1.000000,71972502336.000000,805374.000000
244000,15,67142,0.800000,1.000000,0.724981,1.000000,0.000000,0,0.000000,243999.000000,1.000000,71972502336.000000,805374.000000
245000,0,67412,0.800000,1.000000,0.732793,1.000000,0.000000,1,202131.000000,245000.000000,1.000000,72581803590.000000,404473.000000
245000,1,67407,0.800000,1.000000,0.659319,1.000000,0.000000,0,0.000000,244941.000000,1.000000,72581803590.000000,404473.000000
245000,2,67403,0.800000,1.000000,0.481499,1.000000,0.000000,0,0.000000,244952.000000,1.000000,72581803590.000000,404473.000000
245000,3,67354,0.800000,1.000000,0.627306,1.000000,0.000000,0,0.000000,244189.000000,1.000000,72581803590.000000,404473.000000
245000,4,67386,0.800000,1.000000,0.685703,1.000000,0.000000,0,0.000000,244143.000000,1.000000,72581803590.000000,404473.000000
245000,5,67413,0.800000,1.000000,0.673898,1.000000,0.000000,0,0.000000,244999.000000,1.000000,72581803590.000000,404473.000000
245000,6,66608,0.800000,1.000000,0.557585,1.000000,0.000000,0,0.000000,229881.000000,1.000000,72581803590.000000,404473.000000
245000,7,67411,0.800000,1.000000,0.622322,1.000000,0.000000,0,0.000000,244905.000000,1.000000,72581803590.000000,404473.000000
245000,8,67400,0.800000,1.000000,0.654526,1.000000,0.000000,0,0.000000,244651.000000,1.000000,72581803590.000000,404473.000000
245000,9,67412,0.800000,1.000000,0.619245,1.000000,0.000000,0,0.000000,244990.000000,1.000000,72581803590.000000,404473.000000
245000,10,67413,0.800000,1.000000,0.603835,1.000000,0.000000,0,0.000000,244991.000000,1.000000,72581803590.000000,404473.000000
245000,11,67390,0.800000,1.000000,0.584102,1.000000,0.000000,0,0.000000,244024.000000,1.000000,72581803590.000000,404473.000000
245000,12,67406,0.800000,1.000000,0.615652,1.000000,0.000000,0,0.000000,244966.000000,1.000000,72581803590.000000,404473.000000
245000,13,67413,0.800000,1.000000,0.769661,1.000000,0.000000,0,0.000000,244997.000000,1.000000,72581803590.000000,404473.000000
245000,14,67398,0.800000,1.000000,0.635619,1.000000,0.000000,0,0.000000,243790.000000,1.000000,72581803590.000000,404473.000000
245000,15,67410,0.800000,1.000000,0.582611,1.000000,0.000000,0,0.000000,244976.000000,1.000000,72581803590.000000,404473.000000
246000,0,67689,0.800000,1.000000,0.574719,1.000000,0.000000,0,0.000000,245980.000000,1.000000,73192547153.000000,676675.000000
246000,1,67692,0.800000,1.000000,0.640521,1.000000,0.000000,0,0.000000,245992.000000,1.000000,73192547153.000000,676675.000000
246000,2,67692,0.800000,1.000000,0.677162,1.000000,0.000000,1,195860.000000,246000.000000,1.000000,73192547153.000000,676675.000000
246000,3,67693,0.800000,1.000000,0.768676,1.000000,0.000000,0,0.000000,245998.000000,1.000000,73192547153.000000,676675.000000
246000,4,67691,0.800000,1.000000,0.587451,1.000000,0.000000,0,0.000000,245989.000000,1.000000,73192547153.000000,676675.000000
246000,5,67575,0.800000,1.000000,0.535706,1.000000,0.000000,0,0.000000,245240.000000,1.000000,73192547153.000000,676675.000000
246000,6,66945,0.800000,1.000000,0.594345,1.000000,0.000000,0,0.000000,229881.000000,1.000000,73192547153.000000,676675.000000
246000,7,67680,0.800000,1.000000,0.625920,1.000000,0.000000,0,0.000000,245940.000000,1.000000,73192547153.000000,676675.000000
246000,8,67687,0.800000,1.000000,0.741024,1.000000,0.000000,0,0.000000,245985.000000,1.000000,73192547153.000000,676675.000000
246000,9,67680,0.800000,1.000000,0.711050,1.000000,0.000000,0,0.000000,245965.000000,1.000000,73192547153.000000,676675.000000
246000,10,67693,0.800000,1.000000,0.691926,1.000000,0.000000,0,0.000000,245999.000000,1.000000,73192547153.000000,676675.000000
246000,11,67690,0.800000,1.000000,0.756624,1.000000,0.000000,0,0.000000,245977.000000,1.000000,73192547153.000000,676675.000000
246000,12,67682,0.800000,1.000000,0.639424,1.000000,0.000000,0,0.000000,245712.000000,1.000000,73192547153.000000,676675.000000
246000,13,67687,0.800000,1.000000,0.632029,1.000000,0.000000,0,0.000000,245833.000000,1.000000,73192547153.000000,676675.000000
246000,14,67693,0.800000,1.000000,0.651310,1.000000,0.000000,0,0.000000,245990.000000,1.000000,73192547153.000000,676675.000000
246000,15,67692,0.800000,1.000000,0.645056,1.000000,0.000000,0,0.000000,245963.000000,1.000000,73192547153.000000,676675.000000
247000,0,67987,0.800000,1.000000,0.598914,1.000000,0.000000,0,0.000000,246958.000000,1.000000,73853511555.000000,543938.000000
247000,1,67991,0.800000,1.000000,0.699446,1.000000,0.000000,0,0.000000,246993.000000,1.000000,73853511555.000000,543938.000000
247000,2,67993,0.800000,1.000000,0.760371,1.000000,0.000000,0,0.000000,246999.000000,1.000000,73853511555.000000,543938.000000
247000,3,67993,0.800000,1.000000,0.755302,1.000000,0.000000,1,203263.000000,247000.000000,1.000000,73853511555.000000,543938.000000
247000,4,67993,0.800000,1.000000,0.649573,1.000000,0.000000,0,0.000000,246990.000000,1.000000,73853511555.000000,543938.000000
247000,5,67961,0.800000,1.000000,0.644481,1.000000,0.000000,0,0.000000,245240.000000,1.000000,73853511555.000000,543938.000000
247000,6,67316,0.800000,1.000000,0.606276,1.000000,0.000000,0,0.000000,229881.000000,1.000000,73853511555.000000,543938.000000
247000,7,67992,0.800000,1.000000,0.622990,1.000000,0.000000,0,0.000000,246988.000000,1.000000,73853511555.000000,543938.000000
247000,8,67975,0.800000,1.000000,0.597689,1.000000,0.000000,0,0.000000,246770.000000,1.000000,73853511555.000000,543938.000000
247000,9,67912,0.800000,1.000000,0.624399,1.000000,0.000000,0,0.000000,246627.000000,1.000000,73853511555.000000,543938.000000
247000,10,67993,0.800000,1.000000,0.678683,1.000000,0.000000,0,0.000000,246996.000000,1.000000,73853511555.000000,543938.000000
247000,11,67991,0.800000,1.000000,0.725679,1.000000,0.000000,0,0.000000,246989.000000,1.000000,73853511555.000000,543938.000000
247000,12,67970,0.800000,1.000000,0.581064,1.000000,0.000000,0,0.000000,246853.000000,1.000000,73853511555.000000,543938.000000
247000,13,67993,0.800000,1.000000,0.695046,1.000000,0.000000,0,0.000000,246998.000000,1.000000,73853511555.000000,543938.000000
247000,14,67987,0.800000,1.000000,0.763183,1.000000,0.000000,0,0.000000,246912.000000,1.000000,73853511555.000000,543938.000000
247000,15,67990,0.800000,1.000000,0.707952,1.000000,0.000000,0,0.000000,246991.000000,1.000000,73853511555.000000,543938.000000
248000,0,68246,0.800000,1.000000,0.555746,1.000000,0.000000,0,0.000000,247887.000000,1.000000,74467704764.000000,682647.000000
248000,1,68269,0.800000,1.000000,0.575976,1.000000,0.000000,0,0.000000,247968.000000,1.000000,74467704764.000000,682647.000000
248000,2,68247,0.800000,1.000000,0.535237,1.000000,0.000000,0,0.000000,247859.000000,1.000000,74467704764.000000,682647.000000
248000,3,68255,0.800000,1.000000,0.767861,1.000000,0.000000,0,0.000000,247892.000000,1.000000,74467704764.000000,682647.000000
248000,4,68267,0.800000,1.000000,0.607490,1.000000,0.000000,0,0.000000,247973.000000,1.000000,74467704764.000000,682647.000000
248000,5,68268,0.800000,1.000000,0.661398,1.000000,0.000000,0,0.000000,247999.000000,1.000000,74467704764.000000,682647.000000
248000,6,67618,0.800000,1.000000,0.600680,1.000000,0.000000,0,0.000000,229881.000000,1.000000,74467704764.000000,682647.000000
248000,7,68268,0.800000,1.000000,0.576306,1.000000,0.000000,0,0.000000,247998.000000,1.000000,74467704764.000000,682647.000000
248000,8,68267,0.800000,1.000000,0.670365,1.000000,0.000000,0,0.000000,247911.000000,1.000000,74467704764.000000,682647.000000
248000,9,68267,0.800000,1.000000,0.613112,1.000000,0.000000,0,0.000000,247842.000000,1.000000,74467704764.000000,682647.000000
248000,10,68252,0.800000,1.000000,0.662989,1.000000,0.000000,0,0.000000,247835.000000,1.000000,74467704764.000000,682647.000000
248000,11,68268,0.800000,1.000000,0.676469,1.000000,0.000000,0,0.000000,247996.000000,1.000000,74467704764.000000,682647.000000
248000,12,68268,0.800000,1.000000,0.619795,1.000000,0.000000,0,0.000000,247978.000000,1.000000,74467704764.000000,682647.000000
248000,13,68249,0.800000,1.000000,0.693997,1.000000,0.000000,0,0.000000,247002.000000,1.000000,74467704764.000000,682647.000000
248000,14,68269,0.800000,1.000000,0.675566,1.000000,0.000000,1,199159.000000,248000.000000,1.000000,74467704764.000000,682647.000000
248000,15,68270,0.800000,1.000000,0.649766,1.000000,0.000000,0,0.000000,247993.000000,1.000000,74467704764.000000,682647.000000
249000,0,68519,0.800000,1.000000,0.636372,1.000000,0.000000,0,0.000000,248845.000000,1.000000,75093417989.000000,411237.000000
249000,1,68547,0.800000,1.000000,0.691587,1.000000,0.000000,0,0.000000,248214.000000,1.000000,75093417989.000000,411237.000000
249000,2,68559,0.800000,1.000000,0.766656,1.000000,0.000000,0,0.000000,248995.000000,1.000000,75093417989.000000,411237.000000
249000,3,68560,0.800000,1.000000,0.625222,1.000000,0.000000,0,0.000000,248998.000000,1.000000,75093417989.000000,411237.000000
249000,4,68560,0.800000,1.000000,0.608720,1.000000,0.000000,0,0.000000,248980.000000,1.000000,75093417989.000000,411237.000000
249000,5,68542,0.800000,1.000000,0.522897,1.000000,0.000000,0,0.000000,248880.000000,1.000000,75093417989.000000,411237.000000
249000,6,68002,0.800000,1.000000,0.665838,1.000000,0.000000,0,0.000000,229881.000000,1.000000,75093417989.000000,411237.000000
249000,7,68559,0.800000,1.000000,0.613305,1.000000,0.000000,0,0.000000,248982.000000,1.000000,75093417989.000000,411237.000000
249000,8,68425,0.800000,1.000000,0.669760,1.000000,0.000000,0,0.000000,248494.000000,1.000000,75093417989.000000,411237.000000
249000,9,68561,0.800000,1.000000,0.629644,1.000000,0.000000,0,0.000000,248986.000000,1.000000,75093417989.000000,411237.000000
249000,10,68499,0.800000,1.000000,0.719596,1.000000,0.000000,0,0.000000,248487.000000,1.000000,75093417989.000000,411237.000000
249000,11,68560,0.800000,1.000000,0.634517,1.000000,0.000000,0,0.000000,248990.000000,1.000000,75093417989.000000,411237.000000
249000,12,68560,0.800000,1.000000,0.685450,1.000000,0.000000,0,0.000000,248994.000000,1.000000,75093417989.000000,411237.000000
249000,13,68561,0.800000,1.000000,0.748313,1.000000,0.000000,1,201130.000000,249000.000000,1.000000,75093417989.000000,411237.000000
249000,14,68561,0.800000,1.000000,0.788416,1.000000,0.000000,0,0.000000,248997.000000,1.000000,75093417989.000000,411237.000000
249000,15,68550,0.800000,1.000000,0.598912,1.000000,0.000000,0,0.000000,248778.000000,1.000000,75093417989.000000,411237.000000
250000,0,68694,0.800000,1.000000,0.643514,1.000000,0.000000,0,0.000000,248845.000000,1.000000,75678919162.000000,275054.000000
250000,1,68836,0.800000,1.000000,0.633954,1.000000,0.000000,0,0.000000,249982.000000,1.000000,75678919162.000000,275054.000000
250000,2,68840,0.800000,1.000000,0.655437,1.000000,0.000000,1,199370.000000,250000.000000,1.000000,75678919162.000000,275054.000000
250000,3,68814,0.800000,1.000000,0.662340,1.000000,0.000000,0,0.000000,249867.000000,1.000000,75678919162.000000,275054.000000
250000,4,68840,0.800000,1.000000,0.664275,1.000000,0.000000,0,0.000000,249997.000000,1.000000,75678919162.000000,275054.000000
250000,5,68833,0.800000,1.000000,0.503075,1.000000,0.000000,0,0.000000,249949.000000,1.000000,75678919162.000000,275054.000000
250000,6,68368,0.800000,1.000000,0.483130,1.000000,0.000000,0,0.000000,229881.000000,1.000000,75678919162.000000,275054.000000
250000,7,68839,0.800000,1.000000,0.741206,1.000000,0.000000,0,0.000000,249995.000000,1.000000,75678919162.000000,275054.000000
250000,8,68515,0.800000,1.000000,0.645856,1.000000,0.000000,0,0.000000,248494.000000,1.000000,75678919162.000000,275054.000000
250000,9,68837,0.800000,1.000000,0.635151,1.000000,0.000000,0,0.000000,249972.000000,1.000000,75678919162.000000,275054.000000
250000,10,68785,0.800000,1.000000,0.571479,1.000000,0.000000,0,0.000000,249769.000000,1.000000,75678919162.000000,275054.000000
250000,11,68840,0.800000,1.000000,0.675173,1.000000,0.000000,0,0.000000,249998.000000,1.000000,75678919162.000000,275054.000000
250000,12,68840,0.800000,1.000000,0.696639,1.000000,0.000000,0,0.000000,249986.000000,1.000000,75678919162.000000,275054.000000
250000,13,68840,0.800000,1.000000,0.690717,1.000000,0.000000,0,0.000000,249999.000000,1.000000,75678919162.000000,275054.000000
250000,14,68835,0.800000,1.000000,0.639266,1.000000,0.000000,0,0.000000,249964.000000,1.000000,75678919162.000000,275054.000000
250000,15,68834,0.800000,1.000000,0.665196,1.000000,0.000000,0,0.000000,249938.000000,1.000000,75678919162.000000,275054.000000
251000,0,69008,0.800000,1.000000,0.730912,1.000000,0.000000,0,0.000000,248845.000000,1.000000,76268118082.000000,552926.000000
251000,1,69127,0.800000,1.000000,0.693645,1.000000,0.000000,0,0.000000,250999.000000,1.000000,76268118082.000000,552926.000000
251000,2,69127,0.800000,1.000000,0.739544,1.000000,0.000000,0,0.000000,250998.000000,1.000000,76268118082.000000,552926.000000
251000,3,69118,0.800000,1.000000,0.540290,1.000000,0.000000,0,0.000000,250942.000000,1.000000,76268118082.000000,552926.000000
251000,4,69124,0.800000,1.000000,0.570167,1.000000,0.000000,0,0.000000,250974.000000,1.000000,76268118082.000000,552926.000000
251000,5,69118,0.800000,1.000000,0.685545,1.000000,0.000000,0,0.000000,250745.000000,1.000000,76268118082.000000,552926.000000
251000,6,68734,0.800000,1.000000,0.686354,1.000000,0.000000,0,0.000000,229881.000000,1.000000,76268118082.000000,552926.000000
251000,7,69128,0.800000,1.000000,0.703256,1.000000,0.000000,1,204171.000000,251000.000000,1.000000,76268118082.000000,552926.000000
251000,8,68515,0.800000,1.000000,0.645856,1.000000,0.000000,0,0.000000,248494.000000,1.000000,76268118082.000000,552926.000000
251000,9,68950,0.800000,1.000000,0.498226,1.000000,0.000000,0,0.000000,250305.000000,1.000000,76268118082.000000,552926.000000
251000,10,69110,0.800000,1.000000,0.801338,1.000000,0.000000,0,0.000000,249769.000000,1.000000,76268118082.000000,552926.000000
251000,11,69124,0.800000,1.000000,0.643169,1.000000,0.000000,0,0.000000,250919.000000,1.000000,76268118082.000000,552926.000000
251000,12,69125,0.800000,1.000000,0.553105,1.000000,0.000000,0,0.000000,250981.000000,1.000000,76268118082.000000,552926.000000
251000,13,69127,0.800000,1.000000,0.614240,1.000000,0.000000,0,0.000000,250983.000000,1.000000,76268118082.000000,552926.000000
251000,14,69125,0.800000,1.000000,0.636397,1.000000,0.000000,0,0.000000,250986.000000,1.000000,76268118082.000000,552926.000000
251000,15,69104,0.800000,1.000000,0.582685,1.000000,0.000000,0,0.000000,250601.000000,1.000000,76268118082.000000,552926.000000
252000,0,69373,0.800000,1.000000,0.564983,1.000000,0.000000,0,0.000000,248845.000000,1.000000,76835235576.000000,830174.000000
252000,1,69391,0.800000,1.000000,0.634194,1.000000,0.000000,0,0.000000,251991.000000,1.000000,76835235576.000000,830174.000000
252000,2,69391,0.800000,1.000000,0.670044,1.000000,0.000000,0,0.000000,251998.000000,1.000000,76835235576.000000,830174.000000
252000,3,69392,0.800000,1.000000,0.729908,1.000000,0.000000,0,0.000000,251999.000000,1.000000,76835235576.000000,830174.000000
252000,4,69385,0.800000,1.000000,0.659804,1.000000,0.000000,0,0.000000,251975.000000,1.000000,76835235576.000000,830174.000000
252000,5,69392,0.800000,1.000000,0.687114,1.000000,0.000000,1,199655.000000,252000.000000,1.000000,76835235576.000000,830174.000000
252000,6,68999,0.800000,1.000000,0.652076,1.000000,0.000000,0,0.000000,229881.000000,1.000000,76835235576.000000,830174.000000
252000,7,69287,0.800000,1.000000,0.608387,1.000000,0.000000,0,0.000000,251595.000000,1.000000,76835235576.000000,830174.000000
252000,8,68601,0.800000,1.000000,0.445477,1.000000,0.000000,0,0.000000,248494.000000,1.000000,76835235576.000000,830174.000000
252000,9,69326,0.800000,1.000000,0.776879,1.000000,0.000000,0,0.000000,250305.000000,1.000000,76835235576.000000,830174.000000
252000,10,69392,0.800000,1.000000,0.657711,1.000000,0.000000,0,0.000000,251997.000000,1.000000,76835235576.000000,830174.000000
252000,11,69302,0.800000,1.000000,0.643665,1.000000,0.000000,0,0.000000,251601.000000,1.000000,76835235576.000000,830174.000000
252000,12,69392,0.800000,1.000000,0.588355,1.000000,0.000000,0,0.000000,251993.000000,1.000000,76835235576.000000,830174.000000
252000,13,69380,0.800000,1.000000,0.458206,1.000000,0.000000,0,0.000000,251915.000000,1.000000,76835235576.000000,830174.000000
252000,14,69392,0.800000,1.000000,0.603062,1.000000,0.000000,0,0.000000,251996.000000,1.000000,76835235576.000000,830174.000000
252000,15,69367,0.800000,1.000000,0.640318,1.000000,0.000000,0,0.000000,251790.000000,1.000000,76835235576.000000,830174.000000
253000,0,69668,0.800000,1.000000,0.568400,1.000000,0.000000,0,0.000000,252946.000000,1.000000,77502741663.000000,0.000000
253000,1,69650,0.800000,1.000000,0.627720,1.000000,0.000000,0,0.000000,252553.000000,1.000000,77502741663.000000,0.000000
253000,2,69672,0.800000,1.000000,0.769955,1.000000,0.000000,1,201566.000000,253000.000000,1.000000,77502741663.000000,0.000000
253000,3,69673,0.800000,1.000000,0.706748,1.000000,0.000000,0,0.000000,252998.000000,1.000000,77502741663.000000,0.000000
253000,4,69666,0.800000,1.000000,0.701452,1.000000,0.000000,0,0.000000,252981.000000,1.000000,77502741663.000000,0.000000
253000,5,69667,0.800000,1.000000,0.586633,1.000000,0.000000,0,0.000000,252974.000000,1.000000,77502741663.000000,0.000000
253000,6,69412,0.800000,1.000000,0.684362,1.000000,0.000000,0,0.000000,229881.000000,1.000000,77502741663.000000,0.000000
253000,7,69535,0.800000,1.000000,0.627829,1.000000,0.000000,0,0.000000,251595.000000,1.000000,77502741663.000000,0.000000
253000,8,68968,0.800000,1.000000,0.665956,1.000000,0.000000,0,0.000000,248494.000000,1.000000,77502741663.000000,0.000000
253000,9,69673,0.800000,1.000000,0.681224,1.000000,0.000000,0,0.000000,252996.000000,1.000000,77502741663.000000,0.000000
253000,10,69673,0.800000,1.000000,0.618260,1.000000,0.000000,0,0.000000,252999.000000,1.000000,77502741663.000000,0.000000
253000,11,69631,0.800000,1.000000,0.596789,1.000000,0.000000,0,0.000000,251601.000000,1.000000,77502741663.000000,0.000000
253000,12,69670,0.800000,1.000000,0.631150,1.000000,0.000000,0,0.000000,252984.000000,1.000000,77502741663.000000,0.000000
253000,13,69673,0.800000,1.000000,0.685753,1.000000,0.000000,0,0.000000,252992.000000,1.000000,77502741663.000000,0.000000
253000,14,69666,0.800000,1.000000,0.601422,1.000000,0.000000,0,0.000000,252745.000000,1.000000,77502741663.000000,0.000000
253000,15,69672,0.800000,1.000000,0.692343,1.000000,0.000000,0,0.000000,252991.000000,1.000000,77502741663.000000,0.000000
254000,0,69945,0.800000,1.000000,0.647597,1.000000,0.000000,0,0.000000,253996.000000,1.000000,78121603699.000000,699267.000000
254000,1,69945,0.800000,1.000000,0.663455,1.000000,0.000000,0,0.000000,253999.000000,1.000000,78121603699.000000,699267.000000
254000,2,69945,0.800000,1.000000,0.665312,1.000000,0.000000,1,202187.000000,254000.000000,1.000000,78121603699.000000,699267.000000
254000,3,69828,0.800000,1.000000,0.629663,1.000000,0.000000,0,0.000000,253320.000000,1.000000,78121603699.000000,699267.000000
254000,4,69942,0.800000,1.000000,0.575324,1.000000,0.000000,0,0.000000,253879.000000,1.000000,78121603699.000000,699267.000000
254000,5,69942,0.800000,1.000000,0.688929,1.000000,0.000000,0,0.000000,253979.000000,1.000000,78121603699.000000,699267.000000
254000,6,69795,0.800000,1.000000,0.631853,1.000000,0.000000,0,0.000000,229881.000000,1.000000,78121603699.000000,699267.000000
254000,7,69867,0.800000,1.000000,0.661485,1.000000,0.000000,0,0.000000,251595.000000,1.000000,78121603699.000000,699267.000000
254000,8,69313,0.800000,1.000000,0.557710,1.000000,0.000000,0,0.000000,248494.000000,1.000000,78121603699.000000,699267.000000
254000,9,69922,0.800000,1.000000,0.692920,1.000000,0.000000,0,0.000000,253924.000000,1.000000,78121603699.000000,699267.000000
254000,10,69943,0.800000,1.000000,0.616148,1.000000,0.000000,0,0.000000,253977.000000,1.000000,78121603699.000000,699267.000000
254000,11,69946,0.800000,1.000000,0.757620,1.000000,0.000000,0,0.000000,253995.000000,1.000000,78121603699.000000,699267.000000
254000,12,69946,0.800000,1.000000,0.722148,1.000000,0.000000,0,0.000000,253998.000000,1.000000,78121603699.000000,699267.000000
254000,13,69942,0.800000,1.000000,0.673854,1.000000,0.000000,0,0.000000,253186.000000,1.000000,78121603699.000000,699267.000000
254000,14,69944,0.800000,1.000000,0.610731,1.000000,0.000000,0,0.000000,253990.000000,1.000000,78121603699.000000,699267.000000
254000,15,69842,0.800000,1.000000,0.602333,1.000000,0.000000,0,0.000000,253627.000000,1.000000,78121603699.000000,699267.000000
255000,0,70202,0.800000,1.000000,0.672449,1.000000,0.000000,0,0.000000,254836.000000,1.000000,78765573004.000000,420199.000000
255000,1,70180,0.800000,1.000000,0.510850,1.000000,0.000000,0,0.000000,254779.000000,1.000000,78765573004.000000,420199.000000
255000,2,70222,0.800000,1.000000,0.680878,1.000000,0.000000,0,0.000000,254994.000000,1.000000,78765573004.000000,420199.000000
255000,3,70214,0.800000,1.000000,0.639242,1.000000,0.000000,0,0.000000,254955.000000,1.000000,78765573004.000000,420199.000000
255000,4,70222,0.800000,1.000000,0.660181,1.000000,0.000000,1,210252.000000,255000.000000,1.000000,78765573004.000000,420199.000000
255000,5,70221,0.800000,1.000000,0.608265,1.000000,0.000000,0,0.000000,254986.000000,1.000000,78765573004.000000,420199.000000
255000,6,70190,0.800000,1.000000,0.602750,1.000000,0.000000,0,0.000000,229881.000000,1.000000,78765573004.000000,420199.000000
255000,7,70222,0.800000,1.000000,0.663274,1.000000,0.000000,0,0.000000,254996.000000,1.000000,78765573004.000000,420199.000000
255000,8,69679,0.800000,1.000000,0.686295,1.000000,0.000000,0,0.000000,248494.000000,1.000000,78765573004.000000,420199.000000
255000,9,70221,0.800000,1.000000,0.684091,1.000000,0.000000,0,0.000000,254989.000000,1.000000,78765573004.000000,420199.000000
255000,10,70202,0.800000,1.000000,0.669296,1.000000,0.000000,0,0.000000,254200.000000,1.000000,78765573004.000000,420199.000000
255000,11,70222,0.800000,1.000000,0.717264,1.000000,0.000000,0,0.000000,254995.000000,1.000000,78765573004.000000,420199.000000
255000,12,70201,0.800000,1.000000,0.686903,1.000000,0.000000,0,0.000000,254919.000000,1.000000,78765573004.000000,420199.000000
255000,13,70222,0.800000,1.000000,0.670246,1.000000,0.000000,0,0.000000,254999.000000,1.000000,78765573004.000000,420199.000000
255000,14,70220,0.800000,1.000000,0.722899,1.000000,0.000000,0,0.000000,254323.000000,1.000000,78765573004.000000,420199.000000
255000,15,69966,0.800000,1.000000,0.575760,1.000000,0.000000,0,0.000000,253627.000000,1.000000,78765573004.000000,420199.000000
256000,0,70497,0.800000,1.000000,0.725652,1.000000,0.000000,0,0.000000,255846.000000,1.000000,79421161219.000000,141017.000000
256000,1,70506,0.800000,1.000000,0.640653,1.000000,0.000000,0,0.000000,255934.000000,1.000000,79421161219.000000,141017.000000
256000,2,70502,0.800000,1.000000,0.507321,1.000000,0.000000,0,0.000000,255975.000000,1.000000,79421161219.000000,141017.000000
256000,3,70491,0.800000,1.000000,0.660510,1.000000,0.000000,0,0.000000,255912.000000,1.000000,79421161219.000000,141017.000000
256000,4,70497,0.800000,1.000000,0.593321,1.000000,0.000000,0,0.000000,255863.000000,1.000000,79421161219.000000,141017.000000
256000,5,70507,0.800000,1.000000,0.739572,1.000000,0.000000,0,0.000000,255999.000000,1.000000,79421161219.000000,141017.000000
256000,6,70508,0.800000,1.000000,0.740435,1.000000,0.000000,1,214930.000000,256000.000000,1.000000,79421161219.000000,141017.000000
256000,7,70508,0.800000,1.000000,0.647774,1.000000,0.000000,0,0.000000,255998.000000,1.000000,79421161219.000000,141017.000000
256000,8,70100,0.800000,1.000000,0.565155,1.000000,0.000000,0,0.000000,248494.000000,1.000000,79421161219.000000,141017.000000
256000,9,70509,0.800000,1.000000,0.636210,1.000000,0.000000,0,0.000000,255993.000000,1.000000,79421161219.000000,141017.000000
256000,10,70497,0.800000,1.000000,0.686051,1.000000,0.000000,0,0.000000,255954.000000,1.000000,79421161219.000000,141017.000000
256000,11,70508,0.800000,1.000000,0.698888,1.000000,0.000000,0,0.000000,255997.000000,1.000000,79421161219.000000,141017.000000
256000,12,70508,0.800000,1.000000,0.658168,1.000000,0.000000,0,0.000000,255994.000000,1.000000,79421161219.000000,141017.000000
256000,13,70452,0.800000,1.000000,0.570444,1.000000,0.000000,0,0.000000,255805.000000,1.000000,79421161219.000000,141017.000000
256000,14,70434,0.800000,1.000000,0.593572,1.000000,0.000000,0,0.000000,255418.000000,1.000000,79421161219.000000,141017.000000
256000,15,70245,0.800000,1.000000,0.656348,1.000000,0.000000,0,0.000000,253627.000000,1.000000,79421161219.000000,141017.000000
257000,0,70773,0.800000,1.000000,0.575704,1.000000,0.000000,0,0.000000,256977.000000,1.000000,80050922684.000000,566110.000000
257000,1,70774,0.800000,1.000000,0.625114,1.000000,0.000000,0,0.000000,256990.000000,1.000000,80050922684.000000,566110.000000
257000,2,70739,0.800000,1.000000,0.598235,1.000000,0.000000,0,0.000000,255975.000000,1.000000,80050922684.000000,566110.000000
257000,3,70775,0.800000,1.000000,0.653789,1.000000,0.000000,0,0.000000,256988.000000,1.000000,80050922684.000000,566110.000000
257000,4,70766,0.800000,1.000000,0.683748,1.000000,0.000000,0,0.000000,256961.000000,1.000000,80050922684.000000,566110.000000
257000,5,70776,0.800000,1.000000,0.754652,1.000000,0.000000,1,203113.000000,257000.000000,1.000000,80050922684.000000,566110.000000
257000,6,70768,0.800000,1.000000,0.654185,1.000000,0.000000,0,0.000000,256978.000000,1.000000,80050922684.000000,566110.000000
257000,7,70744,0.800000,1.000000,0.664482,1.000000,0.000000,0,0.000000,256537.000000,1.000000,80050922684.000000,566110.000000
257000,8,70430,0.800000,1.000000,0.635292,1.000000,0.000000,0,0.000000,248494.000000,1.000000,80050922684.000000,566110.000000
257000,9,70777,0.800000,1.000000,0.643362,1.000000,0.000000,0,0.000000,256998.000000,1.000000,80050922684.000000,566110.000000
257000,10,70775,0.800000,1.000000,0.660582,1.000000,0.000000,0,0.000000,256995.000000,1.000000,80050922684.000000,566110.000000
257000,11,70701,0.800000,1.000000,0.685794,1.000000,0.000000,0,0.000000,256523.000000,1.000000,80050922684.000000,566110.000000
257000,12,70776,0.800000,1.000000,0.670179,1.000000,0.000000,0,0.000000,256999.000000,1.000000,80050922684.000000,566110.000000
257000,13,70759,0.800000,1.000000,0.583148,1.000000,0.000000,0,0.000000,255805.000000,1.000000,80050922684.000000,566110.000000
257000,14,70777,0.800000,1.000000,0.646008,1.000000,0.000000,0,0.000000,256986.000000,1.000000,80050922684.000000,566110.000000
257000,15,70620,0.800000,1.000000,0.767819,1.000000,0.000000,0,0.000000,253627.000000,1.000000,80050922684.000000,566110.000000
258000,0,71035,0.800000,1.000000,0.653127,1.000000,0.000000,1,212349.000000,258000.000000,1.000000,80661871067.000000,284136.000000
258000,1,71015,0.800000,1.000000,0.590479,1.000000,0.000000,0,0.000000,257715.000000,1.000000,80661871067.000000,284136.000000
258000,2,71033,0.800000,1.000000,0.533527,1.000000,0.000000,0,0.000000,257972.000000,1.000000,80661871067.000000,284136.000000
258000,3,71030,0.800000,1.000000,0.517755,1.000000,0.000000,0,0.000000,257957.000000,1.000000,80661871067.000000,284136.000000
258000,4,71035,0.800000,1.000000,0.634643,1.000000,0.000000,0,0.000000,257996.000000,1.000000,80661871067.000000,284136.000000
258000,5,70992,0.800000,1.000000,0.514002,1.000000,0.000000,0,0.000000,257275.000000,1.000000,80661871067.000000,284136.000000
258000,6,71035,0.800000,1.000000,0.594185,1.000000,0.000000,0,0.000000,257993.000000,1.000000,80661871067.000000,284136.000000
258000,7,71035,0.800000,1.000000,0.600430,1.000000,0.000000,0,0.000000,257989.000000,1.000000,80661871067.000000,284136.000000
258000,8,70809,0.800000,1.000000,0.645333,1.000000,0.000000,0,0.000000,248494.000000,1.000000,80661871067.000000,284136.000000
258000,9,71035,0.800000,1.000000,0.789804,1.000000,0.000000,0,0.000000,257999.000000,1.000000,80661871067.000000,284136.000000
258000,10,71025,0.800000,1.000000,0.632017,1.000000,0.000000,0,0.000000,257709.000000,1.000000,80661871067.000000,284136.000000
258000,11,70981,0.800000,1.000000,0.583552,1.000000,0.000000,0,0.000000,256523.000000,1.000000,80661871067.000000,284136.000000
258000,12,70962,0.800000,1.000000,0.615761,1.000000,0.000000,0,0.000000,257380.000000,1.000000,80661871067.000000,284136.000000
258000,13,71036,0.800000,1.000000,0.556499,1.000000,0.000000,0,0.000000,257995.000000,1.000000,80661871067.000000,284136.000000
258000,14,71004,0.800000,1.000000,0.518499,1.000000,0.000000,0,0.000000,257786.000000,1.000000,80661871067.000000,284136.000000
258000,15,70979,0.800000,1.000000,0.621646,1.000000,0.000000,0,0.000000,253627.000000,1.000000,80661871067.000000,284136.000000
259000,0,71229,0.800000,1.000000,0.600071,1.000000,0.000000,0,0.000000,258406.000000,1.000000,81270215257.000000,712889.000000
259000,1,71280,0.800000,1.000000,0.667952,1.000000,0.000000,0,0.000000,258908.000000,1.000000,81270215257.000000,712889.000000
259000,2,71231,0.800000,1.000000,0.537723,1.000000,0.000000,0,0.000000,258055.000000,1.000000,81270215257.000000,712889.000000
259000,3,71291,0.800000,1.000000,0.709704,1.000000,0.000000,0,0.000000,258982.000000,1.000000,81270215257.000000,712889.000000
259000,4,71293,0.800000,1.000000,0.715241,1.000000,0.000000,1,213234.000000,259000.000000,1.000000,81270215257.000000,712889.000000
259000,5,71293,0.800000,1.000000,0.729467,1.000000,0.000000,0,0.000000,258995.000000,1.000000,81270215257.000000,712889.000000
259000,6,71289,0.800000,1.000000,0.707227,1.000000,0.000000,0,0.000000,258798.000000,1.000000,81270215257.000000,712889.000000
259000,7,71293,0.800000,1.000000,0.589634,1.000000,0.000000,0,0.000000,258963.000000,1.000000,81270215257.000000,712889.000000
259000,8,71105,0.800000,1.000000,0.552153,1.000000,0.000000,0,0.000000,248494.000000,1.000000,81270215257.000000,712889.000000
259000,9,71294,0.800000,1.000000,0.707751,1.000000,0.000000,0,0.000000,258998.000000,1.000000,81270215257.000000,712889.000000
259000,10,71292,0.800000,1.000000,0.643840,1.000000,0.000000,0,0.000000,258989.000000,1.000000,81270215257.000000,712889.000000
259000,11,71294,0.800000,1.000000,0.738175,1.000000,0.000000,0,0.000000,258999.000000,1.000000,81270215257.000000,712889.000000
259000,12,71294,0.800000,1.000000,0.724781,1.000000,0.000000,0,0.000000,258893.000000,1.000000,81270215257.000000,712889.000000
259000,13,71294,0.800000,1.000000,0.712310,1.000000,0.000000,0,0.000000,258994.000000,1.000000,81270215257.000000,712889.000000
259000,14,71253,0.800000,1.000000,0.728991,1.000000,0.000000,0,0.000000,258549.000000,1.000000,81270215257.000000,712889.000000
259000,15,71292,0.800000,1.000000,0.607695,1.000000,0.000000,0,0.000000,258996.000000,1.000000,81270215257.000000,712889.000000
260000,0,71576,0.800000,1.000000,0.590203,1.000000,0.000000,0,0.000000,259970.000000,1.000000,81945938588.000000,858794.000000
260000,1,71562,0.800000,1.000000,0.661833,1.000000,0.000000,0,0.000000,259617.000000,1.000000,81945938588.000000,858794.000000
260000,2,71580,0.800000,1.000000,0.618885,1.000000,0.000000,0,0.000000,259999.000000,1.000000,81945938588.000000,858794.000000
260000,3,71580,0.800000,1.000000,0.696923,1.000000,0.000000,1,213701.000000,260000.000000,1.000000,81945938588.000000,858794.000000
260000,4,71581,0.800000,1.000000,0.683255,1.000000,0.000000,0,0.000000,259997.000000,1.000000,81945938588.000000,858794.000000
260000,5,71576,0.800000,1.000000,0.607503,1.000000,0.000000,0,0.000000,259968.000000,1.000000,81945938588.000000,858794.000000
260000,6,71580,0.800000,1.000000,0.585849,1.000000,0.000000,0,0.000000,259986.000000,1.000000,81945938588.000000,858794.000000
260000,7,71580,0.800000,1.000000,0.606495,1.000000,0.000000,0,0.000000,259959.000000,1.000000,81945938588.000000,858794.000000
260000,8,71508,0.800000,1.000000,0.659384,1.000000,0.000000,0,0.000000,248494.000000,1.000000,81945938588.000000,858794.000000
260000,9,71544,0.800000,1.000000,0.611548,1.000000,0.000000,0,0.000000,259829.000000,1.000000,81945938588.000000,858794.000000
260000,10,71546,0.800000,1.000000,0.738016,1.000000,0.000000,0,0.000000,259120.000000,1.000000,81945938588.000000,858794.000000
260000,11,71561,0.800000,1.000000,0.611027,1.000000,0.000000,0,0.000000,259927.000000,1.000000,81945938588.000000,858794.000000
260000,12,71581,0.800000,1.000000,0.624452,1.000000,0.000000,0,0.000000,259998.000000,1.000000,81945938588.000000,858794.000000
260000,13,71561,0.800000,1.000000,0.619178,1.000000,0.000000,0,0.000000,259837.000000,1.000000,81945938588.000000,858794.000000
260000,14,71576,0.800000,1.000000,0.619174,1.000000,0.000000,0,0.000000,259675.000000,1.000000,81945938588.000000,858794.000000
260000,15,71556,0.800000,1.000000,0.651186,1.000000,0.000000,0,0.000000,259887.000000,1.000000,81945938588.000000,858794.000000
261000,0,71865,0.800000,1.000000,0.673748,1.000000,0.000000,0,0.000000,260979.000000,1.000000,82611843621.000000,574904.000000
261000,1,71865,0.800000,1.000000,0.642772,1.000000,0.000000,0,0.000000,260998.000000,1.000000,82611843621.000000,574904.000000
261000,2,71865,0.800000,1.000000,0.640918,1.000000,0.000000,0,0.000000,260992.000000,1.000000,82611843621.000000,574904.000000
261000,3,71865,0.800000,1.000000,0.652179,1.000000,0.000000,1,214565.000000,261000.000000,1.000000,82611843621.000000,574904.000000
261000,4,71864,0.800000,1.000000,0.691148,1.000000,0.000000,0,0.000000,260993.000000,1.000000,82611843621.000000,574904.000000
261000,5,71862,0.800000,1.000000,0.646362,1.000000,0.000000,0,0.000000,260824.000000,1.000000,82611843621.000000,574904.000000
261000,6,71866,0.800000,1.000000,0.742748,1.000000,0.000000,0,0.000000,260999.000000,1.000000,82611843621.000000,574904.000000
261000,7,71852,0.800000,1.000000,0.693569,1.000000,0.000000,0,0.000000,260775.000000,1.000000,82611843621.000000,574904.000000
261000,8,71857,0.800000,1.000000,0.677349,1.000000,0.000000,0,0.000000,248494.000000,1.000000,82611843621.000000,574904.000000
261000,9,71861,0.800000,1.000000,0.464302,1.000000,0.000000,0,0.000000,260928.000000,1.000000,82611843621.000000,574904.000000
261000,10,71781,0.800000,1.000000,0.653067,1.000000,0.000000,0,0.000000,260490.000000,1.000000,82611843621.000000,574904.000000
261000,11,71860,0.800000,1.000000,0.522847,1.000000,0.000000,0,0.000000,260847.000000,1.000000,82611843621.000000,574904.000000
261000,12,71853,0.800000,1.000000,0.662765,1.000000,0.000000,0,0.000000,260950.000000,1.000000,82611843621.000000,574904.000000
261000,13,71861,0.800000,1.000000,0.634364,1.000000,0.000000,0,0.000000,260943.000000,1.000000,82611843621.000000,574904.000000
261000,14,71866,0.800000,1.000000,0.603279,1.000000,0.000000,0,0.000000,260996.000000,1.000000,82611843621.000000,574904.000000
261000,15,71848,0.800000,1.000000,0.695131,1.000000,0.000000,0,0.000000,260951.000000,1.000000,82611843621.000000,574904.000000
262000,0,72097,0.800000,1.000000,0.538809,1.000000,0.000000,0,0.000000,261384.000000,1.000000,83267603543.000000,721543.000000
262000,1,72142,0.800000,1.000000,0.605239,1.000000,0.000000,0,0.000000,261954.000000,1.000000,83267603543.000000,721543.000000
262000,2,72146,0.800000,1.000000,0.589002,1.000000,0.000000,0,0.000000,261895.000000,1.000000,83267603543.000000,721543.000000
262000,3,72117,0.800000,1.000000,0.650860,1.000000,0.000000,0,0.000000,261852.000000,1.000000,83267603543.000000,721543.000000
262000,4,72152,0.800000,1.000000,0.527698,1.000000,0.000000,0,0.000000,261976.000000,1.000000,83267603543.000000,721543.000000
262000,5,72155,0.800000,1.000000,0.701970,1.000000,0.000000,0,0.000000,261999.000000,1.000000,83267603543.000000,721543.000000
262000,6,72155,0.800000,1.000000,0.669583,1.000000,0.000000,1,219482.000000,262000.000000,1.000000,83267603543.000000,721543.000000
262000,7,72155,0.800000,1.000000,0.617987,1.000000,0.000000,0,0.000000,261998.000000,1.000000,83267603543.000000,721543.000000
262000,8,72155,0.800000,1.000000,0.592726,1.000000,0.000000,0,0.000000,261995.000000,1.000000,83267603543.000000,721543.000000
262000,9,72124,0.800000,1.000000,0.681374,1.000000,0.000000,0,0.000000,261887.000000,1.000000,83267603543.000000,721543.000000
262000,10,72078,0.800000,1.000000,0.677994,1.000000,0.000000,0,0.000000,260490.000000,1.000000,83267603543.000000,721543.000000
262000,11,72150,0.800000,1.000000,0.464528,1.000000,0.000000,0,0.000000,261945.000000,1.000000,83267603543.000000,721543.000000
262000,12,72152,0.800000,1.000000,0.685611,1.000000,0.000000,0,0.000000,261992.000000,1.000000,83267603543.000000,721543.000000
262000,13,72156,0.800000,1.000000,0.666491,1.000000,0.000000,0,0.000000,261989.000000,1.000000,83267603543.000000,721543.000000
262000,14,72156,0.800000,1.000000,0.680188,1.000000,0.000000,0,0.000000,261994.000000,1.000000,83267603543.000000,721543.000000
262000,15,72155,0.800000,1.000000,0.573587,1.000000,0.000000,0,0.000000,261997.000000,1.000000,83267603543.000000,721543.000000
263000,0,72449,0.800000,1.000000,0.618066,1.000000,0.000000,0,0.000000,261384.000000,1.000000,83966220427.000000,869342.000000
263000,1,72451,0.800000,1.000000,0.581839,1.000000,0.000000,0,0.000000,262959.000000,1.000000,83966220427.000000,869342.000000
263000,2,72449,0.800000,1.000000,0.679924,1.000000,0.000000,0,0.000000,262659.000000,1.000000,83966220427.000000,869342.000000
263000,3,72425,0.800000,1.000000,0.554042,1.000000,0.000000,0,0.000000,261852.000000,1.000000,83966220427.000000,869342.000000
263000,4,72448,0.800000,1.000000,0.536672,1.000000,0.000000,0,0.000000,262974.000000,1.000000,83966220427.000000,869342.000000
263000,5,72451,0.800000,1.000000,0.577681,1.000000,0.000000,0,0.000000,262988.000000,1.000000,83966220427.000000,869342.000000
263000,6,72451,0.800000,1.000000,0.749361,1.000000,0.000000,0,0.000000,262999.000000,1.000000,83966220427.000000,869342.000000
263000,7,72450,0.800000,1.000000,0.570934,1.000000,0.000000,0,0.000000,262977.000000,1.000000,83966220427.000000,869342.000000
263000,8,72429,0.800000,1.000000,0.479334,1.000000,0.000000,0,0.000000,262588.000000,1.000000,83966220427.000000,869342.000000
263000,9,72451,0.800000,1.000000,0.709760,1.000000,0.000000,0,0.000000,262997.000000,1.000000,83966220427.000000,869342.000000
263000,10,72451,0.800000,1.000000,0.622233,1.000000,0.000000,1,213729.000000,263000.000000,1.000000,83966220427.000000,869342.000000
263000,11,72442,0.800000,1.000000,0.550958,1.000000,0.000000,0,0.000000,262834.000000,1.000000,83966220427.000000,869342.000000
263000,12,72423,0.800000,1.000000,0.575193,1.000000,0.000000,0,0.000000,262288.000000,1.000000,83966220427.000000,869342.000000
263000,13,72451,0.800000,1.000000,0.727774,1.000000,0.000000,0,0.000000,262998.000000,1.000000,83966220427.000000,869342.000000
263000,14,72440,0.800000,1.000000,0.518612,1.000000,0.000000,0,0.000000,262906.000000,1.000000,83966220427.000000,869342.000000
263000,15,72416,0.800000,1.000000,0.603050,1.000000,0.000000,0,0.000000,262844.000000,1.000000,83966220427.000000,869342.000000
264000,0,72738,0.800000,1.000000,0.597492,1.000000,0.000000,0,0.000000,263995.000000,1.000000,84603491395.000000,436415.000000
264000,1,72738,0.800000,1.000000,0.536573,1.000000,0.000000,0,0.000000,263965.000000,1.000000,84603491395.000000,436415.000000
264000,2,72731,0.800000,1.000000,0.550620,1.000000,0.000000,0,0.000000,263867.000000,1.000000,84603491395.000000,436415.000000
264000,3,72738,0.800000,1.000000,0.634627,1.000000,0.000000,0,0.000000,263998.000000,1.000000,84603491395.000000,436415.000000
264000,4,72738,0.800000,1.000000,0.661821,1.000000,0.000000,0,0.000000,263994.000000,1.000000,84603491395.000000,436415.000000
264000,5,72736,0.800000,1.000000,0.551430,1.000000,0.000000,0,0.000000,263969.000000,1.000000,84603491395.000000,436415.000000
264000,6,72676,0.800000,1.000000,0.672796,1.000000,0.000000,0,0.000000,263517.000000,1.000000,84603491395.000000,436415.000000
264000,7,72638,0.800000,1.000000,0.661893,1.000000,0.000000,0,0.000000,263630.000000,1.000000,84603491395.000000,436415.000000
264000,8,72736,0.800000,1.000000,0.706009,1.000000,0.000000,0,0.000000,263872.000000,1.000000,84603491395.000000,436415.000000
264000,9,72734,0.800000,1.000000,0.642492,1.000000,0.000000,0,0.000000,263982.000000,1.000000,84603491395.000000,436415.000000
264000,10,72737,0.800000,1.000000,0.635154,1.000000,0.000000,0,0.000000,263990.000000,1.000000,84603491395.000000,436415.000000
264000,11,72728,0.800000,1.000000,0.551889,1.000000,0.000000,0,0.000000,263836.000000,1.000000,84603491395.000000,436415.000000
264000,12,72728,0.800000,1.000000,0.702346,1.000000,0.000000,0,0.000000,263927.000000,1.000000,84603491395.000000,436415.000000
264000,13,72730,0.800000,1.000000,0.666134,1.000000,0.000000,0,0.000000,263743.000000,1.000000,84603491395.000000,436415.000000
264000,14,72738,0.800000,1.000000,0.706661,1.000000,0.000000,1,211886.000000,264000.000000,1.000000,84603491395.000000,436415.000000
264000,15,72603,0.800000,1.000000,0.651730,1.000000,0.000000,0,0.000000,262844.000000,1.000000,84603491395.000000,436415.000000
265000,0,73026,0.800000,1.000000,0.671592,1.000000,0.000000,0,0.000000,264999.000000,1.000000,85292918556.000000,438025.000000
265000,1,72961,0.800000,1.000000,0.691109,1.000000,0.000000,0,0.000000,264654.000000,1.000000,85292918556.000000,438025.000000
265000,2,73026,0.800000,1.000000,0.636319,1.000000,0.000000,0,0.000000,264996.000000,1.000000,85292918556.000000,438025.000000
265000,3,73018,0.800000,1.000000,0.596393,1.000000,0.000000,0,0.000000,264490.000000,1.000000,85292918556.000000,438025.000000
265000,4,73027,0.800000,1.000000,0.586258,1.000000,0.000000,0,0.000000,264991.000000,1.000000,85292918556.000000,438025.000000
265000,5,73026,0.800000,1.000000,0.596535,1.000000,0.000000,0,0.000000,263969.000000,1.000000,85292918556.000000,438025.000000
265000,6,73026,0.800000,1.000000,0.572778,1.000000,0.000000,0,0.000000,264988.000000,1.000000,85292918556.000000,438025.000000
265000,7,72992,0.800000,1.000000,0.657533,1.000000,0.000000,0,0.000000,263630.000000,1.000000,85292918556.000000,438025.000000
265000,8,73027,0.800000,1.000000,0.695902,1.000000,0.000000,1,221613.000000,265000.000000,1.000000,85292918556.000000,438025.000000
265000,9,73003,0.800000,1.000000,0.678432,1.000000,0.000000,0,0.000000,264840.000000,1.000000,85292918556.000000,438025.000000
265000,10,73013,0.800000,1.000000,0.575572,1.000000,0.000000,0,0.000000,264844.000000,1.000000,85292918556.000000,438025.000000
265000,11,73021,0.800000,1.000000,0.718484,1.000000,0.000000,0,0.000000,264971.000000,1.000000,85292918556.000000,438025.000000
265000,12,73027,0.800000,1.000000,0.654426,1.000000,0.000000,0,0.000000,264998.000000,1.000000,85292918556.000000,438025.000000
265000,13,73025,0.800000,1.000000,0.688099,1.000000,0.000000,0,0.000000,264934.000000,1.000000,85292918556.000000,438025.000000
265000,14,73024,0.800000,1.000000,0.555964,1.000000,0.000000,0,0.000000,264984.000000,1.000000,85292918556.000000,438025.000000
265000,15,72956,0.800000,1.000000,0.660997,1.000000,0.000000,0,0.000000,262844.000000,1.000000,85292918556.000000,438025.000000
266000,0,73273,0.800000,1.000000,0.639344,1.000000,0.000000,0,0.000000,265317.000000,1.000000,85926375534.000000,1026065.000000
266000,1,73287,0.800000,1.000000,0.592584,1.000000,0.000000,0,0.000000,265934.000000,1.000000,85926375534.000000,1026065.000000
266000,2,73224,0.800000,1.000000,0.701419,1.000000,0.000000,0,0.000000,265339.000000,1.000000,85926375534.000000,1026065.000000
266000,3,73294,0.800000,1.000000,0.762439,1.000000,0.000000,1,218643.000000,266000.000000,1.000000,85926375534.000000,1026065.000000
266000,4,73295,0.800000,1.000000,0.708166,1.000000,0.000000,0,0.000000,265998.000000,1.000000,85926375534.000000,1026065.000000
266000,5,73295,0.800000,1.000000,0.588895,1.000000,0.000000,0,0.000000,265988.000000,1.000000,85926375534.000000,1026065.000000
266000,6,73252,0.800000,1.000000,0.640669,1.000000,0.000000,0,0.000000,265175.000000,1.000000,85926375534.000000,1026065.000000
266000,7,73291,0.800000,1.000000,0.613959,1.000000,0.000000,0,0.000000,265952.000000,1.000000,85926375534.000000,1026065.000000
266000,8,73295,0.800000,1.000000,0.661285,1.000000,0.000000,0,0.000000,265999.000000,1.000000,85926375534.000000,1026065.000000
266000,9,73265,0.800000,1.000000,0.648085,1.000000,0.000000,0,0.000000,265853.000000,1.000000,85926375534.000000,1026065.000000
266000,10,73290,0.800000,1.000000,0.629885,1.000000,0.000000,0,0.000000,265972.000000,1.000000,85926375534.000000,1026065.000000
266000,11,73295,0.800000,1.000000,0.648728,1.000000,0.000000,0,0.000000,265996.000000,1.000000,85926375534.000000,1026065.000000
266000,12,73295,0.800000,1.000000,0.603603,1.000000,0.000000,0,0.000000,265990.000000,1.000000,85926375534.000000,1026065.000000
266000,13,73292,0.800000,1.000000,0.577856,1.000000,0.000000,0,0.000000,265949.000000,1.000000,85926375534.000000,1026065.000000
266000,14,73295,0.800000,1.000000,0.583879,1.000000,0.000000,0,0.000000,265939.000000,1.000000,85926375534.000000,1026065.000000
266000,15,73290,0.800000,1.000000,0.549460,1.000000,0.000000,0,0.000000,265876.000000,1.000000,85926375534.000000,1026065.000000
267000,0,73503,0.800000,1.000000,0.676382,1.000000,0.000000,0,0.000000,265317.000000,1.000000,86501494941.000000,294260.000000
267000,1,73567,0.800000,1.000000,0.700628,1.000000,0.000000,0,0.000000,266997.000000,1.000000,86501494941.000000,294260.000000
267000,2,73558,0.800000,1.000000,0.566417,1.000000,0.000000,0,0.000000,266931.000000,1.000000,86501494941.000000,294260.000000
267000,3,73564,0.800000,1.000000,0.610029,1.000000,0.000000,0,0.000000,266985.000000,1.000000,86501494941.000000,294260.000000
267000,4,73504,0.800000,1.000000,0.649787,1.000000,0.000000,0,0.000000,266723.000000,1.000000,86501494941.000000,294260.000000
267000,5,73533,0.800000,1.000000,0.512656,1.000000,0.000000,0,0.000000,266750.000000,1.000000,86501494941.000000,294260.000000
267000,6,73550,0.800000,1.000000,0.565833,1.000000,0.000000,0,0.000000,266627.000000,1.000000,86501494941.000000,294260.000000
267000,7,73567,0.800000,1.000000,0.742463,1.000000,0.000000,0,0.000000,266998.000000,1.000000,86501494941.000000,294260.000000
267000,8,73555,0.800000,1.000000,0.638786,1.000000,0.000000,0,0.000000,266887.000000,1.000000,86501494941.000000,294260.000000
267000,9,73567,0.800000,1.000000,0.666391,1.000000,0.000000,1,216223.000000,267000.000000,1.000000,86501494941.000000,294260.000000
267000,10,73562,0.800000,1.000000,0.624913,1.000000,0.000000,0,0.000000,266969.000000,1.000000,86501494941.000000,294260.000000
267000,11,73564,0.800000,1.000000,0.600691,1.000000,0.000000,0,0.000000,266977.000000,1.000000,86501494941.000000,294260.000000
267000,12,73559,0.800000,1.000000,0.665414,1.000000,0.000000,0,0.000000,266924.000000,1.000000,86501494941.000000,294260.000000
267000,13,73353,0.800000,1.000000,0.601735,1.000000,0.000000,0,0.000000,266196.000000,1.000000,86501494941.000000,294260.000000
267000,14,73563,0.800000,1.000000,0.754778,1.000000,0.000000,0,0.000000,266982.000000,1.000000,86501494941.000000,294260.000000
267000,15,73376,0.800000,1.000000,0.750254,1.000000,0.000000,0,0.000000,266270.000000,1.000000,86501494941.000000,294260.000000
268000,0,73841,0.800000,1.000000,0.711544,1.000000,0.000000,0,0.000000,267936.000000,1.000000,87181314005.000000,295364.000000
268000,1,73842,0.800000,1.000000,0.656050,1.000000,0.000000,0,0.000000,267999.000000,1.000000,87181314005.000000,295364.000000
268000,2,73841,0.800000,1.000000,0.705469,1.000000,0.000000,0,0.000000,267994.000000,1.000000,87181314005.000000,295364.000000
268000,3,73840,0.800000,1.000000,0.591581,1.000000,0.000000,0,0.000000,267978.000000,1.000000,87181314005.000000,295364.000000
268000,4,73806,0.800000,1.000000,0.681802,1.000000,0.000000,0,0.000000,266723.000000,1.000000,87181314005.000000,295364.000000
268000,5,73842,0.800000,1.000000,0.632676,1.000000,0.000000,0,0.000000,267997.000000,1.000000,87181314005.000000,295364.000000
268000,6,73841,0.800000,1.000000,0.571894,1.000000,0.000000,0,0.000000,267990.000000,1.000000,87181314005.000000,295364.000000
268000,7,73842,0.800000,1.000000,0.707671,1.000000,0.000000,1,218514.000000,268000.000000,1.000000,87181314005.000000,295364.000000
268000,8,73836,0.800000,1.000000,0.574013,1.000000,0.000000,0,0.000000,267962.000000,1.000000,87181314005.000000,295364.000000
268000,9,73833,0.800000,1.000000,0.718653,1.000000,0.000000,0,0.000000,267969.000000,1.000000,87181314005.000000,295364.000000
268000,10,73843,0.800000,1.000000,0.748635,1.000000,0.000000,0,0.000000,267998.000000,1.000000,87181314005.000000,295364.000000
268000,11,73842,0.800000,1.000000,0.687602,1.000000,0.000000,0,0.000000,267974.000000,1.000000,87181314005.000000,295364.000000
268000,12,73813,0.800000,1.000000,0.794466,1.000000,0.000000,0,0.000000,267797.000000,1.000000,87181314005.000000,295364.000000
268000,13,73697,0.800000,1.000000,0.653552,1.000000,0.000000,0,0.000000,266196.000000,1.000000,87181314005.000000,295364.000000
268000,14,73827,0.800000,1.000000,0.680949,1.000000,0.000000,0,0.000000,267770.000000,1.000000,87181314005.000000,295364.000000
268000,15,73673,0.800000,1.000000,0.742033,1.000000,0.000000,0,0.000000,266270.000000,1.000000,87181314005.000000,295364.000000
269000,0,74119,0.800000,1.000000,0.496869,1.000000,0.000000,0,0.000000,268975.000000,1.000000,87822633143.000000,296450.000000
269000,1,74122,0.800000,1.000000,0.656716,1.000000,0.000000,0,0.000000,268988.000000,1.000000,87822633143.000000,296450.000000
269000,2,74120,0.800000,1.000000,0.677035,1.000000,0.000000,0,0.000000,268965.000000,1.000000,87822633143.000000,296450.000000
269000,3,74126,0.800000,1.000000,0.630459,1.000000,0.000000,0,0.000000,268998.000000,1.000000,87822633143.000000,296450.000000
269000,4,74111,0.800000,1.000000,0.534464,1.000000,0.000000,0,0.000000,268789.000000,1.000000,87822633143.000000,296450.000000
269000,5,74097,0.800000,1.000000,0.538817,1.000000,0.000000,0,0.000000,268842.000000,1.000000,87822633143.000000,296450.000000
269000,6,74079,0.800000,1.000000,0.628986,1.000000,0.000000,0,0.000000,268233.000000,1.000000,87822633143.000000,296450.000000
269000,7,74126,0.800000,1.000000,0.723218,1.000000,0.000000,0,0.000000,268999.000000,1.000000,87822633143.000000,296450.000000
269000,8,74122,0.800000,1.000000,0.483181,1.000000,0.000000,0,0.000000,268961.000000,1.000000,87822633143.000000,296450.000000
269000,9,74064,0.800000,1.000000,0.519514,1.000000,0.000000,0,0.000000,268765.000000,1.000000,87822633143.000000,296450.000000
269000,10,74063,0.800000,1.000000,0.609393,1.000000,0.000000,0,0.000000,268641.000000,1.000000,87822633143.000000,296450.000000
269000,11,74110,0.800000,1.000000,0.714628,1.000000,0.000000,0,0.000000,268932.000000,1.000000,87822633143.000000,296450.000000
269000,12,74126,0.800000,1.000000,0.733417,1.000000,0.000000,1,214515.000000,269000.000000,1.000000,87822633143.000000,296450.000000
269000,13,74100,0.800000,1.000000,0.646159,1.000000,0.000000,0,0.000000,266196.000000,1.000000,87822633143.000000,296450.000000
269000,14,74005,0.800000,1.000000,0.598508,1.000000,0.000000,0,0.000000,267770.000000,1.000000,87822633143.000000,296450.000000
269000,15,73905,0.800000,1.000000,0.632238,1.000000,0.000000,0,0.000000,266270.000000,1.000000,87822633143.000000,296450.000000
270000,0,74400,0.800000,1.000000,0.674939,1.000000,0.000000,1,222657.000000,270000.000000,1.000000,88508950216.000000,892664.000000
270000,1,74399,0.800000,1.000000,0.616382,1.000000,0.000000,0,0.000000,269994.000000,1.000000,88508950216.000000,892664.000000
270000,2,74395,0.800000,1.000000,0.677959,1.000000,0.000000,0,0.000000,269914.000000,1.000000,88508950216.000000,892664.000000
270000,3,74382,0.800000,1.000000,0.686677,1.000000,0.000000,0,0.000000,269833.000000,1.000000,88508950216.000000,892664.000000
270000,4,74374,0.800000,1.000000,0.630495,1.000000,0.000000,0,0.000000,269784.000000,1.000000,88508950216.000000,892664.000000
270000,5,74400,0.800000,1.000000,0.659591,1.000000,0.000000,0,0.000000,269998.000000,1.000000,88508950216.000000,892664.000000
270000,6,74395,0.800000,1.000000,0.666058,1.000000,0.000000,0,0.000000,269978.000000,1.000000,88508950216.000000,892664.000000
270000,7,74400,0.800000,1.000000,0.620091,1.000000,0.000000,0,0.000000,269999.000000,1.000000,88508950216.000000,892664.000000
270000,8,74389,0.800000,1.000000,0.687673,1.000000,0.000000,0,0.000000,269882.000000,1.000000,88508950216.000000,892664.000000
270000,9,74377,0.800000,1.000000,0.512043,1.000000,0.000000,0,0.000000,269659.000000,1.000000,88508950216.000000,892664.000000
270000,10,74338,0.800000,1.000000,0.719151,1.000000,0.000000,0,0.000000,268641.000000,1.000000,88508950216.000000,892664.000000
270000,11,74388,0.800000,1.000000,0.629617,1.000000,0.000000,0,0.000000,269790.000000,1.000000,88508950216.000000,892664.000000
270000,12,74401,0.800000,1.000000,0.660474,1.000000,0.000000,0,0.000000,269992.000000,1.000000,88508950216.000000,892664.000000
270000,13,74391,0.800000,1.000000,0.660639,1.000000,0.000000,0,0.000000,269949.000000,1.000000,88508950216.000000,892664.000000
270000,14,74338,0.800000,1.000000,0.679149,1.000000,0.000000,0,0.000000,267770.000000,1.000000,88508950216.000000,892664.000000
270000,15,74251,0.800000,1.000000,0.598845,1.000000,0.000000,0,0.000000,266270.000000,1.000000,88508950216.000000,892664.000000
271000,0,74689,0.800000,1.000000,0.733408,1.000000,0.000000,0,0.000000,270972.000000,1.000000,89237529924.000000,597520.000000
271000,1,74695,0.800000,1.000000,0.601040,1.000000,0.000000,1,221439.000000,271000.000000,1.000000,89237529924.000000,597520.000000
271000,2,74685,0.800000,1.000000,0.661359,1.000000,0.000000,0,0.000000,270899.000000,1.000000,89237529924.000000,597520.000000
271000,3,74695,0.800000,1.000000,0.703800,1.000000,0.000000,0,0.000000,270948.000000,1.000000,89237529924.000000,597520.000000
271000,4,74687,0.800000,1.000000,0.644386,1.000000,0.000000,0,0.000000,270679.000000,1.000000,89237529924.000000,597520.000000
271000,5,74695,0.800000,1.000000,0.595643,1.000000,0.000000,0,0.000000,270998.000000,1.000000,89237529924.000000,597520.000000
271000,6,74651,0.800000,1.000000,0.623501,1.000000,0.000000,0,0.000000,270827.000000,1.000000,89237529924.000000,597520.000000
271000,7,74695,0.800000,1.000000,0.702484,1.000000,0.000000,0,0.000000,270999.000000,1.000000,89237529924.000000,597520.000000
271000,8,74693,0.800000,1.000000,0.652360,1.000000,0.000000,0,0.000000,270982.000000,1.000000,89237529924.000000,597520.000000
271000,9,74696,0.800000,1.000000,0.685954,1.000000,0.000000,0,0.000000,270997.000000,1.000000,89237529924.000000,597520.000000
271000,10,74684,0.800000,1.000000,0.652626,1.000000,0.000000,0,0.000000,268641.000000,1.000000,89237529924.000000,597520.000000
271000,11,74696,0.800000,1.000000,0.713196,1.000000,0.000000,0,0.000000,270930.000000,1.000000,89237529924.000000,597520.000000
271000,12,74671,0.800000,1.000000,0.602366,1.000000,0.000000,0,0.000000,270759.000000,1.000000,89237529924.000000,597520.000000
271000,13,74671,0.800000,1.000000,0.474613,1.000000,0.000000,0,0.000000,270771.000000,1.000000,89237529924.000000,597520.000000
271000,14,74695,0.800000,1.000000,0.695431,1.000000,0.000000,0,0.000000,270992.000000,1.000000,89237529924.000000,597520.000000
271000,15,74608,0.800000,1.000000,0.703703,1.000000,0.000000,0,0.000000,266270.000000,1.000000,89237529924.000000,597520.000000
272000,0,74960,0.800000,1.000000,0.712571,1.000000,0.000000,0,0.000000,271983.000000,1.000000,89854429151.000000,149725.000000
272000,1,74927,0.800000,1.000000,0.565427,1.000000,0.000000,0,0.000000,271851.000000,1.000000,89854429151.000000,149725.000000
272000,2,74864,0.800000,1.000000,0.677232,1.000000,0.000000,0,0.000000,270899.000000,1.000000,89854429151.000000,149725.000000
272000,3,74938,0.800000,1.000000,0.538455,1.000000,0.000000,0,0.000000,271859.000000,1.000000,89854429151.000000,149725.000000
272000,4,74961,0.800000,1.000000,0.674509,1.000000,0.000000,0,0.000000,271995.000000,1.000000,89854429151.000000,149725.000000
272000,5,74961,0.800000,1.000000,0.698226,1.000000,0.000000,0,0.000000,271990.000000,1.000000,89854429151.000000,149725.000000
272000,6,74940,0.800000,1.000000,0.595224,1.000000,0.000000,0,0.000000,270827.000000,1.000000,89854429151.000000,149725.000000
272000,7,74959,0.800000,1.000000,0.704669,1.000000,0.000000,0,0.000000,271947.000000,1.000000,89854429151.000000,149725.000000
272000,8,74962,0.800000,1.000000,0.672509,1.000000,0.000000,1,225827.000000,272000.000000,1.000000,89854429151.000000,149725.000000
272000,9,74960,0.800000,1.000000,0.529644,1.000000,0.000000,0,0.000000,271981.000000,1.000000,89854429151.000000,149725.000000
272000,10,74946,0.800000,1.000000,0.641600,1.000000,0.000000,0,0.000000,271627.000000,1.000000,89854429151.000000,149725.000000
272000,11,74963,0.800000,1.000000,0.702919,1.000000,0.000000,0,0.000000,271998.000000,1.000000,89854429151.000000,149725.000000
272000,12,74959,0.800000,1.000000,0.629635,1.000000,0.000000,0,0.000000,271963.000000,1.000000,89854429151.000000,149725.000000
272000,13,74839,0.800000,1.000000,0.634423,1.000000,0.000000,0,0.000000,270771.000000,1.000000,89854429151.000000,149725.000000
272000,14,74928,0.800000,1.000000,0.673016,1.000000,0.000000,0,0.000000,271113.000000,1.000000,89854429151.000000,149725.000000
272000,15,74962,0.800000,1.000000,0.603008,1.000000,0.000000,0,0.000000,271992.000000,1.000000,89854429151.000000,149725.000000
273000,0,75241,0.800000,1.000000,0.694577,1.000000,0.000000,0,0.000000,272995.000000,1.000000,90558570988.000000,752359.000000
273000,1,75219,0.800000,1.000000,0.642894,1.000000,0.000000,0,0.000000,271851.000000,1.000000,90558570988.000000,752359.000000
273000,2,75243,0.800000,1.000000,0.677704,1.000000,0.000000,0,0.000000,272998.000000,1.000000,90558570988.000000,752359.000000
273000,3,75215,0.800000,1.000000,0.602662,1.000000,0.000000,0,0.000000,272806.000000,1.000000,90558570988.000000,752359.000000
273000,4,75238,0.800000,1.000000,0.580282,1.000000,0.000000,0,0.000000,272952.000000,1.000000,90558570988.000000,752359.000000
273000,5,75230,0.800000,1.000000,0.658648,1.000000,0.000000,0,0.000000,272906.000000,1.000000,90558570988.000000,752359.000000
273000,6,75240,0.800000,1.000000,0.458891,1.000000,0.000000,0,0.000000,272946.000000,1.000000,90558570988.000000,752359.000000
273000,7,75242,0.800000,1.000000,0.625992,1.000000,0.000000,0,0.000000,272999.000000,1.000000,90558570988.000000,752359.000000
273000,8,75242,0.800000,1.000000,0.550456,1.000000,0.000000,0,0.000000,272994.000000,1.000000,90558570988.000000,752359.000000
273000,9,75243,0.800000,1.000000,0.673177,1.000000,0.000000,1,221004.000000,273000.000000,1.000000,90558570988.000000,752359.000000
273000,10,75241,0.800000,1.000000,0.660407,1.000000,0.000000,0,0.000000,272990.000000,1.000000,90558570988.000000,752359.000000
273000,11,75243,0.800000,1.000000,0.541238,1.000000,0.000000,0,0.000000,272997.000000,1.000000,90558570988.000000,752359.000000
273000,12,75242,0.800000,1.000000,0.594767,1.000000,0.000000,0,0.000000,272969.000000,1.000000,90558570988.000000,752359.000000
273000,13,75158,0.800000,1.000000,0.703930,1.000000,0.000000,0,0.000000,270771.000000,1.000000,90558570988.000000,752359.000000
273000,14,75238,0.800000,1.000000,0.681963,1.000000,0.000000,0,0.000000,272892.000000,1.000000,90558570988.000000,752359.000000
273000,15,75243,0.800000,1.000000,0.610255,1.000000,0.000000,0,0.000000,272610.000000,1.000000,90558570988.000000,752359.000000
274000,0,75546,0.800000,1.000000,0.661383,1.000000,0.000000,0,0.000000,273999.000000,1.000000,91248049071.000000,604262.000000
274000,1,75545,0.800000,1.000000,0.679167,1.000000,0.000000,0,0.000000,273997.000000,1.000000,91248049071.000000,604262.000000
274000,2,75546,0.800000,1.000000,0.655796,1.000000,0.000000,0,0.000000,273998.000000,1.000000,91248049071.000000,604262.000000
274000,3,75534,0.800000,1.000000,0.616949,1.000000,0.000000,0,0.000000,273779.000000,1.000000,91248049071.000000,604262.000000
274000,4,75546,0.800000,1.000000,0.628878,1.000000,0.000000,0,0.000000,273988.000000,1.000000,91248049071.000000,604262.000000
274000,5,75546,0.800000,1.000000,0.588150,1.000000,0.000000,0,0.000000,273990.000000,1.000000,91248049071.000000,604262.000000
274000,6,75543,0.800000,1.000000,0.683635,1.000000,0.000000,0,0.000000,273373.000000,1.000000,91248049071.000000,604262.000000
274000,7,75512,0.800000,1.000000,0.658244,1.000000,0.000000,0,0.000000,273466.000000,1.000000,91248049071.000000,604262.000000
274000,8,75533,0.800000,1.000000,0.684090,1.000000,0.000000,0,0.000000,273940.000000,1.000000,91248049071.000000,604262.000000
274000,9,75541,0.800000,1.000000,0.647904,1.000000,0.000000,0,0.000000,273800.000000,1.000000,91248049071.000000,604262.000000
274000,10,75544,0.800000,1.000000,0.673982,1.000000,0.000000,0,0.000000,273873.000000,1.000000,91248049071.000000,604262.000000
274000,11,75547,0.800000,1.000000,0.535182,1.000000,0.000000,1,220673.000000,274000.000000,1.000000,91248049071.000000,604262.000000
274000,12,75536,0.800000,1.000000,0.728647,1.000000,0.000000,0,0.000000,273895.000000,1.000000,91248049071.000000,604262.000000
274000,13,75210,0.800000,1.000000,0.726442,1.000000,0.000000,0,0.000000,270771.000000,1.000000,91248049071.000000,604262.000000
274000,14,75541,0.800000,1.000000,0.728463,1.000000,0.000000,0,0.000000,273974.000000,1.000000,91248049071.000000,604262.000000
274000,15,75521,0.800000,1.000000,0.600942,1.000000,0.000000,0,0.000000,273908.000000,1.000000,91248049071.000000,604262.000000
275000,0,75800,0.800000,1.000000,0.640845,1.000000,0.000000,0,0.000000,274804.000000,1.000000,91940148077.000000,758221.000000
275000,1,75828,0.800000,1.000000,0.725926,1.000000,0.000000,0,0.000000,274996.000000,1.000000,91940148077.000000,758221.000000
275000,2,75828,0.800000,1.000000,0.575909,1.000000,0.000000,1,219772.000000,275000.000000,1.000000,91940148077.000000,758221.000000
275000,3,75809,0.800000,1.000000,0.639413,1.000000,0.000000,0,0.000000,274760.000000,1.000000,91940148077.000000,758221.000000
275000,4,75829,0.800000,1.000000,0.660408,1.000000,0.000000,0,0.000000,274969.000000,1.000000,91940148077.000000,758221.000000
275000,5,75824,0.800000,1.000000,0.663830,1.000000,0.000000,0,0.000000,274984.000000,1.000000,91940148077.000000,758221.000000
275000,6,75826,0.800000,1.000000,0.670355,1.000000,0.000000,0,0.000000,274988.000000,1.000000,91940148077.000000,758221.000000
275000,7,75828,0.800000,1.000000,0.609753,1.000000,0.000000,0,0.000000,274999.000000,1.000000,91940148077.000000,758221.000000
275000,8,75829,0.800000,1.000000,0.678493,1.000000,0.000000,0,0.000000,274998.000000,1.000000,91940148077.000000,758221.000000
275000,9,75817,0.800000,1.000000,0.624469,1.000000,0.000000,0,0.000000,274659.000000,1.000000,91940148077.000000,758221.000000
275000,10,75809,0.800000,1.000000,0.571546,1.000000,0.000000,0,0.000000,274882.000000,1.000000,91940148077.000000,758221.000000
275000,11,75767,0.800000,1.000000,0.720396,1.000000,0.000000,0,0.000000,274752.000000,1.000000,91940148077.000000,758221.000000
275000,12,75825,0.800000,1.000000,0.745024,1.000000,0.000000,0,0.000000,274328.000000,1.000000,91940148077.000000,758221.000000
275000,13,75588,0.800000,1.000000,0.697141,1.000000,0.000000,0,0.000000,270771.000000,1.000000,91940148077.000000,758221.000000
275000,14,75829,0.800000,1.000000,0.640044,1.000000,0.000000,0,0.000000,274985.000000,1.000000,91940148077.000000,758221.000000
275000,15,75829,0.800000,1.000000,0.589575,1.000000,0.000000,0,0.000000,274997.000000,1.000000,91940148077.000000,758221.000000
276000,0,76094,0.800000,1.000000,0.640810,1.000000,0.000000,0,0.000000,275991.000000,1.000000,92544094846.000000,912268.000000
276000,1,76086,0.800000,1.000000,0.720557,1.000000,0.000000,0,0.000000,275942.000000,1.000000,92544094846.000000,912268.000000
276000,2,76095,0.800000,1.000000,0.534618,1.000000,0.000000,0,0.000000,275995.000000,1.000000,92544094846.000000,912268.000000
276000,3,76058,0.800000,1.000000,0.656287,1.000000,0.000000,0,0.000000,275715.000000,1.000000,92544094846.000000,912268.000000
276000,4,76077,0.800000,1.000000,0.514375,1.000000,0.000000,0,0.000000,275928.000000,1.000000,92544094846.000000,912268.000000
276000,5,76051,0.800000,1.000000,0.727618,1.000000,0.000000,0,0.000000,275815.000000,1.000000,92544094846.000000,912268.000000
276000,6,76093,0.800000,1.000000,0.664667,1.000000,0.000000,0,0.000000,275961.000000,1.000000,92544094846.000000,912268.000000
276000,7,76095,0.800000,1.000000,0.605493,1.000000,0.000000,0,0.000000,275996.000000,1.000000,92544094846.000000,912268.000000
276000,8,76021,0.800000,1.000000,0.731183,1.000000,0.000000,0,0.000000,275049.000000,1.000000,92544094846.000000,912268.000000
276000,9,76095,0.800000,1.000000,0.614637,1.000000,0.000000,1,223404.000000,276000.000000,1.000000,92544094846.000000,912268.000000
276000,10,75980,0.800000,1.000000,0.640883,1.000000,0.000000,0,0.000000,274882.000000,1.000000,92544094846.000000,912268.000000
276000,11,75977,0.800000,1.000000,0.638355,1.000000,0.000000,0,0.000000,274752.000000,1.000000,92544094846.000000,912268.000000
276000,12,76096,0.800000,1.000000,0.655034,1.000000,0.000000,0,0.000000,275999.000000,1.000000,92544094846.000000,912268.000000
276000,13,75853,0.800000,1.000000,0.688770,1.000000,0.000000,0,0.000000,270771.000000,1.000000,92544094846.000000,912268.000000
276000,14,76076,0.800000,1.000000,0.594387,1.000000,0.000000,0,0.000000,275911.000000,1.000000,92544094846.000000,912268.000000
276000,15,76095,0.800000,1.000000,0.521592,1.000000,0.000000,0,0.000000,275998.000000,1.000000,92544094846.000000,912268.000000
277000,0,76347,0.800000,1.000000,0.544523,1.000000,0.000000,0,0.000000,276720.000000,1.000000,93254532172.000000,916368.000000
277000,1,76365,0.800000,1.000000,0.548221,1.000000,0.000000,0,0.000000,276890.000000,1.000000,93254532172.000000,916368.000000
277000,2,76367,0.800000,1.000000,0.657106,1.000000,0.000000,0,0.000000,276953.000000,1.000000,93254532172.000000,916368.000000
277000,3,76369,0.800000,1.000000,0.676419,1.000000,0.000000,0,0.000000,276991.000000,1.000000,93254532172.000000,916368.000000
277000,4,76371,0.800000,1.000000,0.744539,1.000000,0.000000,0,0.000000,276998.000000,1.000000,93254532172.000000,916368.000000
277000,5,76369,0.800000,1.000000,0.652164,1.000000,0.000000,0,0.000000,276983.000000,1.000000,93254532172.000000,916368.000000
277000,6,76359,0.800000,1.000000,0.575221,1.000000,0.000000,0,0.000000,276534.000000,1.000000,93254532172.000000,916368.000000
277000,7,76371,0.800000,1.000000,0.656483,1.000000,0.000000,1,224460.000000,277000.000000,1.000000,93254532172.000000,916368.000000
277000,8,76372,0.800000,1.000000,0.800989,1.000000,0.000000,0,0.000000,276999.000000,1.000000,93254532172.000000,916368.000000
277000,9,76372,0.800000,1.000000,0.644683,1.000000,0.000000,0,0.000000,276987.000000,1.000000,93254532172.000000,916368.000000
277000,10,76302,0.800000,1.000000,0.675259,1.000000,0.000000,0,0.000000,274882.000000,1.000000,93254532172.000000,916368.000000
277000,11,76365,0.800000,1.000000,0.678281,1.000000,0.000000,0,0.000000,274752.000000,1.000000,93254532172.000000,916368.000000
277000,12,76371,0.800000,1.000000,0.626475,1.000000,0.000000,0,0.000000,276978.000000,1.000000,93254532172.000000,916368.000000
277000,13,76221,0.800000,1.000000,0.665358,1.000000,0.000000,0,0.000000,270771.000000,1.000000,93254532172.000000,916368.000000
277000,14,76262,0.800000,1.000000,0.717799,1.000000,0.000000,0,0.000000,275911.000000,1.000000,93254532172.000000,916368.000000
277000,15,76321,0.800000,1.000000,0.542468,1.000000,0.000000,0,0.000000,276833.000000,1.000000,93254532172.000000,916368.000000
278000,0,76637,0.800000,1.000000,0.623730,1.000000,0.000000,0,0.000000,277374.000000,1.000000,93957895234.000000,612852.000000
278000,1,76637,0.800000,1.000000,0.689740,1.000000,0.000000,0,0.000000,277935.000000,1.000000,93957895234.000000,612852.000000
278000,2,76645,0.800000,1.000000,0.645632,1.000000,0.000000,1,222047.000000,278000.000000,1.000000,93957895234.000000,612852.000000
278000,3,76645,0.800000,1.000000,0.618573,1.000000,0.000000,0,0.000000,277995.000000,1.000000,93957895234.000000,612852.000000
278000,4,76611,0.800000,1.000000,0.568837,1.000000,0.000000,0,0.000000,277856.000000,1.000000,93957895234.000000,612852.000000
278000,5,76632,0.800000,1.000000,0.592920,1.000000,0.000000,0,0.000000,277918.000000,1.000000,93957895234.000000,612852.000000
278000,6,76644,0.800000,1.000000,0.591254,1.000000,0.000000,0,0.000000,277986.000000,1.000000,93957895234.000000,612852.000000
278000,7,76644,0.800000,1.000000,0.673840,1.000000,0.000000,0,0.000000,277978.000000,1.000000,93957895234.000000,612852.000000
278000,8,76643,0.800000,1.000000,0.696540,1.000000,0.000000,0,0.000000,277990.000000,1.000000,93957895234.000000,612852.000000
278000,9,76645,0.800000,1.000000,0.652099,1.000000,0.000000,0,0.000000,277999.000000,1.000000,93957895234.000000,612852.000000
278000,10,76639,0.800000,1.000000,0.630933,1.000000,0.000000,0,0.000000,274882.000000,1.000000,93957895234.000000,612852.000000
278000,11,76645,0.800000,1.000000,0.649676,1.000000,0.000000,0,0.000000,277996.000000,1.000000,93957895234.000000,612852.000000
278000,12,76626,0.800000,1.000000,0.642078,1.000000,0.000000,0,0.000000,277892.000000,1.000000,93957895234.000000,612852.000000
278000,13,76526,0.800000,1.000000,0.564400,1.000000,0.000000,0,0.000000,270771.000000,1.000000,93957895234.000000,612852.000000
278000,14,76639,0.800000,1.000000,0.684387,1.000000,0.000000,0,0.000000,275911.000000,1.000000,93957895234.000000,612852.000000
278000,15,76644,0.800000,1.000000,0.504809,1.000000,0.000000,0,0.000000,277556.000000,1.000000,93957895234.000000,612852.000000
279000,0,76921,0.800000,1.000000,0.605830,1.000000,0.000000,0,0.000000,278853.000000,1.000000,94661009213.000000,615452.000000
279000,1,76937,0.800000,1.000000,0.675317,1.000000,0.000000,1,228011.000000,279000.000000,1.000000,94661009213.000000,615452.000000
279000,2,76916,0.800000,1.000000,0.727905,1.000000,0.000000,0,0.000000,278885.000000,1.000000,94661009213.000000,615452.000000
279000,3,76920,0.800000,1.000000,0.550636,1.000000,0.000000,0,0.000000,278875.000000,1.000000,94661009213.000000,615452.000000
279000,4,76935,0.800000,1.000000,0.545931,1.000000,0.000000,0,0.000000,278991.000000,1.000000,94661009213.000000,615452.000000
279000,5,76936,0.800000,1.000000,0.601558,1.000000,0.000000,0,0.000000,278923.000000,1.000000,94661009213.000000,615452.000000
279000,6,76938,0.800000,1.000000,0.639373,1.000000,0.000000,0,0.000000,278998.000000,1.000000,94661009213.000000,615452.000000
279000,7,76933,0.800000,1.000000,0.749497,1.000000,0.000000,0,0.000000,278943.000000,1.000000,94661009213.000000,615452.000000
279000,8,76768,0.800000,1.000000,0.627897,1.000000,0.000000,0,0.000000,278435.000000,1.000000,94661009213.000000,615452.000000
279000,9,76937,0.800000,1.000000,0.518271,1.000000,0.000000,0,0.000000,278988.000000,1.000000,94661009213.000000,615452.000000
279000,10,76919,0.800000,1.000000,0.564534,1.000000,0.000000,0,0.000000,278693.000000,1.000000,94661009213.000000,615452.000000
279000,11,76938,0.800000,1.000000,0.748793,1.000000,0.000000,0,0.000000,278999.000000,1.000000,94661009213.000000,615452.000000
279000,12,76938,0.800000,1.000000,0.498277,1.000000,0.000000,0,0.000000,278946.000000,1.000000,94661009213.000000,615452.000000
279000,13,76889,0.800000,1.000000,0.645148,1.000000,0.000000,0,0.000000,270771.000000,1.000000,94661009213.000000,615452.000000
279000,14,76919,0.800000,1.000000,0.618841,1.000000,0.000000,0,0.000000,278501.000000,1.000000,94661009213.000000,615452.000000
279000,15,76937,0.800000,1.000000,0.593927,1.000000,0.000000,0,0.000000,278996.000000,1.000000,94661009213.000000,615452.000000
280000,0,77214,0.800000,1.000000,0.628581,1.000000,0.000000,0,0.000000,279986.000000,1.000000,95359456259.000000,463281.000000
280000,1,77208,0.800000,1.000000,0.710763,1.000000,0.000000,0,0.000000,279402.000000,1.000000,95359456259.000000,463281.000000
280000,2,77208,0.800000,1.000000,0.706309,1.000000,0.000000,0,0.000000,279969.000000,1.000000,95359456259.000000,463281.000000
280000,3,77171,0.800000,1.000000,0.683967,1.000000,0.000000,0,0.000000,279518.000000,1.000000,95359456259.000000,463281.000000
280000,4,77211,0.800000,1.000000,0.566462,1.000000,0.000000,0,0.000000,279971.000000,1.000000,95359456259.000000,463281.000000
280000,5,77201,0.800000,1.000000,0.618254,1.000000,0.000000,0,0.000000,279664.000000,1.000000,95359456259.000000,463281.000000
280000,6,77212,0.800000,1.000000,0.537798,1.000000,0.000000,0,0.000000,279946.000000,1.000000,95359456259.000000,463281.000000
280000,7,77175,0.800000,1.000000,0.812332,1.000000,0.000000,0,0.000000,279090.000000,1.000000,95359456259.000000,463281.000000
280000,8,77124,0.800000,1.000000,0.597062,1.000000,0.000000,0,0.000000,278435.000000,1.000000,95359456259.000000,463281.000000
280000,9,77204,0.800000,1.000000,0.698166,1.000000,0.000000,0,0.000000,279950.000000,1.000000,95359456259.000000,463281.000000
280000,10,77214,0.800000,1.000000,0.642203,1.000000,0.000000,0,0.000000,279999.000000,1.000000,95359456259.000000,463281.000000
280000,11,77214,0.800000,1.000000,0.642932,1.000000,0.000000,0,0.000000,279995.000000,1.000000,95359456259.000000,463281.000000
280000,12,77215,0.800000,1.000000,0.668362,1.000000,0.000000,0,0.000000,279997.000000,1.000000,95359456259.000000,463281.000000
280000,13,77215,0.800000,1.000000,0.596237,1.000000,0.000000,0,0.000000,279992.000000,1.000000,95359456259.000000,463281.000000
280000,14,77212,0.800000,1.000000,0.630404,1.000000,0.000000,0,0.000000,279978.000000,1.000000,95359456259.000000,463281.000000
280000,15,77215,0.800000,1.000000,0.649286,1.000000,0.000000,1,229700.000000,280000.000000,1.000000,95359456259.000000,463281.000000
281000,0,77477,0.800000,1.000000,0.663746,1.000000,0.000000,0,0.000000,280736.000000,1.000000,96003493049.000000,619418.000000
281000,1,77488,0.800000,1.000000,0.602929,1.000000,0.000000,0,0.000000,280989.000000,1.000000,96003493049.000000,619418.000000
281000,2,77475,0.800000,1.000000,0.562014,1.000000,0.000000,0,0.000000,280606.000000,1.000000,96003493049.000000,619418.000000
281000,3,77489,0.800000,1.000000,0.685207,1.000000,0.000000,1,230474.000000,281000.000000,1.000000,96003493049.000000,619418.000000
281000,4,77490,0.800000,1.000000,0.528293,1.000000,0.000000,0,0.000000,280956.000000,1.000000,96003493049.000000,619418.000000
281000,5,77452,0.800000,1.000000,0.719472,1.000000,0.000000,0,0.000000,280835.000000,1.000000,96003493049.000000,619418.000000
281000,6,77490,0.800000,1.000000,0.705576,1.000000,0.000000,0,0.000000,280996.000000,1.000000,96003493049.000000,619418.000000
281000,7,77490,0.800000,1.000000,0.590245,1.000000,0.000000,0,0.000000,280971.000000,1.000000,96003493049.000000,619418.000000
281000,8,77470,0.800000,1.000000,0.713945,1.000000,0.000000,0,0.000000,278435.000000,1.000000,96003493049.000000,619418.000000
281000,9,77488,0.800000,1.000000,0.654775,1.000000,0.000000,0,0.000000,280951.000000,1.000000,96003493049.000000,619418.000000
281000,10,77423,0.800000,1.000000,0.698001,1.000000,0.000000,0,0.000000,280288.000000,1.000000,96003493049.000000,619418.000000
281000,11,77490,0.800000,1.000000,0.642985,1.000000,0.000000,0,0.000000,280999.000000,1.000000,96003493049.000000,619418.000000
281000,12,77460,0.800000,1.000000,0.629168,1.000000,0.000000,0,0.000000,280834.000000,1.000000,96003493049.000000,619418.000000
281000,13,77323,0.800000,1.000000,0.694790,1.000000,0.000000,0,0.000000,280322.000000,1.000000,96003493049.000000,619418.000000
281000,14,77490,0.800000,1.000000,0.691296,1.000000,0.000000,0,0.000000,280990.000000,1.000000,96003493049.000000,619418.000000
281000,15,77382,0.800000,1.000000,0.581721,1.000000,0.000000,0,0.000000,280565.000000,1.000000,96003493049.000000,619418.000000
282000,0,77750,0.800000,1.000000,0.526956,1.000000,0.000000,0,0.000000,281970.000000,1.000000,96588856867.000000,621912.000000
282000,1,77730,0.800000,1.000000,0.602299,1.000000,0.000000,0,0.000000,281644.000000,1.000000,96588856867.000000,621912.000000
282000,2,77750,0.800000,1.000000,0.647959,1.000000,0.000000,0,0.000000,281979.000000,1.000000,96588856867.000000,621912.000000
282000,3,77750,0.800000,1.000000,0.642548,1.000000,0.000000,0,0.000000,281997.000000,1.000000,96588856867.000000,621912.000000
282000,4,77748,0.800000,1.000000,0.528993,1.000000,0.000000,0,0.000000,281976.000000,1.000000,96588856867.000000,621912.000000
282000,5,77582,0.800000,1.000000,0.635152,1.000000,0.000000,0,0.000000,280835.000000,1.000000,96588856867.000000,621912.000000
282000,6,77701,0.800000,1.000000,0.646242,1.000000,0.000000,0,0.000000,281418.000000,1.000000,96588856867.000000,621912.000000
282000,7,77637,0.800000,1.000000,0.635756,1.000000,0.000000,0,0.000000,281552.000000,1.000000,96588856867.000000,621912.000000
282000,8,77751,0.800000,1.000000,0.641742,1.000000,0.000000,0,0.000000,281998.000000,1.000000,96588856867.000000,621912.000000
282000,9,77721,0.800000,1.000000,0.697596,1.000000,0.000000,0,0.000000,281779.000000,1.000000,96588856867.000000,621912.000000
282000,10,77751,0.800000,1.000000,0.691250,1.000000,0.000000,0,0.000000,281999.000000,1.000000,96588856867.000000,621912.000000
282000,11,77726,0.800000,1.000000,0.706075,1.000000,0.000000,0,0.000000,281024.000000,1.000000,96588856867.000000,621912.000000
282000,12,77751,0.800000,1.000000,0.628266,1.000000,0.000000,0,0.000000,281994.000000,1.000000,96588856867.000000,621912.000000
282000,13,77668,0.800000,1.000000,0.720573,1.000000,0.000000,0,0.000000,280322.000000,1.000000,96588856867.000000,621912.000000
282000,14,77751,0.800000,1.000000,0.656708,1.000000,0.000000,1,226964.000000,282000.000000,1.000000,96588856867.000000,621912.000000
282000,15,77382,0.800000,1.000000,0.581721,1.000000,0.000000,0,0.000000,280565.000000,1.000000,96588856867.000000,621912.000000
283000,0,78011,0.800000,1.000000,0.622086,1.000000,0.000000,0,0.000000,282988.000000,1.000000,97269517226.000000,623584.000000
283000,1,78011,0.800000,1.000000,0.687284,1.000000,0.000000,0,0.000000,282997.000000,1.000000,97269517226.000000,623584.000000
283000,2,78008,0.800000,1.000000,0.693838,1.000000,0.000000,0,0.000000,282989.000000,1.000000,97269517226.000000,623584.000000
283000,3,78008,0.800000,1.000000,0.625901,1.000000,0.000000,0,0.000000,282986.000000,1.000000,97269517226.000000,623584.000000
283000,4,78011,0.800000,1.000000,0.549941,1.000000,0.000000,0,0.000000,282995.000000,1.000000,97269517226.000000,623584.000000
283000,5,77895,0.800000,1.000000,0.704329,1.000000,0.000000,0,0.000000,280835.000000,1.000000,97269517226.000000,623584.000000
283000,6,77935,0.800000,1.000000,0.509124,1.000000,0.000000,0,0.000000,281418.000000,1.000000,97269517226.000000,623584.000000
283000,7,77909,0.800000,1.000000,0.628300,1.000000,0.000000,0,0.000000,281552.000000,1.000000,97269517226.000000,623584.000000
283000,8,78011,0.800000,1.000000,0.637257,1.000000,0.000000,0,0.000000,282990.000000,1.000000,97269517226.000000,623584.000000
283000,9,78011,0.800000,1.000000,0.556838,1.000000,0.000000,1,228325.000000,283000.000000,1.000000,97269517226.000000,623584.000000
283000,10,78001,0.800000,1.000000,0.573834,1.000000,0.000000,0,0.000000,282742.000000,1.000000,97269517226.000000,623584.000000
283000,11,78012,0.800000,1.000000,0.675406,1.000000,0.000000,0,0.000000,282998.000000,1.000000,97269517226.000000,623584.000000
283000,12,78012,0.800000,1.000000,0.782815,1.000000,0.000000,0,0.000000,282999.000000,1.000000,97269517226.000000,623584.000000
283000,13,77964,0.800000,1.000000,0.765712,1.000000,0.000000,0,0.000000,282809.000000,1.000000,97269517226.000000,623584.000000
283000,14,77964,0.800000,1.000000,0.579534,1.000000,0.000000,0,0.000000,282811.000000,1.000000,97269517226.000000,623584.000000
283000,15,77759,0.800000,1.000000,0.629787,1.000000,0.000000,0,0.000000,280565.000000,1.000000,97269517226.000000,623584.000000
284000,0,78265,0.800000,1.000000,0.637070,1.000000,0.000000,0,0.000000,283990.000000,1.000000,97845898364.000000,1095615.000000
284000,1,78247,0.800000,1.000000,0.646444,1.000000,0.000000,0,0.000000,283927.000000,1.000000,97845898364.000000,1095615.000000
284000,2,78263,0.800000,1.000000,0.618827,1.000000,0.000000,0,0.000000,283991.000000,1.000000,97845898364.000000,1095615.000000
284000,3,78257,0.800000,1.000000,0.722730,1.000000,0.000000,0,0.000000,283880.000000,1.000000,97845898364.000000,1095615.000000
284000,4,78242,0.800000,1.000000,0.663974,1.000000,0.000000,0,0.000000,283513.000000,1.000000,97845898364.000000,1095615.000000
284000,5,77959,0.800000,1.000000,0.567737,1.000000,0.000000,0,0.000000,280835.000000,1.000000,97845898364.000000,1095615.000000
284000,6,78265,0.800000,1.000000,0.560903,1.000000,0.000000,0,0.000000,283999.000000,1.000000,97845898364.000000,1095615.000000
284000,7,78261,0.800000,1.000000,0.555105,1.000000,0.000000,0,0.000000,283863.000000,1.000000,97845898364.000000,1095615.000000
284000,8,78265,0.800000,1.000000,0.641306,1.000000,0.000000,0,0.000000,283994.000000,1.000000,97845898364.000000,1095615.000000
284000,9,78265,0.800000,1.000000,0.692151,1.000000,0.000000,0,0.000000,283996.000000,1.000000,97845898364.000000,1095615.000000
284000,10,78156,0.800000,1.000000,0.715915,1.000000,0.000000,0,0.000000,283196.000000,1.000000,97845898364.000000,1095615.000000
284000,11,78265,0.800000,1.000000,0.642040,1.000000,0.000000,1,228780.000000,284000.000000,1.000000,97845898364.000000,1095615.000000
284000,12,78259,0.800000,1.000000,0.610995,1.000000,0.000000,0,0.000000,283823.000000,1.000000,97845898364.000000,1095615.000000
284000,13,77964,0.800000,1.000000,0.765712,1.000000,0.000000,0,0.000000,282809.000000,1.000000,97845898364.000000,1095615.000000
284000,14,78237,0.800000,1.000000,0.606634,1.000000,0.000000,0,0.000000,282811.000000,1.000000,97845898364.000000,1095615.000000
284000,15,78042,0.800000,1.000000,0.493774,1.000000,0.000000,0,0.000000,280565.000000,1.000000,97845898364.000000,1095615.000000
285000,0,78521,0.800000,1.000000,0.679321,1.000000,0.000000,0,0.000000,284956.000000,1.000000,98546988255.000000,470661.000000
285000,1,78530,0.800000,1.000000,0.711900,1.000000,0.000000,0,0.000000,284994.000000,1.000000,98546988255.000000,470661.000000
285000,2,78514,0.800000,1.000000,0.665264,1.000000,0.000000,0,0.000000,284908.000000,1.000000,98546988255.000000,470661.000000
285000,3,78521,0.800000,1.000000,0.593882,1.000000,0.000000,0,0.000000,284284.000000,1.000000,98546988255.000000,470661.000000
285000,4,78531,0.800000,1.000000,0.639948,1.000000,0.000000,0,0.000000,284998.000000,1.000000,98546988255.000000,470661.000000
285000,5,78281,0.800000,1.000000,0.578778,1.000000,0.000000,0,0.000000,280835.000000,1.000000,98546988255.000000,470661.000000
285000,6,78531,0.800000,1.000000,0.724295,1.000000,0.000000,1,237827.000000,285000.000000,1.000000,98546988255.000000,470661.000000
285000,7,78529,0.800000,1.000000,0.653502,1.000000,0.000000,0,0.000000,284987.000000,1.000000,98546988255.000000,470661.000000
285000,8,78532,0.800000,1.000000,0.742965,1.000000,0.000000,0,0.000000,284999.000000,1.000000,98546988255.000000,470661.000000
285000,9,78464,0.800000,1.000000,0.655112,1.000000,0.000000,0,0.000000,284562.000000,1.000000,98546988255.000000,470661.000000
285000,10,78532,0.800000,1.000000,0.600482,1.000000,0.000000,0,0.000000,283196.000000,1.000000,98546988255.000000,470661.000000
285000,11,78530,0.800000,1.000000,0.667335,1.000000,0.000000,0,0.000000,284960.000000,1.000000,98546988255.000000,470661.000000
285000,12,78522,0.800000,1.000000,0.663071,1.000000,0.000000,0,0.000000,284820.000000,1.000000,98546988255.000000,470661.000000
285000,13,78296,0.800000,1.000000,0.647201,1.000000,0.000000,0,0.000000,282809.000000,1.000000,98546988255.000000,470661.000000
285000,14,78525,0.800000,1.000000,0.558622,1.000000,0.000000,0,0.000000,284852.000000,1.000000,98546988255.000000,470661.000000
285000,15,78328,0.800000,1.000000,0.680911,1.000000,0.000000,0,0.000000,280565.000000,1.000000,98546988255.000000,470661.000000
286000,0,78785,0.800000,1.000000,0.559388,1.000000,0.000000,0,0.000000,285581.000000,1.000000,99207606207.000000,1102251.000000
286000,1,78640,0.800000,1.000000,0.662525,1.000000,0.000000,0,0.000000,285111.000000,1.000000,99207606207.000000,1102251.000000
286000,2,78798,0.800000,1.000000,0.778319,1.000000,0.000000,0,0.000000,285873.000000,1.000000,99207606207.000000,1102251.000000
286000,3,78800,0.800000,1.000000,0.729892,1.000000,0.000000,0,0.000000,285996.000000,1.000000,99207606207.000000,1102251.000000
286000,4,78800,0.800000,1.000000,0.684558,1.000000,0.000000,0,0.000000,285998.000000,1.000000,99207606207.000000,1102251.000000
286000,5,78618,0.800000,1.000000,0.637833,1.000000,0.000000,0,0.000000,280835.000000,1.000000,99207606207.000000,1102251.000000
286000,6,78792,0.800000,1.000000,0.585523,1.000000,0.000000,0,0.000000,285945.000000,1.000000,99207606207.000000,1102251.000000
286000,7,78800,0.800000,1.000000,0.678115,1.000000,0.000000,0,0.000000,285999.000000,1.000000,99207606207.000000,1102251.000000
286000,8,78766,0.800000,1.000000,0.687889,1.000000,0.000000,0,0.000000,285858.000000,1.000000,99207606207.000000,1102251.000000
286000,9,78800,0.800000,1.000000,0.609353,1.000000,0.000000,0,0.000000,285982.000000,1.000000,99207606207.000000,1102251.000000
286000,10,78771,0.800000,1.000000,0.566306,1.000000,0.000000,0,0.000000,285842.000000,1.000000,99207606207.000000,1102251.000000
286000,11,78702,0.800000,1.000000,0.727374,1.000000,0.000000,0,0.000000,285292.000000,1.000000,99207606207.000000,1102251.000000
286000,12,78800,0.800000,1.000000,0.637634,1.000000,0.000000,1,227981.000000,286000.000000,1.000000,99207606207.000000,1102251.000000
286000,13,78586,0.800000,1.000000,0.547447,1.000000,0.000000,0,0.000000,282809.000000,1.000000,99207606207.000000,1102251.000000
286000,14,78783,0.800000,1.000000,0.611489,1.000000,0.000000,0,0.000000,285864.000000,1.000000,99207606207.000000,1102251.000000
286000,15,78648,0.800000,1.000000,0.668952,1.000000,0.000000,0,0.000000,280565.000000,1.000000,99207606207.000000,1102251.000000
287000,0,79028,0.800000,1.000000,0.714855,1.000000,0.000000,0,0.000000,286999.000000,1.000000,99812808588.000000,948112.000000
287000,1,79028,0.800000,1.000000,0.543079,1.000000,0.000000,0,0.000000,286977.000000,1.000000,99812808588.000000,948112.000000
287000,2,78982,0.800000,1.000000,0.630533,1.000000,0.000000,0,0.000000,286764.000000,1.000000,99812808588.000000,948112.000000
287000,3,79028,0.800000,1.000000,0.677134,1.000000,0.000000,0,0.000000,286995.000000,1.000000,99812808588.000000,948112.000000
287000,4,79026,0.800000,1.000000,0.733201,1.000000,0.000000,0,0.000000,286879.000000,1.000000,99812808588.000000,948112.000000
287000,5,78716,0.800000,1.000000,0.603910,1.000000,0.000000,0,0.000000,280835.000000,1.000000,99812808588.000000,948112.000000
287000,6,79020,0.800000,1.000000,0.613712,1.000000,0.000000,0,0.000000,286768.000000,1.000000,99812808588.000000,948112.000000
287000,7,79028,0.800000,1.000000,0.605321,1.000000,0.000000,1,232925.000000,287000.000000,1.000000,99812808588.000000,948112.000000
287000,8,79029,0.800000,1.000000,0.655587,1.000000,0.000000,0,0.000000,286985.000000,1.000000,99812808588.000000,948112.000000
287000,9,78980,0.800000,1.000000,0.539814,1.000000,0.000000,0,0.000000,286685.000000,1.000000,99812808588.000000,948112.000000
287000,10,79029,0.800000,1.000000,0.561419,1.000000,0.000000,0,0.000000,286989.000000,1.000000,99812808588.000000,948112.000000
287000,11,78960,0.800000,1.000000,0.631382,1.000000,0.000000,0,0.000000,285292.000000,1.000000,99812808588.000000,948112.000000
287000,12,78985,0.800000,1.000000,0.686215,1.000000,0.000000,0,0.000000,286531.000000,1.000000,99812808588.000000,948112.000000
287000,13,78900,0.800000,1.000000,0.650889,1.000000,0.000000,0,0.000000,282809.000000,1.000000,99812808588.000000,948112.000000
287000,14,79020,0.800000,1.000000,0.550421,1.000000,0.000000,0,0.000000,286951.000000,1.000000,99812808588.000000,948112.000000
287000,15,78967,0.800000,1.000000,0.633989,1.000000,0.000000,0,0.000000,280565.000000,1.000000,99812808588.000000,948112.000000
288000,0,79290,0.800000,1.000000,0.679252,1.000000,0.000000,0,0.000000,287999.000000,1.000000,100480016224.000000,950368.000000
288000,1,79287,0.800000,1.000000,0.617712,1.000000,0.000000,0,0.000000,287183.000000,1.000000,100480016224.000000,950368.000000
288000,2,79247,0.800000,1.000000,0.551970,1.000000,0.000000,0,0.000000,286764.000000,1.000000,100480016224.000000,950368.000000
288000,3,79290,0.800000,1.000000,0.718994,1.000000,0.000000,0,0.000000,287964.000000,1.000000,100480016224.000000,950368.000000
288000,4,79286,0.800000,1.000000,0.605151,1.000000,0.000000,0,0.000000,287872.000000,1.000000,100480016224.000000,950368.000000
288000,5,78814,0.800000,1.000000,0.598193,1.000000,0.000000,0,0.000000,280835.000000,1.000000,100480016224.000000,950368.000000
288000,6,79284,0.800000,1.000000,0.584473,1.000000,0.000000,0,0.000000,287970.000000,1.000000,100480016224.000000,950368.000000
288000,7,79284,0.800000,1.000000,0.690445,1.000000,0.000000,0,0.000000,287969.000000,1.000000,100480016224.000000,950368.000000
288000,8,79290,0.800000,1.000000,0.653546,1.000000,0.000000,0,0.000000,287995.000000,1.000000,100480016224.000000,950368.000000
288000,9,79270,0.800000,1.000000,0.598384,1.000000,0.000000,0,0.000000,287899.000000,1.000000,100480016224.000000,950368.000000
288000,10,79291,0.800000,1.000000,0.758053,1.000000,0.000000,1,234812.000000,288000.000000,1.000000,100480016224.000000,950368.000000
288000,11,79234,0.800000,1.000000,0.589584,1.000000,0.000000,0,0.000000,285292.000000,1.000000,100480016224.000000,950368.000000
288000,12,79288,0.800000,1.000000,0.746654,1.000000,0.000000,0,0.000000,287987.000000,1.000000,100480016224.000000,950368.000000
288000,13,79204,0.800000,1.000000,0.639077,1.000000,0.000000,0,0.000000,282809.000000,1.000000,100480016224.000000,950368.000000
288000,14,79292,0.800000,1.000000,0.698331,1.000000,0.000000,0,0.000000,287996.000000,1.000000,100480016224.000000,950368.000000
288000,15,79291,0.800000,1.000000,0.523499,1.000000,0.000000,0,0.000000,287990.000000,1.000000,100480016224.000000,950368.000000
289000,0,79524,0.800000,1.000000,0.643829,1.000000,0.000000,0,0.000000,288569.000000,1.000000,101130527400.000000,794595.000000
289000,1,79548,0.800000,1.000000,0.575358,1.000000,0.000000,0,0.000000,288975.000000,1.000000,101130527400.000000,794595.000000
289000,2,79548,0.800000,1.000000,0.664745,1.000000,0.000000,0,0.000000,288986.000000,1.000000,101130527400.000000,794595.000000
289000,3,79545,0.800000,1.000000,0.664940,1.000000,0.000000,0,0.000000,288272.000000,1.000000,101130527400.000000,794595.000000
289000,4,79514,0.800000,1.000000,0.775289,1.000000,0.000000,0,0.000000,288400.000000,1.000000,101130527400.000000,794595.000000
289000,5,79152,0.800000,1.000000,0.621686,1.000000,0.000000,0,0.000000,280835.000000,1.000000,101130527400.000000,794595.000000
289000,6,79532,0.800000,1.000000,0.663139,1.000000,0.000000,0,0.000000,288687.000000,1.000000,101130527400.000000,794595.000000
289000,7,79548,0.800000,1.000000,0.626582,1.000000,0.000000,0,0.000000,288995.000000,1.000000,101130527400.000000,794595.000000
289000,8,79539,0.800000,1.000000,0.650413,1.000000,0.000000,0,0.000000,288043.000000,1.000000,101130527400.000000,794595.000000
289000,9,79529,0.800000,1.000000,0.581745,1.000000,0.000000,0,0.000000,288676.000000,1.000000,101130527400.000000,794595.000000
289000,10,79549,0.800000,1.000000,0.596862,1.000000,0.000000,0,0.000000,288997.000000,1.000000,101130527400.000000,794595.000000
289000,11,79550,0.800000,1.000000,0.603178,1.000000,0.000000,0,0.000000,288998.000000,1.000000,101130527400.000000,794595.000000
289000,12,79514,0.800000,1.000000,0.495167,1.000000,0.000000,0,0.000000,288809.000000,1.000000,101130527400.000000,794595.000000
289000,13,79348,0.800000,1.000000,0.473242,1.000000,0.000000,0,0.000000,282809.000000,1.000000,101130527400.000000,794595.000000
289000,14,79550,0.800000,1.000000,0.681815,1.000000,0.000000,0,0.000000,288993.000000,1.000000,101130527400.000000,794595.000000
289000,15,79550,0.800000,1.000000,0.682665,1.000000,0.000000,1,238207.000000,289000.000000,1.000000,101130527400.000000,794595.000000
290000,0,79802,0.800000,1.000000,0.737056,1.000000,0.000000,0,0.000000,289895.000000,1.000000,101877847540.000000,638152.000000
290000,1,79827,0.800000,1.000000,0.578142,1.000000,0.000000,0,0.000000,289973.000000,1.000000,101877847540.000000,638152.000000
290000,2,79830,0.800000,1.000000,0.762093,1.000000,0.000000,0,0.000000,289999.000000,1.000000,101877847540.000000,638152.000000
290000,3,79823,0.800000,1.000000,0.730866,1.000000,0.000000,0,0.000000,289960.000000,1.000000,101877847540.000000,638152.000000
290000,4,79820,0.800000,1.000000,0.725662,1.000000,0.000000,0,0.000000,289967.000000,1.000000,101877847540.000000,638152.000000
290000,5,79590,0.800000,1.000000,0.767890,1.000000,0.000000,0,0.000000,280835.000000,1.000000,101877847540.000000,638152.000000
290000,6,79817,0.800000,1.000000,0.545828,1.000000,0.000000,0,0.000000,289759.000000,1.000000,101877847540.000000,638152.000000
290000,7,79809,0.800000,1.000000,0.696351,1.000000,0.000000,0,0.000000,289901.000000,1.000000,101877847540.000000,638152.000000
290000,8,79830,0.800000,1.000000,0.698187,1.000000,0.000000,1,239685.000000,290000.000000,1.000000,101877847540.000000,638152.000000
290000,9,79828,0.800000,1.000000,0.645507,1.000000,0.000000,0,0.000000,289993.000000,1.000000,101877847540.000000,638152.000000
290000,10,79727,0.800000,1.000000,0.423005,1.000000,0.000000,0,0.000000,289558.000000,1.000000,101877847540.000000,638152.000000
290000,11,79830,0.800000,1.000000,0.751211,1.000000,0.000000,0,0.000000,289997.000000,1.000000,101877847540.000000,638152.000000
290000,12,79812,0.800000,1.000000,0.691791,1.000000,0.000000,0,0.000000,288809.000000,1.000000,101877847540.000000,638152.000000
290000,13,79737,0.800000,1.000000,0.641240,1.000000,0.000000,0,0.000000,282809.000000,1.000000,101877847540.000000,638152.000000
290000,14,79829,0.800000,1.000000,0.717030,1.000000,0.000000,0,0.000000,289998.000000,1.000000,101877847540.000000,638152.000000
290000,15,79821,0.800000,1.000000,0.636465,1.000000,0.000000,0,0.000000,289853.000000,1.000000,101877847540.000000,638152.000000
291000,0,80105,0.800000,1.000000,0.666804,1.000000,0.000000,0,0.000000,290980.000000,1.000000,102578684384.000000,1121113.000000
291000,1,80108,0.800000,1.000000,0.678798,1.000000,0.000000,0,0.000000,290923.000000,1.000000,102578684384.000000,1121113.000000
291000,2,79951,0.800000,1.000000,0.717483,1.000000,0.000000,0,0.000000,290061.000000,1.000000,102578684384.000000,1121113.000000
291000,3,80107,0.800000,1.000000,0.622163,1.000000,0.000000,0,0.000000,290998.000000,1.000000,102578684384.000000,1121113.000000
291000,4,80071,0.800000,1.000000,0.631400,1.000000,0.000000,0,0.000000,290553.000000,1.000000,102578684384.000000,1121113.000000
291000,5,79951,0.800000,1.000000,0.602677,1.000000,0.000000,0,0.000000,280835.000000,1.000000,102578684384.000000,1121113.000000
291000,6,80108,0.800000,1.000000,0.607374,1.000000,0.000000,0,0.000000,290986.000000,1.000000,102578684384.000000,1121113.000000
291000,7,80067,0.800000,1.000000,0.478517,1.000000,0.000000,0,0.000000,290712.000000,1.000000,102578684384.000000,1121113.000000
291000,8,80108,0.800000,1.000000,0.604369,1.000000,0.000000,0,0.000000,290999.000000,1.000000,102578684384.000000,1121113.000000
291000,9,80108,0.800000,1.000000,0.721368,1.000000,0.000000,1,234424.000000,291000.000000,1.000000,102578684384.000000,1121113.000000
291000,10,80065,0.800000,1.000000,0.566721,1.000000,0.000000,0,0.000000,289558.000000,1.000000,102578684384.000000,1121113.000000
291000,11,79988,0.800000,1.000000,0.574231,1.000000,0.000000,0,0.000000,290548.000000,1.000000,102578684384.000000,1121113.000000
291000,12,80106,0.800000,1.000000,0.632849,1.000000,0.000000,0,0.000000,290957.000000,1.000000,102578684384.000000,1121113.000000
291000,13,80087,0.800000,1.000000,0.659451,1.000000,0.000000,0,0.000000,290913.000000,1.000000,102578684384.000000,1121113.000000
291000,14,80078,0.800000,1.000000,0.606091,1.000000,0.000000,0,0.000000,290838.000000,1.000000,102578684384.000000,1121113.000000
291000,15,80108,0.800000,1.000000,0.756883,1.000000,0.000000,0,0.000000,290997.000000,1.000000,102578684384.000000,1121113.000000
292000,0,80365,0.800000,1.000000,0.601191,1.000000,0.000000,0,0.000000,291785.000000,1.000000,103305850321.000000,1606994.000000
292000,1,80375,0.800000,1.000000,0.576429,1.000000,0.000000,0,0.000000,291960.000000,1.000000,103305850321.000000,1606994.000000
292000,2,80342,0.800000,1.000000,0.714851,1.000000,0.000000,0,0.000000,290061.000000,1.000000,103305850321.000000,1606994.000000
292000,3,80379,0.800000,1.000000,0.645089,1.000000,0.000000,0,0.000000,291997.000000,1.000000,103305850321.000000,1606994.000000
292000,4,80379,0.800000,1.000000,0.655136,1.000000,0.000000,1,238027.000000,292000.000000,1.000000,103305850321.000000,1606994.000000
292000,5,80280,0.800000,1.000000,0.662419,1.000000,0.000000,0,0.000000,280835.000000,1.000000,103305850321.000000,1606994.000000
292000,6,80346,0.800000,1.000000,0.553472,1.000000,0.000000,0,0.000000,291495.000000,1.000000,103305850321.000000,1606994.000000
292000,7,80377,0.800000,1.000000,0.694829,1.000000,0.000000,0,0.000000,291978.000000,1.000000,103305850321.000000,1606994.000000
292000,8,80298,0.800000,1.000000,0.584423,1.000000,0.000000,0,0.000000,290999.000000,1.000000,103305850321.000000,1606994.000000
292000,9,80380,0.800000,1.000000,0.691468,1.000000,0.000000,0,0.000000,291998.000000,1.000000,103305850321.000000,1606994.000000
292000,10,80366,0.800000,1.000000,0.539974,1.000000,0.000000,0,0.000000,291808.000000,1.000000,103305850321.000000,1606994.000000
292000,11,80315,0.800000,1.000000,0.693204,1.000000,0.000000,0,0.000000,290548.000000,1.000000,103305850321.000000,1606994.000000
292000,12,80379,0.800000,1.000000,0.677957,1.000000,0.000000,0,0.000000,291996.000000,1.000000,103305850321.000000,1606994.000000
292000,13,80380,0.800000,1.000000,0.591318,1.000000,0.000000,0,0.000000,291852.000000,1.000000,103305850321.000000,1606994.000000
292000,14,80365,0.800000,1.000000,0.584599,1.000000,0.000000,0,0.000000,291901.000000,1.000000,103305850321.000000,1606994.000000
292000,15,80323,0.800000,1.000000,0.690238,1.000000,0.000000,0,0.000000,291802.000000,1.000000,103305850321.000000,1606994.000000
293000,0,80590,0.800000,1.000000,0.640913,1.000000,0.000000,0,0.000000,292751.000000,1.000000,103999058467.000000,483715.000000
293000,1,80657,0.800000,1.000000,0.641507,1.000000,0.000000,0,0.000000,292994.000000,1.000000,103999058467.000000,483715.000000
293000,2,80624,0.800000,1.000000,0.568424,1.000000,0.000000,0,0.000000,292860.000000,1.000000,103999058467.000000,483715.000000
293000,3,80650,0.800000,1.000000,0.645701,1.000000,0.000000,0,0.000000,292964.000000,1.000000,103999058467.000000,483715.000000
293000,4,80656,0.800000,1.000000,0.640166,1.000000,0.000000,0,0.000000,292992.000000,1.000000,103999058467.000000,483715.000000
293000,5,80624,0.800000,1.000000,0.683778,1.000000,0.000000,0,0.000000,280835.000000,1.000000,103999058467.000000,483715.000000
293000,6,80653,0.800000,1.000000,0.611413,1.000000,0.000000,0,0.000000,292970.000000,1.000000,103999058467.000000,483715.000000
293000,7,80614,0.800000,1.000000,0.594359,1.000000,0.000000,0,0.000000,292836.000000,1.000000,103999058467.000000,483715.000000
293000,8,80553,0.800000,1.000000,0.649239,1.000000,0.000000,0,0.000000,290999.000000,1.000000,103999058467.000000,483715.000000
293000,9,80403,0.800000,1.000000,0.622291,1.000000,0.000000,0,0.000000,292007.000000,1.000000,103999058467.000000,483715.000000
293000,10,80656,0.800000,1.000000,0.673767,1.000000,0.000000,0,0.000000,292861.000000,1.000000,103999058467.000000,483715.000000
293000,11,80653,0.800000,1.000000,0.654550,1.000000,0.000000,0,0.000000,292976.000000,1.000000,103999058467.000000,483715.000000
293000,12,80657,0.800000,1.000000,0.681856,1.000000,0.000000,0,0.000000,292999.000000,1.000000,103999058467.000000,483715.000000
293000,13,80657,0.800000,1.000000,0.729364,1.000000,0.000000,1,238550.000000,293000.000000,1.000000,103999058467.000000,483715.000000
293000,14,80658,0.800000,1.000000,0.620571,1.000000,0.000000,0,0.000000,292990.000000,1.000000,103999058467.000000,483715.000000
293000,15,80650,0.800000,1.000000,0.628767,1.000000,0.000000,0,0.000000,291802.000000,1.000000,103999058467.000000,483715.000000
294000,0,80862,0.800000,1.000000,0.551024,1.000000,0.000000,0,0.000000,292751.000000,1.000000,104725086956.000000,809291.000000
294000,1,80933,0.800000,1.000000,0.639060,1.000000,0.000000,1,240081.000000,294000.000000,1.000000,104725086956.000000,809291.000000
294000,2,80921,0.800000,1.000000,0.705634,1.000000,0.000000,0,0.000000,293953.000000,1.000000,104725086956.000000,809291.000000
294000,3,80788,0.800000,1.000000,0.596044,1.000000,0.000000,0,0.000000,293333.000000,1.000000,104725086956.000000,809291.000000
294000,4,80931,0.800000,1.000000,0.591201,1.000000,0.000000,0,0.000000,293963.000000,1.000000,104725086956.000000,809291.000000
294000,5,80921,0.800000,1.000000,0.609829,1.000000,0.000000,0,0.000000,293810.000000,1.000000,104725086956.000000,809291.000000
294000,6,80934,0.800000,1.000000,0.642935,1.000000,0.000000,0,0.000000,293997.000000,1.000000,104725086956.000000,809291.000000
294000,7,80927,0.800000,1.000000,0.525046,1.000000,0.000000,0,0.000000,293840.000000,1.000000,104725086956.000000,809291.000000
294000,8,80934,0.800000,1.000000,0.658505,1.000000,0.000000,0,0.000000,293998.000000,1.000000,104725086956.000000,809291.000000
294000,9,80802,0.800000,1.000000,0.679250,1.000000,0.000000,0,0.000000,292007.000000,1.000000,104725086956.000000,809291.000000
294000,10,80934,0.800000,1.000000,0.711583,1.000000,0.000000,0,0.000000,293999.000000,1.000000,104725086956.000000,809291.000000
294000,11,80928,0.800000,1.000000,0.698654,1.000000,0.000000,0,0.000000,293418.000000,1.000000,104725086956.000000,809291.000000
294000,12,80933,0.800000,1.000000,0.639191,1.000000,0.000000,0,0.000000,293979.000000,1.000000,104725086956.000000,809291.000000
294000,13,80932,0.800000,1.000000,0.696691,1.000000,0.000000,0,0.000000,293731.000000,1.000000,104725086956.000000,809291.000000
294000,14,80923,0.800000,1.000000,0.586258,1.000000,0.000000,0,0.000000,293898.000000,1.000000,104725086956.000000,809291.000000
294000,15,80847,0.800000,1.000000,0.482363,1.000000,0.000000,0,0.000000,293664.000000,1.000000,104725086956.000000,809291.000000
295000,0,81207,0.800000,1.000000,0.716065,1.000000,0.000000,1,242674.000000,295000.000000,1.000000,105458354498.000000,811869.000000
295000,1,81132,0.800000,1.000000,0.589765,1.000000,0.000000,0,0.000000,294672.000000,1.000000,105458354498.000000,811869.000000
295000,2,81154,0.800000,1.000000,0.691505,1.000000,0.000000,0,0.000000,294498.000000,1.000000,105458354498.000000,811869.000000
295000,3,81138,0.800000,1.000000,0.696478,1.000000,0.000000,0,0.000000,293333.000000,1.000000,105458354498.000000,811869.000000
295000,4,81202,0.800000,1.000000,0.571208,1.000000,0.000000,0,0.000000,294982.000000,1.000000,105458354498.000000,811869.000000
295000,5,81205,0.800000,1.000000,0.607648,1.000000,0.000000,0,0.000000,294925.000000,1.000000,105458354498.000000,811869.000000
295000,6,81192,0.800000,1.000000,0.731284,1.000000,0.000000,0,0.000000,294470.000000,1.000000,105458354498.000000,811869.000000
295000,7,81206,0.800000,1.000000,0.569194,1.000000,0.000000,0,0.000000,294991.000000,1.000000,105458354498.000000,811869.000000
295000,8,81203,0.800000,1.000000,0.545804,1.000000,0.000000,0,0.000000,294903.000000,1.000000,105458354498.000000,811869.000000
295000,9,81202,0.800000,1.000000,0.682641,1.000000,0.000000,0,0.000000,294950.000000,1.000000,105458354498.000000,811869.000000
295000,10,81186,0.800000,1.000000,0.554802,1.000000,0.000000,0,0.000000,294901.000000,1.000000,105458354498.000000,811869.000000
295000,11,81207,0.800000,1.000000,0.703682,1.000000,0.000000,0,0.000000,294998.000000,1.000000,105458354498.000000,811869.000000
295000,12,81207,0.800000,1.000000,0.607563,1.000000,0.000000,0,0.000000,294990.000000,1.000000,105458354498.000000,811869.000000
295000,13,81207,0.800000,1.000000,0.653429,1.000000,0.000000,0,0.000000,294999.000000,1.000000,105458354498.000000,811869.000000
295000,14,81202,0.800000,1.000000,0.547799,1.000000,0.000000,0,0.000000,294956.000000,1.000000,105458354498.000000,811869.000000
295000,15,81124,0.800000,1.000000,0.644488,1.000000,0.000000,0,0.000000,293664.000000,1.000000,105458354498.000000,811869.000000
296000,0,81463,0.800000,1.000000,0.638532,1.000000,0.000000,0,0.000000,295960.000000,1.000000,106176758427.000000,325870.000000
296000,1,81463,0.800000,1.000000,0.496546,1.000000,0.000000,0,0.000000,295943.000000,1.000000,106176758427.000000,325870.000000
296000,2,81436,0.800000,1.000000,0.629086,1.000000,0.000000,0,0.000000,294498.000000,1.000000,106176758427.000000,325870.000000
296000,3,81472,0.800000,1.000000,0.721353,1.000000,0.000000,0,0.000000,295905.000000,1.000000,106176758427.000000,325870.000000
296000,4,81432,0.800000,1.000000,0.619998,1.000000,0.000000,0,0.000000,295621.000000,1.000000,106176758427.000000,325870.000000
296000,5,81472,0.800000,1.000000,0.735405,1.000000,0.000000,0,0.000000,295998.000000,1.000000,106176758427.000000,325870.000000
296000,6,81456,0.800000,1.000000,0.518373,1.000000,0.000000,0,0.000000,295249.000000,1.000000,106176758427.000000,325870.000000
296000,7,81471,0.800000,1.000000,0.586062,1.000000,0.000000,0,0.000000,295989.000000,1.000000,106176758427.000000,325870.000000
296000,8,81463,0.800000,1.000000,0.569595,1.000000,0.000000,0,0.000000,295754.000000,1.000000,106176758427.000000,325870.000000
296000,9,81463,0.800000,1.000000,0.637810,1.000000,0.000000,0,0.000000,295482.000000,1.000000,106176758427.000000,325870.000000
296000,10,81472,0.800000,1.000000,0.621598,1.000000,0.000000,1,241135.000000,296000.000000,1.000000,106176758427.000000,325870.000000
296000,11,81468,0.800000,1.000000,0.633772,1.000000,0.000000,0,0.000000,295986.000000,1.000000,106176758427.000000,325870.000000
296000,12,81470,0.800000,1.000000,0.539146,1.000000,0.000000,0,0.000000,295990.000000,1.000000,106176758427.000000,325870.000000
296000,13,81457,0.800000,1.000000,0.484443,1.000000,0.000000,0,0.000000,295900.000000,1.000000,106176758427.000000,325870.000000
296000,14,81460,0.800000,1.000000,0.556359,1.000000,0.000000,0,0.000000,294956.000000,1.000000,106176758427.000000,325870.000000
296000,15,81473,0.800000,1.000000,0.741149,1.000000,0.000000,0,0.000000,295999.000000,1.000000,106176758427.000000,325870.000000
297000,0,81776,0.800000,1.000000,0.636454,1.000000,0.000000,0,0.000000,296993.000000,1.000000,106970535900.000000,817683.000000
297000,1,81744,0.800000,1.000000,0.531411,1.000000,0.000000,0,0.000000,296875.000000,1.000000,106970535900.000000,817683.000000
297000,2,81756,0.800000,1.000000,0.656090,1.000000,0.000000,0,0.000000,296910.000000,1.000000,106970535900.000000,817683.000000
297000,3,81776,0.800000,1.000000,0.667449,1.000000,0.000000,0,0.000000,296975.000000,1.000000,106970535900.000000,817683.000000
297000,4,81776,0.800000,1.000000,0.683757,1.000000,0.000000,1,241798.000000,297000.000000,1.000000,106970535900.000000,817683.000000
297000,5,81739,0.800000,1.000000,0.580885,1.000000,0.000000,0,0.000000,296650.000000,1.000000,106970535900.000000,817683.000000
297000,6,81774,0.800000,1.000000,0.674870,1.000000,0.000000,0,0.000000,296968.000000,1.000000,106970535900.000000,817683.000000
297000,7,81765,0.800000,1.000000,0.599630,1.000000,0.000000,0,0.000000,296895.000000,1.000000,106970535900.000000,817683.000000
297000,8,81776,0.800000,1.000000,0.726355,1.000000,0.000000,0,0.000000,296996.000000,1.000000,106970535900.000000,817683.000000
297000,9,81774,0.800000,1.000000,0.518781,1.000000,0.000000,0,0.000000,296987.000000,1.000000,106970535900.000000,817683.000000
297000,10,81750,0.800000,1.000000,0.641887,1.000000,0.000000,0,0.000000,296522.000000,1.000000,106970535900.000000,817683.000000
297000,11,81773,0.800000,1.000000,0.684515,1.000000,0.000000,0,0.000000,296982.000000,1.000000,106970535900.000000,817683.000000
297000,12,81777,0.800000,1.000000,0.651820,1.000000,0.000000,0,0.000000,296998.000000,1.000000,106970535900.000000,817683.000000
297000,13,81776,0.800000,1.000000,0.733473,1.000000,0.000000,0,0.000000,296994.000000,1.000000,106970535900.000000,817683.000000
297000,14,81746,0.800000,1.000000,0.574207,1.000000,0.000000,0,0.000000,296858.000000,1.000000,106970535900.000000,817683.000000
297000,15,81776,0.800000,1.000000,0.740777,1.000000,0.000000,0,0.000000,296999.000000,1.000000,106970535900.000000,817683.000000
298000,0,82053,0.800000,1.000000,0.789258,1.000000,0.000000,0,0.000000,297995.000000,1.000000,107667182635.000000,163841.000000
298000,1,82029,0.800000,1.000000,0.504407,1.000000,0.000000,0,0.000000,297893.000000,1.000000,107667182635.000000,163841.000000
298000,2,82042,0.800000,1.000000,0.631674,1.000000,0.000000,0,0.000000,297950.000000,1.000000,107667182635.000000,163841.000000
298000,3,82038,0.800000,1.000000,0.574615,1.000000,0.000000,0,0.000000,297719.000000,1.000000,107667182635.000000,163841.000000
298000,4,82007,0.800000,1.000000,0.625306,1.000000,0.000000,0,0.000000,297809.000000,1.000000,107667182635.000000,163841.000000
298000,5,82029,0.800000,1.000000,0.650010,1.000000,0.000000,0,0.000000,297591.000000,1.000000,107667182635.000000,163841.000000
298000,6,82055,0.800000,1.000000,0.665551,1.000000,0.000000,0,0.000000,297998.000000,1.000000,107667182635.000000,163841.000000
298000,7,82053,0.800000,1.000000,0.625780,1.000000,0.000000,0,0.000000,297991.000000,1.000000,107667182635.000000,163841.000000
298000,8,82030,0.800000,1.000000,0.607238,1.000000,0.000000,0,0.000000,297199.000000,1.000000,107667182635.000000,163841.000000
298000,9,82055,0.800000,1.000000,0.623058,1.000000,0.000000,1,240330.000000,298000.000000,1.000000,107667182635.000000,163841.000000
298000,10,82054,0.800000,1.000000,0.651306,1.000000,0.000000,0,0.000000,297817.000000,1.000000,107667182635.000000,163841.000000
298000,11,81988,0.800000,1.000000,0.684146,1.000000,0.000000,0,0.000000,297504.000000,1.000000,107667182635.000000,163841.000000
298000,12,81921,0.800000,1.000000,0.668984,1.000000,0.000000,0,0.000000,297393.000000,1.000000,107667182635.000000,163841.000000
298000,13,82049,0.800000,1.000000,0.686461,1.000000,0.000000,0,0.000000,297866.000000,1.000000,107667182635.000000,163841.000000
298000,14,82049,0.800000,1.000000,0.631324,1.000000,0.000000,0,0.000000,297556.000000,1.000000,107667182635.000000,163841.000000
298000,15,82055,0.800000,1.000000,0.674435,1.000000,0.000000,0,0.000000,297999.000000,1.000000,107667182635.000000,163841.000000
299000,0,82337,0.800000,1.000000,0.646513,1.000000,0.000000,0,0.000000,298997.000000,1.000000,108410379423.000000,823249.000000
299000,1,82338,0.800000,1.000000,0.659322,1.000000,0.000000,0,0.000000,298919.000000,1.000000,108410379423.000000,823249.000000
299000,2,82339,0.800000,1.000000,0.719114,1.000000,0.000000,0,0.000000,298998.000000,1.000000,108410379423.000000,823249.000000
299000,3,82285,0.800000,1.000000,0.605114,1.000000,0.000000,0,0.000000,298689.000000,1.000000,108410379423.000000,823249.000000
299000,4,82281,0.800000,1.000000,0.595584,1.000000,0.000000,0,0.000000,297809.000000,1.000000,108410379423.000000,823249.000000
299000,5,82339,0.800000,1.000000,0.516437,1.000000,0.000000,0,0.000000,298994.000000,1.000000,108410379423.000000,823249.000000
299000,6,82338,0.800000,1.000000,0.688116,1.000000,0.000000,0,0.000000,298990.000000,1.000000,108410379423.000000,823249.000000
299000,7,82334,0.800000,1.000000,0.620493,1.000000,0.000000,0,0.000000,298927.000000,1.000000,108410379423.000000,823249.000000
299000,8,82339,0.800000,1.000000,0.654997,1.000000,0.000000,1,247384.000000,299000.000000,1.000000,108410379423.000000,823249.000000
299000,9,82129,0.800000,1.000000,0.620109,1.000000,0.000000,0,0.000000,298259.000000,1.000000,108410379423.000000,823249.000000
299000,10,82339,0.800000,1.000000,0.558689,1.000000,0.000000,0,0.000000,298995.000000,1.000000,108410379423.000000,823249.000000
299000,11,82331,0.800000,1.000000,0.685955,1.000000,0.000000,0,0.000000,297504.000000,1.000000,108410379423.000000,823249.000000
299000,12,82295,0.800000,1.000000,0.705288,1.000000,0.000000,0,0.000000,297393.000000,1.000000,108410379423.000000,823249.000000
299000,13,82338,0.800000,1.000000,0.502039,1.000000,0.000000,0,0.000000,298935.000000,1.000000,108410379423.000000,823249.000000
299000,14,82330,0.800000,1.000000,0.625254,1.000000,0.000000,0,0.000000,298877.000000,1.000000,108410379423.000000,823249.000000
299000,15,82337,0.800000,1.000000,0.570211,1.000000,0.000000,0,0.000000,298898.000000,1.000000,108410379423.000000,823249.000000
300000,0,82614,0.800000,1.000000,0.671300,1.000000,0.000000,0,0.000000,299992.000000,1.000000,109143553131.000000,330456.000000
300000,1,82615,0.800000,1.000000,0.633433,1.000000,0.000000,0,0.000000,299993.000000,1.000000,109143553131.000000,330456.000000
300000,2,82613,0.800000,1.000000,0.592179,1.000000,0.000000,0,0.000000,299949.000000,1.000000,109143553131.000000,330456.000000
300000,3,82616,0.800000,1.000000,0.597474,1.000000,0.000000,0,0.000000,299998.000000,1.000000,109143553131.000000,330456.000000
300000,4,82597,0.800000,1.000000,0.604948,1.000000,0.000000,0,0.000000,299800.000000,1.000000,109143553131.000000,330456.000000
300000,5,82551,0.800000,1.000000,0.574496,1.000000,0.000000,0,0.000000,299016.000000,1.000000,109143553131.000000,330456.000000
300000,6,82616,0.800000,1.000000,0.738220,1.000000,0.000000,0,0.000000,299999.000000,1.000000,109143553131.000000,330456.000000
300000,7,82612,0.800000,1.000000,0.611913,1.000000,0.000000,0,0.000000,299963.000000,1.000000,109143553131.000000,330456.000000
300000,8,82604,0.800000,1.000000,0.650863,1.000000,0.000000,0,0.000000,299355.000000,1.000000,109143553131.000000,330456.000000
300000,9,82405,0.800000,1.000000,0.557203,1.000000,0.000000,0,0.000000,298259.000000,1.000000,109143553131.000000,330456.000000
300000,10,82577,0.800000,1.000000,0.688796,1.000000,0.000000,0,0.000000,299596.000000,1.000000,109143553131.000000,330456.000000
300000,11,82611,0.800000,1.000000,0.548595,1.000000,0.000000,0,0.000000,299918.000000,1.000000,109143553131.000000,330456.000000
300000,12,82616,0.800000,1.000000,0.717524,1.000000,0.000000,0,0.000000,299939.000000,1.000000,109143553131.000000,330456.000000
300000,13,82616,0.800000,1.000000,0.705321,1.000000,0.000000,1,244135.000000,300000.000000,1.000000,109143553131.000000,330456.000000
300000,14,82616,0.800000,1.000000,0.653727,1.000000,0.000000,0,0.000000,299983.000000,1.000000,109143553131.000000,330456.000000
300000,15,82596,0.800000,1.000000,0.534371,1.000000,0.000000,0,0.000000,299860.000000,1.000000,109143553131.000000,330456.000000
301000,0,82858,0.800000,1.000000,0.658668,1.000000,0.000000,0,0.000000,300472.000000,1.000000,109810964629.000000,165711.000000
301000,1,82878,0.800000,1.000000,0.685464,1.000000,0.000000,0,0.000000,300997.000000,1.000000,109810964629.000000,165711.000000
301000,2,82878,0.800000,1.000000,0.671913,1.000000,0.000000,0,0.000000,300992.000000,1.000000,109810964629.000000,165711.000000
301000,3,82877,0.800000,1.000000,0.658884,1.000000,0.000000,0,0.000000,300986.000000,1.000000,109810964629.000000,165711.000000
301000,4,82597,0.800000,1.000000,0.604948,1.000000,0.000000,0,0.000000,299800.000000,1.000000,109810964629.000000,165711.000000
301000,5,82877,0.800000,1.000000,0.711493,1.000000,0.000000,0,0.000000,300987.000000,1.000000,109810964629.000000,165711.000000
301000,6,82872,0.800000,1.000000,0.622319,1.000000,0.000000,0,0.000000,300785.000000,1.000000,109810964629.000000,165711.000000
301000,7,82879,0.800000,1.000000,0.656036,1.000000,0.000000,0,0.000000,300998.000000,1.000000,109810964629.000000,165711.000000
301000,8,82879,0.800000,1.000000,0.647711,1.000000,0.000000,0,0.000000,300995.000000,1.000000,109810964629.000000,165711.000000
301000,9,82764,0.800000,1.000000,0.571489,1.000000,0.000000,0,0.000000,298259.000000,1.000000,109810964629.000000,165711.000000
301000,10,82878,0.800000,1.000000,0.655979,1.000000,0.000000,0,0.000000,300990.000000,1.000000,109810964629.000000,165711.000000
301000,11,82879,0.800000,1.000000,0.592030,1.000000,0.000000,1,243311.000000,301000.000000,1.000000,109810964629.000000,165711.000000
301000,12,82867,0.800000,1.000000,0.678397,1.000000,0.000000,0,0.000000,300011.000000,1.000000,109810964629.000000,165711.000000
301000,13,82787,0.800000,1.000000,0.562653,1.000000,0.000000,0,0.000000,300162.000000,1.000000,109810964629.000000,165711.000000
301000,14,82873,0.800000,1.000000,0.677768,1.000000,0.000000,0,0.000000,300869.000000,1.000000,109810964629.000000,165711.000000
301000,15,82866,0.800000,1.000000,0.643581,1.000000,0.000000,0,0.000000,299860.000000,1.000000,109810964629.000000,165711.000000
302000,0,83168,0.800000,1.000000,0.642093,1.000000,0.000000,0,0.000000,301995.000000,1.000000,110567457443.000000,332670.000000
302000,1,83167,0.800000,1.000000,0.547557,1.000000,0.000000,0,0.000000,301978.000000,1.000000,110567457443.000000,332670.000000
302000,2,83168,0.800000,1.000000,0.642954,1.000000,0.000000,0,0.000000,301999.000000,1.000000,110567457443.000000,332670.000000
302000,3,83169,0.800000,1.000000,0.680666,1.000000,0.000000,0,0.000000,301980.000000,1.000000,110567457443.000000,332670.000000
302000,4,82927,0.800000,1.000000,0.709399,1.000000,0.000000,0,0.000000,299800.000000,1.000000,110567457443.000000,332670.000000
302000,5,83130,0.800000,1.000000,0.658702,1.000000,0.000000,0,0.000000,301206.000000,1.000000,110567457443.000000,332670.000000
302000,6,83169,0.800000,1.000000,0.682349,1.000000,0.000000,0,0.000000,301994.000000,1.000000,110567457443.000000,332670.000000
302000,7,83167,0.800000,1.000000,0.443135,1.000000,0.000000,0,0.000000,301966.000000,1.000000,110567457443.000000,332670.000000
302000,8,83079,0.800000,1.000000,0.712912,1.000000,0.000000,0,0.000000,301681.000000,1.000000,110567457443.000000,332670.000000
302000,9,83056,0.800000,1.000000,0.526081,1.000000,0.000000,0,0.000000,298259.000000,1.000000,110567457443.000000,332670.000000
302000,10,83169,0.800000,1.000000,0.654177,1.000000,0.000000,0,0.000000,301986.000000,1.000000,110567457443.000000,332670.000000
302000,11,83153,0.800000,1.000000,0.626381,1.000000,0.000000,0,0.000000,301827.000000,1.000000,110567457443.000000,332670.000000
302000,12,83169,0.800000,1.000000,0.727954,1.000000,0.000000,1,240719.000000,302000.000000,1.000000,110567457443.000000,332670.000000
302000,13,83058,0.800000,1.000000,0.625326,1.000000,0.000000,0,0.000000,300162.000000,1.000000,110567457443.000000,332670.000000
302000,14,83155,0.800000,1.000000,0.570823,1.000000,0.000000,0,0.000000,301762.000000,1.000000,110567457443.000000,332670.000000
302000,15,83163,0.800000,1.000000,0.650257,1.000000,0.000000,0,0.000000,301961.000000,1.000000,110567457443.000000,332670.000000
303000,0,83431,0.800000,1.000000,0.659913,1.000000,0.000000,0,0.000000,302890.000000,1.000000,111291020416.000000,1001200.000000
303000,1,83437,0.800000,1.000000,0.643097,1.000000,0.000000,0,0.000000,302994.000000,1.000000,111291020416.000000,1001200.000000
303000,2,83436,0.800000,1.000000,0.559073,1.000000,0.000000,0,0.000000,302976.000000,1.000000,111291020416.000000,1001200.000000
303000,3,83436,0.800000,1.000000,0.585973,1.000000,0.000000,0,0.000000,302969.000000,1.000000,111291020416.000000,1001200.000000
303000,4,83250,0.800000,1.000000,0.736077,1.000000,0.000000,0,0.000000,299800.000000,1.000000,111291020416.000000,1001200.000000
303000,5,83301,0.800000,1.000000,0.595307,1.000000,0.000000,0,0.000000,301206.000000,1.000000,111291020416.000000,1001200.000000
303000,6,83430,0.800000,1.000000,0.546767,1.000000,0.000000,0,0.000000,302965.000000,1.000000,111291020416.000000,1001200.000000
303000,7,83436,0.800000,1.000000,0.690052,1.000000,0.000000,0,0.000000,302999.000000,1.000000,111291020416.000000,1001200.000000
303000,8,83285,0.800000,1.000000,0.728239,1.000000,0.000000,0,0.000000,301681.000000,1.000000,111291020416.000000,1001200.000000
303000,9,83392,0.800000,1.000000,0.619644,1.000000,0.000000,0,0.000000,298259.000000,1.000000,111291020416.000000,1001200.000000
303000,10,83437,0.800000,1.000000,0.624907,1.000000,0.000000,1,246788.000000,303000.000000,1.000000,111291020416.000000,1001200.000000
303000,11,83405,0.800000,1.000000,0.710937,1.000000,0.000000,0,0.000000,302879.000000,1.000000,111291020416.000000,1001200.000000
303000,12,83426,0.800000,1.000000,0.463400,1.000000,0.000000,0,0.000000,302846.000000,1.000000,111291020416.000000,1001200.000000
303000,13,83435,0.800000,1.000000,0.719075,1.000000,0.000000,0,0.000000,302984.000000,1.000000,111291020416.000000,1001200.000000
303000,14,83438,0.800000,1.000000,0.648268,1.000000,0.000000,0,0.000000,302998.000000,1.000000,111291020416.000000,1001200.000000
303000,15,83437,0.800000,1.000000,0.751662,1.000000,0.000000,0,0.000000,302995.000000,1.000000,111291020416.000000,1001200.000000
304000,0,83719,0.800000,1.000000,0.666522,1.000000,0.000000,0,0.000000,303949.000000,1.000000,112070871141.000000,502307.000000
304000,1,83724,0.800000,1.000000,0.586849,1.000000,0.000000,0,0.000000,303997.000000,1.000000,112070871141.000000,502307.000000
304000,2,83724,0.800000,1.000000,0.757172,1.000000,0.000000,0,0.000000,303975.000000,1.000000,112070871141.000000,502307.000000
304000,3,83724,0.800000,1.000000,0.612141,1.000000,0.000000,0,0.000000,303996.000000,1.000000,112070871141.000000,502307.000000
304000,4,83675,0.800000,1.000000,0.638110,1.000000,0.000000,0,0.000000,299800.000000,1.000000,112070871141.000000,502307.000000
304000,5,83439,0.800000,1.000000,0.704298,1.000000,0.000000,0,0.000000,301206.000000,1.000000,112070871141.000000,502307.000000
304000,6,83722,0.800000,1.000000,0.753852,1.000000,0.000000,0,0.000000,303988.000000,1.000000,112070871141.000000,502307.000000
304000,7,83724,0.800000,1.000000,0.669142,1.000000,0.000000,0,0.000000,303995.000000,1.000000,112070871141.000000,502307.000000
304000,8,83592,0.800000,1.000000,0.554384,1.000000,0.000000,0,0.000000,301681.000000,1.000000,112070871141.000000,502307.000000
304000,9,83709,0.800000,1.000000,0.573669,1.000000,0.000000,0,0.000000,303928.000000,1.000000,112070871141.000000,502307.000000
304000,10,83722,0.800000,1.000000,0.566166,1.000000,0.000000,0,0.000000,303968.000000,1.000000,112070871141.000000,502307.000000
304000,11,83724,0.800000,1.000000,0.660634,1.000000,0.000000,1,245579.000000,304000.000000,1.000000,112070871141.000000,502307.000000
304000,12,83724,0.800000,1.000000,0.710426,1.000000,0.000000,0,0.000000,303999.000000,1.000000,112070871141.000000,502307.000000
304000,13,83724,0.800000,1.000000,0.611396,1.000000,0.000000,0,0.000000,303994.000000,1.000000,112070871141.000000,502307.000000
304000,14,83725,0.800000,1.000000,0.693180,1.000000,0.000000,0,0.000000,303998.000000,1.000000,112070871141.000000,502307.000000
304000,15,83708,0.800000,1.000000,0.549025,1.000000,0.000000,0,0.000000,303921.000000,1.000000,112070871141.000000,502307.000000
305000,0,84004,0.800000,1.000000,0.646974,1.000000,0.000000,0,0.000000,304980.000000,1.000000,112852868183.000000,167583.000000
305000,1,84006,0.800000,1.000000,0.674904,1.000000,0.000000,0,0.000000,304998.000000,1.000000,112852868183.000000,167583.000000
305000,2,84000,0.800000,1.000000,0.435559,1.000000,0.000000,0,0.000000,304938.000000,1.000000,112852868183.000000,167583.000000
305000,3,84006,0.800000,1.000000,0.810907,1.000000,0.000000,0,0.000000,304997.000000,1.000000,112852868183.000000,167583.000000
305000,4,84007,0.800000,1.000000,0.724157,1.000000,0.000000,0,0.000000,304999.000000,1.000000,112852868183.000000,167583.000000
305000,5,83804,0.800000,1.000000,0.576413,1.000000,0.000000,0,0.000000,301206.000000,1.000000,112852868183.000000,167583.000000
305000,6,84002,0.800000,1.000000,0.663262,1.000000,0.000000,0,0.000000,304776.000000,1.000000,112852868183.000000,167583.000000
305000,7,83973,0.800000,1.000000,0.670196,1.000000,0.000000,0,0.000000,304333.000000,1.000000,112852868183.000000,167583.000000
305000,8,83996,0.800000,1.000000,0.699392,1.000000,0.000000,0,0.000000,301681.000000,1.000000,112852868183.000000,167583.000000
305000,9,84007,0.800000,1.000000,0.669935,1.000000,0.000000,0,0.000000,304995.000000,1.000000,112852868183.000000,167583.000000
305000,10,83970,0.800000,1.000000,0.574784,1.000000,0.000000,0,0.000000,304785.000000,1.000000,112852868183.000000,167583.000000
305000,11,84007,0.800000,1.000000,0.645513,1.000000,0.000000,1,246477.000000,305000.000000,1.000000,112852868183.000000,167583.000000
305000,12,83939,0.800000,1.000000,0.500168,1.000000,0.000000,0,0.000000,304332.000000,1.000000,112852868183.000000,167583.000000
305000,13,84007,0.800000,1.000000,0.634596,1.000000,0.000000,0,0.000000,304996.000000,1.000000,112852868183.000000,167583.000000
305000,14,84008,0.800000,1.000000,0.665402,1.000000,0.000000,0,0.000000,304883.000000,1.000000,112852868183.000000,167583.000000
305000,15,84007,0.800000,1.000000,0.652515,1.000000,0.000000,0,0.000000,304993.000000,1.000000,112852868183.000000,167583.000000
306000,0,84267,0.800000,1.000000,0.640986,1.000000,0.000000,0,0.000000,305655.000000,1.000000,113584534748.000000,842519.000000
306000,1,84275,0.800000,1.000000,0.610260,1.000000,0.000000,0,0.000000,305966.000000,1.000000,113584534748.000000,842519.000000
306000,2,84281,0.800000,1.000000,0.702220,1.000000,0.000000,0,0.000000,305999.000000,1.000000,113584534748.000000,842519.000000
306000,3,84281,0.800000,1.000000,0.548902,1.000000,0.000000,0,0.000000,305993.000000,1.000000,113584534748.000000,842519.000000
306000,4,84281,0.800000,1.000000,0.598374,1.000000,0.000000,0,0.000000,305996.000000,1.000000,113584534748.000000,842519.000000
306000,5,84154,0.800000,1.000000,0.628403,1.000000,0.000000,0,0.000000,301206.000000,1.000000,113584534748.000000,842519.000000
306000,6,84277,0.800000,1.000000,0.646303,1.000000,0.000000,0,0.000000,305884.000000,1.000000,113584534748.000000,842519.000000
306000,7,84282,0.800000,1.000000,0.697260,1.000000,0.000000,0,0.000000,305997.000000,1.000000,113584534748.000000,842519.000000
306000,8,84282,0.800000,1.000000,0.698740,1.000000,0.000000,1,253232.000000,306000.000000,1.000000,113584534748.000000,842519.000000
306000,9,84235,0.800000,1.000000,0.653281,1.000000,0.000000,0,0.000000,305611.000000,1.000000,113584534748.000000,842519.000000
306000,10,84281,0.800000,1.000000,0.574436,1.000000,0.000000,0,0.000000,305995.000000,1.000000,113584534748.000000,842519.000000
306000,11,84277,0.800000,1.000000,0.625751,1.000000,0.000000,0,0.000000,305827.000000,1.000000,113584534748.000000,842519.000000
306000,12,84255,0.800000,1.000000,0.606315,1.000000,0.000000,0,0.000000,305865.000000,1.000000,113584534748.000000,842519.000000
306000,13,84131,0.800000,1.000000,0.507561,1.000000,0.000000,0,0.000000,305329.000000,1.000000,113584534748.000000,842519.000000
306000,14,84279,0.800000,1.000000,0.562581,1.000000,0.000000,0,0.000000,305979.000000,1.000000,113584534748.000000,842519.000000
306000,15,84254,0.800000,1.000000,0.601514,1.000000,0.000000,0,0.000000,305516.000000,1.000000,113584534748.000000,842519.000000
307000,0,84559,0.800000,1.000000,0.657344,1.000000,0.000000,1,251929.000000,307000.000000,1.000000,114352037569.000000,1014672.000000
307000,1,84560,0.800000,1.000000,0.707986,1.000000,0.000000,0,0.000000,306999.000000,1.000000,114352037569.000000,1014672.000000
307000,2,84558,0.800000,1.000000,0.583164,1.000000,0.000000,0,0.000000,306969.000000,1.000000,114352037569.000000,1014672.000000
307000,3,84560,0.800000,1.000000,0.602677,1.000000,0.000000,0,0.000000,306996.000000,1.000000,114352037569.000000,1014672.000000
307000,4,84546,0.800000,1.000000,0.667289,1.000000,0.000000,0,0.000000,306607.000000,1.000000,114352037569.000000,1014672.000000
307000,5,84451,0.800000,1.000000,0.593380,1.000000,0.000000,0,0.000000,301206.000000,1.000000,114352037569.000000,1014672.000000
307000,6,84554,0.800000,1.000000,0.613939,1.000000,0.000000,0,0.000000,306939.000000,1.000000,114352037569.000000,1014672.000000
307000,7,84560,0.800000,1.000000,0.595705,1.000000,0.000000,0,0.000000,306980.000000,1.000000,114352037569.000000,1014672.000000
307000,8,84558,0.800000,1.000000,0.611599,1.000000,0.000000,0,0.000000,306967.000000,1.000000,114352037569.000000,1014672.000000
307000,9,84559,0.800000,1.000000,0.644413,1.000000,0.000000,0,0.000000,306997.000000,1.000000,114352037569.000000,1014672.000000
307000,10,84558,0.800000,1.000000,0.651546,1.000000,0.000000,0,0.000000,306988.000000,1.000000,114352037569.000000,1014672.000000
307000,11,84555,0.800000,1.000000,0.703526,1.000000,0.000000,0,0.000000,306803.000000,1.000000,114352037569.000000,1014672.000000
307000,12,84532,0.800000,1.000000,0.570504,1.000000,0.000000,0,0.000000,305865.000000,1.000000,114352037569.000000,1014672.000000
307000,13,84442,0.800000,1.000000,0.756716,1.000000,0.000000,0,0.000000,305329.000000,1.000000,114352037569.000000,1014672.000000
307000,14,84537,0.800000,1.000000,0.524992,1.000000,0.000000,0,0.000000,306897.000000,1.000000,114352037569.000000,1014672.000000
307000,15,84550,0.800000,1.000000,0.674285,1.000000,0.000000,0,0.000000,306958.000000,1.000000,114352037569.000000,1014672.000000
308000,0,84808,0.800000,1.000000,0.686905,1.000000,0.000000,0,0.000000,307461.000000,1.000000,115102453100.000000,848131.000000
308000,1,84838,0.800000,1.000000,0.628881,1.000000,0.000000,0,0.000000,307999.000000,1.000000,115102453100.000000,848131.000000
308000,2,84837,0.800000,1.000000,0.622433,1.000000,0.000000,0,0.000000,307986.000000,1.000000,115102453100.000000,848131.000000
308000,3,84838,0.800000,1.000000,0.657719,1.000000,0.000000,1,251022.000000,308000.000000,1.000000,115102453100.000000,848131.000000
308000,4,84839,0.800000,1.000000,0.556615,1.000000,0.000000,0,0.000000,307992.000000,1.000000,115102453100.000000,848131.000000
308000,5,84835,0.800000,1.000000,0.567240,1.000000,0.000000,0,0.000000,307943.000000,1.000000,115102453100.000000,848131.000000
308000,6,84827,0.800000,1.000000,0.521254,1.000000,0.000000,0,0.000000,307867.000000,1.000000,115102453100.000000,848131.000000
308000,7,84801,0.800000,1.000000,0.589361,1.000000,0.000000,0,0.000000,307672.000000,1.000000,115102453100.000000,848131.000000
308000,8,84838,0.800000,1.000000,0.686130,1.000000,0.000000,0,0.000000,307994.000000,1.000000,115102453100.000000,848131.000000
308000,9,84838,0.800000,1.000000,0.735177,1.000000,0.000000,0,0.000000,307998.000000,1.000000,115102453100.000000,848131.000000
308000,10,84836,0.800000,1.000000,0.648009,1.000000,0.000000,0,0.000000,307984.000000,1.000000,115102453100.000000,848131.000000
308000,11,84828,0.800000,1.000000,0.640396,1.000000,0.000000,0,0.000000,307521.000000,1.000000,115102453100.000000,848131.000000
308000,12,84838,0.800000,1.000000,0.622722,1.000000,0.000000,0,0.000000,307979.000000,1.000000,115102453100.000000,848131.000000
308000,13,84765,0.800000,1.000000,0.523074,1.000000,0.000000,0,0.000000,305329.000000,1.000000,115102453100.000000,848131.000000
308000,14,84775,0.800000,1.000000,0.501326,1.000000,0.000000,0,0.000000,307628.000000,1.000000,115102453100.000000,848131.000000
308000,15,84729,0.800000,1.000000,0.713946,1.000000,0.000000,0,0.000000,306958.000000,1.000000,115102453100.000000,848131.000000
309000,0,85109,0.800000,1.000000,0.575967,1.000000,0.000000,0,0.000000,308795.000000,1.000000,115858384301.000000,1021178.000000
309000,1,85036,0.800000,1.000000,0.585682,1.000000,0.000000,0,0.000000,308204.000000,1.000000,115858384301.000000,1021178.000000
309000,2,85113,0.800000,1.000000,0.697216,1.000000,0.000000,0,0.000000,308997.000000,1.000000,115858384301.000000,1021178.000000
309000,3,85111,0.800000,1.000000,0.628834,1.000000,0.000000,0,0.000000,308979.000000,1.000000,115858384301.000000,1021178.000000
309000,4,85110,0.800000,1.000000,0.721541,1.000000,0.000000,0,0.000000,308953.000000,1.000000,115858384301.000000,1021178.000000
309000,5,85068,0.800000,1.000000,0.642773,1.000000,0.000000,0,0.000000,308199.000000,1.000000,115858384301.000000,1021178.000000
309000,6,85038,0.800000,1.000000,0.781210,1.000000,0.000000,0,0.000000,308497.000000,1.000000,115858384301.000000,1021178.000000
309000,7,85113,0.800000,1.000000,0.646442,1.000000,0.000000,1,249674.000000,309000.000000,1.000000,115858384301.000000,1021178.000000
309000,8,85113,0.800000,1.000000,0.656464,1.000000,0.000000,0,0.000000,308999.000000,1.000000,115858384301.000000,1021178.000000
309000,9,85113,0.800000,1.000000,0.649951,1.000000,0.000000,0,0.000000,308996.000000,1.000000,115858384301.000000,1021178.000000
309000,10,85113,0.800000,1.000000,0.564717,1.000000,0.000000,0,0.000000,308968.000000,1.000000,115858384301.000000,1021178.000000
309000,11,85090,0.800000,1.000000,0.624590,1.000000,0.000000,0,0.000000,308653.000000,1.000000,115858384301.000000,1021178.000000
309000,12,85112,0.800000,1.000000,0.629722,1.000000,0.000000,0,0.000000,308835.000000,1.000000,115858384301.000000,1021178.000000
309000,13,85096,0.800000,1.000000,0.656481,1.000000,0.000000,0,0.000000,308826.000000,1.000000,115858384301.000000,1021178.000000
309000,14,85091,0.800000,1.000000,0.602756,1.000000,0.000000,0,0.000000,308790.000000,1.000000,115858384301.000000,1021178.000000
309000,15,85093,0.800000,1.000000,0.663990,1.000000,0.000000,0,0.000000,308929.000000,1.000000,115858384301.000000,1021178.000000
310000,0,85384,0.800000,1.000000,0.612794,1.000000,0.000000,0,0.000000,309956.000000,1.000000,116615091538.000000,1195113.000000
310000,1,85372,0.800000,1.000000,0.589736,1.000000,0.000000,0,0.000000,309876.000000,1.000000,116615091538.000000,1195113.000000
310000,2,85375,0.800000,1.000000,0.704666,1.000000,0.000000,0,0.000000,309789.000000,1.000000,116615091538.000000,1195113.000000
310000,3,85386,0.800000,1.000000,0.705908,1.000000,0.000000,0,0.000000,309996.000000,1.000000,116615091538.000000,1195113.000000
310000,4,85266,0.800000,1.000000,0.580411,1.000000,0.000000,0,0.000000,309158.000000,1.000000,116615091538.000000,1195113.000000
310000,5,85376,0.800000,1.000000,0.573060,1.000000,0.000000,0,0.000000,309950.000000,1.000000,116615091538.000000,1195113.000000
310000,6,85386,0.800000,1.000000,0.618901,1.000000,0.000000,1,258767.000000,310000.000000,1.000000,116615091538.000000,1195113.000000
310000,7,85383,0.800000,1.000000,0.551976,1.000000,0.000000,0,0.000000,309939.000000,1.000000,116615091538.000000,1195113.000000
310000,8,85378,0.800000,1.000000,0.652549,1.000000,0.000000,0,0.000000,309924.000000,1.000000,116615091538.000000,1195113.000000
310000,9,85375,0.800000,1.000000,0.580764,1.000000,0.000000,0,0.000000,309858.000000,1.000000,116615091538.000000,1195113.000000
310000,10,85370,0.800000,1.000000,0.655053,1.000000,0.000000,0,0.000000,309663.000000,1.000000,116615091538.000000,1195113.000000
310000,11,85387,0.800000,1.000000,0.640866,1.000000,0.000000,0,0.000000,309999.000000,1.000000,116615091538.000000,1195113.000000
310000,12,85361,0.800000,1.000000,0.641263,1.000000,0.000000,0,0.000000,309555.000000,1.000000,116615091538.000000,1195113.000000
310000,13,85387,0.800000,1.000000,0.684733,1.000000,0.000000,0,0.000000,309997.000000,1.000000,116615091538.000000,1195113.000000
310000,14,85386,0.800000,1.000000,0.664851,1.000000,0.000000,0,0.000000,309990.000000,1.000000,116615091538.000000,1195113.000000
310000,15,85386,0.800000,1.000000,0.570976,1.000000,0.000000,0,0.000000,309984.000000,1.000000,116615091538.000000,1195113.000000
311000,0,85641,0.800000,1.000000,0.753918,1.000000,0.000000,0,0.000000,310742.000000,1.000000,117427705445.000000,1199449.000000
311000,1,85685,0.800000,1.000000,0.560676,1.000000,0.000000,0,0.000000,310995.000000,1.000000,117427705445.000000,1199449.000000
311000,2,85686,0.800000,1.000000,0.725002,1.000000,0.000000,0,0.000000,310999.000000,1.000000,117427705445.000000,1199449.000000
311000,3,85663,0.800000,1.000000,0.656441,1.000000,0.000000,0,0.000000,310826.000000,1.000000,117427705445.000000,1199449.000000
311000,4,85634,0.800000,1.000000,0.680422,1.000000,0.000000,0,0.000000,309158.000000,1.000000,117427705445.000000,1199449.000000
311000,5,85672,0.800000,1.000000,0.589946,1.000000,0.000000,0,0.000000,310676.000000,1.000000,117427705445.000000,1199449.000000
311000,6,85686,0.800000,1.000000,0.539495,1.000000,0.000000,0,0.000000,310990.000000,1.000000,117427705445.000000,1199449.000000
311000,7,85686,0.800000,1.000000,0.611943,1.000000,0.000000,1,251101.000000,311000.000000,1.000000,117427705445.000000,1199449.000000
311000,8,85682,0.800000,1.000000,0.729422,1.000000,0.000000,0,0.000000,310704.000000,1.000000,117427705445.000000,1199449.000000
311000,9,85614,0.800000,1.000000,0.632342,1.000000,0.000000,0,0.000000,310484.000000,1.000000,117427705445.000000,1199449.000000
311000,10,85686,0.800000,1.000000,0.613240,1.000000,0.000000,0,0.000000,310980.000000,1.000000,117427705445.000000,1199449.000000
311000,11,85684,0.800000,1.000000,0.566878,1.000000,0.000000,0,0.000000,310965.000000,1.000000,117427705445.000000,1199449.000000
311000,12,85686,0.800000,1.000000,0.629599,1.000000,0.000000,0,0.000000,310992.000000,1.000000,117427705445.000000,1199449.000000
311000,13,85664,0.800000,1.000000,0.654400,1.000000,0.000000,0,0.000000,310102.000000,1.000000,117427705445.000000,1199449.000000
311000,14,85653,0.800000,1.000000,0.544473,1.000000,0.000000,0,0.000000,310091.000000,1.000000,117427705445.000000,1199449.000000
311000,15,85687,0.800000,1.000000,0.614986,1.000000,0.000000,0,0.000000,310947.000000,1.000000,117427705445.000000,1199449.000000
312000,0,85963,0.800000,1.000000,0.725672,1.000000,0.000000,1,255850.000000,312000.000000,1.000000,118135282314.000000,1031236.000000
312000,1,85962,0.800000,1.000000,0.842923,1.000000,0.000000,0,0.000000,311988.000000,1.000000,118135282314.000000,1031236.000000
312000,2,85947,0.800000,1.000000,0.595296,1.000000,0.000000,0,0.000000,311878.000000,1.000000,118135282314.000000,1031236.000000
312000,3,85663,0.800000,1.000000,0.656441,1.000000,0.000000,0,0.000000,310826.000000,1.000000,118135282314.000000,1031236.000000
312000,4,85962,0.800000,1.000000,0.736258,1.000000,0.000000,0,0.000000,311985.000000,1.000000,118135282314.000000,1031236.000000
312000,5,85951,0.800000,1.000000,0.662719,1.000000,0.000000,0,0.000000,311901.000000,1.000000,118135282314.000000,1031236.000000
312000,6,85959,0.800000,1.000000,0.651590,1.000000,0.000000,0,0.000000,311942.000000,1.000000,118135282314.000000,1031236.000000
312000,7,85959,0.800000,1.000000,0.667836,1.000000,0.000000,0,0.000000,311325.000000,1.000000,118135282314.000000,1031236.000000
312000,8,85932,0.800000,1.000000,0.610385,1.000000,0.000000,0,0.000000,311487.000000,1.000000,118135282314.000000,1031236.000000
312000,9,85828,0.800000,1.000000,0.625621,1.000000,0.000000,0,0.000000,310484.000000,1.000000,118135282314.000000,1031236.000000
312000,10,85899,0.800000,1.000000,0.775476,1.000000,0.000000,0,0.000000,311436.000000,1.000000,118135282314.000000,1031236.000000
312000,11,85964,0.800000,1.000000,0.706694,1.000000,0.000000,0,0.000000,311996.000000,1.000000,118135282314.000000,1031236.000000
312000,12,85955,0.800000,1.000000,0.610889,1.000000,0.000000,0,0.000000,311923.000000,1.000000,118135282314.000000,1031236.000000
312000,13,85964,0.800000,1.000000,0.581993,1.000000,0.000000,0,0.000000,311998.000000,1.000000,118135282314.000000,1031236.000000
312000,14,85963,0.800000,1.000000,0.620592,1.000000,0.000000,0,0.000000,311970.000000,1.000000,118135282314.000000,1031236.000000
312000,15,85961,0.800000,1.000000,0.617634,1.000000,0.000000,0,0.000000,311972.000000,1.000000,118135282314.000000,1031236.000000
313000,0,86147,0.800000,1.000000,0.508354,1.000000,0.000000,0,0.000000,312630.000000,1.000000,118855789503.000000,344956.000000
313000,1,86241,0.800000,1.000000,0.608194,1.000000,0.000000,0,0.000000,312994.000000,1.000000,118855789503.000000,344956.000000
313000,2,86230,0.800000,1.000000,0.664600,1.000000,0.000000,0,0.000000,312946.000000,1.000000,118855789503.000000,344956.000000
313000,3,85673,0.800000,1.000000,0.642091,1.000000,0.000000,0,0.000000,310826.000000,1.000000,118855789503.000000,344956.000000
313000,4,86240,0.800000,1.000000,0.601950,1.000000,0.000000,0,0.000000,312997.000000,1.000000,118855789503.000000,344956.000000
313000,5,86240,0.800000,1.000000,0.656759,1.000000,0.000000,0,0.000000,312940.000000,1.000000,118855789503.000000,344956.000000
313000,6,86154,0.800000,1.000000,0.538547,1.000000,0.000000,0,0.000000,312128.000000,1.000000,118855789503.000000,344956.000000
313000,7,86238,0.800000,1.000000,0.588319,1.000000,0.000000,0,0.000000,312908.000000,1.000000,118855789503.000000,344956.000000
313000,8,86240,0.800000,1.000000,0.643106,1.000000,0.000000,0,0.000000,312977.000000,1.000000,118855789503.000000,344956.000000
313000,9,86216,0.800000,1.000000,0.599951,1.000000,0.000000,0,0.000000,310484.000000,1.000000,118855789503.000000,344956.000000
313000,10,86217,0.800000,1.000000,0.648492,1.000000,0.000000,0,0.000000,311436.000000,1.000000,118855789503.000000,344956.000000
313000,11,86238,0.800000,1.000000,0.595634,1.000000,0.000000,0,0.000000,312979.000000,1.000000,118855789503.000000,344956.000000
313000,12,86228,0.800000,1.000000,0.707102,1.000000,0.000000,0,0.000000,312870.000000,1.000000,118855789503.000000,344956.000000
313000,13,86241,0.800000,1.000000,0.735785,1.000000,0.000000,1,255759.000000,313000.000000,1.000000,118855789503.000000,344956.000000
313000,14,86233,0.800000,1.000000,0.699653,1.000000,0.000000,0,0.000000,312843.000000,1.000000,118855789503.000000,344956.000000
313000,15,86241,0.800000,1.000000,0.611520,1.000000,0.000000,0,0.000000,312992.000000,1.000000,118855789503.000000,344956.000000
314000,0,86453,0.800000,1.000000,0.643221,1.000000,0.000000,0,0.000000,312630.000000,1.000000,119659079138.000000,345866.000000
314000,1,86508,0.800000,1.000000,0.530270,1.000000,0.000000,0,0.000000,313876.000000,1.000000,119659079138.000000,345866.000000
314000,2,86515,0.800000,1.000000,0.672665,1.000000,0.000000,0,0.000000,313984.000000,1.000000,119659079138.000000,345866.000000
314000,3,86097,0.800000,1.000000,0.689508,1.000000,0.000000,0,0.000000,310826.000000,1.000000,119659079138.000000,345866.000000
314000,4,86496,0.800000,1.000000,0.605653,1.000000,0.000000,0,0.000000,313185.000000,1.000000,119659079138.000000,345866.000000
314000,5,86519,0.800000,1.000000,0.505040,1.000000,0.000000,1,253607.000000,314000.000000,1.000000,119659079138.000000,345866.000000
314000,6,86468,0.800000,1.000000,0.676183,1.000000,0.000000,0,0.000000,312128.000000,1.000000,119659079138.000000,345866.000000
314000,7,86516,0.800000,1.000000,0.459327,1.000000,0.000000,0,0.000000,313929.000000,1.000000,119659079138.000000,345866.000000
314000,8,86481,0.800000,1.000000,0.594195,1.000000,0.000000,0,0.000000,313756.000000,1.000000,119659079138.000000,345866.000000
314000,9,86520,0.800000,1.000000,0.675960,1.000000,0.000000,0,0.000000,313998.000000,1.000000,119659079138.000000,345866.000000
314000,10,86518,0.800000,1.000000,0.594687,1.000000,0.000000,0,0.000000,313894.000000,1.000000,119659079138.000000,345866.000000
314000,11,86520,0.800000,1.000000,0.635085,1.000000,0.000000,0,0.000000,313994.000000,1.000000,119659079138.000000,345866.000000
314000,12,86520,0.800000,1.000000,0.811145,1.000000,0.000000,0,0.000000,313999.000000,1.000000,119659079138.000000,345866.000000
314000,13,86519,0.800000,1.000000,0.649787,1.000000,0.000000,0,0.000000,313995.000000,1.000000,119659079138.000000,345866.000000
314000,14,86502,0.800000,1.000000,0.588372,1.000000,0.000000,0,0.000000,313617.000000,1.000000,119659079138.000000,345866.000000
314000,15,86518,0.800000,1.000000,0.746910,1.000000,0.000000,0,0.000000,313989.000000,1.000000,119659079138.000000,345866.000000
315000,0,86746,0.800000,1.000000,0.597162,1.000000,0.000000,0,0.000000,312630.000000,1.000000,120374761360.000000,694024.000000
315000,1,86785,0.800000,1.000000,0.566820,1.000000,0.000000,0,0.000000,314996.000000,1.000000,120374761360.000000,694024.000000
315000,2,86767,0.800000,1.000000,0.745163,1.000000,0.000000,0,0.000000,314894.000000,1.000000,120374761360.000000,694024.000000
315000,3,86447,0.800000,1.000000,0.687905,1.000000,0.000000,0,0.000000,310826.000000,1.000000,120374761360.000000,694024.000000
315000,4,86773,0.800000,1.000000,0.746755,1.000000,0.000000,0,0.000000,314859.000000,1.000000,120374761360.000000,694024.000000
315000,5,86784,0.800000,1.000000,0.610073,1.000000,0.000000,0,0.000000,314991.000000,1.000000,120374761360.000000,694024.000000
315000,6,86780,0.800000,1.000000,0.615225,1.000000,0.000000,0,0.000000,314960.000000,1.000000,120374761360.000000,694024.000000
315000,7,86684,0.800000,1.000000,0.687149,1.000000,0.000000,0,0.000000,314598.000000,1.000000,120374761360.000000,694024.000000
315000,8,86704,0.800000,1.000000,0.506240,1.000000,0.000000,0,0.000000,314678.000000,1.000000,120374761360.000000,694024.000000
315000,9,86777,0.800000,1.000000,0.619679,1.000000,0.000000,0,0.000000,314834.000000,1.000000,120374761360.000000,694024.000000
315000,10,86785,0.800000,1.000000,0.765961,1.000000,0.000000,0,0.000000,314999.000000,1.000000,120374761360.000000,694024.000000
315000,11,86776,0.800000,1.000000,0.636439,1.000000,0.000000,0,0.000000,314964.000000,1.000000,120374761360.000000,694024.000000
315000,12,86758,0.800000,1.000000,0.695983,1.000000,0.000000,0,0.000000,314789.000000,1.000000,120374761360.000000,694024.000000
315000,13,86784,0.800000,1.000000,0.589538,1.000000,0.000000,0,0.000000,314976.000000,1.000000,120374761360.000000,694024.000000
315000,14,86785,0.800000,1.000000,0.698267,1.000000,0.000000,1,252971.000000,315000.000000,1.000000,120374761360.000000,694024.000000
315000,15,86667,0.800000,1.000000,0.629835,1.000000,0.000000,0,0.000000,313989.000000,1.000000,120374761360.000000,694024.000000
316000,0,87056,0.800000,1.000000,0.689593,1.000000,0.000000,1,259642.000000,316000.000000,1.000000,121140852265.000000,869681.000000
316000,1,87055,0.800000,1.000000,0.623824,1.000000,0.000000,0,0.000000,315995.000000,1.000000,121140852265.000000,869681.000000
316000,2,87052,0.800000,1.000000,0.529221,1.000000,0.000000,0,0.000000,315964.000000,1.000000,121140852265.000000,869681.000000
316000,3,86688,0.800000,1.000000,0.669661,1.000000,0.000000,0,0.000000,310826.000000,1.000000,121140852265.000000,869681.000000
316000,4,87016,0.800000,1.000000,0.603741,1.000000,0.000000,0,0.000000,315762.000000,1.000000,121140852265.000000,869681.000000
316000,5,87056,0.800000,1.000000,0.692768,1.000000,0.000000,0,0.000000,315997.000000,1.000000,121140852265.000000,869681.000000
316000,6,87055,0.800000,1.000000,0.637272,1.000000,0.000000,0,0.000000,315998.000000,1.000000,121140852265.000000,869681.000000
316000,7,87013,0.800000,1.000000,0.669904,1.000000,0.000000,0,0.000000,314598.000000,1.000000,121140852265.000000,869681.000000
316000,8,86987,0.800000,1.000000,0.417620,1.000000,0.000000,0,0.000000,314678.000000,1.000000,121140852265.000000,869681.000000
316000,9,87053,0.800000,1.000000,0.572870,1.000000,0.000000,0,0.000000,315920.000000,1.000000,121140852265.000000,869681.000000
316000,10,87055,0.800000,1.000000,0.604202,1.000000,0.000000,0,0.000000,315972.000000,1.000000,121140852265.000000,869681.000000
316000,11,87057,0.800000,1.000000,0.707352,1.000000,0.000000,0,0.000000,315945.000000,1.000000,121140852265.000000,869681.000000
316000,12,87056,0.800000,1.000000,0.688829,1.000000,0.000000,0,0.000000,315981.000000,1.000000,121140852265.000000,869681.000000
316000,13,87056,0.800000,1.000000,0.635628,1.000000,0.000000,0,0.000000,315999.000000,1.000000,121140852265.000000,869681.000000
316000,14,87045,0.800000,1.000000,0.550370,1.000000,0.000000,0,0.000000,315931.000000,1.000000,121140852265.000000,869681.000000
316000,15,86911,0.800000,1.000000,0.710540,1.000000,0.000000,0,0.000000,313989.000000,1.000000,121140852265.000000,869681.000000
317000,0,87331,0.800000,1.000000,0.593791,1.000000,0.000000,0,0.000000,316991.000000,1.000000,121939337244.000000,1047102.000000
317000,1,87313,0.800000,1.000000,0.651460,1.000000,0.000000,0,0.000000,316326.000000,1.000000,121939337244.000000,1047102.000000
317000,2,87313,0.800000,1.000000,0.650102,1.000000,0.000000,0,0.000000,316854.000000,1.000000,121939337244.000000,1047102.000000
317000,3,87024,0.800000,1.000000,0.673220,1.000000,0.000000,0,0.000000,310826.000000,1.000000,121939337244.000000,1047102.000000
317000,4,87330,0.800000,1.000000,0.668953,1.000000,0.000000,0,0.000000,316969.000000,1.000000,121939337244.000000,1047102.000000
317000,5,87328,0.800000,1.000000,0.477291,1.000000,0.000000,0,0.000000,316932.000000,1.000000,121939337244.000000,1047102.000000
317000,6,87325,0.800000,1.000000,0.673207,1.000000,0.000000,0,0.000000,316247.000000,1.000000,121939337244.000000,1047102.000000
317000,7,87323,0.800000,1.000000,0.601231,1.000000,0.000000,0,0.000000,316970.000000,1.000000,121939337244.000000,1047102.000000
317000,8,87331,0.800000,1.000000,0.601023,1.000000,0.000000,0,0.000000,316986.000000,1.000000,121939337244.000000,1047102.000000
317000,9,87320,0.800000,1.000000,0.686997,1.000000,0.000000,0,0.000000,316403.000000,1.000000,121939337244.000000,1047102.000000
317000,10,87330,0.800000,1.000000,0.653838,1.000000,0.000000,0,0.000000,316997.000000,1.000000,121939337244.000000,1047102.000000
317000,11,87332,0.800000,1.000000,0.544142,1.000000,0.000000,0,0.000000,316977.000000,1.000000,121939337244.000000,1047102.000000
317000,12,87331,0.800000,1.000000,0.719161,1.000000,0.000000,0,0.000000,316998.000000,1.000000,121939337244.000000,1047102.000000
317000,13,87319,0.800000,1.000000,0.706754,1.000000,0.000000,0,0.000000,316680.000000,1.000000,121939337244.000000,1047102.000000
317000,14,87332,0.800000,1.000000,0.723123,1.000000,0.000000,1,254149.000000,317000.000000,1.000000,121939337244.000000,1047102.000000
317000,15,87210,0.800000,1.000000,0.654841,1.000000,0.000000,0,0.000000,313989.000000,1.000000,121939337244.000000,1047102.000000
318000,0,87617,0.800000,1.000000,0.640053,1.000000,0.000000,0,0.000000,317978.000000,1.000000,122681125532.000000,700928.000000
318000,1,87616,0.800000,1.000000,0.615897,1.000000,0.000000,0,0.000000,317999.000000,1.000000,122681125532.000000,700928.000000
318000,2,87509,0.800000,1.000000,0.713717,1.000000,0.000000,0,0.000000,316854.000000,1.000000,122681125532.000000,700928.000000
318000,3,87351,0.800000,1.000000,0.561246,1.000000,0.000000,0,0.000000,310826.000000,1.000000,122681125532.000000,700928.000000
318000,4,87617,0.800000,1.000000,0.649251,1.000000,0.000000,0,0.000000,317973.000000,1.000000,122681125532.000000,700928.000000
318000,5,87549,0.800000,1.000000,0.606740,1.000000,0.000000,0,0.000000,317716.000000,1.000000,122681125532.000000,700928.000000
318000,6,87610,0.800000,1.000000,0.679502,1.000000,0.000000,0,0.000000,317964.000000,1.000000,122681125532.000000,700928.000000
318000,7,87614,0.800000,1.000000,0.688670,1.000000,0.000000,0,0.000000,317994.000000,1.000000,122681125532.000000,700928.000000
318000,8,87617,0.800000,1.000000,0.683981,1.000000,0.000000,0,0.000000,317998.000000,1.000000,122681125532.000000,700928.000000
318000,9,87594,0.800000,1.000000,0.578127,1.000000,0.000000,0,0.000000,317888.000000,1.000000,122681125532.000000,700928.000000
318000,10,87615,0.800000,1.000000,0.710431,1.000000,0.000000,0,0.000000,317986.000000,1.000000,122681125532.000000,700928.000000
318000,11,87617,0.800000,1.000000,0.643911,1.000000,0.000000,1,256677.000000,318000.000000,1.000000,122681125532.000000,700928.000000
318000,12,87606,0.800000,1.000000,0.703832,1.000000,0.000000,0,0.000000,317859.000000,1.000000,122681125532.000000,700928.000000
318000,13,87388,0.800000,1.000000,0.626458,1.000000,0.000000,0,0.000000,316680.000000,1.000000,122681125532.000000,700928.000000
318000,14,87608,0.800000,1.000000,0.570852,1.000000,0.000000,0,0.000000,317840.000000,1.000000,122681125532.000000,700928.000000
318000,15,87506,0.800000,1.000000,0.528591,1.000000,0.000000,0,0.000000,313989.000000,1.000000,122681125532.000000,700928.000000
319000,0,87883,0.800000,1.000000,0.591334,1.000000,0.000000,0,0.000000,318967.000000,1.000000,123474517047.000000,1230263.000000
319000,1,87890,0.800000,1.000000,0.740692,1.000000,0.000000,0,0.000000,318997.000000,1.000000,123474517047.000000,1230263.000000
319000,2,87808,0.800000,1.000000,0.511650,1.000000,0.000000,0,0.000000,316854.000000,1.000000,123474517047.000000,1230263.000000
319000,3,87582,0.800000,1.000000,0.500325,1.000000,0.000000,0,0.000000,310826.000000,1.000000,123474517047.000000,1230263.000000
319000,4,87891,0.800000,1.000000,0.709459,1.000000,0.000000,0,0.000000,318999.000000,1.000000,123474517047.000000,1230263.000000
319000,5,87891,0.800000,1.000000,0.561135,1.000000,0.000000,0,0.000000,318989.000000,1.000000,123474517047.000000,1230263.000000
319000,6,87823,0.800000,1.000000,0.613649,1.000000,0.000000,0,0.000000,318514.000000,1.000000,123474517047.000000,1230263.000000
319000,7,87891,0.800000,1.000000,0.543342,1.000000,0.000000,0,0.000000,318994.000000,1.000000,123474517047.000000,1230263.000000
319000,8,87874,0.800000,1.000000,0.634365,1.000000,0.000000,0,0.000000,318294.000000,1.000000,123474517047.000000,1230263.000000
319000,9,87891,0.800000,1.000000,0.598520,1.000000,0.000000,0,0.000000,318998.000000,1.000000,123474517047.000000,1230263.000000
319000,10,87889,0.800000,1.000000,0.774636,1.000000,0.000000,0,0.000000,318986.000000,1.000000,123474517047.000000,1230263.000000
319000,11,87887,0.800000,1.000000,0.549568,1.000000,0.000000,0,0.000000,318675.000000,1.000000,123474517047.000000,1230263.000000
319000,12,87885,0.800000,1.000000,0.666538,1.000000,0.000000,0,0.000000,318636.000000,1.000000,123474517047.000000,1230263.000000
319000,13,87704,0.800000,1.000000,0.636863,1.000000,0.000000,0,0.000000,316680.000000,1.000000,123474517047.000000,1230263.000000
319000,14,87877,0.800000,1.000000,0.543318,1.000000,0.000000,0,0.000000,318899.000000,1.000000,123474517047.000000,1230263.000000
319000,15,87891,0.800000,1.000000,0.687629,1.000000,0.000000,1,263199.000000,319000.000000,1.000000,123474517047.000000,1230263.000000
320000,0,88194,0.800000,1.000000,0.649172,1.000000,0.000000,0,0.000000,319994.000000,1.000000,124325156942.000000,1058310.000000
320000,1,88187,0.800000,1.000000,0.688199,1.000000,0.000000,0,0.000000,319960.000000,1.000000,124325156942.000000,1058310.000000
320000,2,88194,0.800000,1.000000,0.720572,1.000000,0.000000,0,0.000000,319997.000000,1.000000,124325156942.000000,1058310.000000
320000,3,87797,0.800000,1.000000,0.683572,1.000000,0.000000,0,0.000000,310826.000000,1.000000,124325156942.000000,1058310.000000
320000,4,88194,0.800000,1.000000,0.724458,1.000000,0.000000,0,0.000000,319971.000000,1.000000,124325156942.000000,1058310.000000
320000,5,88045,0.800000,1.000000,0.657003,1.000000,0.000000,0,0.000000,319430.000000,1.000000,124325156942.000000,1058310.000000
320000,6,88185,0.800000,1.000000,0.594465,1.000000,0.000000,0,0.000000,319945.000000,1.000000,124325156942.000000,1058310.000000
320000,7,88188,0.800000,1.000000,0.546677,1.000000,0.000000,0,0.000000,319978.000000,1.000000,124325156942.000000,1058310.000000
320000,8,88193,0.800000,1.000000,0.651339,1.000000,0.000000,0,0.000000,319995.000000,1.000000,124325156942.000000,1058310.000000
320000,9,88195,0.800000,1.000000,0.738026,1.000000,0.000000,0,0.000000,319998.000000,1.000000,124325156942.000000,1058310.000000
320000,10,88194,0.800000,1.000000,0.573248,1.000000,0.000000,0,0.000000,319999.000000,1.000000,124325156942.000000,1058310.000000
320000,11,88195,0.800000,1.000000,0.731667,1.000000,0.000000,0,0.000000,319993.000000,1.000000,124325156942.000000,1058310.000000
320000,12,88195,0.800000,1.000000,0.682731,1.000000,0.000000,1,254844.000000,320000.000000,1.000000,124325156942.000000,1058310.000000
320000,13,88098,0.800000,1.000000,0.613599,1.000000,0.000000,0,0.000000,316680.000000,1.000000,124325156942.000000,1058310.000000
320000,14,88143,0.800000,1.000000,0.612161,1.000000,0.000000,0,0.000000,319759.000000,1.000000,124325156942.000000,1058310.000000
320000,15,88193,0.800000,1.000000,0.606214,1.000000,0.000000,0,0.000000,319975.000000,1.000000,124325156942.000000,1058310.000000
321000,0,88475,0.800000,1.000000,0.554878,1.000000,0.000000,0,0.000000,320995.000000,1.000000,125121559312.000000,530635.000000
321000,1,88473,0.800000,1.000000,0.737849,1.000000,0.000000,0,0.000000,320978.000000,1.000000,125121559312.000000,530635.000000
321000,2,88468,0.800000,1.000000,0.676512,1.000000,0.000000,0,0.000000,320746.000000,1.000000,125121559312.000000,530635.000000
321000,3,88029,0.800000,1.000000,0.609462,1.000000,0.000000,0,0.000000,310826.000000,1.000000,125121559312.000000,530635.000000
321000,4,88460,0.800000,1.000000,0.573017,1.000000,0.000000,0,0.000000,320365.000000,1.000000,125121559312.000000,530635.000000
321000,5,88391,0.800000,1.000000,0.673331,1.000000,0.000000,0,0.000000,319430.000000,1.000000,125121559312.000000,530635.000000
321000,6,88475,0.800000,1.000000,0.715430,1.000000,0.000000,0,0.000000,320987.000000,1.000000,125121559312.000000,530635.000000
321000,7,88473,0.800000,1.000000,0.569148,1.000000,0.000000,0,0.000000,320972.000000,1.000000,125121559312.000000,530635.000000
321000,8,88467,0.800000,1.000000,0.577481,1.000000,0.000000,0,0.000000,320778.000000,1.000000,125121559312.000000,530635.000000
321000,9,88475,0.800000,1.000000,0.772966,1.000000,0.000000,0,0.000000,320999.000000,1.000000,125121559312.000000,530635.000000
321000,10,88471,0.800000,1.000000,0.593036,1.000000,0.000000,0,0.000000,320971.000000,1.000000,125121559312.000000,530635.000000
321000,11,88465,0.800000,1.000000,0.639990,1.000000,0.000000,0,0.000000,320864.000000,1.000000,125121559312.000000,530635.000000
321000,12,88467,0.800000,1.000000,0.632498,1.000000,0.000000,0,0.000000,320914.000000,1.000000,125121559312.000000,530635.000000
321000,13,88393,0.800000,1.000000,0.644930,1.000000,0.000000,0,0.000000,316680.000000,1.000000,125121559312.000000,530635.000000
321000,14,88442,0.800000,1.000000,0.636698,1.000000,0.000000,0,0.000000,319759.000000,1.000000,125121559312.000000,530635.000000
321000,15,88476,0.800000,1.000000,0.667935,1.000000,0.000000,1,264736.000000,321000.000000,1.000000,125121559312.000000,530635.000000
322000,0,88719,0.800000,1.000000,0.657112,1.000000,0.000000,0,0.000000,321835.000000,1.000000,125869695716.000000,354946.000000
322000,1,88742,0.800000,1.000000,0.617168,1.000000,0.000000,0,0.000000,321980.000000,1.000000,125869695716.000000,354946.000000
322000,2,88741,0.800000,1.000000,0.602610,1.000000,0.000000,0,0.000000,321994.000000,1.000000,125869695716.000000,354946.000000
322000,3,88394,0.800000,1.000000,0.809108,1.000000,0.000000,0,0.000000,310826.000000,1.000000,125869695716.000000,354946.000000
322000,4,88735,0.800000,1.000000,0.584274,1.000000,0.000000,0,0.000000,321903.000000,1.000000,125869695716.000000,354946.000000
322000,5,88742,0.800000,1.000000,0.668687,1.000000,0.000000,1,260338.000000,322000.000000,1.000000,125869695716.000000,354946.000000
322000,6,88739,0.800000,1.000000,0.520463,1.000000,0.000000,0,0.000000,321962.000000,1.000000,125869695716.000000,354946.000000
322000,7,88743,0.800000,1.000000,0.662368,1.000000,0.000000,0,0.000000,321999.000000,1.000000,125869695716.000000,354946.000000
322000,8,88731,0.800000,1.000000,0.596764,1.000000,0.000000,0,0.000000,321286.000000,1.000000,125869695716.000000,354946.000000
322000,9,88739,0.800000,1.000000,0.692679,1.000000,0.000000,0,0.000000,321611.000000,1.000000,125869695716.000000,354946.000000
322000,10,88536,0.800000,1.000000,0.615802,1.000000,0.000000,0,0.000000,320971.000000,1.000000,125869695716.000000,354946.000000
322000,11,88742,0.800000,1.000000,0.683955,1.000000,0.000000,0,0.000000,321998.000000,1.000000,125869695716.000000,354946.000000
322000,12,88723,0.800000,1.000000,0.674418,1.000000,0.000000,0,0.000000,321913.000000,1.000000,125869695716.000000,354946.000000
322000,13,88670,0.800000,1.000000,0.620835,1.000000,0.000000,0,0.000000,316680.000000,1.000000,125869695716.000000,354946.000000
322000,14,88688,0.800000,1.000000,0.647428,1.000000,0.000000,0,0.000000,321777.000000,1.000000,125869695716.000000,354946.000000
322000,15,88740,0.800000,1.000000,0.585880,1.000000,0.000000,0,0.000000,321944.000000,1.000000,125869695716.000000,354946.000000
323000,0,89008,0.800000,1.000000,0.667998,1.000000,0.000000,0,0.000000,322945.000000,1.000000,126608871192.000000,356016.000000
323000,1,89008,0.800000,1.000000,0.621603,1.000000,0.000000,0,0.000000,322994.000000,1.000000,126608871192.000000,356016.000000
323000,2,89007,0.800000,1.000000,0.557292,1.000000,0.000000,0,0.000000,322985.000000,1.000000,126608871192.000000,356016.000000
323000,3,88680,0.800000,1.000000,0.732911,1.000000,0.000000,0,0.000000,310826.000000,1.000000,126608871192.000000,356016.000000
323000,4,89009,0.800000,1.000000,0.598661,1.000000,0.000000,0,0.000000,322995.000000,1.000000,126608871192.000000,356016.000000
323000,5,89010,0.800000,1.000000,0.672745,1.000000,0.000000,0,0.000000,322972.000000,1.000000,126608871192.000000,356016.000000
323000,6,89010,0.800000,1.000000,0.495201,1.000000,0.000000,0,0.000000,322971.000000,1.000000,126608871192.000000,356016.000000
323000,7,88976,0.800000,1.000000,0.561568,1.000000,0.000000,0,0.000000,322634.000000,1.000000,126608871192.000000,356016.000000
323000,8,89010,0.800000,1.000000,0.684618,1.000000,0.000000,1,267554.000000,323000.000000,1.000000,126608871192.000000,356016.000000
323000,9,88995,0.800000,1.000000,0.590733,1.000000,0.000000,0,0.000000,322638.000000,1.000000,126608871192.000000,356016.000000
323000,10,88536,0.800000,1.000000,0.615802,1.000000,0.000000,0,0.000000,320971.000000,1.000000,126608871192.000000,356016.000000
323000,11,89010,0.800000,1.000000,0.600326,1.000000,0.000000,0,0.000000,322992.000000,1.000000,126608871192.000000,356016.000000
323000,12,88999,0.800000,1.000000,0.370393,1.000000,0.000000,0,0.000000,321913.000000,1.000000,126608871192.000000,356016.000000
323000,13,89010,0.800000,1.000000,0.612483,1.000000,0.000000,0,0.000000,322999.000000,1.000000,126608871192.000000,356016.000000
323000,14,89006,0.800000,1.000000,0.660266,1.000000,0.000000,0,0.000000,321777.000000,1.000000,126608871192.000000,356016.000000
323000,15,89010,0.800000,1.000000,0.596177,1.000000,0.000000,0,0.000000,322998.000000,1.000000,126608871192.000000,356016.000000
324000,0,89309,0.800000,1.000000,0.632996,1.000000,0.000000,0,0.000000,323991.000000,1.000000,127389613604.000000,714446.000000
324000,1,89307,0.800000,1.000000,0.633595,1.000000,0.000000,0,0.000000,323980.000000,1.000000,127389613604.000000,714446.000000
324000,2,89217,0.800000,1.000000,0.697967,1.000000,0.000000,0,0.000000,323410.000000,1.000000,127389613604.000000,714446.000000
324000,3,89038,0.800000,1.000000,0.698664,1.000000,0.000000,0,0.000000,310826.000000,1.000000,127389613604.000000,714446.000000
324000,4,89307,0.800000,1.000000,0.566013,1.000000,0.000000,0,0.000000,323981.000000,1.000000,127389613604.000000,714446.000000
324000,5,89265,0.800000,1.000000,0.586780,1.000000,0.000000,0,0.000000,323525.000000,1.000000,127389613604.000000,714446.000000
324000,6,89309,0.800000,1.000000,0.656274,1.000000,0.000000,1,268864.000000,324000.000000,1.000000,127389613604.000000,714446.000000
324000,7,89310,0.800000,1.000000,0.637744,1.000000,0.000000,0,0.000000,323987.000000,1.000000,127389613604.000000,714446.000000
324000,8,89309,0.800000,1.000000,0.672405,1.000000,0.000000,0,0.000000,323999.000000,1.000000,127389613604.000000,714446.000000
324000,9,89290,0.800000,1.000000,0.588807,1.000000,0.000000,0,0.000000,323762.000000,1.000000,127389613604.000000,714446.000000
324000,10,88536,0.800000,1.000000,0.615802,1.000000,0.000000,0,0.000000,320971.000000,1.000000,127389613604.000000,714446.000000
324000,11,89298,0.800000,1.000000,0.634260,1.000000,0.000000,0,0.000000,323774.000000,1.000000,127389613604.000000,714446.000000
324000,12,89296,0.800000,1.000000,0.593998,1.000000,0.000000,0,0.000000,323713.000000,1.000000,127389613604.000000,714446.000000
324000,13,89255,0.800000,1.000000,0.550931,1.000000,0.000000,0,0.000000,323740.000000,1.000000,127389613604.000000,714446.000000
324000,14,89308,0.800000,1.000000,0.533611,1.000000,0.000000,0,0.000000,323976.000000,1.000000,127389613604.000000,714446.000000
324000,15,89310,0.800000,1.000000,0.693458,1.000000,0.000000,0,0.000000,323997.000000,1.000000,127389613604.000000,714446.000000
325000,0,89574,0.800000,1.000000,0.753674,1.000000,0.000000,0,0.000000,324993.000000,1.000000,128125449501.000000,537443.000000
325000,1,89574,0.800000,1.000000,0.647156,1.000000,0.000000,0,0.000000,324998.000000,1.000000,128125449501.000000,537443.000000
325000,2,89568,0.800000,1.000000,0.661544,1.000000,0.000000,0,0.000000,324955.000000,1.000000,128125449501.000000,537443.000000
325000,3,89384,0.800000,1.000000,0.687470,1.000000,0.000000,0,0.000000,310826.000000,1.000000,128125449501.000000,537443.000000
325000,4,89571,0.800000,1.000000,0.611713,1.000000,0.000000,0,0.000000,324920.000000,1.000000,128125449501.000000,537443.000000
325000,5,89523,0.800000,1.000000,0.771131,1.000000,0.000000,0,0.000000,323525.000000,1.000000,128125449501.000000,537443.000000
325000,6,89576,0.800000,1.000000,0.705038,1.000000,0.000000,0,0.000000,324980.000000,1.000000,128125449501.000000,537443.000000
325000,7,89570,0.800000,1.000000,0.749633,1.000000,0.000000,0,0.000000,324792.000000,1.000000,128125449501.000000,537443.000000
325000,8,89575,0.800000,1.000000,0.601551,1.000000,0.000000,0,0.000000,324999.000000,1.000000,128125449501.000000,537443.000000
325000,9,89571,0.800000,1.000000,0.514258,1.000000,0.000000,0,0.000000,324950.000000,1.000000,128125449501.000000,537443.000000
325000,10,88536,0.800000,1.000000,0.615802,1.000000,0.000000,0,0.000000,320971.000000,1.000000,128125449501.000000,537443.000000
325000,11,89576,0.800000,1.000000,0.634696,1.000000,0.000000,0,0.000000,324957.000000,1.000000,128125449501.000000,537443.000000
325000,12,89576,0.800000,1.000000,0.741346,1.000000,0.000000,1,258934.000000,325000.000000,1.000000,128125449501.000000,537443.000000
325000,13,89462,0.800000,1.000000,0.577260,1.000000,0.000000,0,0.000000,323740.000000,1.000000,128125449501.000000,537443.000000
325000,14,89576,0.800000,1.000000,0.591112,1.000000,0.000000,0,0.000000,324996.000000,1.000000,128125449501.000000,537443.000000
325000,15,89567,0.800000,1.000000,0.723365,1.000000,0.000000,0,0.000000,324760.000000,1.000000,128125449501.000000,537443.000000
326000,0,89827,0.800000,1.000000,0.630078,1.000000,0.000000,0,0.000000,325961.000000,1.000000,128780268544.000000,897317.000000
326000,1,89829,0.800000,1.000000,0.695856,1.000000,0.000000,0,0.000000,325997.000000,1.000000,128780268544.000000,897317.000000
326000,2,89828,0.800000,1.000000,0.699656,1.000000,0.000000,0,0.000000,325964.000000,1.000000,128780268544.000000,897317.000000
326000,3,89572,0.800000,1.000000,0.623862,1.000000,0.000000,0,0.000000,310826.000000,1.000000,128780268544.000000,897317.000000
326000,4,89821,0.800000,1.000000,0.790019,1.000000,0.000000,0,0.000000,325355.000000,1.000000,128780268544.000000,897317.000000
326000,5,89647,0.800000,1.000000,0.579633,1.000000,0.000000,0,0.000000,323525.000000,1.000000,128780268544.000000,897317.000000
326000,6,89826,0.800000,1.000000,0.753195,1.000000,0.000000,0,0.000000,325981.000000,1.000000,128780268544.000000,897317.000000
326000,7,89826,0.800000,1.000000,0.756208,1.000000,0.000000,0,0.000000,325984.000000,1.000000,128780268544.000000,897317.000000
326000,8,89829,0.800000,1.000000,0.667890,1.000000,0.000000,0,0.000000,325999.000000,1.000000,128780268544.000000,897317.000000
326000,9,89829,0.800000,1.000000,0.686632,1.000000,0.000000,1,262977.000000,326000.000000,1.000000,128780268544.000000,897317.000000
326000,10,88536,0.800000,1.000000,0.615802,1.000000,0.000000,0,0.000000,320971.000000,1.000000,128780268544.000000,897317.000000
326000,11,89828,0.800000,1.000000,0.637655,1.000000,0.000000,0,0.000000,325993.000000,1.000000,128780268544.000000,897317.000000
326000,12,89821,0.800000,1.000000,0.614680,1.000000,0.000000,0,0.000000,325920.000000,1.000000,128780268544.000000,897317.000000
326000,13,89794,0.800000,1.000000,0.734830,1.000000,0.000000,0,0.000000,323740.000000,1.000000,128780268544.000000,897317.000000
326000,14,89819,0.800000,1.000000,0.695027,1.000000,0.000000,0,0.000000,325565.000000,1.000000,128780268544.000000,897317.000000
326000,15,89798,0.800000,1.000000,0.696524,1.000000,0.000000,0,0.000000,325111.000000,1.000000,128780268544.000000,897317.000000
327000,0,90110,0.800000,1.000000,0.693325,1.000000,0.000000,1,267108.000000,327000.000000,1.000000,129631877440.000000,540455.000000
327000,1,90079,0.800000,1.000000,0.625407,1.000000,0.000000,0,0.000000,326869.000000,1.000000,129631877440.000000,540455.000000
327000,2,90106,0.800000,1.000000,0.682059,1.000000,0.000000,0,0.000000,326971.000000,1.000000,129631877440.000000,540455.000000
327000,3,90010,0.800000,1.000000,0.551264,1.000000,0.000000,0,0.000000,310826.000000,1.000000,129631877440.000000,540455.000000
327000,4,90078,0.800000,1.000000,0.496003,1.000000,0.000000,0,0.000000,326714.000000,1.000000,129631877440.000000,540455.000000
327000,5,89982,0.800000,1.000000,0.582272,1.000000,0.000000,0,0.000000,323525.000000,1.000000,129631877440.000000,540455.000000
327000,6,90090,0.800000,1.000000,0.642714,1.000000,0.000000,0,0.000000,326797.000000,1.000000,129631877440.000000,540455.000000
327000,7,90088,0.800000,1.000000,0.701601,1.000000,0.000000,0,0.000000,326821.000000,1.000000,129631877440.000000,540455.000000
327000,8,90109,0.800000,1.000000,0.544700,1.000000,0.000000,0,0.000000,326988.000000,1.000000,129631877440.000000,540455.000000
327000,9,90093,0.800000,1.000000,0.563376,1.000000,0.000000,0,0.000000,326189.000000,1.000000,129631877440.000000,540455.000000
327000,10,88926,0.800000,1.000000,0.668325,1.000000,0.000000,0,0.000000,320971.000000,1.000000,129631877440.000000,540455.000000
327000,11,90110,0.800000,1.000000,0.617004,1.000000,0.000000,0,0.000000,326980.000000,1.000000,129631877440.000000,540455.000000
327000,12,90106,0.800000,1.000000,0.688475,1.000000,0.000000,0,0.000000,326985.000000,1.000000,129631877440.000000,540455.000000
327000,13,90063,0.800000,1.000000,0.539522,1.000000,0.000000,0,0.000000,326803.000000,1.000000,129631877440.000000,540455.000000
327000,14,90110,0.800000,1.000000,0.713660,1.000000,0.000000,0,0.000000,326996.000000,1.000000,129631877440.000000,540455.000000
327000,15,90110,0.800000,1.000000,0.656354,1.000000,0.000000,0,0.000000,326999.000000,1.000000,129631877440.000000,540455.000000
328000,0,90302,0.800000,1.000000,0.585831,1.000000,0.000000,0,0.000000,327642.000000,1.000000,130497059979.000000,539851.000000
328000,1,90395,0.800000,1.000000,0.666462,1.000000,0.000000,0,0.000000,327994.000000,1.000000,130497059979.000000,539851.000000
328000,2,90386,0.800000,1.000000,0.608987,1.000000,0.000000,0,0.000000,327924.000000,1.000000,130497059979.000000,539851.000000
328000,3,90395,0.800000,1.000000,0.630137,1.000000,0.000000,0,0.000000,327998.000000,1.000000,130497059979.000000,539851.000000
328000,4,90395,0.800000,1.000000,0.700242,1.000000,0.000000,1,267907.000000,328000.000000,1.000000,130497059979.000000,539851.000000
328000,5,90334,0.800000,1.000000,0.717372,1.000000,0.000000,0,0.000000,323525.000000,1.000000,130497059979.000000,539851.000000
328000,6,90386,0.800000,1.000000,0.608479,1.000000,0.000000,0,0.000000,327842.000000,1.000000,130497059979.000000,539851.000000
328000,7,90378,0.800000,1.000000,0.723024,1.000000,0.000000,0,0.000000,327941.000000,1.000000,130497059979.000000,539851.000000
328000,8,90393,0.800000,1.000000,0.647730,1.000000,0.000000,0,0.000000,327988.000000,1.000000,130497059979.000000,539851.000000
328000,9,90396,0.800000,1.000000,0.730613,1.000000,0.000000,0,0.000000,327995.000000,1.000000,130497059979.000000,539851.000000
328000,10,89301,0.800000,1.000000,0.650232,1.000000,0.000000,0,0.000000,320971.000000,1.000000,130497059979.000000,539851.000000
328000,11,90382,0.800000,1.000000,0.759636,1.000000,0.000000,0,0.000000,327531.000000,1.000000,130497059979.000000,539851.000000
328000,12,90375,0.800000,1.000000,0.677922,1.000000,0.000000,0,0.000000,327771.000000,1.000000,130497059979.000000,539851.000000
328000,13,90396,0.800000,1.000000,0.651391,1.000000,0.000000,0,0.000000,327999.000000,1.000000,130497059979.000000,539851.000000
328000,14,90374,0.800000,1.000000,0.620215,1.000000,0.000000,0,0.000000,327768.000000,1.000000,130497059979.000000,539851.000000
328000,15,90381,0.800000,1.000000,0.623298,1.000000,0.000000,0,0.000000,327885.000000,1.000000,130497059979.000000,539851.000000
329000,0,90684,0.800000,1.000000,0.718549,1.000000,0.000000,0,0.000000,328994.000000,1.000000,131342616061.000000,1269525.000000
329000,1,90683,0.800000,1.000000,0.629639,1.000000,0.000000,0,0.000000,328993.000000,1.000000,131342616061.000000,1269525.000000
329000,2,90682,0.800000,1.000000,0.587533,1.000000,0.000000,0,0.000000,328987.000000,1.000000,131342616061.000000,1269525.000000
329000,3,90684,0.800000,1.000000,0.716115,1.000000,0.000000,0,0.000000,328999.000000,1.000000,131342616061.000000,1269525.000000
329000,4,90680,0.800000,1.000000,0.604048,1.000000,0.000000,0,0.000000,328975.000000,1.000000,131342616061.000000,1269525.000000
329000,5,90530,0.800000,1.000000,0.637606,1.000000,0.000000,0,0.000000,323525.000000,1.000000,131342616061.000000,1269525.000000
329000,6,90683,0.800000,1.000000,0.681866,1.000000,0.000000,0,0.000000,328998.000000,1.000000,131342616061.000000,1269525.000000
329000,7,90677,0.800000,1.000000,0.667839,1.000000,0.000000,0,0.000000,328426.000000,1.000000,131342616061.000000,1269525.000000
329000,8,90674,0.800000,1.000000,0.628777,1.000000,0.000000,0,0.000000,328895.000000,1.000000,131342616061.000000,1269525.000000
329000,9,90684,0.800000,1.000000,0.687439,1.000000,0.000000,1,265549.000000,329000.000000,1.000000,131342616061.000000,1269525.000000
329000,10,89614,0.800000,1.000000,0.578679,1.000000,0.000000,0,0.000000,320971.000000,1.000000,131342616061.000000,1269525.000000
329000,11,90654,0.800000,1.000000,0.700044,1.000000,0.000000,0,0.000000,328424.000000,1.000000,131342616061.000000,1269525.000000
329000,12,90685,0.800000,1.000000,0.697675,1.000000,0.000000,0,0.000000,328969.000000,1.000000,131342616061.000000,1269525.000000
329000,13,90684,0.800000,1.000000,0.604253,1.000000,0.000000,0,0.000000,328970.000000,1.000000,131342616061.000000,1269525.000000
329000,14,90663,0.800000,1.000000,0.652368,1.000000,0.000000,0,0.000000,328691.000000,1.000000,131342616061.000000,1269525.000000
329000,15,90682,0.800000,1.000000,0.724608,1.000000,0.000000,0,0.000000,328979.000000,1.000000,131342616061.000000,1269525.000000
330000,0,90768,0.800000,1.000000,0.566953,1.000000,0.000000,0,0.000000,329157.000000,1.000000,132110281750.000000,1089702.000000
330000,1,90978,0.800000,1.000000,0.736069,1.000000,0.000000,0,0.000000,329998.000000,1.000000,132110281750.000000,1089702.000000
330000,2,90889,0.800000,1.000000,0.532655,1.000000,0.000000,0,0.000000,329396.000000,1.000000,132110281750.000000,1089702.000000
330000,3,90978,0.800000,1.000000,0.693333,1.000000,0.000000,0,0.000000,329957.000000,1.000000,132110281750.000000,1089702.000000
330000,4,90977,0.800000,1.000000,0.642441,1.000000,0.000000,0,0.000000,329999.000000,1.000000,132110281750.000000,1089702.000000
330000,5,90712,0.800000,1.000000,0.542329,1.000000,0.000000,0,0.000000,323525.000000,1.000000,132110281750.000000,1089702.000000
330000,6,90977,0.800000,1.000000,0.652833,1.000000,0.000000,0,0.000000,329995.000000,1.000000,132110281750.000000,1089702.000000
330000,7,90978,0.800000,1.000000,0.768322,1.000000,0.000000,1,265744.000000,330000.000000,1.000000,132110281750.000000,1089702.000000
330000,8,90966,0.800000,1.000000,0.732952,1.000000,0.000000,0,0.000000,328895.000000,1.000000,132110281750.000000,1089702.000000
330000,9,90975,0.800000,1.000000,0.563945,1.000000,0.000000,0,0.000000,329922.000000,1.000000,132110281750.000000,1089702.000000
330000,10,89987,0.800000,1.000000,0.651714,1.000000,0.000000,0,0.000000,320971.000000,1.000000,132110281750.000000,1089702.000000
330000,11,90830,0.800000,1.000000,0.576047,1.000000,0.000000,0,0.000000,328424.000000,1.000000,132110281750.000000,1089702.000000
330000,12,90962,0.800000,1.000000,0.725868,1.000000,0.000000,0,0.000000,329226.000000,1.000000,132110281750.000000,1089702.000000
330000,13,90952,0.800000,1.000000,0.450675,1.000000,0.000000,0,0.000000,329814.000000,1.000000,132110281750.000000,1089702.000000
330000,14,90977,0.800000,1.000000,0.667718,1.000000,0.000000,0,0.000000,329990.000000,1.000000,132110281750.000000,1089702.000000
330000,15,90968,0.800000,1.000000,0.657235,1.000000,0.000000,0,0.000000,329909.000000,1.000000,132110281750.000000,1089702.000000
331000,0,91053,0.800000,1.000000,0.794078,1.000000,0.000000,0,0.000000,329157.000000,1.000000,132893581715.000000,911823.000000
331000,1,91200,0.800000,1.000000,0.587135,1.000000,0.000000,0,0.000000,330748.000000,1.000000,132893581715.000000,911823.000000
331000,2,91107,0.800000,1.000000,0.589743,1.000000,0.000000,0,0.000000,329396.000000,1.000000,132893581715.000000,911823.000000
331000,3,91222,0.800000,1.000000,0.479463,1.000000,0.000000,0,0.000000,330954.000000,1.000000,132893581715.000000,911823.000000
331000,4,91226,0.800000,1.000000,0.680655,1.000000,0.000000,0,0.000000,330999.000000,1.000000,132893581715.000000,911823.000000
331000,5,91087,0.800000,1.000000,0.666057,1.000000,0.000000,0,0.000000,323525.000000,1.000000,132893581715.000000,911823.000000
331000,6,91225,0.800000,1.000000,0.702272,1.000000,0.000000,0,0.000000,330990.000000,1.000000,132893581715.000000,911823.000000
331000,7,91226,0.800000,1.000000,0.608072,1.000000,0.000000,0,0.000000,330997.000000,1.000000,132893581715.000000,911823.000000
331000,8,91221,0.800000,1.000000,0.637572,1.000000,0.000000,0,0.000000,330901.000000,1.000000,132893581715.000000,911823.000000
331000,9,91226,0.800000,1.000000,0.644879,1.000000,0.000000,0,0.000000,330984.000000,1.000000,132893581715.000000,911823.000000
331000,10,90350,0.800000,1.000000,0.643559,1.000000,0.000000,0,0.000000,320971.000000,1.000000,132893581715.000000,911823.000000
331000,11,91172,0.800000,1.000000,0.613901,1.000000,0.000000,0,0.000000,328424.000000,1.000000,132893581715.000000,911823.000000
331000,12,91186,0.800000,1.000000,0.692566,1.000000,0.000000,0,0.000000,330180.000000,1.000000,132893581715.000000,911823.000000
331000,13,91225,0.800000,1.000000,0.632206,1.000000,0.000000,0,0.000000,330957.000000,1.000000,132893581715.000000,911823.000000
331000,14,91226,0.800000,1.000000,0.584769,1.000000,0.000000,1,265781.000000,331000.000000,1.000000,132893581715.000000,911823.000000
331000,15,91227,0.800000,1.000000,0.691958,1.000000,0.000000,0,0.000000,330998.000000,1.000000,132893581715.000000,911823.000000
332000,0,91402,0.800000,1.000000,0.635472,1.000000,0.000000,0,0.000000,329157.000000,1.000000,133716731059.000000,548885.000000
332000,1,91463,0.800000,1.000000,0.597203,1.000000,0.000000,0,0.000000,330748.000000,1.000000,133716731059.000000,548885.000000
332000,2,91482,0.800000,1.000000,0.593159,1.000000,0.000000,0,0.000000,331907.000000,1.000000,133716731059.000000,548885.000000
332000,3,91486,0.800000,1.000000,0.655294,1.000000,0.000000,0,0.000000,331999.000000,1.000000,133716731059.000000,548885.000000
332000,4,91484,0.800000,1.000000,0.670934,1.000000,0.000000,0,0.000000,331980.000000,1.000000,133716731059.000000,548885.000000
332000,5,91434,0.800000,1.000000,0.596645,1.000000,0.000000,0,0.000000,323525.000000,1.000000,133716731059.000000,548885.000000
332000,6,91412,0.800000,1.000000,0.553061,1.000000,0.000000,0,0.000000,331634.000000,1.000000,133716731059.000000,548885.000000
332000,7,91478,0.800000,1.000000,0.629925,1.000000,0.000000,0,0.000000,331914.000000,1.000000,133716731059.000000,548885.000000
332000,8,91475,0.800000,1.000000,0.756209,1.000000,0.000000,0,0.000000,331567.000000,1.000000,133716731059.000000,548885.000000
332000,9,91430,0.800000,1.000000,0.519235,1.000000,0.000000,0,0.000000,331597.000000,1.000000,133716731059.000000,548885.000000
332000,10,90717,0.800000,1.000000,0.544412,1.000000,0.000000,0,0.000000,320971.000000,1.000000,133716731059.000000,548885.000000
332000,11,91486,0.800000,1.000000,0.610360,1.000000,0.000000,1,268218.000000,332000.000000,1.000000,133716731059.000000,548885.000000
332000,12,91487,0.800000,1.000000,0.644945,1.000000,0.000000,0,0.000000,331993.000000,1.000000,133716731059.000000,548885.000000
332000,13,91483,0.800000,1.000000,0.651962,1.000000,0.000000,0,0.000000,331984.000000,1.000000,133716731059.000000,548885.000000
332000,14,91487,0.800000,1.000000,0.768323,1.000000,0.000000,0,0.000000,331997.000000,1.000000,133716731059.000000,548885.000000
332000,15,91483,0.800000,1.000000,0.603114,1.000000,0.000000,0,0.000000,331697.000000,1.000000,133716731059.000000,548885.000000
333000,0,91732,0.800000,1.000000,0.712279,1.000000,0.000000,0,0.000000,329157.000000,1.000000,134570326903.000000,916237.000000
333000,1,91762,0.800000,1.000000,0.727289,1.000000,0.000000,0,0.000000,332966.000000,1.000000,134570326903.000000,916237.000000
333000,2,91755,0.800000,1.000000,0.733352,1.000000,0.000000,0,0.000000,332974.000000,1.000000,134570326903.000000,916237.000000
333000,3,91762,0.800000,1.000000,0.703831,1.000000,0.000000,0,0.000000,332965.000000,1.000000,134570326903.000000,916237.000000
333000,4,91760,0.800000,1.000000,0.651788,1.000000,0.000000,0,0.000000,332985.000000,1.000000,134570326903.000000,916237.000000
333000,5,91762,0.800000,1.000000,0.670242,1.000000,0.000000,0,0.000000,332999.000000,1.000000,134570326903.000000,916237.000000
333000,6,91721,0.800000,1.000000,0.621367,1.000000,0.000000,0,0.000000,331634.000000,1.000000,134570326903.000000,916237.000000
333000,7,91704,0.800000,1.000000,0.556910,1.000000,0.000000,0,0.000000,332690.000000,1.000000,134570326903.000000,916237.000000
333000,8,91731,0.800000,1.000000,0.702931,1.000000,0.000000,0,0.000000,332679.000000,1.000000,134570326903.000000,916237.000000
333000,9,91763,0.800000,1.000000,0.883111,1.000000,0.000000,0,0.000000,332994.000000,1.000000,134570326903.000000,916237.000000
333000,10,91107,0.800000,1.000000,0.691912,1.000000,0.000000,0,0.000000,320971.000000,1.000000,134570326903.000000,916237.000000
333000,11,91763,0.800000,1.000000,0.619168,1.000000,0.000000,0,0.000000,332993.000000,1.000000,134570326903.000000,916237.000000
333000,12,91763,0.800000,1.000000,0.705128,1.000000,0.000000,1,264843.000000,333000.000000,1.000000,134570326903.000000,916237.000000
333000,13,91764,0.800000,1.000000,0.548751,1.000000,0.000000,0,0.000000,332996.000000,1.000000,134570326903.000000,916237.000000
333000,14,91746,0.800000,1.000000,0.555300,1.000000,0.000000,0,0.000000,332847.000000,1.000000,134570326903.000000,916237.000000
333000,15,91756,0.800000,1.000000,0.637295,1.000000,0.000000,0,0.000000,332721.000000,1.000000,134570326903.000000,916237.000000
334000,0,92037,0.800000,1.000000,0.604739,1.000000,0.000000,0,0.000000,333940.000000,1.000000,135411587681.000000,1103282.000000
334000,1,92044,0.800000,1.000000,0.695455,1.000000,0.000000,0,0.000000,333997.000000,1.000000,135411587681.000000,1103282.000000
334000,2,92044,0.800000,1.000000,0.656169,1.000000,0.000000,0,0.000000,333999.000000,1.000000,135411587681.000000,1103282.000000
334000,3,92022,0.800000,1.000000,0.549262,1.000000,0.000000,0,0.000000,333724.000000,1.000000,135411587681.000000,1103282.000000
334000,4,92045,0.800000,1.000000,0.756588,1.000000,0.000000,0,0.000000,333988.000000,1.000000,135411587681.000000,1103282.000000
334000,5,92045,0.800000,1.000000,0.722849,1.000000,0.000000,1,271554.000000,334000.000000,1.000000,135411587681.000000,1103282.000000
334000,6,91985,0.800000,1.000000,0.584565,1.000000,0.000000,0,0.000000,333423.000000,1.000000,135411587681.000000,1103282.000000
334000,7,92018,0.800000,1.000000,0.660487,1.000000,0.000000,0,0.000000,332690.000000,1.000000,135411587681.000000,1103282.000000
334000,8,92010,0.800000,1.000000,0.534428,1.000000,0.000000,0,0.000000,332679.000000,1.000000,135411587681.000000,1103282.000000
334000,9,92021,0.800000,1.000000,0.567695,1.000000,0.000000,0,0.000000,333755.000000,1.000000,135411587681.000000,1103282.000000
334000,10,91485,0.800000,1.000000,0.520370,1.000000,0.000000,0,0.000000,320971.000000,1.000000,135411587681.000000,1103282.000000
334000,11,92045,0.800000,1.000000,0.686755,1.000000,0.000000,0,0.000000,333998.000000,1.000000,135411587681.000000,1103282.000000
334000,12,92040,0.800000,1.000000,0.627403,1.000000,0.000000,0,0.000000,333979.000000,1.000000,135411587681.000000,1103282.000000
334000,13,92046,0.800000,1.000000,0.594762,1.000000,0.000000,0,0.000000,333993.000000,1.000000,135411587681.000000,1103282.000000
334000,14,92043,0.800000,1.000000,0.659482,1.000000,0.000000,0,0.000000,333982.000000,1.000000,135411587681.000000,1103282.000000
334000,15,92001,0.800000,1.000000,0.611637,1.000000,0.000000,0,0.000000,333327.000000,1.000000,135411587681.000000,1103282.000000
335000,0,92323,0.800000,1.000000,0.636220,1.000000,0.000000,0,0.000000,334978.000000,1.000000,136282305458.000000,369296.000000
335000,1,92328,0.800000,1.000000,0.686876,1.000000,0.000000,0,0.000000,334998.000000,1.000000,136282305458.000000,369296.000000
335000,2,92319,0.800000,1.000000,0.657303,1.000000,0.000000,0,0.000000,334976.000000,1.000000,136282305458.000000,369296.000000
335000,3,92328,0.800000,1.000000,0.651467,1.000000,0.000000,0,0.000000,334999.000000,1.000000,136282305458.000000,369296.000000
335000,4,92327,0.800000,1.000000,0.671830,1.000000,0.000000,0,0.000000,334997.000000,1.000000,136282305458.000000,369296.000000
335000,5,92322,0.800000,1.000000,0.624438,1.000000,0.000000,0,0.000000,334944.000000,1.000000,136282305458.000000,369296.000000
335000,6,92310,0.800000,1.000000,0.636114,1.000000,0.000000,0,0.000000,333423.000000,1.000000,136282305458.000000,369296.000000
335000,7,92326,0.800000,1.000000,0.619836,1.000000,0.000000,0,0.000000,334909.000000,1.000000,136282305458.000000,369296.000000
335000,8,92328,0.800000,1.000000,0.684498,1.000000,0.000000,0,0.000000,334994.000000,1.000000,136282305458.000000,369296.000000
335000,9,92328,0.800000,1.000000,0.712554,1.000000,0.000000,0,0.000000,334986.000000,1.000000,136282305458.000000,369296.000000
335000,10,91811,0.800000,1.000000,0.601595,1.000000,0.000000,0,0.000000,320971.000000,1.000000,136282305458.000000,369296.000000
335000,11,92319,0.800000,1.000000,0.559062,1.000000,0.000000,0,0.000000,334846.000000,1.000000,136282305458.000000,369296.000000
335000,12,92328,0.800000,1.000000,0.613602,1.000000,0.000000,1,266255.000000,335000.000000,1.000000,136282305458.000000,369296.000000
335000,13,92328,0.800000,1.000000,0.639887,1.000000,0.000000,0,0.000000,334991.000000,1.000000,136282305458.000000,369296.000000
335000,14,92303,0.800000,1.000000,0.623653,1.000000,0.000000,0,0.000000,334922.000000,1.000000,136282305458.000000,369296.000000
335000,15,92328,0.800000,1.000000,0.524875,1.000000,0.000000,0,0.000000,333327.000000,1.000000,136282305458.000000,369296.000000
336000,0,92609,0.800000,1.000000,0.742052,1.000000,0.000000,1,275507.000000,336000.000000,1.000000,137030744351.000000,926029.000000
336000,1,92606,0.800000,1.000000,0.723408,1.000000,0.000000,0,0.000000,335984.000000,1.000000,137030744351.000000,926029.000000
336000,2,92408,0.800000,1.000000,0.720519,1.000000,0.000000,0,0.000000,334976.000000,1.000000,137030744351.000000,926029.000000
336000,3,92609,0.800000,1.000000,0.621140,1.000000,0.000000,0,0.000000,335992.000000,1.000000,137030744351.000000,926029.000000
336000,4,92592,0.800000,1.000000,0.742563,1.000000,0.000000,0,0.000000,335808.000000,1.000000,137030744351.000000,926029.000000
336000,5,92606,0.800000,1.000000,0.739400,1.000000,0.000000,0,0.000000,335982.000000,1.000000,137030744351.000000,926029.000000
336000,6,92607,0.800000,1.000000,0.624476,1.000000,0.000000,0,0.000000,335936.000000,1.000000,137030744351.000000,926029.000000
336000,7,92607,0.800000,1.000000,0.680976,1.000000,0.000000,0,0.000000,335995.000000,1.000000,137030744351.000000,926029.000000
336000,8,92610,0.800000,1.000000,0.797699,1.000000,0.000000,0,0.000000,335998.000000,1.000000,137030744351.000000,926029.000000
336000,9,92607,0.800000,1.000000,0.659078,1.000000,0.000000,0,0.000000,335884.000000,1.000000,137030744351.000000,926029.000000
336000,10,92139,0.800000,1.000000,0.619425,1.000000,0.000000,0,0.000000,320971.000000,1.000000,137030744351.000000,926029.000000
336000,11,92601,0.800000,1.000000,0.575113,1.000000,0.000000,0,0.000000,335929.000000,1.000000,137030744351.000000,926029.000000
336000,12,92589,0.800000,1.000000,0.584378,1.000000,0.000000,0,0.000000,335362.000000,1.000000,137030744351.000000,926029.000000
336000,13,92609,0.800000,1.000000,0.621749,1.000000,0.000000,0,0.000000,335999.000000,1.000000,137030744351.000000,926029.000000
336000,14,92303,0.800000,1.000000,0.623653,1.000000,0.000000,0,0.000000,334922.000000,1.000000,137030744351.000000,926029.000000
336000,15,92603,0.800000,1.000000,0.537866,1.000000,0.000000,0,0.000000,335954.000000,1.000000,137030744351.000000,926029.000000
337000,0,92874,0.800000,1.000000,0.722134,1.000000,0.000000,1,276169.000000,337000.000000,1.000000,137794106149.000000,1113700.000000
337000,1,92870,0.800000,1.000000,0.500477,1.000000,0.000000,0,0.000000,336954.000000,1.000000,137794106149.000000,1113700.000000
337000,2,92751,0.800000,1.000000,0.777643,1.000000,0.000000,0,0.000000,334976.000000,1.000000,137794106149.000000,1113700.000000
337000,3,92854,0.800000,1.000000,0.605603,1.000000,0.000000,0,0.000000,336465.000000,1.000000,137794106149.000000,1113700.000000
337000,4,92813,0.800000,1.000000,0.725946,1.000000,0.000000,0,0.000000,336681.000000,1.000000,137794106149.000000,1113700.000000
337000,5,92874,0.800000,1.000000,0.603340,1.000000,0.000000,0,0.000000,336972.000000,1.000000,137794106149.000000,1113700.000000
337000,6,92872,0.800000,1.000000,0.541393,1.000000,0.000000,0,0.000000,336991.000000,1.000000,137794106149.000000,1113700.000000
337000,7,92868,0.800000,1.000000,0.641492,1.000000,0.000000,0,0.000000,336931.000000,1.000000,137794106149.000000,1113700.000000
337000,8,92873,0.800000,1.000000,0.633890,1.000000,0.000000,0,0.000000,336986.000000,1.000000,137794106149.000000,1113700.000000
337000,9,92875,0.800000,1.000000,0.745170,1.000000,0.000000,0,0.000000,336998.000000,1.000000,137794106149.000000,1113700.000000
337000,10,92505,0.800000,1.000000,0.657220,1.000000,0.000000,0,0.000000,320971.000000,1.000000,137794106149.000000,1113700.000000
337000,11,92867,0.800000,1.000000,0.618013,1.000000,0.000000,0,0.000000,336978.000000,1.000000,137794106149.000000,1113700.000000
337000,12,92875,0.800000,1.000000,0.688370,1.000000,0.000000,0,0.000000,336999.000000,1.000000,137794106149.000000,1113700.000000
337000,13,92875,0.800000,1.000000,0.592756,1.000000,0.000000,0,0.000000,336956.000000,1.000000,137794106149.000000,1113700.000000
337000,14,92303,0.800000,1.000000,0.623653,1.000000,0.000000,0,0.000000,334922.000000,1.000000,137794106149.000000,1113700.000000
337000,15,92874,0.800000,1.000000,0.736645,1.000000,0.000000,0,0.000000,336995.000000,1.000000,137794106149.000000,1113700.000000
338000,0,93169,0.800000,1.000000,0.685852,1.000000,0.000000,1,276883.000000,338000.000000,1.000000,138612756679.000000,1675695.000000
338000,1,93169,0.800000,1.000000,0.697907,1.000000,0.000000,0,0.000000,337994.000000,1.000000,138612756679.000000,1675695.000000
338000,2,93114,0.800000,1.000000,0.731506,1.000000,0.000000,0,0.000000,334976.000000,1.000000,138612756679.000000,1675695.000000
338000,3,93169,0.800000,1.000000,0.577937,1.000000,0.000000,0,0.000000,337989.000000,1.000000,138612756679.000000,1675695.000000
338000,4,93001,0.800000,1.000000,0.726906,1.000000,0.000000,0,0.000000,336681.000000,1.000000,138612756679.000000,1675695.000000
338000,5,93166,0.800000,1.000000,0.723735,1.000000,0.000000,0,0.000000,337990.000000,1.000000,138612756679.000000,1675695.000000
338000,6,92911,0.800000,1.000000,0.746814,1.000000,0.000000,0,0.000000,337077.000000,1.000000,138612756679.000000,1675695.000000
338000,7,93169,0.800000,1.000000,0.697892,1.000000,0.000000,0,0.000000,337997.000000,1.000000,138612756679.000000,1675695.000000
338000,8,93166,0.800000,1.000000,0.674928,1.000000,0.000000,0,0.000000,337954.000000,1.000000,138612756679.000000,1675695.000000
338000,9,93170,0.800000,1.000000,0.635459,1.000000,0.000000,0,0.000000,337995.000000,1.000000,138612756679.000000,1675695.000000
338000,10,92828,0.800000,1.000000,0.609347,1.000000,0.000000,0,0.000000,320971.000000,1.000000,138612756679.000000,1675695.000000
338000,11,93170,0.800000,1.000000,0.659524,1.000000,0.000000,0,0.000000,337992.000000,1.000000,138612756679.000000,1675695.000000
338000,12,93156,0.800000,1.000000,0.563581,1.000000,0.000000,0,0.000000,337938.000000,1.000000,138612756679.000000,1675695.000000
338000,13,93131,0.800000,1.000000,0.474587,1.000000,0.000000,0,0.000000,337851.000000,1.000000,138612756679.000000,1675695.000000
338000,14,92568,0.800000,1.000000,0.619572,1.000000,0.000000,0,0.000000,334922.000000,1.000000,138612756679.000000,1675695.000000
338000,15,93170,0.800000,1.000000,0.740303,1.000000,0.000000,0,0.000000,337999.000000,1.000000,138612756679.000000,1675695.000000
339000,0,93442,0.800000,1.000000,0.501411,1.000000,0.000000,0,0.000000,338979.000000,1.000000,139405246424.000000,1121226.000000
339000,1,93447,0.800000,1.000000,0.732422,1.000000,0.000000,1,272642.000000,339000.000000,1.000000,139405246424.000000,1121226.000000
339000,2,93440,0.800000,1.000000,0.578149,1.000000,0.000000,0,0.000000,338986.000000,1.000000,139405246424.000000,1121226.000000
339000,3,93447,0.800000,1.000000,0.701844,1.000000,0.000000,0,0.000000,338998.000000,1.000000,139405246424.000000,1121226.000000
339000,4,93337,0.800000,1.000000,0.653214,1.000000,0.000000,0,0.000000,336681.000000,1.000000,139405246424.000000,1121226.000000
339000,5,93313,0.800000,1.000000,0.601227,1.000000,0.000000,0,0.000000,338486.000000,1.000000,139405246424.000000,1121226.000000
339000,6,92911,0.800000,1.000000,0.746814,1.000000,0.000000,0,0.000000,337077.000000,1.000000,139405246424.000000,1121226.000000
339000,7,93389,0.800000,1.000000,0.545045,1.000000,0.000000,0,0.000000,338669.000000,1.000000,139405246424.000000,1121226.000000
339000,8,93448,0.800000,1.000000,0.691453,1.000000,0.000000,0,0.000000,338989.000000,1.000000,139405246424.000000,1121226.000000
339000,9,93447,0.800000,1.000000,0.815573,1.000000,0.000000,0,0.000000,338999.000000,1.000000,139405246424.000000,1121226.000000
339000,10,93176,0.800000,1.000000,0.629270,1.000000,0.000000,0,0.000000,320971.000000,1.000000,139405246424.000000,1121226.000000
339000,11,93447,0.800000,1.000000,0.654072,1.000000,0.000000,0,0.000000,338965.000000,1.000000,139405246424.000000,1121226.000000
339000,12,93396,0.800000,1.000000,0.575742,1.000000,0.000000,0,0.000000,338724.000000,1.000000,139405246424.000000,1121226.000000
339000,13,93436,0.800000,1.000000,0.542547,1.000000,0.000000,0,0.000000,338955.000000,1.000000,139405246424.000000,1121226.000000
339000,14,92956,0.800000,1.000000,0.613692,1.000000,0.000000,0,0.000000,334922.000000,1.000000,139405246424.000000,1121226.000000
339000,15,93446,0.800000,1.000000,0.610202,1.000000,0.000000,0,0.000000,338997.000000,1.000000,139405246424.000000,1121226.000000
340000,0,93699,0.800000,1.000000,0.516442,1.000000,0.000000,0,0.000000,339926.000000,1.000000,140157792188.000000,936811.000000
340000,1,93690,0.800000,1.000000,0.576840,1.000000,0.000000,0,0.000000,339897.000000,1.000000,140157792188.000000,936811.000000
340000,2,93706,0.800000,1.000000,0.715198,1.000000,0.000000,0,0.000000,339935.000000,1.000000,140157792188.000000,936811.000000
340000,3,93714,0.800000,1.000000,0.724603,1.000000,0.000000,0,0.000000,339999.000000,1.000000,140157792188.000000,936811.000000
340000,4,93709,0.800000,1.000000,0.612900,1.000000,0.000000,0,0.000000,336681.000000,1.000000,140157792188.000000,936811.000000
340000,5,93313,0.800000,1.000000,0.601227,1.000000,0.000000,0,0.000000,338486.000000,1.000000,140157792188.000000,936811.000000
340000,6,92911,0.800000,1.000000,0.746814,1.000000,0.000000,0,0.000000,337077.000000,1.000000,140157792188.000000,936811.000000
340000,7,93711,0.800000,1.000000,0.537707,1.000000,0.000000,0,0.000000,339970.000000,1.000000,140157792188.000000,936811.000000
340000,8,93616,0.800000,1.000000,0.684548,1.000000,0.000000,0,0.000000,339646.000000,1.000000,140157792188.000000,936811.000000
340000,9,93714,0.800000,1.000000,0.602425,1.000000,0.000000,0,0.000000,339998.000000,1.000000,140157792188.000000,936811.000000
340000,10,93565,0.800000,1.000000,0.744185,1.000000,0.000000,0,0.000000,320971.000000,1.000000,140157792188.000000,936811.000000
340000,11,93711,0.800000,1.000000,0.613816,1.000000,0.000000,0,0.000000,339988.000000,1.000000,140157792188.000000,936811.000000
340000,12,93714,0.800000,1.000000,0.600594,1.000000,0.000000,1,270250.000000,340000.000000,1.000000,140157792188.000000,936811.000000
340000,13,93714,0.800000,1.000000,0.618962,1.000000,0.000000,0,0.000000,339993.000000,1.000000,140157792188.000000,936811.000000
340000,14,93302,0.800000,1.000000,0.737395,1.000000,0.000000,0,0.000000,334922.000000,1.000000,140157792188.000000,936811.000000
340000,15,93713,0.800000,1.000000,0.721506,1.000000,0.000000,0,0.000000,339996.000000,1.000000,140157792188.000000,936811.000000
341000,0,93987,0.800000,1.000000,0.592947,1.000000,0.000000,0,0.000000,340997.000000,1.000000,140886156573.000000,186697.000000
341000,1,93876,0.800000,1.000000,0.639361,1.000000,0.000000,0,0.000000,340464.000000,1.000000,140886156573.000000,186697.000000
341000,2,93987,0.800000,1.000000,0.649281,1.000000,0.000000,0,0.000000,340990.000000,1.000000,140886156573.000000,186697.000000
341000,3,93952,0.800000,1.000000,0.604122,1.000000,0.000000,0,0.000000,340816.000000,1.000000,140886156573.000000,186697.000000
341000,4,93987,0.800000,1.000000,0.616594,1.000000,0.000000,0,0.000000,340962.000000,1.000000,140886156573.000000,186697.000000
341000,5,93349,0.800000,1.000000,0.569196,1.000000,0.000000,0,0.000000,338486.000000,1.000000,140886156573.000000,186697.000000
341000,6,92911,0.800000,1.000000,0.746814,1.000000,0.000000,0,0.000000,337077.000000,1.000000,140886156573.000000,186697.000000
341000,7,93987,0.800000,1.000000,0.533051,1.000000,0.000000,1,274541.000000,341000.000000,1.000000,140886156573.000000,186697.000000
341000,8,93859,0.800000,1.000000,0.506705,1.000000,0.000000,0,0.000000,339646.000000,1.000000,140886156573.000000,186697.000000
341000,9,93988,0.800000,1.000000,0.686714,1.000000,0.000000,0,0.000000,340998.000000,1.000000,140886156573.000000,186697.000000
341000,10,93942,0.800000,1.000000,0.578726,1.000000,0.000000,0,0.000000,320971.000000,1.000000,140886156573.000000,186697.000000
341000,11,93982,0.800000,1.000000,0.663824,1.000000,0.000000,0,0.000000,340963.000000,1.000000,140886156573.000000,186697.000000
341000,12,93988,0.800000,1.000000,0.640601,1.000000,0.000000,0,0.000000,340989.000000,1.000000,140886156573.000000,186697.000000
341000,13,93983,0.800000,1.000000,0.728463,1.000000,0.000000,0,0.000000,340978.000000,1.000000,140886156573.000000,186697.000000
341000,14,93650,0.800000,1.000000,0.553906,1.000000,0.000000,0,0.000000,334922.000000,1.000000,140886156573.000000,186697.000000
341000,15,93957,0.800000,1.000000,0.564265,1.000000,0.000000,0,0.000000,340861.000000,1.000000,140886156573.000000,186697.000000
342000,0,94256,0.800000,1.000000,0.680855,1.000000,0.000000,0,0.000000,341883.000000,1.000000,141653683174.000000,1694851.000000
342000,1,94256,0.800000,1.000000,0.734146,1.000000,0.000000,0,0.000000,341985.000000,1.000000,141653683174.000000,1694851.000000
342000,2,94257,0.800000,1.000000,0.581834,1.000000,0.000000,0,0.000000,341998.000000,1.000000,141653683174.000000,1694851.000000
342000,3,93952,0.800000,1.000000,0.604122,1.000000,0.000000,0,0.000000,340816.000000,1.000000,141653683174.000000,1694851.000000
342000,4,94257,0.800000,1.000000,0.585301,1.000000,0.000000,0,0.000000,341973.000000,1.000000,141653683174.000000,1694851.000000
342000,5,93612,0.800000,1.000000,0.602491,1.000000,0.000000,0,0.000000,338486.000000,1.000000,141653683174.000000,1694851.000000
342000,6,92911,0.800000,1.000000,0.746814,1.000000,0.000000,0,0.000000,337077.000000,1.000000,141653683174.000000,1694851.000000
342000,7,94257,0.800000,1.000000,0.687176,1.000000,0.000000,0,0.000000,341995.000000,1.000000,141653683174.000000,1694851.000000
342000,8,94181,0.800000,1.000000,0.631355,1.000000,0.000000,0,0.000000,339646.000000,1.000000,141653683174.000000,1694851.000000
342000,9,94247,0.800000,1.000000,0.664743,1.000000,0.000000,0,0.000000,341401.000000,1.000000,141653683174.000000,1694851.000000
342000,10,94257,0.800000,1.000000,0.666274,1.000000,0.000000,1,281704.000000,342000.000000,1.000000,141653683174.000000,1694851.000000
342000,11,94255,0.800000,1.000000,0.632825,1.000000,0.000000,0,0.000000,341978.000000,1.000000,141653683174.000000,1694851.000000
342000,12,94258,0.800000,1.000000,0.610063,1.000000,0.000000,0,0.000000,341999.000000,1.000000,141653683174.000000,1694851.000000
342000,13,94255,0.800000,1.000000,0.632422,1.000000,0.000000,0,0.000000,341986.000000,1.000000,141653683174.000000,1694851.000000
342000,14,94032,0.800000,1.000000,0.582956,1.000000,0.000000,0,0.000000,334922.000000,1.000000,141653683174.000000,1694851.000000
342000,15,94223,0.800000,1.000000,0.581911,1.000000,0.000000,0,0.000000,341740.000000,1.000000,141653683174.000000,1694851.000000
343000,0,94473,0.800000,1.000000,0.627302,1.000000,0.000000,0,0.000000,342678.000000,1.000000,142443780857.000000,566819.000000
343000,1,94527,0.800000,1.000000,0.654184,1.000000,0.000000,0,0.000000,342662.000000,1.000000,142443780857.000000,566819.000000
343000,2,94531,0.800000,1.000000,0.743949,1.000000,0.000000,0,0.000000,342998.000000,1.000000,142443780857.000000,566819.000000
343000,3,94124,0.800000,1.000000,0.711929,1.000000,0.000000,0,0.000000,340816.000000,1.000000,142443780857.000000,566819.000000
343000,4,94487,0.800000,1.000000,0.533173,1.000000,0.000000,0,0.000000,342671.000000,1.000000,142443780857.000000,566819.000000
343000,5,93953,0.800000,1.000000,0.461193,1.000000,0.000000,0,0.000000,338486.000000,1.000000,142443780857.000000,566819.000000
343000,6,92911,0.800000,1.000000,0.746814,1.000000,0.000000,0,0.000000,337077.000000,1.000000,142443780857.000000,566819.000000
343000,7,94531,0.800000,1.000000,0.590805,1.000000,0.000000,0,0.000000,342989.000000,1.000000,142443780857.000000,566819.000000
343000,8,94532,0.800000,1.000000,0.671248,1.000000,0.000000,0,0.000000,342999.000000,1.000000,142443780857.000000,566819.000000
343000,9,94530,0.800000,1.000000,0.714058,1.000000,0.000000,0,0.000000,342971.000000,1.000000,142443780857.000000,566819.000000
343000,10,94532,0.800000,1.000000,0.632804,1.000000,0.000000,1,282430.000000,343000.000000,1.000000,142443780857.000000,566819.000000
343000,11,94530,0.800000,1.000000,0.512341,1.000000,0.000000,0,0.000000,342980.000000,1.000000,142443780857.000000,566819.000000
343000,12,94532,0.800000,1.000000,0.706806,1.000000,0.000000,0,0.000000,342997.000000,1.000000,142443780857.000000,566819.000000
343000,13,94533,0.800000,1.000000,0.612885,1.000000,0.000000,0,0.000000,342981.000000,1.000000,142443780857.000000,566819.000000
343000,14,94400,0.800000,1.000000,0.733375,1.000000,0.000000,0,0.000000,334922.000000,1.000000,142443780857.000000,566819.000000
343000,15,94529,0.800000,1.000000,0.585937,1.000000,0.000000,0,0.000000,342958.000000,1.000000,142443780857.000000,566819.000000
344000,0,94795,0.800000,1.000000,0.564780,1.000000,0.000000,0,0.000000,343969.000000,1.000000,143253133772.000000,1515666.000000
344000,1,94791,0.800000,1.000000,0.636259,1.000000,0.000000,0,0.000000,343863.000000,1.000000,143253133772.000000,1515666.000000
344000,2,94793,0.800000,1.000000,0.657574,1.000000,0.000000,0,0.000000,343984.000000,1.000000,143253133772.000000,1515666.000000
344000,3,94457,0.800000,1.000000,0.670908,1.000000,0.000000,0,0.000000,340816.000000,1.000000,143253133772.000000,1515666.000000
344000,4,94765,0.800000,1.000000,0.605067,1.000000,0.000000,0,0.000000,342671.000000,1.000000,143253133772.000000,1515666.000000
344000,5,94362,0.800000,1.000000,0.653916,1.000000,0.000000,0,0.000000,338486.000000,1.000000,143253133772.000000,1515666.000000
344000,6,92911,0.800000,1.000000,0.746814,1.000000,0.000000,0,0.000000,337077.000000,1.000000,143253133772.000000,1515666.000000
344000,7,94799,0.800000,1.000000,0.688452,1.000000,0.000000,0,0.000000,343997.000000,1.000000,143253133772.000000,1515666.000000
344000,8,94799,0.800000,1.000000,0.679148,1.000000,0.000000,0,0.000000,343996.000000,1.000000,143253133772.000000,1515666.000000
344000,9,94797,0.800000,1.000000,0.619348,1.000000,0.000000,0,0.000000,343909.000000,1.000000,143253133772.000000,1515666.000000
344000,10,94799,0.800000,1.000000,0.652285,1.000000,0.000000,0,0.000000,343999.000000,1.000000,143253133772.000000,1515666.000000
344000,11,94798,0.800000,1.000000,0.543671,1.000000,0.000000,0,0.000000,343992.000000,1.000000,143253133772.000000,1515666.000000
344000,12,94794,0.800000,1.000000,0.704198,1.000000,0.000000,0,0.000000,343985.000000,1.000000,143253133772.000000,1515666.000000
344000,13,94799,0.800000,1.000000,0.747113,1.000000,0.000000,1,280820.000000,344000.000000,1.000000,143253133772.000000,1515666.000000
344000,14,94725,0.800000,1.000000,0.726658,1.000000,0.000000,0,0.000000,334922.000000,1.000000,143253133772.000000,1515666.000000
344000,15,94750,0.800000,1.000000,0.650824,1.000000,0.000000,0,0.000000,343682.000000,1.000000,143253133772.000000,1515666.000000
345000,0,95055,0.800000,1.000000,0.570691,1.000000,0.000000,0,0.000000,344906.000000,1.000000,144039546031.000000,759954.000000
345000,1,95055,0.800000,1.000000,0.668915,1.000000,0.000000,0,0.000000,344997.000000,1.000000,144039546031.000000,759954.000000
345000,2,95023,0.800000,1.000000,0.700371,1.000000,0.000000,0,0.000000,344091.000000,1.000000,144039546031.000000,759954.000000
345000,3,94831,0.800000,1.000000,0.566793,1.000000,0.000000,0,0.000000,340816.000000,1.000000,144039546031.000000,759954.000000
345000,4,95055,0.800000,1.000000,0.601358,1.000000,0.000000,0,0.000000,344986.000000,1.000000,144039546031.000000,759954.000000
345000,5,94671,0.800000,1.000000,0.670374,1.000000,0.000000,0,0.000000,338486.000000,1.000000,144039546031.000000,759954.000000
345000,6,92911,0.800000,1.000000,0.746814,1.000000,0.000000,0,0.000000,337077.000000,1.000000,144039546031.000000,759954.000000
345000,7,95057,0.800000,1.000000,0.647527,1.000000,0.000000,0,0.000000,344998.000000,1.000000,144039546031.000000,759954.000000
345000,8,95054,0.800000,1.000000,0.654509,1.000000,0.000000,0,0.000000,344833.000000,1.000000,144039546031.000000,759954.000000
345000,9,95056,0.800000,1.000000,0.607380,1.000000,0.000000,0,0.000000,344964.000000,1.000000,144039546031.000000,759954.000000
345000,10,95056,0.800000,1.000000,0.512465,1.000000,0.000000,0,0.000000,344989.000000,1.000000,144039546031.000000,759954.000000
345000,11,95053,0.800000,1.000000,0.689764,1.000000,0.000000,0,0.000000,344980.000000,1.000000,144039546031.000000,759954.000000
345000,12,95056,0.800000,1.000000,0.786733,1.000000,0.000000,0,0.000000,344999.000000,1.000000,144039546031.000000,759954.000000
345000,13,95037,0.800000,1.000000,0.587860,1.000000,0.000000,0,0.000000,344467.000000,1.000000,144039546031.000000,759954.000000
345000,14,95057,0.800000,1.000000,0.713516,1.000000,0.000000,1,278731.000000,345000.000000,1.000000,144039546031.000000,759954.000000
345000,15,95052,0.800000,1.000000,0.713194,1.000000,0.000000,0,0.000000,343682.000000,1.000000,144039546031.000000,759954.000000
346000,0,95341,0.800000,1.000000,0.696586,1.000000,0.000000,0,0.000000,345944.000000,1.000000,144889084783.000000,571385.000000
346000,1,95345,0.800000,1.000000,0.650904,1.000000,0.000000,0,0.000000,345998.000000,1.000000,144889084783.000000,571385.000000
346000,2,95343,0.800000,1.000000,0.533468,1.000000,0.000000,0,0.000000,345858.000000,1.000000,144889084783.000000,571385.000000
346000,3,95200,0.800000,1.000000,0.685732,1.000000,0.000000,0,0.000000,340816.000000,1.000000,144889084783.000000,571385.000000
346000,4,95343,0.800000,1.000000,0.687349,1.000000,0.000000,0,0.000000,345954.000000,1.000000,144889084783.000000,571385.000000
346000,5,95002,0.800000,1.000000,0.593212,1.000000,0.000000,0,0.000000,338486.000000,1.000000,144889084783.000000,571385.000000
346000,6,92911,0.800000,1.000000,0.746814,1.000000,0.000000,0,0.000000,337077.000000,1.000000,144889084783.000000,571385.000000
346000,7,95346,0.800000,1.000000,0.629498,1.000000,0.000000,0,0.000000,345999.000000,1.000000,144889084783.000000,571385.000000
346000,8,95345,0.800000,1.000000,0.605564,1.000000,0.000000,0,0.000000,345973.000000,1.000000,144889084783.000000,571385.000000
346000,9,95312,0.800000,1.000000,0.667878,1.000000,0.000000,0,0.000000,345868.000000,1.000000,144889084783.000000,571385.000000
346000,10,95345,0.800000,1.000000,0.589458,1.000000,0.000000,0,0.000000,345994.000000,1.000000,144889084783.000000,571385.000000
346000,11,95345,0.800000,1.000000,0.607595,1.000000,0.000000,0,0.000000,345997.000000,1.000000,144889084783.000000,571385.000000
346000,12,95326,0.800000,1.000000,0.538930,1.000000,0.000000,0,0.000000,345829.000000,1.000000,144889084783.000000,571385.000000
346000,13,95347,0.800000,1.000000,0.669146,1.000000,0.000000,0,0.000000,345771.000000,1.000000,144889084783.000000,571385.000000
346000,14,95347,0.800000,1.000000,0.694109,1.000000,0.000000,1,279556.000000,346000.000000,1.000000,144889084783.000000,571385.000000
346000,15,95345,0.800000,1.000000,0.562569,1.000000,0.000000,0,0.000000,345965.000000,1.000000,144889084783.000000,571385.000000
347000,0,95608,0.800000,1.000000,0.583290,1.000000,0.000000,0,0.000000,346500.000000,1.000000,145664236900.000000,573615.000000
347000,1,95619,0.800000,1.000000,0.536310,1.000000,0.000000,0,0.000000,346998.000000,1.000000,145664236900.000000,573615.000000
347000,2,95619,0.800000,1.000000,0.638593,1.000000,0.000000,0,0.000000,346974.000000,1.000000,145664236900.000000,573615.000000
347000,3,95570,0.800000,1.000000,0.694792,1.000000,0.000000,0,0.000000,340816.000000,1.000000,145664236900.000000,573615.000000
347000,4,95619,0.800000,1.000000,0.591397,1.000000,0.000000,0,0.000000,346999.000000,1.000000,145664236900.000000,573615.000000
347000,5,95376,0.800000,1.000000,0.587610,1.000000,0.000000,0,0.000000,338486.000000,1.000000,145664236900.000000,573615.000000
347000,6,92911,0.800000,1.000000,0.746814,1.000000,0.000000,0,0.000000,337077.000000,1.000000,145664236900.000000,573615.000000
347000,7,95609,0.800000,1.000000,0.544808,1.000000,0.000000,0,0.000000,346404.000000,1.000000,145664236900.000000,573615.000000
347000,8,95619,0.800000,1.000000,0.697900,1.000000,0.000000,0,0.000000,346947.000000,1.000000,145664236900.000000,573615.000000
347000,9,95480,0.800000,1.000000,0.569085,1.000000,0.000000,0,0.000000,345868.000000,1.000000,145664236900.000000,573615.000000
347000,10,95614,0.800000,1.000000,0.679090,1.000000,0.000000,0,0.000000,346953.000000,1.000000,145664236900.000000,573615.000000
347000,11,95615,0.800000,1.000000,0.702832,1.000000,0.000000,0,0.000000,346893.000000,1.000000,145664236900.000000,573615.000000
347000,12,95620,0.800000,1.000000,0.547766,1.000000,0.000000,0,0.000000,346992.000000,1.000000,145664236900.000000,573615.000000
347000,13,95487,0.800000,1.000000,0.603749,1.000000,0.000000,0,0.000000,346268.000000,1.000000,145664236900.000000,573615.000000
347000,14,95618,0.800000,1.000000,0.555985,1.000000,0.000000,0,0.000000,346990.000000,1.000000,145664236900.000000,573615.000000
347000,15,95620,0.800000,1.000000,0.661640,1.000000,0.000000,1,284966.000000,347000.000000,1.000000,145664236900.000000,573615.000000
348000,0,95897,0.800000,1.000000,0.674046,1.000000,0.000000,0,0.000000,347998.000000,1.000000,146523444624.000000,958585.000000
348000,1,95897,0.800000,1.000000,0.745351,1.000000,0.000000,1,279924.000000,348000.000000,1.000000,146523444624.000000,958585.000000
348000,2,95898,0.800000,1.000000,0.674291,1.000000,0.000000,0,0.000000,347997.000000,1.000000,146523444624.000000,958585.000000
348000,3,95896,0.800000,1.000000,0.584801,1.000000,0.000000,0,0.000000,347993.000000,1.000000,146523444624.000000,958585.000000
348000,4,95895,0.800000,1.000000,0.678811,1.000000,0.000000,0,0.000000,347988.000000,1.000000,146523444624.000000,958585.000000
348000,5,95786,0.800000,1.000000,0.675257,1.000000,0.000000,0,0.000000,338486.000000,1.000000,146523444624.000000,958585.000000
348000,6,92911,0.800000,1.000000,0.746814,1.000000,0.000000,0,0.000000,337077.000000,1.000000,146523444624.000000,958585.000000
348000,7,95891,0.800000,1.000000,0.663575,1.000000,0.000000,0,0.000000,347983.000000,1.000000,146523444624.000000,958585.000000
348000,8,95894,0.800000,1.000000,0.604406,1.000000,0.000000,0,0.000000,347914.000000,1.000000,146523444624.000000,958585.000000
348000,9,95830,0.800000,1.000000,0.749605,1.000000,0.000000,0,0.000000,345868.000000,1.000000,146523444624.000000,958585.000000
348000,10,95893,0.800000,1.000000,0.616843,1.000000,0.000000,0,0.000000,347981.000000,1.000000,146523444624.000000,958585.000000
348000,11,95897,0.800000,1.000000,0.749258,1.000000,0.000000,0,0.000000,347999.000000,1.000000,146523444624.000000,958585.000000
348000,12,95895,0.800000,1.000000,0.660405,1.000000,0.000000,0,0.000000,347986.000000,1.000000,146523444624.000000,958585.000000
348000,13,95818,0.800000,1.000000,0.582350,1.000000,0.000000,0,0.000000,346268.000000,1.000000,146523444624.000000,958585.000000
348000,14,95898,0.800000,1.000000,0.647339,1.000000,0.000000,0,0.000000,347992.000000,1.000000,146523444624.000000,958585.000000
348000,15,95896,0.800000,1.000000,0.581106,1.000000,0.000000,0,0.000000,347987.000000,1.000000,146523444624.000000,958585.000000
349000,0,96169,0.800000,1.000000,0.662358,1.000000,0.000000,0,0.000000,348979.000000,1.000000,147352140350.000000,961507.000000
349000,1,96168,0.800000,1.000000,0.589770,1.000000,0.000000,0,0.000000,348972.000000,1.000000,147352140350.000000,961507.000000
349000,2,96169,0.800000,1.000000,0.639338,1.000000,0.000000,0,0.000000,348996.000000,1.000000,147352140350.000000,961507.000000
349000,3,96171,0.800000,1.000000,0.549139,1.000000,0.000000,0,0.000000,348995.000000,1.000000,147352140350.000000,961507.000000
349000,4,96170,0.800000,1.000000,0.479955,1.000000,0.000000,0,0.000000,348970.000000,1.000000,147352140350.000000,961507.000000
349000,5,96141,0.800000,1.000000,0.743530,1.000000,0.000000,0,0.000000,338486.000000,1.000000,147352140350.000000,961507.000000
349000,6,93121,0.800000,1.000000,0.571125,1.000000,0.000000,0,0.000000,337077.000000,1.000000,147352140350.000000,961507.000000
349000,7,96170,0.800000,1.000000,0.503287,1.000000,0.000000,0,0.000000,348999.000000,1.000000,147352140350.000000,961507.000000
349000,8,96110,0.800000,1.000000,0.654619,1.000000,0.000000,0,0.000000,348388.000000,1.000000,147352140350.000000,961507.000000
349000,9,96064,0.800000,1.000000,0.510472,1.000000,0.000000,0,0.000000,345868.000000,1.000000,147352140350.000000,961507.000000
349000,10,96171,0.800000,1.000000,0.542617,1.000000,0.000000,1,286829.000000,349000.000000,1.000000,147352140350.000000,961507.000000
349000,11,96171,0.800000,1.000000,0.713988,1.000000,0.000000,0,0.000000,348998.000000,1.000000,147352140350.000000,961507.000000
349000,12,96144,0.800000,1.000000,0.705153,1.000000,0.000000,0,0.000000,348891.000000,1.000000,147352140350.000000,961507.000000
349000,13,96135,0.800000,1.000000,0.658885,1.000000,0.000000,0,0.000000,346268.000000,1.000000,147352140350.000000,961507.000000
349000,14,96171,0.800000,1.000000,0.644614,1.000000,0.000000,0,0.000000,348994.000000,1.000000,147352140350.000000,961507.000000
349000,15,96169,0.800000,1.000000,0.463832,1.000000,0.000000,0,0.000000,348962.000000,1.000000,147352140350.000000,961507.000000
350000,0,96432,0.800000,1.000000,0.733382,1.000000,0.000000,0,0.000000,349917.000000,1.000000,148183378306.000000,771048.000000
350000,1,96433,0.800000,1.000000,0.628466,1.000000,0.000000,1,281532.000000,350000.000000,1.000000,148183378306.000000,771048.000000
350000,2,96432,0.800000,1.000000,0.600269,1.000000,0.000000,0,0.000000,349986.000000,1.000000,148183378306.000000,771048.000000
350000,3,96430,0.800000,1.000000,0.642686,1.000000,0.000000,0,0.000000,349063.000000,1.000000,148183378306.000000,771048.000000
350000,4,96434,0.800000,1.000000,0.666715,1.000000,0.000000,0,0.000000,349997.000000,1.000000,148183378306.000000,771048.000000
350000,5,96429,0.800000,1.000000,0.622824,1.000000,0.000000,0,0.000000,349949.000000,1.000000,148183378306.000000,771048.000000
350000,6,93495,0.800000,1.000000,0.551866,1.000000,0.000000,0,0.000000,337077.000000,1.000000,148183378306.000000,771048.000000
350000,7,96434,0.800000,1.000000,0.663576,1.000000,0.000000,0,0.000000,349999.000000,1.000000,148183378306.000000,771048.000000
350000,8,96432,0.800000,1.000000,0.697092,1.000000,0.000000,0,0.000000,349966.000000,1.000000,148183378306.000000,771048.000000
350000,9,96433,0.800000,1.000000,0.529836,1.000000,0.000000,0,0.000000,349996.000000,1.000000,148183378306.000000,771048.000000
350000,10,96392,0.800000,1.000000,0.667399,1.000000,0.000000,0,0.000000,349026.000000,1.000000,148183378306.000000,771048.000000
350000,11,96434,0.800000,1.000000,0.616867,1.000000,0.000000,0,0.000000,349989.000000,1.000000,148183378306.000000,771048.000000
350000,12,96433,0.800000,1.000000,0.616911,1.000000,0.000000,0,0.000000,349975.000000,1.000000,148183378306.000000,771048.000000
350000,13,96233,0.800000,1.000000,0.634391,1.000000,0.000000,0,0.000000,346268.000000,1.000000,148183378306.000000,771048.000000
350000,14,96434,0.800000,1.000000,0.680784,1.000000,0.000000,0,0.000000,349998.000000,1.000000,148183378306.000000,771048.000000
350000,15,96432,0.800000,1.000000,0.680819,1.000000,0.000000,0,0.000000,349980.000000,1.000000,148183378306.000000,771048.000000
351000,0,96727,0.800000,1.000000,0.645346,1.000000,0.000000,0,0.000000,350693.000000,1.000000,149134302019.000000,1541702.000000
351000,1,96731,0.800000,1.000000,0.666161,1.000000,0.000000,0,0.000000,350988.000000,1.000000,149134302019.000000,1541702.000000
351000,2,96702,0.800000,1.000000,0.623641,1.000000,0.000000,0,0.000000,350853.000000,1.000000,149134302019.000000,1541702.000000
351000,3,96732,0.800000,1.000000,0.671590,1.000000,0.000000,0,0.000000,350999.000000,1.000000,149134302019.000000,1541702.000000
351000,4,96724,0.800000,1.000000,0.636334,1.000000,0.000000,0,0.000000,350675.000000,1.000000,149134302019.000000,1541702.000000
351000,5,96732,0.800000,1.000000,0.647311,1.000000,0.000000,0,0.000000,350925.000000,1.000000,149134302019.000000,1541702.000000
351000,6,93872,0.800000,1.000000,0.608950,1.000000,0.000000,0,0.000000,337077.000000,1.000000,149134302019.000000,1541702.000000
351000,7,96732,0.800000,1.000000,0.748215,1.000000,0.000000,1,281966.000000,351000.000000,1.000000,149134302019.000000,1541702.000000
351000,8,96714,0.800000,1.000000,0.666181,1.000000,0.000000,0,0.000000,350819.000000,1.000000,149134302019.000000,1541702.000000
351000,9,96733,0.800000,1.000000,0.728966,1.000000,0.000000,0,0.000000,350986.000000,1.000000,149134302019.000000,1541702.000000
351000,10,96691,0.800000,1.000000,0.494197,1.000000,0.000000,0,0.000000,350849.000000,1.000000,149134302019.000000,1541702.000000
351000,11,96733,0.800000,1.000000,0.648072,1.000000,0.000000,0,0.000000,350995.000000,1.000000,149134302019.000000,1541702.000000
351000,12,96732,0.800000,1.000000,0.693270,1.000000,0.000000,0,0.000000,350992.000000,1.000000,149134302019.000000,1541702.000000
351000,13,96658,0.800000,1.000000,0.688182,1.000000,0.000000,0,0.000000,346268.000000,1.000000,149134302019.000000,1541702.000000
351000,14,96731,0.800000,1.000000,0.608862,1.000000,0.000000,0,0.000000,350984.000000,1.000000,149134302019.000000,1541702.000000
351000,15,96733,0.800000,1.000000,0.584714,1.000000,0.000000,0,0.000000,350952.000000,1.000000,149134302019.000000,1541702.000000
352000,0,96997,0.800000,1.000000,0.731548,1.000000,0.000000,0,0.000000,351744.000000,1.000000,150036196375.000000,964373.000000
352000,1,97016,0.800000,1.000000,0.837229,1.000000,0.000000,0,0.000000,351972.000000,1.000000,150036196375.000000,964373.000000
352000,2,97023,0.800000,1.000000,0.625534,1.000000,0.000000,0,0.000000,351994.000000,1.000000,150036196375.000000,964373.000000
352000,3,97019,0.800000,1.000000,0.562085,1.000000,0.000000,0,0.000000,351961.000000,1.000000,150036196375.000000,964373.000000
352000,4,97018,0.800000,1.000000,0.667607,1.000000,0.000000,0,0.000000,351916.000000,1.000000,150036196375.000000,964373.000000
352000,5,97023,0.800000,1.000000,0.663166,1.000000,0.000000,0,0.000000,351995.000000,1.000000,150036196375.000000,964373.000000
352000,6,94165,0.800000,1.000000,0.725432,1.000000,0.000000,0,0.000000,337077.000000,1.000000,150036196375.000000,964373.000000
352000,7,97025,0.800000,1.000000,0.567722,1.000000,0.000000,0,0.000000,351987.000000,1.000000,150036196375.000000,964373.000000
352000,8,97025,0.800000,1.000000,0.739383,1.000000,0.000000,1,290781.000000,352000.000000,1.000000,150036196375.000000,964373.000000
352000,9,96990,0.800000,1.000000,0.682396,1.000000,0.000000,0,0.000000,351778.000000,1.000000,150036196375.000000,964373.000000
352000,10,97026,0.800000,1.000000,0.777652,1.000000,0.000000,0,0.000000,351999.000000,1.000000,150036196375.000000,964373.000000
352000,11,97002,0.800000,1.000000,0.653142,1.000000,0.000000,0,0.000000,351861.000000,1.000000,150036196375.000000,964373.000000
352000,12,96978,0.800000,1.000000,0.591710,1.000000,0.000000,0,0.000000,351538.000000,1.000000,150036196375.000000,964373.000000
352000,13,97004,0.800000,1.000000,0.597460,1.000000,0.000000,0,0.000000,346268.000000,1.000000,150036196375.000000,964373.000000
352000,14,97024,0.800000,1.000000,0.740327,1.000000,0.000000,0,0.000000,351993.000000,1.000000,150036196375.000000,964373.000000
352000,15,97006,0.800000,1.000000,0.632537,1.000000,0.000000,0,0.000000,351927.000000,1.000000,150036196375.000000,964373.000000
353000,0,97308,0.800000,1.000000,0.575921,1.000000,0.000000,0,0.000000,352990.000000,1.000000,150920957238.000000,577899.000000
353000,1,97306,0.800000,1.000000,0.652735,1.000000,0.000000,0,0.000000,352985.000000,1.000000,150920957238.000000,577899.000000
353000,2,97300,0.800000,1.000000,0.653726,1.000000,0.000000,0,0.000000,352950.000000,1.000000,150920957238.000000,577899.000000
353000,3,97271,0.800000,1.000000,0.737748,1.000000,0.000000,0,0.000000,352085.000000,1.000000,150920957238.000000,577899.000000
353000,4,97308,0.800000,1.000000,0.683484,1.000000,0.000000,0,0.000000,352993.000000,1.000000,150920957238.000000,577899.000000
353000,5,97309,0.800000,1.000000,0.697458,1.000000,0.000000,1,288219.000000,353000.000000,1.000000,150920957238.000000,577899.000000
353000,6,94358,0.800000,1.000000,0.604503,1.000000,0.000000,0,0.000000,337077.000000,1.000000,150920957238.000000,577899.000000
353000,7,97305,0.800000,1.000000,0.595522,1.000000,0.000000,0,0.000000,352922.000000,1.000000,150920957238.000000,577899.000000
353000,8,97309,0.800000,1.000000,0.519440,1.000000,0.000000,0,0.000000,352848.000000,1.000000,150920957238.000000,577899.000000
353000,9,97309,0.800000,1.000000,0.667857,1.000000,0.000000,0,0.000000,352977.000000,1.000000,150920957238.000000,577899.000000
353000,10,97283,0.800000,1.000000,0.615183,1.000000,0.000000,0,0.000000,352697.000000,1.000000,150920957238.000000,577899.000000
353000,11,97299,0.800000,1.000000,0.600745,1.000000,0.000000,0,0.000000,351861.000000,1.000000,150920957238.000000,577899.000000
353000,12,97310,0.800000,1.000000,0.637406,1.000000,0.000000,0,0.000000,352998.000000,1.000000,150920957238.000000,577899.000000
353000,13,97309,0.800000,1.000000,0.654348,1.000000,0.000000,0,0.000000,352997.000000,1.000000,150920957238.000000,577899.000000
353000,14,97309,0.800000,1.000000,0.639911,1.000000,0.000000,0,0.000000,352992.000000,1.000000,150920957238.000000,577899.000000
353000,15,97307,0.800000,1.000000,0.575563,1.000000,0.000000,0,0.000000,352911.000000,1.000000,150920957238.000000,577899.000000
354000,0,97611,0.800000,1.000000,0.659401,1.000000,0.000000,0,0.000000,353219.000000,1.000000,151829483350.000000,390340.000000
354000,1,97540,0.800000,1.000000,0.711555,1.000000,0.000000,0,0.000000,353727.000000,1.000000,151829483350.000000,390340.000000
354000,2,97611,0.800000,1.000000,0.481154,1.000000,0.000000,0,0.000000,353862.000000,1.000000,151829483350.000000,390340.000000
354000,3,97615,0.800000,1.000000,0.536787,1.000000,0.000000,1,291670.000000,354000.000000,1.000000,151829483350.000000,390340.000000
354000,4,97526,0.800000,1.000000,0.768399,1.000000,0.000000,0,0.000000,353688.000000,1.000000,151829483350.000000,390340.000000
354000,5,97615,0.800000,1.000000,0.661141,1.000000,0.000000,0,0.000000,353999.000000,1.000000,151829483350.000000,390340.000000
354000,6,94574,0.800000,1.000000,0.622716,1.000000,0.000000,0,0.000000,337077.000000,1.000000,151829483350.000000,390340.000000
354000,7,97614,0.800000,1.000000,0.513368,1.000000,0.000000,0,0.000000,353891.000000,1.000000,151829483350.000000,390340.000000
354000,8,97616,0.800000,1.000000,0.535371,1.000000,0.000000,0,0.000000,353989.000000,1.000000,151829483350.000000,390340.000000
354000,9,97616,0.800000,1.000000,0.732144,1.000000,0.000000,0,0.000000,353995.000000,1.000000,151829483350.000000,390340.000000
354000,10,97611,0.800000,1.000000,0.674027,1.000000,0.000000,0,0.000000,353985.000000,1.000000,151829483350.000000,390340.000000
354000,11,97560,0.800000,1.000000,0.608941,1.000000,0.000000,0,0.000000,353443.000000,1.000000,151829483350.000000,390340.000000
354000,12,97613,0.800000,1.000000,0.627939,1.000000,0.000000,0,0.000000,353978.000000,1.000000,151829483350.000000,390340.000000
354000,13,97614,0.800000,1.000000,0.629945,1.000000,0.000000,0,0.000000,353990.000000,1.000000,151829483350.000000,390340.000000
354000,14,97616,0.800000,1.000000,0.622196,1.000000,0.000000,0,0.000000,353994.000000,1.000000,151829483350.000000,390340.000000
354000,15,97616,0.800000,1.000000,0.769936,1.000000,0.000000,0,0.000000,353998.000000,1.000000,151829483350.000000,390340.000000
355000,0,97877,0.800000,1.000000,0.598061,1.000000,0.000000,0,0.000000,354956.000000,1.000000,152602476235.000000,776656.000000
355000,1,97732,0.800000,1.000000,0.712178,1.000000,0.000000,0,0.000000,353727.000000,1.000000,152602476235.000000,776656.000000
355000,2,97867,0.800000,1.000000,0.699199,1.000000,0.000000,0,0.000000,354842.000000,1.000000,152602476235.000000,776656.000000
355000,3,97866,0.800000,1.000000,0.579443,1.000000,0.000000,0,0.000000,354866.000000,1.000000,152602476235.000000,776656.000000
355000,4,97802,0.800000,1.000000,0.668263,1.000000,0.000000,0,0.000000,353688.000000,1.000000,152602476235.000000,776656.000000
355000,5,97837,0.800000,1.000000,0.547132,1.000000,0.000000,0,0.000000,354659.000000,1.000000,152602476235.000000,776656.000000
355000,6,94903,0.800000,1.000000,0.687457,1.000000,0.000000,0,0.000000,337077.000000,1.000000,152602476235.000000,776656.000000
355000,7,97845,0.800000,1.000000,0.534824,1.000000,0.000000,0,0.000000,354814.000000,1.000000,152602476235.000000,776656.000000
355000,8,97882,0.800000,1.000000,0.682399,1.000000,0.000000,1,293181.000000,355000.000000,1.000000,152602476235.000000,776656.000000
355000,9,97881,0.800000,1.000000,0.558922,1.000000,0.000000,0,0.000000,354992.000000,1.000000,152602476235.000000,776656.000000
355000,10,97881,0.800000,1.000000,0.695944,1.000000,0.000000,0,0.000000,354997.000000,1.000000,152602476235.000000,776656.000000
355000,11,97881,0.800000,1.000000,0.557986,1.000000,0.000000,0,0.000000,354975.000000,1.000000,152602476235.000000,776656.000000
355000,12,97883,0.800000,1.000000,0.663199,1.000000,0.000000,0,0.000000,354998.000000,1.000000,152602476235.000000,776656.000000
355000,13,97723,0.800000,1.000000,0.671076,1.000000,0.000000,0,0.000000,353990.000000,1.000000,152602476235.000000,776656.000000
355000,14,97882,0.800000,1.000000,0.649881,1.000000,0.000000,0,0.000000,354995.000000,1.000000,152602476235.000000,776656.000000
355000,15,97791,0.800000,1.000000,0.707486,1.000000,0.000000,0,0.000000,354576.000000,1.000000,152602476235.000000,776656.000000
356000,0,98137,0.800000,1.000000,0.641020,1.000000,0.000000,0,0.000000,355340.000000,1.000000,153502410953.000000,785226.000000
356000,1,98055,0.800000,1.000000,0.502448,1.000000,0.000000,0,0.000000,353727.000000,1.000000,153502410953.000000,785226.000000
356000,2,98163,0.800000,1.000000,0.579485,1.000000,0.000000,0,0.000000,355989.000000,1.000000,153502410953.000000,785226.000000
356000,3,98164,0.800000,1.000000,0.740983,1.000000,0.000000,0,0.000000,355997.000000,1.000000,153502410953.000000,785226.000000
356000,4,98164,0.800000,1.000000,0.611616,1.000000,0.000000,1,289088.000000,356000.000000,1.000000,153502410953.000000,785226.000000
356000,5,98163,0.800000,1.000000,0.666925,1.000000,0.000000,0,0.000000,355995.000000,1.000000,153502410953.000000,785226.000000
356000,6,95314,0.800000,1.000000,0.611085,1.000000,0.000000,0,0.000000,337077.000000,1.000000,153502410953.000000,785226.000000
356000,7,98103,0.800000,1.000000,0.627250,1.000000,0.000000,0,0.000000,355793.000000,1.000000,153502410953.000000,785226.000000
356000,8,98155,0.800000,1.000000,0.584997,1.000000,0.000000,0,0.000000,355897.000000,1.000000,153502410953.000000,785226.000000
356000,9,98132,0.800000,1.000000,0.655814,1.000000,0.000000,0,0.000000,355675.000000,1.000000,153502410953.000000,785226.000000
356000,10,98165,0.800000,1.000000,0.593472,1.000000,0.000000,0,0.000000,355984.000000,1.000000,153502410953.000000,785226.000000
356000,11,98164,0.800000,1.000000,0.627511,1.000000,0.000000,0,0.000000,355999.000000,1.000000,153502410953.000000,785226.000000
356000,12,98164,0.800000,1.000000,0.701362,1.000000,0.000000,0,0.000000,355996.000000,1.000000,153502410953.000000,785226.000000
356000,13,97802,0.800000,1.000000,0.632729,1.000000,0.000000,0,0.000000,353990.000000,1.000000,153502410953.000000,785226.000000
356000,14,98165,0.800000,1.000000,0.674967,1.000000,0.000000,0,0.000000,355977.000000,1.000000,153502410953.000000,785226.000000
356000,15,98127,0.800000,1.000000,0.538722,1.000000,0.000000,0,0.000000,354576.000000,1.000000,153502410953.000000,785226.000000
357000,0,98432,0.800000,1.000000,0.640162,1.000000,0.000000,0,0.000000,355340.000000,1.000000,154416856683.000000,1180540.000000
357000,1,98438,0.800000,1.000000,0.655151,1.000000,0.000000,0,0.000000,356991.000000,1.000000,154416856683.000000,1180540.000000
357000,2,98400,0.800000,1.000000,0.522643,1.000000,0.000000,0,0.000000,356569.000000,1.000000,154416856683.000000,1180540.000000
357000,3,98437,0.800000,1.000000,0.692049,1.000000,0.000000,0,0.000000,356990.000000,1.000000,154416856683.000000,1180540.000000
357000,4,98439,0.800000,1.000000,0.695881,1.000000,0.000000,0,0.000000,356997.000000,1.000000,154416856683.000000,1180540.000000
357000,5,98435,0.800000,1.000000,0.558883,1.000000,0.000000,0,0.000000,356917.000000,1.000000,154416856683.000000,1180540.000000
357000,6,95627,0.800000,1.000000,0.681321,1.000000,0.000000,0,0.000000,337077.000000,1.000000,154416856683.000000,1180540.000000
357000,7,98385,0.800000,1.000000,0.594310,1.000000,0.000000,0,0.000000,355793.000000,1.000000,154416856683.000000,1180540.000000
357000,8,98435,0.800000,1.000000,0.621001,1.000000,0.000000,0,0.000000,356958.000000,1.000000,154416856683.000000,1180540.000000
357000,9,98439,0.800000,1.000000,0.595738,1.000000,0.000000,0,0.000000,356982.000000,1.000000,154416856683.000000,1180540.000000
357000,10,98439,0.800000,1.000000,0.678678,1.000000,0.000000,1,293012.000000,357000.000000,1.000000,154416856683.000000,1180540.000000
357000,11,98440,0.800000,1.000000,0.554961,1.000000,0.000000,0,0.000000,356999.000000,1.000000,154416856683.000000,1180540.000000
357000,12,98439,0.800000,1.000000,0.629501,1.000000,0.000000,0,0.000000,356994.000000,1.000000,154416856683.000000,1180540.000000
357000,13,98141,0.800000,1.000000,0.587564,1.000000,0.000000,0,0.000000,353990.000000,1.000000,154416856683.000000,1180540.000000
357000,14,98439,0.800000,1.000000,0.615847,1.000000,0.000000,0,0.000000,356985.000000,1.000000,154416856683.000000,1180540.000000
357000,15,98434,0.800000,1.000000,0.587084,1.000000,0.000000,0,0.000000,356669.000000,1.000000,154416856683.000000,1180540.000000
358000,0,98721,0.800000,1.000000,0.711407,1.000000,0.000000,0,0.000000,357997.000000,1.000000,155287732549.000000,987127.000000
358000,1,98721,0.800000,1.000000,0.613529,1.000000,0.000000,1,288388.000000,358000.000000,1.000000,155287732549.000000,987127.000000
358000,2,98698,0.800000,1.000000,0.627864,1.000000,0.000000,0,0.000000,357903.000000,1.000000,155287732549.000000,987127.000000
358000,3,98722,0.800000,1.000000,0.604957,1.000000,0.000000,0,0.000000,357987.000000,1.000000,155287732549.000000,987127.000000
358000,4,98690,0.800000,1.000000,0.666340,1.000000,0.000000,0,0.000000,357402.000000,1.000000,155287732549.000000,987127.000000
358000,5,98714,0.800000,1.000000,0.557777,1.000000,0.000000,0,0.000000,357936.000000,1.000000,155287732549.000000,987127.000000
358000,6,95754,0.800000,1.000000,0.602069,1.000000,0.000000,0,0.000000,337077.000000,1.000000,155287732549.000000,987127.000000
358000,7,98721,0.800000,1.000000,0.659008,1.000000,0.000000,0,0.000000,357999.000000,1.000000,155287732549.000000,987127.000000
358000,8,98718,0.800000,1.000000,0.693141,1.000000,0.000000,0,0.000000,357928.000000,1.000000,155287732549.000000,987127.000000
358000,9,98718,0.800000,1.000000,0.714985,1.000000,0.000000,0,0.000000,357838.000000,1.000000,155287732549.000000,987127.000000
358000,10,98722,0.800000,1.000000,0.654416,1.000000,0.000000,0,0.000000,357998.000000,1.000000,155287732549.000000,987127.000000
358000,11,98722,0.800000,1.000000,0.723293,1.000000,0.000000,0,0.000000,357995.000000,1.000000,155287732549.000000,987127.000000
358000,12,98722,0.800000,1.000000,0.720016,1.000000,0.000000,0,0.000000,357996.000000,1.000000,155287732549.000000,987127.000000
358000,13,98448,0.800000,1.000000,0.642712,1.000000,0.000000,0,0.000000,353990.000000,1.000000,155287732549.000000,987127.000000
358000,14,98709,0.800000,1.000000,0.638707,1.000000,0.000000,0,0.000000,357434.000000,1.000000,155287732549.000000,987127.000000
358000,15,98721,0.800000,1.000000,0.714837,1.000000,0.000000,0,0.000000,357991.000000,1.000000,155287732549.000000,987127.000000
359000,0,98999,0.800000,1.000000,0.681875,1.000000,0.000000,0,0.000000,358997.000000,1.000000,156179839918.000000,791648.000000
359000,1,98987,0.800000,1.000000,0.610715,1.000000,0.000000,0,0.000000,358789.000000,1.000000,156179839918.000000,791648.000000
359000,2,98998,0.800000,1.000000,0.595369,1.000000,0.000000,0,0.000000,358969.000000,1.000000,156179839918.000000,791648.000000
359000,3,98977,0.800000,1.000000,0.606235,1.000000,0.000000,0,0.000000,358926.000000,1.000000,156179839918.000000,791648.000000
359000,4,98999,0.800000,1.000000,0.634513,1.000000,0.000000,0,0.000000,358995.000000,1.000000,156179839918.000000,791648.000000
359000,5,99000,0.800000,1.000000,0.688837,1.000000,0.000000,0,0.000000,358999.000000,1.000000,156179839918.000000,791648.000000
359000,6,96018,0.800000,1.000000,0.591703,1.000000,0.000000,0,0.000000,337077.000000,1.000000,156179839918.000000,791648.000000
359000,7,98994,0.800000,1.000000,0.650330,1.000000,0.000000,0,0.000000,358982.000000,1.000000,156179839918.000000,791648.000000
359000,8,98999,0.800000,1.000000,0.645145,1.000000,0.000000,0,0.000000,358954.000000,1.000000,156179839918.000000,791648.000000
359000,9,98962,0.800000,1.000000,0.622102,1.000000,0.000000,0,0.000000,358588.000000,1.000000,156179839918.000000,791648.000000
359000,10,98990,0.800000,1.000000,0.751648,1.000000,0.000000,0,0.000000,358966.000000,1.000000,156179839918.000000,791648.000000
359000,11,98998,0.800000,1.000000,0.710033,1.000000,0.000000,0,0.000000,358893.000000,1.000000,156179839918.000000,791648.000000
359000,12,99000,0.800000,1.000000,0.691898,1.000000,0.000000,0,0.000000,358993.000000,1.000000,156179839918.000000,791648.000000
359000,13,98829,0.800000,1.000000,0.624164,1.000000,0.000000,0,0.000000,353990.000000,1.000000,156179839918.000000,791648.000000
359000,14,98992,0.800000,1.000000,0.704432,1.000000,0.000000,0,0.000000,358974.000000,1.000000,156179839918.000000,791648.000000
359000,15,99000,0.800000,1.000000,0.808774,1.000000,0.000000,1,293676.000000,359000.000000,1.000000,156179839918.000000,791648.000000
360000,0,99271,0.800000,1.000000,0.744738,1.000000,0.000000,0,0.000000,359992.000000,1.000000,157039204819.000000,396788.000000
360000,1,99272,0.800000,1.000000,0.599674,1.000000,0.000000,0,0.000000,359704.000000,1.000000,157039204819.000000,396788.000000
360000,2,99256,0.800000,1.000000,0.646455,1.000000,0.000000,0,0.000000,359933.000000,1.000000,157039204819.000000,396788.000000
360000,3,99210,0.800000,1.000000,0.625034,1.000000,0.000000,0,0.000000,358926.000000,1.000000,157039204819.000000,396788.000000
360000,4,99219,0.800000,1.000000,0.672676,1.000000,0.000000,0,0.000000,359778.000000,1.000000,157039204819.000000,396788.000000
360000,5,99273,0.800000,1.000000,0.646997,1.000000,0.000000,0,0.000000,359997.000000,1.000000,157039204819.000000,396788.000000
360000,6,96350,0.800000,1.000000,0.703165,1.000000,0.000000,0,0.000000,337077.000000,1.000000,157039204819.000000,396788.000000
360000,7,99272,0.800000,1.000000,0.629498,1.000000,0.000000,0,0.000000,359987.000000,1.000000,157039204819.000000,396788.000000
360000,8,99272,0.800000,1.000000,0.681582,1.000000,0.000000,0,0.000000,359995.000000,1.000000,157039204819.000000,396788.000000
360000,9,99125,0.800000,1.000000,0.654493,1.000000,0.000000,0,0.000000,358588.000000,1.000000,157039204819.000000,396788.000000
360000,10,99273,0.800000,1.000000,0.695066,1.000000,0.000000,0,0.000000,359999.000000,1.000000,157039204819.000000,396788.000000
360000,11,99273,0.800000,1.000000,0.642214,1.000000,0.000000,1,290807.000000,360000.000000,1.000000,157039204819.000000,396788.000000
360000,12,99271,0.800000,1.000000,0.563271,1.000000,0.000000,0,0.000000,359975.000000,1.000000,157039204819.000000,396788.000000
360000,13,99204,0.800000,1.000000,0.557697,1.000000,0.000000,0,0.000000,353990.000000,1.000000,157039204819.000000,396788.000000
360000,14,99274,0.800000,1.000000,0.678476,1.000000,0.000000,0,0.000000,359998.000000,1.000000,157039204819.000000,396788.000000
360000,15,99272,0.800000,1.000000,0.568966,1.000000,0.000000,0,0.000000,359884.000000,1.000000,157039204819.000000,396788.000000
361000,0,99549,0.800000,1.000000,0.533991,1.000000,0.000000,0,0.000000,360988.000000,1.000000,157950169423.000000,591487.000000
361000,1,99547,0.800000,1.000000,0.628325,1.000000,0.000000,0,0.000000,360886.000000,1.000000,157950169423.000000,591487.000000
361000,2,99549,0.800000,1.000000,0.595037,1.000000,0.000000,0,0.000000,360922.000000,1.000000,157950169423.000000,591487.000000
361000,3,99550,0.800000,1.000000,0.678427,1.000000,0.000000,0,0.000000,360999.000000,1.000000,157950169423.000000,591487.000000
361000,4,99550,0.800000,1.000000,0.579365,1.000000,0.000000,0,0.000000,360998.000000,1.000000,157950169423.000000,591487.000000
361000,5,99430,0.800000,1.000000,0.663178,1.000000,0.000000,0,0.000000,360189.000000,1.000000,157950169423.000000,591487.000000
361000,6,96740,0.800000,1.000000,0.642447,1.000000,0.000000,0,0.000000,337077.000000,1.000000,157950169423.000000,591487.000000
361000,7,99549,0.800000,1.000000,0.641090,1.000000,0.000000,0,0.000000,360983.000000,1.000000,157950169423.000000,591487.000000
361000,8,99537,0.800000,1.000000,0.706462,1.000000,0.000000,0,0.000000,360849.000000,1.000000,157950169423.000000,591487.000000
361000,9,99458,0.800000,1.000000,0.645810,1.000000,0.000000,0,0.000000,358588.000000,1.000000,157950169423.000000,591487.000000
361000,10,99550,0.800000,1.000000,0.683556,1.000000,0.000000,1,296132.000000,361000.000000,1.000000,157950169423.000000,591487.000000
361000,11,99500,0.800000,1.000000,0.604591,1.000000,0.000000,0,0.000000,360275.000000,1.000000,157950169423.000000,591487.000000
361000,12,99549,0.800000,1.000000,0.575883,1.000000,0.000000,0,0.000000,360978.000000,1.000000,157950169423.000000,591487.000000
361000,13,99524,0.800000,1.000000,0.574684,1.000000,0.000000,0,0.000000,353990.000000,1.000000,157950169423.000000,591487.000000
361000,14,99549,0.800000,1.000000,0.570599,1.000000,0.000000,0,0.000000,360994.000000,1.000000,157950169423.000000,591487.000000
361000,15,99550,0.800000,1.000000,0.535457,1.000000,0.000000,0,0.000000,360981.000000,1.000000,157950169423.000000,591487.000000
362000,0,99823,0.800000,1.000000,0.632987,1.000000,0.000000,1,294643.000000,362000.000000,1.000000,158852753003.000000,992493.000000
362000,1,99822,0.800000,1.000000,0.579114,1.000000,0.000000,0,0.000000,361969.000000,1.000000,158852753003.000000,992493.000000
362000,2,99824,0.800000,1.000000,0.631794,1.000000,0.000000,0,0.000000,361992.000000,1.000000,158852753003.000000,992493.000000
362000,3,99796,0.800000,1.000000,0.640749,1.000000,0.000000,0,0.000000,361098.000000,1.000000,158852753003.000000,992493.000000
362000,4,99822,0.800000,1.000000,0.576601,1.000000,0.000000,0,0.000000,361980.000000,1.000000,158852753003.000000,992493.000000
362000,5,99716,0.800000,1.000000,0.636189,1.000000,0.000000,0,0.000000,360189.000000,1.000000,158852753003.000000,992493.000000
362000,6,97104,0.800000,1.000000,0.548255,1.000000,0.000000,0,0.000000,337077.000000,1.000000,158852753003.000000,992493.000000
362000,7,99823,0.800000,1.000000,0.687353,1.000000,0.000000,0,0.000000,361997.000000,1.000000,158852753003.000000,992493.000000
362000,8,99822,0.800000,1.000000,0.561947,1.000000,0.000000,0,0.000000,361986.000000,1.000000,158852753003.000000,992493.000000
362000,9,99781,0.800000,1.000000,0.545721,1.000000,0.000000,0,0.000000,358588.000000,1.000000,158852753003.000000,992493.000000
362000,10,99821,0.800000,1.000000,0.744654,1.000000,0.000000,0,0.000000,361672.000000,1.000000,158852753003.000000,992493.000000
362000,11,99801,0.800000,1.000000,0.609237,1.000000,0.000000,0,0.000000,360275.000000,1.000000,158852753003.000000,992493.000000
362000,12,99824,0.800000,1.000000,0.620864,1.000000,0.000000,0,0.000000,361998.000000,1.000000,158852753003.000000,992493.000000
362000,13,99805,0.800000,1.000000,0.727238,1.000000,0.000000,0,0.000000,361831.000000,1.000000,158852753003.000000,992493.000000
362000,14,99820,0.800000,1.000000,0.720177,1.000000,0.000000,0,0.000000,361772.000000,1.000000,158852753003.000000,992493.000000
362000,15,99815,0.800000,1.000000,0.572933,1.000000,0.000000,0,0.000000,361956.000000,1.000000,158852753003.000000,992493.000000
363000,0,99994,0.800000,1.000000,0.650606,1.000000,0.000000,0,0.000000,362410.000000,1.000000,159731133790.000000,400200.000000
363000,1,100107,0.800000,1.000000,0.634887,1.000000,0.000000,0,0.000000,362993.000000,1.000000,159731133790.000000,400200.000000
363000,2,100107,0.800000,1.000000,0.510014,1.000000,0.000000,0,0.000000,362994.000000,1.000000,159731133790.000000,400200.000000
363000,3,100079,0.800000,1.000000,0.717918,1.000000,0.000000,0,0.000000,362792.000000,1.000000,159731133790.000000,400200.000000
363000,4,100079,0.800000,1.000000,0.733621,1.000000,0.000000,0,0.000000,362894.000000,1.000000,159731133790.000000,400200.000000
363000,5,100051,0.800000,1.000000,0.682449,1.000000,0.000000,0,0.000000,360189.000000,1.000000,159731133790.000000,400200.000000
363000,6,97427,0.800000,1.000000,0.654623,1.000000,0.000000,0,0.000000,337077.000000,1.000000,159731133790.000000,400200.000000
363000,7,100107,0.800000,1.000000,0.612252,1.000000,0.000000,1,291789.000000,363000.000000,1.000000,159731133790.000000,400200.000000
363000,8,100101,0.800000,1.000000,0.605370,1.000000,0.000000,0,0.000000,362976.000000,1.000000,159731133790.000000,400200.000000
363000,9,100087,0.800000,1.000000,0.661783,1.000000,0.000000,0,0.000000,362926.000000,1.000000,159731133790.000000,400200.000000
363000,10,100107,0.800000,1.000000,0.708821,1.000000,0.000000,0,0.000000,362999.000000,1.000000,159731133790.000000,400200.000000
363000,11,100106,0.800000,1.000000,0.626268,1.000000,0.000000,0,0.000000,362985.000000,1.000000,159731133790.000000,400200.000000
363000,12,100021,0.800000,1.000000,0.693212,1.000000,0.000000,0,0.000000,362041.000000,1.000000,159731133790.000000,400200.000000
363000,13,100043,0.800000,1.000000,0.711197,1.000000,0.000000,0,0.000000,362607.000000,1.000000,159731133790.000000,400200.000000
363000,14,100107,0.800000,1.000000,0.661644,1.000000,0.000000,0,0.000000,362997.000000,1.000000,159731133790.000000,400200.000000
363000,15,100099,0.800000,1.000000,0.629976,1.000000,0.000000,0,0.000000,362897.000000,1.000000,159731133790.000000,400200.000000
364000,0,100355,0.800000,1.000000,0.596321,1.000000,0.000000,0,0.000000,362410.000000,1.000000,160650400408.000000,998473.000000
364000,1,100354,0.800000,1.000000,0.632545,1.000000,0.000000,0,0.000000,363922.000000,1.000000,160650400408.000000,998473.000000
364000,2,100369,0.800000,1.000000,0.599333,1.000000,0.000000,0,0.000000,363992.000000,1.000000,160650400408.000000,998473.000000
364000,3,100370,0.800000,1.000000,0.740029,1.000000,0.000000,0,0.000000,363998.000000,1.000000,160650400408.000000,998473.000000
364000,4,100369,0.800000,1.000000,0.572857,1.000000,0.000000,0,0.000000,362894.000000,1.000000,160650400408.000000,998473.000000
364000,5,100369,0.800000,1.000000,0.664534,1.000000,0.000000,0,0.000000,363994.000000,1.000000,160650400408.000000,998473.000000
364000,6,97800,0.800000,1.000000,0.668244,1.000000,0.000000,0,0.000000,337077.000000,1.000000,160650400408.000000,998473.000000
364000,7,100309,0.800000,1.000000,0.696945,1.000000,0.000000,0,0.000000,363588.000000,1.000000,160650400408.000000,998473.000000
364000,8,100369,0.800000,1.000000,0.585631,1.000000,0.000000,0,0.000000,363993.000000,1.000000,160650400408.000000,998473.000000
364000,9,100370,0.800000,1.000000,0.683430,1.000000,0.000000,0,0.000000,363999.000000,1.000000,160650400408.000000,998473.000000
364000,10,100354,0.800000,1.000000,0.446079,1.000000,0.000000,0,0.000000,363777.000000,1.000000,160650400408.000000,998473.000000
364000,11,100361,0.800000,1.000000,0.531195,1.000000,0.000000,0,0.000000,363772.000000,1.000000,160650400408.000000,998473.000000
364000,12,100366,0.800000,1.000000,0.693575,1.000000,0.000000,0,0.000000,363979.000000,1.000000,160650400408.000000,998473.000000
364000,13,100370,0.800000,1.000000,0.594154,1.000000,0.000000,1,299058.000000,364000.000000,1.000000,160650400408.000000,998473.000000
364000,14,100365,0.800000,1.000000,0.471533,1.000000,0.000000,0,0.000000,363960.000000,1.000000,160650400408.000000,998473.000000
364000,15,100368,0.800000,1.000000,0.657028,1.000000,0.000000,0,0.000000,363988.000000,1.000000,160650400408.000000,998473.000000
365000,0,100638,0.800000,1.000000,0.650975,1.000000,0.000000,0,0.000000,364917.000000,1.000000,161560512111.000000,1006479.000000
365000,1,100643,0.800000,1.000000,0.780598,1.000000,0.000000,0,0.000000,364973.000000,1.000000,161560512111.000000,1006479.000000
365000,2,100606,0.800000,1.000000,0.540018,1.000000,0.000000,0,0.000000,364520.000000,1.000000,161560512111.000000,1006479.000000
365000,3,100634,0.800000,1.000000,0.529957,1.000000,0.000000,0,0.000000,364911.000000,1.000000,161560512111.000000,1006479.000000
365000,4,100651,0.800000,1.000000,0.661074,1.000000,0.000000,0,0.000000,364998.000000,1.000000,161560512111.000000,1006479.000000
365000,5,100643,0.800000,1.000000,0.511785,1.000000,0.000000,0,0.000000,364845.000000,1.000000,161560512111.000000,1006479.000000
365000,6,98163,0.800000,1.000000,0.519480,1.000000,0.000000,0,0.000000,337077.000000,1.000000,161560512111.000000,1006479.000000
365000,7,100652,0.800000,1.000000,0.756148,1.000000,0.000000,0,0.000000,364999.000000,1.000000,161560512111.000000,1006479.000000
365000,8,100651,0.800000,1.000000,0.667781,1.000000,0.000000,0,0.000000,364994.000000,1.000000,161560512111.000000,1006479.000000
365000,9,100652,0.800000,1.000000,0.783334,1.000000,0.000000,1,293614.000000,365000.000000,1.000000,161560512111.000000,1006479.000000
365000,10,100652,0.800000,1.000000,0.681971,1.000000,0.000000,0,0.000000,364996.000000,1.000000,161560512111.000000,1006479.000000
365000,11,100632,0.800000,1.000000,0.604769,1.000000,0.000000,0,0.000000,364895.000000,1.000000,161560512111.000000,1006479.000000
365000,12,100600,0.800000,1.000000,0.579903,1.000000,0.000000,0,0.000000,364788.000000,1.000000,161560512111.000000,1006479.000000
365000,13,100637,0.800000,1.000000,0.658282,1.000000,0.000000,0,0.000000,364361.000000,1.000000,161560512111.000000,1006479.000000
365000,14,100651,0.800000,1.000000,0.689389,1.000000,0.000000,0,0.000000,364997.000000,1.000000,161560512111.000000,1006479.000000
365000,15,100650,0.800000,1.000000,0.558399,1.000000,0.000000,0,0.000000,364988.000000,1.000000,161560512111.000000,1006479.000000
366000,0,100909,0.800000,1.000000,0.658638,1.000000,0.000000,0,0.000000,365995.000000,1.000000,162363204107.000000,398724.000000
366000,1,100893,0.800000,1.000000,0.671258,1.000000,0.000000,0,0.000000,365906.000000,1.000000,162363204107.000000,398724.000000
366000,2,100902,0.800000,1.000000,0.617796,1.000000,0.000000,0,0.000000,364520.000000,1.000000,162363204107.000000,398724.000000
366000,3,100897,0.800000,1.000000,0.654834,1.000000,0.000000,0,0.000000,364911.000000,1.000000,162363204107.000000,398724.000000
366000,4,100911,0.800000,1.000000,0.787076,1.000000,0.000000,0,0.000000,365998.000000,1.000000,162363204107.000000,398724.000000
366000,5,100898,0.800000,1.000000,0.653514,1.000000,0.000000,0,0.000000,365921.000000,1.000000,162363204107.000000,398724.000000
366000,6,98451,0.800000,1.000000,0.620120,1.000000,0.000000,0,0.000000,337077.000000,1.000000,162363204107.000000,398724.000000
366000,7,100809,0.800000,1.000000,0.516175,1.000000,0.000000,0,0.000000,365405.000000,1.000000,162363204107.000000,398724.000000
366000,8,100910,0.800000,1.000000,0.523522,1.000000,0.000000,0,0.000000,365975.000000,1.000000,162363204107.000000,398724.000000
366000,9,100910,0.800000,1.000000,0.705269,1.000000,0.000000,0,0.000000,365992.000000,1.000000,162363204107.000000,398724.000000
366000,10,100858,0.800000,1.000000,0.587092,1.000000,0.000000,0,0.000000,365466.000000,1.000000,162363204107.000000,398724.000000
366000,11,100912,0.800000,1.000000,0.625337,1.000000,0.000000,0,0.000000,365999.000000,1.000000,162363204107.000000,398724.000000
366000,12,100781,0.800000,1.000000,0.519853,1.000000,0.000000,0,0.000000,364788.000000,1.000000,162363204107.000000,398724.000000
366000,13,100912,0.800000,1.000000,0.594934,1.000000,0.000000,1,300372.000000,366000.000000,1.000000,162363204107.000000,398724.000000
366000,14,100912,0.800000,1.000000,0.628442,1.000000,0.000000,0,0.000000,365987.000000,1.000000,162363204107.000000,398724.000000
366000,15,100880,0.800000,1.000000,0.580801,1.000000,0.000000,0,0.000000,365730.000000,1.000000,162363204107.000000,398724.000000
367000,0,101199,0.800000,1.000000,0.575271,1.000000,0.000000,0,0.000000,366977.000000,1.000000,163350316649.000000,1011753.000000
367000,1,101192,0.800000,1.000000,0.761179,1.000000,0.000000,0,0.000000,365906.000000,1.000000,163350316649.000000,1011753.000000
367000,2,101194,0.800000,1.000000,0.719689,1.000000,0.000000,0,0.000000,366839.000000,1.000000,163350316649.000000,1011753.000000
367000,3,101187,0.800000,1.000000,0.683630,1.000000,0.000000,0,0.000000,366942.000000,1.000000,163350316649.000000,1011753.000000
367000,4,101199,0.800000,1.000000,0.605483,1.000000,0.000000,0,0.000000,366990.000000,1.000000,163350316649.000000,1011753.000000
367000,5,101103,0.800000,1.000000,0.648770,1.000000,0.000000,0,0.000000,365921.000000,1.000000,163350316649.000000,1011753.000000
367000,6,98831,0.800000,1.000000,0.679151,1.000000,0.000000,0,0.000000,337077.000000,1.000000,163350316649.000000,1011753.000000
367000,7,101199,0.800000,1.000000,0.691733,1.000000,0.000000,0,0.000000,366993.000000,1.000000,163350316649.000000,1011753.000000
367000,8,101200,0.800000,1.000000,0.749148,1.000000,0.000000,0,0.000000,366998.000000,1.000000,163350316649.000000,1011753.000000
367000,9,101172,0.800000,1.000000,0.677150,1.000000,0.000000,0,0.000000,366908.000000,1.000000,163350316649.000000,1011753.000000
367000,10,101200,0.800000,1.000000,0.660097,1.000000,0.000000,1,301085.000000,367000.000000,1.000000,163350316649.000000,1011753.000000
367000,11,101197,0.800000,1.000000,0.590236,1.000000,0.000000,0,0.000000,366975.000000,1.000000,163350316649.000000,1011753.000000
367000,12,101198,0.800000,1.000000,0.705602,1.000000,0.000000,0,0.000000,366988.000000,1.000000,163350316649.000000,1011753.000000
367000,13,101185,0.800000,1.000000,0.633793,1.000000,0.000000,0,0.000000,366180.000000,1.000000,163350316649.000000,1011753.000000
367000,14,101196,0.800000,1.000000,0.631723,1.000000,0.000000,0,0.000000,366807.000000,1.000000,163350316649.000000,1011753.000000
367000,15,101187,0.800000,1.000000,0.573728,1.000000,0.000000,0,0.000000,366901.000000,1.000000,163350316649.000000,1011753.000000
368000,0,101484,0.800000,1.000000,0.721010,1.000000,0.000000,1,299451.000000,368000.000000,1.000000,164265668943.000000,1420517.000000
368000,1,101480,0.800000,1.000000,0.573520,1.000000,0.000000,0,0.000000,367977.000000,1.000000,164265668943.000000,1420517.000000
368000,2,101477,0.800000,1.000000,0.481250,1.000000,0.000000,0,0.000000,367796.000000,1.000000,164265668943.000000,1420517.000000
368000,3,101483,0.800000,1.000000,0.558929,1.000000,0.000000,0,0.000000,367988.000000,1.000000,164265668943.000000,1420517.000000
368000,4,101455,0.800000,1.000000,0.661070,1.000000,0.000000,0,0.000000,367119.000000,1.000000,164265668943.000000,1420517.000000
368000,5,101453,0.800000,1.000000,0.604627,1.000000,0.000000,0,0.000000,365921.000000,1.000000,164265668943.000000,1420517.000000
368000,6,99143,0.800000,1.000000,0.571252,1.000000,0.000000,0,0.000000,337077.000000,1.000000,164265668943.000000,1420517.000000
368000,7,101463,0.800000,1.000000,0.566822,1.000000,0.000000,0,0.000000,367726.000000,1.000000,164265668943.000000,1420517.000000
368000,8,101484,0.800000,1.000000,0.642657,1.000000,0.000000,0,0.000000,367984.000000,1.000000,164265668943.000000,1420517.000000
368000,9,101398,0.800000,1.000000,0.531384,1.000000,0.000000,0,0.000000,366908.000000,1.000000,164265668943.000000,1420517.000000
368000,10,101483,0.800000,1.000000,0.660530,1.000000,0.000000,0,0.000000,367992.000000,1.000000,164265668943.000000,1420517.000000
368000,11,101480,0.800000,1.000000,0.693241,1.000000,0.000000,0,0.000000,367683.000000,1.000000,164265668943.000000,1420517.000000
368000,12,101483,0.800000,1.000000,0.560833,1.000000,0.000000,0,0.000000,367981.000000,1.000000,164265668943.000000,1420517.000000
368000,13,101427,0.800000,1.000000,0.553816,1.000000,0.000000,0,0.000000,366180.000000,1.000000,164265668943.000000,1420517.000000
368000,14,101485,0.800000,1.000000,0.671412,1.000000,0.000000,0,0.000000,367991.000000,1.000000,164265668943.000000,1420517.000000
368000,15,101485,0.800000,1.000000,0.648112,1.000000,0.000000,0,0.000000,367998.000000,1.000000,164265668943.000000,1420517.000000
369000,0,101782,0.800000,1.000000,0.646252,1.000000,0.000000,0,0.000000,368921.000000,1.000000,165260818004.000000,1827211.000000
369000,1,101780,0.800000,1.000000,0.598416,1.000000,0.000000,0,0.000000,368982.000000,1.000000,165260818004.000000,1827211.000000
369000,2,101783,0.800000,1.000000,0.620152,1.000000,0.000000,0,0.000000,368998.000000,1.000000,165260818004.000000,1827211.000000
369000,3,101766,0.800000,1.000000,0.665504,1.000000,0.000000,0,0.000000,368771.000000,1.000000,165260818004.000000,1827211.000000
369000,4,101785,0.800000,1.000000,0.675075,1.000000,0.000000,0,0.000000,368995.000000,1.000000,165260818004.000000,1827211.000000
369000,5,101764,0.800000,1.000000,0.630576,1.000000,0.000000,0,0.000000,368935.000000,1.000000,165260818004.000000,1827211.000000
369000,6,99432,0.800000,1.000000,0.638283,1.000000,0.000000,0,0.000000,337077.000000,1.000000,165260818004.000000,1827211.000000
369000,7,101775,0.800000,1.000000,0.519025,1.000000,0.000000,0,0.000000,368894.000000,1.000000,165260818004.000000,1827211.000000
369000,8,101784,0.800000,1.000000,0.675470,1.000000,0.000000,0,0.000000,368999.000000,1.000000,165260818004.000000,1827211.000000
369000,9,101719,0.800000,1.000000,0.638081,1.000000,0.000000,0,0.000000,366908.000000,1.000000,165260818004.000000,1827211.000000
369000,10,101782,0.800000,1.000000,0.620346,1.000000,0.000000,0,0.000000,368866.000000,1.000000,165260818004.000000,1827211.000000
369000,11,101785,0.800000,1.000000,0.675172,1.000000,0.000000,0,0.000000,368984.000000,1.000000,165260818004.000000,1827211.000000
369000,12,101783,0.800000,1.000000,0.648437,1.000000,0.000000,0,0.000000,368922.000000,1.000000,165260818004.000000,1827211.000000
369000,13,101777,0.800000,1.000000,0.608282,1.000000,0.000000,0,0.000000,366180.000000,1.000000,165260818004.000000,1827211.000000
369000,14,101784,0.800000,1.000000,0.764121,1.000000,0.000000,0,0.000000,368997.000000,1.000000,165260818004.000000,1827211.000000
369000,15,101785,0.800000,1.000000,0.667815,1.000000,0.000000,1,301384.000000,369000.000000,1.000000,165260818004.000000,1827211.000000
370000,0,102048,0.800000,1.000000,0.588699,1.000000,0.000000,0,0.000000,369958.000000,1.000000,166139319669.000000,1632750.000000
370000,1,102033,0.800000,1.000000,0.497686,1.000000,0.000000,0,0.000000,369685.000000,1.000000,166139319669.000000,1632750.000000
370000,2,101946,0.800000,1.000000,0.515770,1.000000,0.000000,0,0.000000,369270.000000,1.000000,166139319669.000000,1632750.000000
370000,3,102050,0.800000,1.000000,0.744510,1.000000,0.000000,1,304521.000000,370000.000000,1.000000,166139319669.000000,1632750.000000
370000,4,102017,0.800000,1.000000,0.538618,1.000000,0.000000,0,0.000000,369717.000000,1.000000,166139319669.000000,1632750.000000
370000,5,102050,0.800000,1.000000,0.676511,1.000000,0.000000,0,0.000000,369960.000000,1.000000,166139319669.000000,1632750.000000
370000,6,99821,0.800000,1.000000,0.659803,1.000000,0.000000,0,0.000000,337077.000000,1.000000,166139319669.000000,1632750.000000
370000,7,102028,0.800000,1.000000,0.727449,1.000000,0.000000,0,0.000000,369543.000000,1.000000,166139319669.000000,1632750.000000
370000,8,102046,0.800000,1.000000,0.522566,1.000000,0.000000,0,0.000000,369939.000000,1.000000,166139319669.000000,1632750.000000
370000,9,102051,0.800000,1.000000,0.637125,1.000000,0.000000,0,0.000000,369996.000000,1.000000,166139319669.000000,1632750.000000
370000,10,102051,0.800000,1.000000,0.703787,1.000000,0.000000,0,0.000000,369995.000000,1.000000,166139319669.000000,1632750.000000
370000,11,102049,0.800000,1.000000,0.654365,1.000000,0.000000,0,0.000000,369929.000000,1.000000,166139319669.000000,1632750.000000
370000,12,102046,0.800000,1.000000,0.648155,1.000000,0.000000,0,0.000000,369827.000000,1.000000,166139319669.000000,1632750.000000
370000,13,102051,0.800000,1.000000,0.650295,1.000000,0.000000,0,0.000000,369993.000000,1.000000,166139319669.000000,1632750.000000
370000,14,102051,0.800000,1.000000,0.673432,1.000000,0.000000,0,0.000000,369997.000000,1.000000,166139319669.000000,1632750.000000
370000,15,102047,0.800000,1.000000,0.621679,1.000000,0.000000,0,0.000000,369916.000000,1.000000,166139319669.000000,1632750.000000
371000,0,102326,0.800000,1.000000,0.681076,1.000000,0.000000,0,0.000000,370912.000000,1.000000,167046352472.000000,1023133.000000
371000,1,102328,0.800000,1.000000,0.686748,1.000000,0.000000,0,0.000000,370936.000000,1.000000,167046352472.000000,1023133.000000
371000,2,102268,0.800000,1.000000,0.622960,1.000000,0.000000,0,0.000000,369270.000000,1.000000,167046352472.000000,1023133.000000
371000,3,102286,0.800000,1.000000,0.586704,1.000000,0.000000,0,0.000000,370636.000000,1.000000,167046352472.000000,1023133.000000
371000,4,102318,0.800000,1.000000,0.652164,1.000000,0.000000,0,0.000000,369717.000000,1.000000,167046352472.000000,1023133.000000
371000,5,102281,0.800000,1.000000,0.631111,1.000000,0.000000,0,0.000000,370581.000000,1.000000,167046352472.000000,1023133.000000
371000,6,100117,0.800000,1.000000,0.627101,1.000000,0.000000,0,0.000000,337077.000000,1.000000,167046352472.000000,1023133.000000
371000,7,102325,0.800000,1.000000,0.661250,1.000000,0.000000,0,0.000000,370990.000000,1.000000,167046352472.000000,1023133.000000
371000,8,102328,0.800000,1.000000,0.655381,1.000000,0.000000,1,305223.000000,371000.000000,1.000000,167046352472.000000,1023133.000000
371000,9,102328,0.800000,1.000000,0.711175,1.000000,0.000000,0,0.000000,370999.000000,1.000000,167046352472.000000,1023133.000000
371000,10,102296,0.800000,1.000000,0.700644,1.000000,0.000000,0,0.000000,370529.000000,1.000000,167046352472.000000,1023133.000000
371000,11,102326,0.800000,1.000000,0.669213,1.000000,0.000000,0,0.000000,370991.000000,1.000000,167046352472.000000,1023133.000000
371000,12,102328,0.800000,1.000000,0.769909,1.000000,0.000000,0,0.000000,370998.000000,1.000000,167046352472.000000,1023133.000000
371000,13,102328,0.800000,1.000000,0.603808,1.000000,0.000000,0,0.000000,370974.000000,1.000000,167046352472.000000,1023133.000000
371000,14,102329,0.800000,1.000000,0.766105,1.000000,0.000000,0,0.000000,370983.000000,1.000000,167046352472.000000,1023133.000000
371000,15,102318,0.800000,1.000000,0.524214,1.000000,0.000000,0,0.000000,370966.000000,1.000000,167046352472.000000,1023133.000000
372000,0,102589,0.800000,1.000000,0.571322,1.000000,0.000000,0,0.000000,371975.000000,1.000000,167939322120.000000,1231050.000000
372000,1,102594,0.800000,1.000000,0.646638,1.000000,0.000000,0,0.000000,371972.000000,1.000000,167939322120.000000,1231050.000000
372000,2,102545,0.800000,1.000000,0.680431,1.000000,0.000000,0,0.000000,371821.000000,1.000000,167939322120.000000,1231050.000000
372000,3,102557,0.800000,1.000000,0.620187,1.000000,0.000000,0,0.000000,370636.000000,1.000000,167939322120.000000,1231050.000000
372000,4,102594,0.800000,1.000000,0.632253,1.000000,0.000000,1,302063.000000,372000.000000,1.000000,167939322120.000000,1231050.000000
372000,5,102595,0.800000,1.000000,0.677329,1.000000,0.000000,0,0.000000,371996.000000,1.000000,167939322120.000000,1231050.000000
372000,6,100491,0.800000,1.000000,0.574540,1.000000,0.000000,0,0.000000,337077.000000,1.000000,167939322120.000000,1231050.000000
372000,7,102572,0.800000,1.000000,0.643767,1.000000,0.000000,0,0.000000,371721.000000,1.000000,167939322120.000000,1231050.000000
372000,8,102591,0.800000,1.000000,0.683375,1.000000,0.000000,0,0.000000,371868.000000,1.000000,167939322120.000000,1231050.000000
372000,9,102506,0.800000,1.000000,0.563474,1.000000,0.000000,0,0.000000,371087.000000,1.000000,167939322120.000000,1231050.000000
372000,10,102594,0.800000,1.000000,0.607934,1.000000,0.000000,0,0.000000,371339.000000,1.000000,167939322120.000000,1231050.000000
372000,11,102592,0.800000,1.000000,0.596280,1.000000,0.000000,0,0.000000,371991.000000,1.000000,167939322120.000000,1231050.000000
372000,12,102595,0.800000,1.000000,0.673119,1.000000,0.000000,0,0.000000,371974.000000,1.000000,167939322120.000000,1231050.000000
372000,13,102594,0.800000,1.000000,0.706718,1.000000,0.000000,0,0.000000,371998.000000,1.000000,167939322120.000000,1231050.000000
372000,14,102594,0.800000,1.000000,0.761341,1.000000,0.000000,0,0.000000,371999.000000,1.000000,167939322120.000000,1231050.000000
372000,15,102593,0.800000,1.000000,0.634751,1.000000,0.000000,0,0.000000,371979.000000,1.000000,167939322120.000000,1231050.000000
373000,0,102882,0.800000,1.000000,0.569147,1.000000,0.000000,0,0.000000,372944.000000,1.000000,168930925075.000000,617321.000000
373000,1,102888,0.800000,1.000000,0.593279,1.000000,0.000000,0,0.000000,372999.000000,1.000000,168930925075.000000,617321.000000
373000,2,102876,0.800000,1.000000,0.666165,1.000000,0.000000,0,0.000000,372955.000000,1.000000,168930925075.000000,617321.000000
373000,3,102866,0.800000,1.000000,0.675146,1.000000,0.000000,0,0.000000,370636.000000,1.000000,168930925075.000000,617321.000000
373000,4,102856,0.800000,1.000000,0.483233,1.000000,0.000000,0,0.000000,372865.000000,1.000000,168930925075.000000,617321.000000
373000,5,102881,0.800000,1.000000,0.613831,1.000000,0.000000,0,0.000000,372809.000000,1.000000,168930925075.000000,617321.000000
373000,6,100824,0.800000,1.000000,0.698533,1.000000,0.000000,0,0.000000,337077.000000,1.000000,168930925075.000000,617321.000000
373000,7,102888,0.800000,1.000000,0.703427,1.000000,0.000000,0,0.000000,372995.000000,1.000000,168930925075.000000,617321.000000
373000,8,102885,0.800000,1.000000,0.556220,1.000000,0.000000,0,0.000000,372990.000000,1.000000,168930925075.000000,617321.000000
373000,9,102887,0.800000,1.000000,0.597461,1.000000,0.000000,0,0.000000,372997.000000,1.000000,168930925075.000000,617321.000000
373000,10,102888,0.800000,1.000000,0.660929,1.000000,0.000000,1,306053.000000,373000.000000,1.000000,168930925075.000000,617321.000000
373000,11,102873,0.800000,1.000000,0.632060,1.000000,0.000000,0,0.000000,372669.000000,1.000000,168930925075.000000,617321.000000
373000,12,102887,0.800000,1.000000,0.546229,1.000000,0.000000,0,0.000000,372993.000000,1.000000,168930925075.000000,617321.000000
373000,13,102874,0.800000,1.000000,0.683189,1.000000,0.000000,0,0.000000,372938.000000,1.000000,168930925075.000000,617321.000000
373000,14,102889,0.800000,1.000000,0.569277,1.000000,0.000000,0,0.000000,372988.000000,1.000000,168930925075.000000,617321.000000
373000,15,102885,0.800000,1.000000,0.649577,1.000000,0.000000,0,0.000000,372969.000000,1.000000,168930925075.000000,617321.000000
374000,0,103162,0.800000,1.000000,0.603777,1.000000,0.000000,0,0.000000,373988.000000,1.000000,169806977815.000000,1031473.000000
374000,1,103160,0.800000,1.000000,0.542130,1.000000,0.000000,0,0.000000,373990.000000,1.000000,169806977815.000000,1031473.000000
374000,2,103162,0.800000,1.000000,0.574253,1.000000,0.000000,0,0.000000,373998.000000,1.000000,169806977815.000000,1031473.000000
374000,3,103157,0.800000,1.000000,0.708273,1.000000,0.000000,0,0.000000,373971.000000,1.000000,169806977815.000000,1031473.000000
374000,4,103104,0.800000,1.000000,0.641781,1.000000,0.000000,0,0.000000,372865.000000,1.000000,169806977815.000000,1031473.000000
374000,5,103078,0.800000,1.000000,0.546904,1.000000,0.000000,0,0.000000,373533.000000,1.000000,169806977815.000000,1031473.000000
374000,6,101227,0.800000,1.000000,0.700737,1.000000,0.000000,0,0.000000,337077.000000,1.000000,169806977815.000000,1031473.000000
374000,7,103149,0.800000,1.000000,0.632488,1.000000,0.000000,0,0.000000,373833.000000,1.000000,169806977815.000000,1031473.000000
374000,8,103161,0.800000,1.000000,0.530769,1.000000,0.000000,0,0.000000,373999.000000,1.000000,169806977815.000000,1031473.000000
374000,9,103160,0.800000,1.000000,0.646665,1.000000,0.000000,0,0.000000,373975.000000,1.000000,169806977815.000000,1031473.000000
374000,10,103139,0.800000,1.000000,0.748258,1.000000,0.000000,0,0.000000,373903.000000,1.000000,169806977815.000000,1031473.000000
374000,11,103162,0.800000,1.000000,0.629205,1.000000,0.000000,1,302302.000000,374000.000000,1.000000,169806977815.000000,1031473.000000
374000,12,103126,0.800000,1.000000,0.585901,1.000000,0.000000,0,0.000000,373817.000000,1.000000,169806977815.000000,1031473.000000
374000,13,103129,0.800000,1.000000,0.621190,1.000000,0.000000,0,0.000000,372938.000000,1.000000,169806977815.000000,1031473.000000
374000,14,103162,0.800000,1.000000,0.567927,1.000000,0.000000,0,0.000000,373994.000000,1.000000,169806977815.000000,1031473.000000
374000,15,103051,0.800000,1.000000,0.602868,1.000000,0.000000,0,0.000000,373513.000000,1.000000,169806977815.000000,1031473.000000
375000,0,103439,0.800000,1.000000,0.653181,1.000000,0.000000,0,0.000000,374998.000000,1.000000,170775826870.000000,413608.000000
375000,1,103435,0.800000,1.000000,0.484571,1.000000,0.000000,0,0.000000,374925.000000,1.000000,170775826870.000000,413608.000000
375000,2,103433,0.800000,1.000000,0.676405,1.000000,0.000000,0,0.000000,374983.000000,1.000000,170775826870.000000,413608.000000
375000,3,103425,0.800000,1.000000,0.607167,1.000000,0.000000,0,0.000000,374507.000000,1.000000,170775826870.000000,413608.000000
375000,4,103439,0.800000,1.000000,0.781449,1.000000,0.000000,0,0.000000,374999.000000,1.000000,170775826870.000000,413608.000000
375000,5,103414,0.800000,1.000000,0.685064,1.000000,0.000000,0,0.000000,373533.000000,1.000000,170775826870.000000,413608.000000
375000,6,101593,0.800000,1.000000,0.668175,1.000000,0.000000,0,0.000000,337077.000000,1.000000,170775826870.000000,413608.000000
375000,7,103363,0.800000,1.000000,0.644459,1.000000,0.000000,0,0.000000,374621.000000,1.000000,170775826870.000000,413608.000000
375000,8,103439,0.800000,1.000000,0.646511,1.000000,0.000000,0,0.000000,374987.000000,1.000000,170775826870.000000,413608.000000
375000,9,103432,0.800000,1.000000,0.680578,1.000000,0.000000,0,0.000000,374969.000000,1.000000,170775826870.000000,413608.000000
375000,10,103432,0.800000,1.000000,0.735958,1.000000,0.000000,0,0.000000,374974.000000,1.000000,170775826870.000000,413608.000000
375000,11,103439,0.800000,1.000000,0.657331,1.000000,0.000000,1,302809.000000,375000.000000,1.000000,170775826870.000000,413608.000000
375000,12,103439,0.800000,1.000000,0.678861,1.000000,0.000000,0,0.000000,374995.000000,1.000000,170775826870.000000,413608.000000
375000,13,103438,0.800000,1.000000,0.773760,1.000000,0.000000,0,0.000000,374941.000000,1.000000,170775826870.000000,413608.000000
375000,14,103434,0.800000,1.000000,0.656249,1.000000,0.000000,0,0.000000,374951.000000,1.000000,170775826870.000000,413608.000000
375000,15,103392,0.800000,1.000000,0.632451,1.000000,0.000000,0,0.000000,373513.000000,1.000000,170775826870.000000,413608.000000
376000,0,103729,0.800000,1.000000,0.646565,1.000000,0.000000,0,0.000000,375675.000000,1.000000,171683120269.000000,622383.000000
376000,1,103733,0.800000,1.000000,0.752523,1.000000,0.000000,0,0.000000,375999.000000,1.000000,171683120269.000000,622383.000000
376000,2,103715,0.800000,1.000000,0.576136,1.000000,0.000000,0,0.000000,375714.000000,1.000000,171683120269.000000,622383.000000
376000,3,103727,0.800000,1.000000,0.635655,1.000000,0.000000,0,0.000000,375976.000000,1.000000,171683120269.000000,622383.000000
376000,4,103734,0.800000,1.000000,0.738073,1.000000,0.000000,1,305629.000000,376000.000000,1.000000,171683120269.000000,622383.000000
376000,5,103734,0.800000,1.000000,0.667940,1.000000,0.000000,0,0.000000,375993.000000,1.000000,171683120269.000000,622383.000000
376000,6,101886,0.800000,1.000000,0.649689,1.000000,0.000000,0,0.000000,337077.000000,1.000000,171683120269.000000,622383.000000
376000,7,103363,0.800000,1.000000,0.644459,1.000000,0.000000,0,0.000000,374621.000000,1.000000,171683120269.000000,622383.000000
376000,8,103694,0.800000,1.000000,0.726179,1.000000,0.000000,0,0.000000,375153.000000,1.000000,171683120269.000000,622383.000000
376000,9,103734,0.800000,1.000000,0.620746,1.000000,0.000000,0,0.000000,375997.000000,1.000000,171683120269.000000,622383.000000
376000,10,103730,0.800000,1.000000,0.667315,1.000000,0.000000,0,0.000000,375979.000000,1.000000,171683120269.000000,622383.000000
376000,11,103734,0.800000,1.000000,0.563942,1.000000,0.000000,0,0.000000,375998.000000,1.000000,171683120269.000000,622383.000000
376000,12,103732,0.800000,1.000000,0.561992,1.000000,0.000000,0,0.000000,375966.000000,1.000000,171683120269.000000,622383.000000
376000,13,103684,0.800000,1.000000,0.657242,1.000000,0.000000,0,0.000000,375802.000000,1.000000,171683120269.000000,622383.000000
376000,14,103728,0.800000,1.000000,0.611186,1.000000,0.000000,0,0.000000,375949.000000,1.000000,171683120269.000000,622383.000000
376000,15,103714,0.800000,1.000000,0.539582,1.000000,0.000000,0,0.000000,375826.000000,1.000000,171683120269.000000,622383.000000
377000,0,103997,0.800000,1.000000,0.640546,1.000000,0.000000,0,0.000000,376995.000000,1.000000,172519886368.000000,828108.000000
377000,1,103976,0.800000,1.000000,0.633591,1.000000,0.000000,0,0.000000,376888.000000,1.000000,172519886368.000000,828108.000000
377000,2,103935,0.800000,1.000000,0.663986,1.000000,0.000000,0,0.000000,376129.000000,1.000000,172519886368.000000,828108.000000
377000,3,103997,0.800000,1.000000,0.679968,1.000000,0.000000,0,0.000000,376997.000000,1.000000,172519886368.000000,828108.000000
377000,4,103965,0.800000,1.000000,0.651895,1.000000,0.000000,0,0.000000,376863.000000,1.000000,172519886368.000000,828108.000000
377000,5,103997,0.800000,1.000000,0.708387,1.000000,0.000000,1,308451.000000,377000.000000,1.000000,172519886368.000000,828108.000000
377000,6,102110,0.800000,1.000000,0.527221,1.000000,0.000000,0,0.000000,337077.000000,1.000000,172519886368.000000,828108.000000
377000,7,103475,0.800000,1.000000,0.703720,1.000000,0.000000,0,0.000000,374621.000000,1.000000,172519886368.000000,828108.000000
377000,8,103995,0.800000,1.000000,0.672905,1.000000,0.000000,0,0.000000,376984.000000,1.000000,172519886368.000000,828108.000000
377000,9,103998,0.800000,1.000000,0.623990,1.000000,0.000000,0,0.000000,376998.000000,1.000000,172519886368.000000,828108.000000
377000,10,103983,0.800000,1.000000,0.637239,1.000000,0.000000,0,0.000000,376821.000000,1.000000,172519886368.000000,828108.000000
377000,11,103998,0.800000,1.000000,0.662076,1.000000,0.000000,0,0.000000,376994.000000,1.000000,172519886368.000000,828108.000000
377000,12,103998,0.800000,1.000000,0.657565,1.000000,0.000000,0,0.000000,376993.000000,1.000000,172519886368.000000,828108.000000
377000,13,103984,0.800000,1.000000,0.678534,1.000000,0.000000,0,0.000000,375802.000000,1.000000,172519886368.000000,828108.000000
377000,14,103998,0.800000,1.000000,0.639735,1.000000,0.000000,0,0.000000,376996.000000,1.000000,172519886368.000000,828108.000000
377000,15,103998,0.800000,1.000000,0.632479,1.000000,0.000000,0,0.000000,376989.000000,1.000000,172519886368.000000,828108.000000
378000,0,104244,0.800000,1.000000,0.547405,1.000000,0.000000,0,0.000000,377591.000000,1.000000,173480702548.000000,1247588.000000
378000,1,104245,0.800000,1.000000,0.627884,1.000000,0.000000,0,0.000000,377701.000000,1.000000,173480702548.000000,1247588.000000
378000,2,104267,0.800000,1.000000,0.546190,1.000000,0.000000,0,0.000000,376129.000000,1.000000,173480702548.000000,1247588.000000
378000,3,104251,0.800000,1.000000,0.481621,1.000000,0.000000,0,0.000000,377856.000000,1.000000,173480702548.000000,1247588.000000
378000,4,104273,0.800000,1.000000,0.574900,1.000000,0.000000,0,0.000000,377994.000000,1.000000,173480702548.000000,1247588.000000
378000,5,104269,0.800000,1.000000,0.478331,1.000000,0.000000,0,0.000000,377959.000000,1.000000,173480702548.000000,1247588.000000
378000,6,102481,0.800000,1.000000,0.547416,1.000000,0.000000,0,0.000000,337077.000000,1.000000,173480702548.000000,1247588.000000
378000,7,103866,0.800000,1.000000,0.556003,1.000000,0.000000,0,0.000000,374621.000000,1.000000,173480702548.000000,1247588.000000
378000,8,104262,0.800000,1.000000,0.766192,1.000000,0.000000,0,0.000000,377933.000000,1.000000,173480702548.000000,1247588.000000
378000,9,104272,0.800000,1.000000,0.627490,1.000000,0.000000,0,0.000000,377997.000000,1.000000,173480702548.000000,1247588.000000
378000,10,104274,0.800000,1.000000,0.706807,1.000000,0.000000,0,0.000000,377998.000000,1.000000,173480702548.000000,1247588.000000
378000,11,104272,0.800000,1.000000,0.660140,1.000000,0.000000,0,0.000000,377989.000000,1.000000,173480702548.000000,1247588.000000
378000,12,104233,0.800000,1.000000,0.602943,1.000000,0.000000,0,0.000000,377257.000000,1.000000,173480702548.000000,1247588.000000
378000,13,104274,0.800000,1.000000,0.589460,1.000000,0.000000,0,0.000000,377999.000000,1.000000,173480702548.000000,1247588.000000
378000,14,104274,0.800000,1.000000,0.681706,1.000000,0.000000,1,302944.000000,378000.000000,1.000000,173480702548.000000,1247588.000000
378000,15,104269,0.800000,1.000000,0.727505,1.000000,0.000000,0,0.000000,377617.000000,1.000000,173480702548.000000,1247588.000000
379000,0,104556,0.800000,1.000000,0.649889,1.000000,0.000000,0,0.000000,378999.000000,1.000000,174426407760.000000,836378.000000
379000,1,104555,0.800000,1.000000,0.710692,1.000000,0.000000,0,0.000000,378998.000000,1.000000,174426407760.000000,836378.000000
379000,2,104523,0.800000,1.000000,0.660347,1.000000,0.000000,0,0.000000,378196.000000,1.000000,174426407760.000000,836378.000000
379000,3,104521,0.800000,1.000000,0.636645,1.000000,0.000000,0,0.000000,377856.000000,1.000000,174426407760.000000,836378.000000
379000,4,104542,0.800000,1.000000,0.530230,1.000000,0.000000,0,0.000000,378787.000000,1.000000,174426407760.000000,836378.000000
379000,5,104543,0.800000,1.000000,0.623846,1.000000,0.000000,0,0.000000,378929.000000,1.000000,174426407760.000000,836378.000000
379000,6,102698,0.800000,1.000000,0.694955,1.000000,0.000000,0,0.000000,337077.000000,1.000000,174426407760.000000,836378.000000
379000,7,104204,0.800000,1.000000,0.691209,1.000000,0.000000,0,0.000000,374621.000000,1.000000,174426407760.000000,836378.000000
379000,8,104536,0.800000,1.000000,0.567843,1.000000,0.000000,0,0.000000,378916.000000,1.000000,174426407760.000000,836378.000000
379000,9,104549,0.800000,1.000000,0.652379,1.000000,0.000000,0,0.000000,378970.000000,1.000000,174426407760.000000,836378.000000
379000,10,104556,0.800000,1.000000,0.715509,1.000000,0.000000,1,309719.000000,379000.000000,1.000000,174426407760.000000,836378.000000
379000,11,104555,0.800000,1.000000,0.608642,1.000000,0.000000,0,0.000000,378993.000000,1.000000,174426407760.000000,836378.000000
379000,12,104552,0.800000,1.000000,0.593656,1.000000,0.000000,0,0.000000,378979.000000,1.000000,174426407760.000000,836378.000000
379000,13,104557,0.800000,1.000000,0.665301,1.000000,0.000000,0,0.000000,378997.000000,1.000000,174426407760.000000,836378.000000
379000,14,104556,0.800000,1.000000,0.608136,1.000000,0.000000,0,0.000000,378894.000000,1.000000,174426407760.000000,836378.000000
379000,15,104557,0.800000,1.000000,0.570015,1.000000,0.000000,0,0.000000,378995.000000,1.000000,174426407760.000000,836378.000000
380000,0,104842,0.800000,1.000000,0.620139,1.000000,0.000000,0,0.000000,379994.000000,1.000000,175412599913.000000,1467235.000000
380000,1,104842,0.800000,1.000000,0.555681,1.000000,0.000000,0,0.000000,379912.000000,1.000000,175412599913.000000,1467235.000000
380000,2,104842,0.800000,1.000000,0.796382,1.000000,0.000000,0,0.000000,379996.000000,1.000000,175412599913.000000,1467235.000000
380000,3,104844,0.800000,1.000000,0.594820,1.000000,0.000000,0,0.000000,379997.000000,1.000000,175412599913.000000,1467235.000000
380000,4,104843,0.800000,1.000000,0.734486,1.000000,0.000000,0,0.000000,379999.000000,1.000000,175412599913.000000,1467235.000000
380000,5,104750,0.800000,1.000000,0.606156,1.000000,0.000000,0,0.000000,378929.000000,1.000000,175412599913.000000,1467235.000000
380000,6,103039,0.800000,1.000000,0.520928,1.000000,0.000000,0,0.000000,337077.000000,1.000000,175412599913.000000,1467235.000000
380000,7,104565,0.800000,1.000000,0.711959,1.000000,0.000000,0,0.000000,374621.000000,1.000000,175412599913.000000,1467235.000000
380000,8,104839,0.800000,1.000000,0.611389,1.000000,0.000000,0,0.000000,379981.000000,1.000000,175412599913.000000,1467235.000000
380000,9,104813,0.800000,1.000000,0.556771,1.000000,0.000000,0,0.000000,378970.000000,1.000000,175412599913.000000,1467235.000000
380000,10,104844,0.800000,1.000000,0.584636,1.000000,0.000000,0,0.000000,379990.000000,1.000000,175412599913.000000,1467235.000000
380000,11,104842,0.800000,1.000000,0.698139,1.000000,0.000000,0,0.000000,379907.000000,1.000000,175412599913.000000,1467235.000000
380000,12,104844,0.800000,1.000000,0.628726,1.000000,0.000000,1,301157.000000,380000.000000,1.000000,175412599913.000000,1467235.000000
380000,13,104844,0.800000,1.000000,0.746526,1.000000,0.000000,0,0.000000,379921.000000,1.000000,175412599913.000000,1467235.000000
380000,14,104842,0.800000,1.000000,0.701612,1.000000,0.000000,0,0.000000,379964.000000,1.000000,175412599913.000000,1467235.000000
380000,15,104842,0.800000,1.000000,0.645230,1.000000,0.000000,0,0.000000,379992.000000,1.000000,175412599913.000000,1467235.000000
381000,0,105136,0.800000,1.000000,0.699199,1.000000,0.000000,0,0.000000,380997.000000,1.000000,176425051598.000000,841076.000000
381000,1,105136,0.800000,1.000000,0.671177,1.000000,0.000000,1,306798.000000,381000.000000,1.000000,176425051598.000000,841076.000000
381000,2,105118,0.800000,1.000000,0.734146,1.000000,0.000000,0,0.000000,380568.000000,1.000000,176425051598.000000,841076.000000
381000,3,105124,0.800000,1.000000,0.717056,1.000000,0.000000,0,0.000000,380622.000000,1.000000,176425051598.000000,841076.000000
381000,4,105136,0.800000,1.000000,0.577339,1.000000,0.000000,0,0.000000,380999.000000,1.000000,176425051598.000000,841076.000000
381000,5,105129,0.800000,1.000000,0.618466,1.000000,0.000000,0,0.000000,380943.000000,1.000000,176425051598.000000,841076.000000
381000,6,103403,0.800000,1.000000,0.605390,1.000000,0.000000,0,0.000000,337077.000000,1.000000,176425051598.000000,841076.000000
381000,7,104911,0.800000,1.000000,0.714753,1.000000,0.000000,0,0.000000,374621.000000,1.000000,176425051598.000000,841076.000000
381000,8,105136,0.800000,1.000000,0.547367,1.000000,0.000000,0,0.000000,380989.000000,1.000000,176425051598.000000,841076.000000
381000,9,105137,0.800000,1.000000,0.627087,1.000000,0.000000,0,0.000000,380971.000000,1.000000,176425051598.000000,841076.000000
381000,10,105136,0.800000,1.000000,0.641399,1.000000,0.000000,0,0.000000,380855.000000,1.000000,176425051598.000000,841076.000000
381000,11,105071,0.800000,1.000000,0.671202,1.000000,0.000000,0,0.000000,380784.000000,1.000000,176425051598.000000,841076.000000
381000,12,105131,0.800000,1.000000,0.652175,1.000000,0.000000,0,0.000000,380961.000000,1.000000,176425051598.000000,841076.000000
381000,13,105132,0.800000,1.000000,0.721644,1.000000,0.000000,0,0.000000,380980.000000,1.000000,176425051598.000000,841076.000000
381000,14,105136,0.800000,1.000000,0.684628,1.000000,0.000000,0,0.000000,380987.000000,1.000000,176425051598.000000,841076.000000
381000,15,105134,0.800000,1.000000,0.512490,1.000000,0.000000,0,0.000000,380973.000000,1.000000,176425051598.000000,841076.000000
382000,0,105418,0.800000,1.000000,0.676811,1.000000,0.000000,0,0.000000,381993.000000,1.000000,177380353901.000000,843222.000000
382000,1,105417,0.800000,1.000000,0.672459,1.000000,0.000000,0,0.000000,381998.000000,1.000000,177380353901.000000,843222.000000
382000,2,105381,0.800000,1.000000,0.738494,1.000000,0.000000,0,0.000000,381858.000000,1.000000,177380353901.000000,843222.000000
382000,3,105418,0.800000,1.000000,0.627653,1.000000,0.000000,1,314927.000000,382000.000000,1.000000,177380353901.000000,843222.000000
382000,4,105410,0.800000,1.000000,0.491223,1.000000,0.000000,0,0.000000,381963.000000,1.000000,177380353901.000000,843222.000000
382000,5,105381,0.800000,1.000000,0.729350,1.000000,0.000000,0,0.000000,381554.000000,1.000000,177380353901.000000,843222.000000
382000,6,103705,0.800000,1.000000,0.482988,1.000000,0.000000,0,0.000000,337077.000000,1.000000,177380353901.000000,843222.000000
382000,7,105236,0.800000,1.000000,0.593476,1.000000,0.000000,0,0.000000,374621.000000,1.000000,177380353901.000000,843222.000000
382000,8,105418,0.800000,1.000000,0.712274,1.000000,0.000000,0,0.000000,381988.000000,1.000000,177380353901.000000,843222.000000
382000,9,105419,0.800000,1.000000,0.743248,1.000000,0.000000,0,0.000000,381971.000000,1.000000,177380353901.000000,843222.000000
382000,10,105417,0.800000,1.000000,0.741721,1.000000,0.000000,0,0.000000,381839.000000,1.000000,177380353901.000000,843222.000000
382000,11,105368,0.800000,1.000000,0.608093,1.000000,0.000000,0,0.000000,380784.000000,1.000000,177380353901.000000,843222.000000
382000,12,105407,0.800000,1.000000,0.549543,1.000000,0.000000,0,0.000000,381900.000000,1.000000,177380353901.000000,843222.000000
382000,13,105418,0.800000,1.000000,0.710896,1.000000,0.000000,0,0.000000,381980.000000,1.000000,177380353901.000000,843222.000000
382000,14,105419,0.800000,1.000000,0.697829,1.000000,0.000000,0,0.000000,381999.000000,1.000000,177380353901.000000,843222.000000
382000,15,105417,0.800000,1.000000,0.711556,1.000000,0.000000,0,0.000000,381992.000000,1.000000,177380353901.000000,843222.000000
383000,0,105639,0.800000,1.000000,0.686434,1.000000,0.000000,0,0.000000,382470.000000,1.000000,178312871737.000000,1053311.000000
383000,1,105694,0.800000,1.000000,0.681693,1.000000,0.000000,0,0.000000,382985.000000,1.000000,178312871737.000000,1053311.000000
383000,2,105692,0.800000,1.000000,0.580405,1.000000,0.000000,0,0.000000,382940.000000,1.000000,178312871737.000000,1053311.000000
383000,3,105697,0.800000,1.000000,0.633871,1.000000,0.000000,0,0.000000,382999.000000,1.000000,178312871737.000000,1053311.000000
383000,4,105697,0.800000,1.000000,0.695044,1.000000,0.000000,1,311165.000000,383000.000000,1.000000,178312871737.000000,1053311.000000
383000,5,105698,0.800000,1.000000,0.698865,1.000000,0.000000,0,0.000000,382998.000000,1.000000,178312871737.000000,1053311.000000
383000,6,103949,0.800000,1.000000,0.617026,1.000000,0.000000,0,0.000000,337077.000000,1.000000,178312871737.000000,1053311.000000
383000,7,105622,0.800000,1.000000,0.718999,1.000000,0.000000,0,0.000000,374621.000000,1.000000,178312871737.000000,1053311.000000
383000,8,105697,0.800000,1.000000,0.761624,1.000000,0.000000,0,0.000000,382995.000000,1.000000,178312871737.000000,1053311.000000
383000,9,105683,0.800000,1.000000,0.453863,1.000000,0.000000,0,0.000000,382909.000000,1.000000,178312871737.000000,1053311.000000
383000,10,105698,0.800000,1.000000,0.557067,1.000000,0.000000,0,0.000000,382965.000000,1.000000,178312871737.000000,1053311.000000
383000,11,105540,0.800000,1.000000,0.723296,1.000000,0.000000,0,0.000000,382426.000000,1.000000,178312871737.000000,1053311.000000
383000,12,105679,0.800000,1.000000,0.692455,1.000000,0.000000,0,0.000000,382438.000000,1.000000,178312871737.000000,1053311.000000
383000,13,105695,0.800000,1.000000,0.645962,1.000000,0.000000,0,0.000000,382983.000000,1.000000,178312871737.000000,1053311.000000
383000,14,105696,0.800000,1.000000,0.593095,1.000000,0.000000,0,0.000000,382687.000000,1.000000,178312871737.000000,1053311.000000
383000,15,105695,0.800000,1.000000,0.584331,1.000000,0.000000,0,0.000000,382972.000000,1.000000,178312871737.000000,1053311.000000
384000,0,105981,0.800000,1.000000,0.647953,1.000000,0.000000,0,0.000000,383968.000000,1.000000,179262766257.000000,632573.000000
384000,1,105986,0.800000,1.000000,0.661498,1.000000,0.000000,0,0.000000,383666.000000,1.000000,179262766257.000000,632573.000000
384000,2,105989,0.800000,1.000000,0.582745,1.000000,0.000000,0,0.000000,383970.000000,1.000000,179262766257.000000,632573.000000
384000,3,105918,0.800000,1.000000,0.653562,1.000000,0.000000,0,0.000000,383755.000000,1.000000,179262766257.000000,632573.000000
384000,4,105988,0.800000,1.000000,0.610803,1.000000,0.000000,0,0.000000,383985.000000,1.000000,179262766257.000000,632573.000000
384000,5,105988,0.800000,1.000000,0.544339,1.000000,0.000000,0,0.000000,383974.000000,1.000000,179262766257.000000,632573.000000
384000,6,104338,0.800000,1.000000,0.647929,1.000000,0.000000,0,0.000000,337077.000000,1.000000,179262766257.000000,632573.000000
384000,7,105975,0.800000,1.000000,0.483781,1.000000,0.000000,0,0.000000,383801.000000,1.000000,179262766257.000000,632573.000000
384000,8,105989,0.800000,1.000000,0.702313,1.000000,0.000000,1,314788.000000,384000.000000,1.000000,179262766257.000000,632573.000000
384000,9,105990,0.800000,1.000000,0.853540,1.000000,0.000000,0,0.000000,383995.000000,1.000000,179262766257.000000,632573.000000
384000,10,105950,0.800000,1.000000,0.505967,1.000000,0.000000,0,0.000000,383816.000000,1.000000,179262766257.000000,632573.000000
384000,11,105540,0.800000,1.000000,0.723296,1.000000,0.000000,0,0.000000,382426.000000,1.000000,179262766257.000000,632573.000000
384000,12,105984,0.800000,1.000000,0.678287,1.000000,0.000000,0,0.000000,383929.000000,1.000000,179262766257.000000,632573.000000
384000,13,105990,0.800000,1.000000,0.757148,1.000000,0.000000,0,0.000000,383999.000000,1.000000,179262766257.000000,632573.000000
384000,14,105989,0.800000,1.000000,0.601336,1.000000,0.000000,0,0.000000,383602.000000,1.000000,179262766257.000000,632573.000000
384000,15,105970,0.800000,1.000000,0.609355,1.000000,0.000000,0,0.000000,383027.000000,1.000000,179262766257.000000,632573.000000
385000,0,106264,0.800000,1.000000,0.579926,1.000000,0.000000,0,0.000000,384169.000000,1.000000,180200055729.000000,1487857.000000
385000,1,106263,0.800000,1.000000,0.529306,1.000000,0.000000,0,0.000000,384806.000000,1.000000,180200055729.000000,1487857.000000
385000,2,106278,0.800000,1.000000,0.580100,1.000000,0.000000,0,0.000000,384989.000000,1.000000,180200055729.000000,1487857.000000
385000,3,106192,0.800000,1.000000,0.558593,1.000000,0.000000,0,0.000000,383755.000000,1.000000,180200055729.000000,1487857.000000
385000,4,106275,0.800000,1.000000,0.565529,1.000000,0.000000,0,0.000000,384983.000000,1.000000,180200055729.000000,1487857.000000
385000,5,106279,0.800000,1.000000,0.574227,1.000000,0.000000,0,0.000000,384993.000000,1.000000,180200055729.000000,1487857.000000
385000,6,104733,0.800000,1.000000,0.577684,1.000000,0.000000,0,0.000000,337077.000000,1.000000,180200055729.000000,1487857.000000
385000,7,106279,0.800000,1.000000,0.736035,1.000000,0.000000,1,311075.000000,385000.000000,1.000000,180200055729.000000,1487857.000000
385000,8,106278,0.800000,1.000000,0.590875,1.000000,0.000000,0,0.000000,384965.000000,1.000000,180200055729.000000,1487857.000000
385000,9,106279,0.800000,1.000000,0.596881,1.000000,0.000000,0,0.000000,384987.000000,1.000000,180200055729.000000,1487857.000000
385000,10,106215,0.800000,1.000000,0.534502,1.000000,0.000000,0,0.000000,383816.000000,1.000000,180200055729.000000,1487857.000000
385000,11,105540,0.800000,1.000000,0.723296,1.000000,0.000000,0,0.000000,382426.000000,1.000000,180200055729.000000,1487857.000000
385000,12,106273,0.800000,1.000000,0.556672,1.000000,0.000000,0,0.000000,384797.000000,1.000000,180200055729.000000,1487857.000000
385000,13,106280,0.800000,1.000000,0.696957,1.000000,0.000000,0,0.000000,384997.000000,1.000000,180200055729.000000,1487857.000000
385000,14,106279,0.800000,1.000000,0.647024,1.000000,0.000000,0,0.000000,384961.000000,1.000000,180200055729.000000,1487857.000000
385000,15,106280,0.800000,1.000000,0.733184,1.000000,0.000000,0,0.000000,384999.000000,1.000000,180200055729.000000,1487857.000000
386000,0,106563,0.800000,1.000000,0.547262,1.000000,0.000000,0,0.000000,385969.000000,1.000000,181076491007.000000,852496.000000
386000,1,106566,0.800000,1.000000,0.654294,1.000000,0.000000,0,0.000000,385999.000000,1.000000,181076491007.000000,852496.000000
386000,2,106565,0.800000,1.000000,0.745461,1.000000,0.000000,0,0.000000,385987.000000,1.000000,181076491007.000000,852496.000000
386000,3,106567,0.800000,1.000000,0.631438,1.000000,0.000000,1,318186.000000,386000.000000,1.000000,181076491007.000000,852496.000000
386000,4,106477,0.800000,1.000000,0.559346,1.000000,0.000000,0,0.000000,385688.000000,1.000000,181076491007.000000,852496.000000
386000,5,106566,0.800000,1.000000,0.609404,1.000000,0.000000,0,0.000000,385989.000000,1.000000,181076491007.000000,852496.000000
386000,6,105132,0.800000,1.000000,0.609392,1.000000,0.000000,0,0.000000,337077.000000,1.000000,181076491007.000000,852496.000000
386000,7,106564,0.800000,1.000000,0.526316,1.000000,0.000000,0,0.000000,385958.000000,1.000000,181076491007.000000,852496.000000
386000,8,106563,0.800000,1.000000,0.478348,1.000000,0.000000,0,0.000000,385954.000000,1.000000,181076491007.000000,852496.000000
386000,9,106567,0.800000,1.000000,0.562978,1.000000,0.000000,0,0.000000,385995.000000,1.000000,181076491007.000000,852496.000000
386000,10,106428,0.800000,1.000000,0.604706,1.000000,0.000000,0,0.000000,383816.000000,1.000000,181076491007.000000,852496.000000
386000,11,105540,0.800000,1.000000,0.723296,1.000000,0.000000,0,0.000000,382426.000000,1.000000,181076491007.000000,852496.000000
386000,12,106549,0.800000,1.000000,0.662053,1.000000,0.000000,0,0.000000,385937.000000,1.000000,181076491007.000000,852496.000000
386000,13,106568,0.800000,1.000000,0.703368,1.000000,0.000000,0,0.000000,385997.000000,1.000000,181076491007.000000,852496.000000
386000,14,106410,0.800000,1.000000,0.558912,1.000000,0.000000,0,0.000000,385445.000000,1.000000,181076491007.000000,852496.000000
386000,15,106486,0.800000,1.000000,0.551847,1.000000,0.000000,0,0.000000,385512.000000,1.000000,181076491007.000000,852496.000000
387000,0,106834,0.800000,1.000000,0.604877,1.000000,0.000000,0,0.000000,386999.000000,1.000000,181936144741.000000,424436.000000
387000,1,106818,0.800000,1.000000,0.745555,1.000000,0.000000,0,0.000000,386579.000000,1.000000,181936144741.000000,424436.000000
387000,2,106833,0.800000,1.000000,0.679110,1.000000,0.000000,0,0.000000,386989.000000,1.000000,181936144741.000000,424436.000000
387000,3,106834,0.800000,1.000000,0.597739,1.000000,0.000000,0,0.000000,386991.000000,1.000000,181936144741.000000,424436.000000
387000,4,106826,0.800000,1.000000,0.631134,1.000000,0.000000,0,0.000000,386822.000000,1.000000,181936144741.000000,424436.000000
387000,5,106834,0.800000,1.000000,0.644276,1.000000,0.000000,1,315579.000000,387000.000000,1.000000,181936144741.000000,424436.000000
387000,6,105487,0.800000,1.000000,0.590736,1.000000,0.000000,0,0.000000,337077.000000,1.000000,181936144741.000000,424436.000000
387000,7,106829,0.800000,1.000000,0.733976,1.000000,0.000000,0,0.000000,386900.000000,1.000000,181936144741.000000,424436.000000
387000,8,106832,0.800000,1.000000,0.662053,1.000000,0.000000,0,0.000000,386956.000000,1.000000,181936144741.000000,424436.000000
387000,9,106835,0.800000,1.000000,0.659054,1.000000,0.000000,0,0.000000,386995.000000,1.000000,181936144741.000000,424436.000000
387000,10,106744,0.800000,1.000000,0.737480,1.000000,0.000000,0,0.000000,383816.000000,1.000000,181936144741.000000,424436.000000
387000,11,105540,0.800000,1.000000,0.723296,1.000000,0.000000,0,0.000000,382426.000000,1.000000,181936144741.000000,424436.000000
387000,12,106834,0.800000,1.000000,0.700885,1.000000,0.000000,0,0.000000,386986.000000,1.000000,181936144741.000000,424436.000000
387000,13,106738,0.800000,1.000000,0.621723,1.000000,0.000000,0,0.000000,386485.000000,1.000000,181936144741.000000,424436.000000
387000,14,106510,0.800000,1.000000,0.719098,1.000000,0.000000,0,0.000000,385445.000000,1.000000,181936144741.000000,424436.000000
387000,15,106817,0.800000,1.000000,0.597846,1.000000,0.000000,0,0.000000,385512.000000,1.000000,181936144741.000000,424436.000000
388000,0,107100,0.800000,1.000000,0.533080,1.000000,0.000000,0,0.000000,387999.000000,1.000000,182863988060.000000,1070635.000000
388000,1,107100,0.800000,1.000000,0.589115,1.000000,0.000000,0,0.000000,387994.000000,1.000000,182863988060.000000,1070635.000000
388000,2,107099,0.800000,1.000000,0.606909,1.000000,0.000000,0,0.000000,387996.000000,1.000000,182863988060.000000,1070635.000000
388000,3,107098,0.800000,1.000000,0.487570,1.000000,0.000000,0,0.000000,387245.000000,1.000000,182863988060.000000,1070635.000000
388000,4,107100,0.800000,1.000000,0.677895,1.000000,0.000000,0,0.000000,387998.000000,1.000000,182863988060.000000,1070635.000000
388000,5,107098,0.800000,1.000000,0.578326,1.000000,0.000000,0,0.000000,387617.000000,1.000000,182863988060.000000,1070635.000000
388000,6,105859,0.800000,1.000000,0.716000,1.000000,0.000000,0,0.000000,337077.000000,1.000000,182863988060.000000,1070635.000000
388000,7,107098,0.800000,1.000000,0.736520,1.000000,0.000000,0,0.000000,387972.000000,1.000000,182863988060.000000,1070635.000000
388000,8,107100,0.800000,1.000000,0.519180,1.000000,0.000000,0,0.000000,387991.000000,1.000000,182863988060.000000,1070635.000000
388000,9,107100,0.800000,1.000000,0.510567,1.000000,0.000000,1,311983.000000,388000.000000,1.000000,182863988060.000000,1070635.000000
388000,10,107090,0.800000,1.000000,0.618766,1.000000,0.000000,0,0.000000,383816.000000,1.000000,182863988060.000000,1070635.000000
388000,11,105540,0.800000,1.000000,0.723296,1.000000,0.000000,0,0.000000,382426.000000,1.000000,182863988060.000000,1070635.000000
388000,12,107100,0.800000,1.000000,0.659003,1.000000,0.000000,0,0.000000,387974.000000,1.000000,182863988060.000000,1070635.000000
388000,13,106983,0.800000,1.000000,0.700890,1.000000,0.000000,0,0.000000,386485.000000,1.000000,182863988060.000000,1070635.000000
388000,14,106924,0.800000,1.000000,0.547104,1.000000,0.000000,0,0.000000,385445.000000,1.000000,182863988060.000000,1070635.000000
388000,15,107099,0.800000,1.000000,0.727818,1.000000,0.000000,0,0.000000,387811.000000,1.000000,182863988060.000000,1070635.000000
389000,0,107348,0.800000,1.000000,0.610466,1.000000,0.000000,0,0.000000,388972.000000,1.000000,183644246767.000000,1071211.000000
389000,1,107355,0.800000,1.000000,0.666179,1.000000,0.000000,0,0.000000,388994.000000,1.000000,183644246767.000000,1071211.000000
389000,2,107194,0.800000,1.000000,0.580833,1.000000,0.000000,0,0.000000,388347.000000,1.000000,183644246767.000000,1071211.000000
389000,3,107353,0.800000,1.000000,0.502492,1.000000,0.000000,0,0.000000,388973.000000,1.000000,183644246767.000000,1071211.000000
389000,4,107354,0.800000,1.000000,0.619641,1.000000,0.000000,0,0.000000,388986.000000,1.000000,183644246767.000000,1071211.000000
389000,5,107355,0.800000,1.000000,0.702833,1.000000,0.000000,0,0.000000,388999.000000,1.000000,183644246767.000000,1071211.000000
389000,6,106209,0.800000,1.000000,0.738705,1.000000,0.000000,0,0.000000,337077.000000,1.000000,183644246767.000000,1071211.000000
389000,7,107356,0.800000,1.000000,0.791965,1.000000,0.000000,1,314257.000000,389000.000000,1.000000,183644246767.000000,1071211.000000
389000,8,107344,0.800000,1.000000,0.591940,1.000000,0.000000,0,0.000000,388832.000000,1.000000,183644246767.000000,1071211.000000
389000,9,107356,0.800000,1.000000,0.662845,1.000000,0.000000,0,0.000000,388982.000000,1.000000,183644246767.000000,1071211.000000
389000,10,107355,0.800000,1.000000,0.575046,1.000000,0.000000,0,0.000000,388990.000000,1.000000,183644246767.000000,1071211.000000
389000,11,105540,0.800000,1.000000,0.723296,1.000000,0.000000,0,0.000000,382426.000000,1.000000,183644246767.000000,1071211.000000
389000,12,107345,0.800000,1.000000,0.622386,1.000000,0.000000,0,0.000000,388861.000000,1.000000,183644246767.000000,1071211.000000
389000,13,107199,0.800000,1.000000,0.556851,1.000000,0.000000,0,0.000000,386485.000000,1.000000,183644246767.000000,1071211.000000
389000,14,107114,0.800000,1.000000,0.652223,1.000000,0.000000,0,0.000000,385445.000000,1.000000,183644246767.000000,1071211.000000
389000,15,107354,0.800000,1.000000,0.704499,1.000000,0.000000,0,0.000000,388961.000000,1.000000,183644246767.000000,1071211.000000
390000,0,107616,0.800000,1.000000,0.617226,1.000000,0.000000,0,0.000000,389996.000000,1.000000,184455514396.000000,858456.000000
390000,1,107613,0.800000,1.000000,0.680615,1.000000,0.000000,0,0.000000,389972.000000,1.000000,184455514396.000000,858456.000000
390000,2,107194,0.800000,1.000000,0.580833,1.000000,0.000000,0,0.000000,388347.000000,1.000000,184455514396.000000,858456.000000
390000,3,107616,0.800000,1.000000,0.768632,1.000000,0.000000,0,0.000000,389998.000000,1.000000,184455514396.000000,858456.000000
390000,4,107594,0.800000,1.000000,0.422778,1.000000,0.000000,0,0.000000,389624.000000,1.000000,184455514396.000000,858456.000000
390000,5,107612,0.800000,1.000000,0.698328,1.000000,0.000000,0,0.000000,389987.000000,1.000000,184455514396.000000,858456.000000
390000,6,106596,0.800000,1.000000,0.740884,1.000000,0.000000,0,0.000000,337077.000000,1.000000,184455514396.000000,858456.000000
390000,7,107616,0.800000,1.000000,0.642484,1.000000,0.000000,0,0.000000,389999.000000,1.000000,184455514396.000000,858456.000000
390000,8,107577,0.800000,1.000000,0.660036,1.000000,0.000000,0,0.000000,389861.000000,1.000000,184455514396.000000,858456.000000
390000,9,107558,0.800000,1.000000,0.648466,1.000000,0.000000,0,0.000000,389683.000000,1.000000,184455514396.000000,858456.000000
390000,10,107615,0.800000,1.000000,0.592269,1.000000,0.000000,0,0.000000,389993.000000,1.000000,184455514396.000000,858456.000000
390000,11,105540,0.800000,1.000000,0.723296,1.000000,0.000000,0,0.000000,382426.000000,1.000000,184455514396.000000,858456.000000
390000,12,107524,0.800000,1.000000,0.618801,1.000000,0.000000,0,0.000000,389120.000000,1.000000,184455514396.000000,858456.000000
390000,13,107529,0.800000,1.000000,0.664558,1.000000,0.000000,0,0.000000,386485.000000,1.000000,184455514396.000000,858456.000000
390000,14,107494,0.800000,1.000000,0.751907,1.000000,0.000000,0,0.000000,385445.000000,1.000000,184455514396.000000,858456.000000
390000,15,107616,0.800000,1.000000,0.755813,1.000000,0.000000,1,318842.000000,390000.000000,1.000000,184455514396.000000,858456.000000
391000,0,107794,0.800000,1.000000,0.619141,1.000000,0.000000,0,0.000000,390689.000000,1.000000,185171698138.000000,862660.000000
391000,1,107845,0.800000,1.000000,0.667151,1.000000,0.000000,1,314455.000000,391000.000000,1.000000,185171698138.000000,862660.000000
391000,2,107194,0.800000,1.000000,0.580833,1.000000,0.000000,0,0.000000,388347.000000,1.000000,185171698138.000000,862660.000000
391000,3,107846,0.800000,1.000000,0.715786,1.000000,0.000000,0,0.000000,390993.000000,1.000000,185171698138.000000,862660.000000
391000,4,107846,0.800000,1.000000,0.713640,1.000000,0.000000,0,0.000000,390999.000000,1.000000,185171698138.000000,862660.000000
391000,5,107842,0.800000,1.000000,0.631435,1.000000,0.000000,0,0.000000,390984.000000,1.000000,185171698138.000000,862660.000000
391000,6,106962,0.800000,1.000000,0.595041,1.000000,0.000000,0,0.000000,337077.000000,1.000000,185171698138.000000,862660.000000
391000,7,107842,0.800000,1.000000,0.584804,1.000000,0.000000,0,0.000000,390979.000000,1.000000,185171698138.000000,862660.000000
391000,8,107647,0.800000,1.000000,0.611601,1.000000,0.000000,0,0.000000,389861.000000,1.000000,185171698138.000000,862660.000000
391000,9,107809,0.800000,1.000000,0.693172,1.000000,0.000000,0,0.000000,390833.000000,1.000000,185171698138.000000,862660.000000
391000,10,107837,0.800000,1.000000,0.611673,1.000000,0.000000,0,0.000000,390967.000000,1.000000,185171698138.000000,862660.000000
391000,11,105540,0.800000,1.000000,0.723296,1.000000,0.000000,0,0.000000,382426.000000,1.000000,185171698138.000000,862660.000000
391000,12,107709,0.800000,1.000000,0.579730,1.000000,0.000000,0,0.000000,389120.000000,1.000000,185171698138.000000,862660.000000
391000,13,107846,0.800000,1.000000,0.716084,1.000000,0.000000,0,0.000000,390991.000000,1.000000,185171698138.000000,862660.000000
391000,14,107834,0.800000,1.000000,0.507197,1.000000,0.000000,0,0.000000,385445.000000,1.000000,185171698138.000000,862660.000000
391000,15,107845,0.800000,1.000000,0.618290,1.000000,0.000000,0,0.000000,390998.000000,1.000000,185171698138.000000,862660.000000
392000,0,108072,0.800000,1.000000,0.604163,1.000000,0.000000,0,0.000000,391787.000000,1.000000,185907763060.000000,648501.000000
392000,1,108090,0.800000,1.000000,0.724266,1.000000,0.000000,0,0.000000,391992.000000,1.000000,185907763060.000000,648501.000000
392000,2,107194,0.800000,1.000000,0.580833,1.000000,0.000000,0,0.000000,388347.000000,1.000000,185907763060.000000,648501.000000
392000,3,108091,0.800000,1.000000,0.715442,1.000000,0.000000,0,0.000000,391993.000000,1.000000,185907763060.000000,648501.000000
392000,4,108090,0.800000,1.000000,0.647347,1.000000,0.000000,0,0.000000,391996.000000,1.000000,185907763060.000000,648501.000000
392000,5,108091,0.800000,1.000000,0.580423,1.000000,0.000000,0,0.000000,391997.000000,1.000000,185907763060.000000,648501.000000
392000,6,107261,0.800000,1.000000,0.634384,1.000000,0.000000,0,0.000000,337077.000000,1.000000,185907763060.000000,648501.000000
392000,7,108091,0.800000,1.000000,0.627605,1.000000,0.000000,0,0.000000,391999.000000,1.000000,185907763060.000000,648501.000000
392000,8,107819,0.800000,1.000000,0.657159,1.000000,0.000000,0,0.000000,389861.000000,1.000000,185907763060.000000,648501.000000
392000,9,108046,0.800000,1.000000,0.670014,1.000000,0.000000,0,0.000000,391542.000000,1.000000,185907763060.000000,648501.000000
392000,10,108082,0.800000,1.000000,0.558863,1.000000,0.000000,0,0.000000,391930.000000,1.000000,185907763060.000000,648501.000000
392000,11,105540,0.800000,1.000000,0.723296,1.000000,0.000000,0,0.000000,382426.000000,1.000000,185907763060.000000,648501.000000
392000,12,107925,0.800000,1.000000,0.507605,1.000000,0.000000,0,0.000000,389120.000000,1.000000,185907763060.000000,648501.000000
392000,13,108080,0.800000,1.000000,0.689022,1.000000,0.000000,0,0.000000,391526.000000,1.000000,185907763060.000000,648501.000000
392000,14,108087,0.800000,1.000000,0.594471,1.000000,0.000000,0,0.000000,391986.000000,1.000000,185907763060.000000,648501.000000
392000,15,108091,0.800000,1.000000,0.746170,1.000000,0.000000,1,320229.000000,392000.000000,1.000000,185907763060.000000,648501.000000
393000,0,108355,0.800000,1.000000,0.607937,1.000000,0.000000,0,0.000000,392988.000000,1.000000,186773492234.000000,1515541.000000
393000,1,108356,0.800000,1.000000,0.777000,1.000000,0.000000,1,315198.000000,393000.000000,1.000000,186773492234.000000,1515541.000000
393000,2,107194,0.800000,1.000000,0.580833,1.000000,0.000000,0,0.000000,388347.000000,1.000000,186773492234.000000,1515541.000000
393000,3,108354,0.800000,1.000000,0.520738,1.000000,0.000000,0,0.000000,392958.000000,1.000000,186773492234.000000,1515541.000000
393000,4,108356,0.800000,1.000000,0.616848,1.000000,0.000000,0,0.000000,392992.000000,1.000000,186773492234.000000,1515541.000000
393000,5,108348,0.800000,1.000000,0.557881,1.000000,0.000000,0,0.000000,392915.000000,1.000000,186773492234.000000,1515541.000000
393000,6,107705,0.800000,1.000000,0.565608,1.000000,0.000000,0,0.000000,337077.000000,1.000000,186773492234.000000,1515541.000000
393000,7,108310,0.800000,1.000000,0.694910,1.000000,0.000000,0,0.000000,392738.000000,1.000000,186773492234.000000,1515541.000000
393000,8,108070,0.800000,1.000000,0.571519,1.000000,0.000000,0,0.000000,389861.000000,1.000000,186773492234.000000,1515541.000000
393000,9,108356,0.800000,1.000000,0.628541,1.000000,0.000000,0,0.000000,392995.000000,1.000000,186773492234.000000,1515541.000000
393000,10,108357,0.800000,1.000000,0.710633,1.000000,0.000000,0,0.000000,392998.000000,1.000000,186773492234.000000,1515541.000000
393000,11,105540,0.800000,1.000000,0.723296,1.000000,0.000000,0,0.000000,382426.000000,1.000000,186773492234.000000,1515541.000000
393000,12,108311,0.800000,1.000000,0.620387,1.000000,0.000000,0,0.000000,389120.000000,1.000000,186773492234.000000,1515541.000000
393000,13,108335,0.800000,1.000000,0.568699,1.000000,0.000000,0,0.000000,392871.000000,1.000000,186773492234.000000,1515541.000000
393000,14,108353,0.800000,1.000000,0.722798,1.000000,0.000000,0,0.000000,392990.000000,1.000000,186773492234.000000,1515541.000000
393000,15,108354,0.800000,1.000000,0.591056,1.000000,0.000000,0,0.000000,392970.000000,1.000000,186773492234.000000,1515541.000000
394000,0,108598,0.800000,1.000000,0.707817,1.000000,0.000000,0,0.000000,393630.000000,1.000000,187573208999.000000,1084545.000000
394000,1,108571,0.800000,1.000000,0.552102,1.000000,0.000000,0,0.000000,393785.000000,1.000000,187573208999.000000,1084545.000000
394000,2,107194,0.800000,1.000000,0.580833,1.000000,0.000000,0,0.000000,388347.000000,1.000000,187573208999.000000,1084545.000000
394000,3,108570,0.800000,1.000000,0.584695,1.000000,0.000000,0,0.000000,393826.000000,1.000000,187573208999.000000,1084545.000000
394000,4,108603,0.800000,1.000000,0.573297,1.000000,0.000000,0,0.000000,393977.000000,1.000000,187573208999.000000,1084545.000000
394000,5,108602,0.800000,1.000000,0.571773,1.000000,0.000000,0,0.000000,393999.000000,1.000000,187573208999.000000,1084545.000000
394000,6,108055,0.800000,1.000000,0.592823,1.000000,0.000000,0,0.000000,337077.000000,1.000000,187573208999.000000,1084545.000000
394000,7,108602,0.800000,1.000000,0.633488,1.000000,0.000000,0,0.000000,393997.000000,1.000000,187573208999.000000,1084545.000000
394000,8,108427,0.800000,1.000000,0.621746,1.000000,0.000000,0,0.000000,389861.000000,1.000000,187573208999.000000,1084545.000000
394000,9,108590,0.800000,1.000000,0.674873,1.000000,0.000000,0,0.000000,393060.000000,1.000000,187573208999.000000,1084545.000000
394000,10,108603,0.800000,1.000000,0.715106,1.000000,0.000000,1,320821.000000,394000.000000,1.000000,187573208999.000000,1084545.000000
394000,11,105540,0.800000,1.000000,0.723296,1.000000,0.000000,0,0.000000,382426.000000,1.000000,187573208999.000000,1084545.000000
394000,12,108592,0.800000,1.000000,0.628994,1.000000,0.000000,0,0.000000,393903.000000,1.000000,187573208999.000000,1084545.000000
394000,13,108592,0.800000,1.000000,0.587569,1.000000,0.000000,0,0.000000,393830.000000,1.000000,187573208999.000000,1084545.000000
394000,14,108601,0.800000,1.000000,0.695774,1.000000,0.000000,0,0.000000,393738.000000,1.000000,187573208999.000000,1084545.000000
394000,15,108603,0.800000,1.000000,0.540905,1.000000,0.000000,0,0.000000,393993.000000,1.000000,187573208999.000000,1084545.000000
395000,0,108869,0.800000,1.000000,0.546861,1.000000,0.000000,0,0.000000,394996.000000,1.000000,188469340508.000000,1523317.000000
395000,1,108870,0.800000,1.000000,0.550708,1.000000,0.000000,1,316858.000000,395000.000000,1.000000,188469340508.000000,1523317.000000
395000,2,107194,0.800000,1.000000,0.580833,1.000000,0.000000,0,0.000000,388347.000000,1.000000,188469340508.000000,1523317.000000
395000,3,108871,0.800000,1.000000,0.653465,1.000000,0.000000,0,0.000000,394886.000000,1.000000,188469340508.000000,1523317.000000
395000,4,108870,0.800000,1.000000,0.648288,1.000000,0.000000,0,0.000000,394999.000000,1.000000,188469340508.000000,1523317.000000
395000,5,108867,0.800000,1.000000,0.550266,1.000000,0.000000,0,0.000000,394913.000000,1.000000,188469340508.000000,1523317.000000
395000,6,108463,0.800000,1.000000,0.578369,1.000000,0.000000,0,0.000000,337077.000000,1.000000,188469340508.000000,1523317.000000
395000,7,108868,0.800000,1.000000,0.623425,1.000000,0.000000,0,0.000000,394974.000000,1.000000,188469340508.000000,1523317.000000
395000,8,108854,0.800000,1.000000,0.634402,1.000000,0.000000,0,0.000000,389861.000000,1.000000,188469340508.000000,1523317.000000
395000,9,108871,0.800000,1.000000,0.630097,1.000000,0.000000,0,0.000000,394998.000000,1.000000,188469340508.000000,1523317.000000
395000,10,108869,0.800000,1.000000,0.596828,1.000000,0.000000,0,0.000000,394988.000000,1.000000,188469340508.000000,1523317.000000
395000,11,105540,0.800000,1.000000,0.723296,1.000000,0.000000,0,0.000000,382426.000000,1.000000,188469340508.000000,1523317.000000
395000,12,108854,0.800000,1.000000,0.641813,1.000000,0.000000,0,0.000000,394828.000000,1.000000,188469340508.000000,1523317.000000
395000,13,108867,0.800000,1.000000,0.546546,1.000000,0.000000,0,0.000000,394956.000000,1.000000,188469340508.000000,1523317.000000
395000,14,108871,0.800000,1.000000,0.511973,1.000000,0.000000,0,0.000000,394995.000000,1.000000,188469340508.000000,1523317.000000
395000,15,108868,0.800000,1.000000,0.544387,1.000000,0.000000,0,0.000000,394954.000000,1.000000,188469340508.000000,1523317.000000
396000,0,109146,0.800000,1.000000,0.539539,1.000000,0.000000,1,321357.000000,396000.000000,1.000000,189311893466.000000,873060.000000
396000,1,109126,0.800000,1.000000,0.641006,1.000000,0.000000,0,0.000000,395041.000000,1.000000,189311893466.000000,873060.000000
396000,2,107194,0.800000,1.000000,0.580833,1.000000,0.000000,0,0.000000,388347.000000,1.000000,189311893466.000000,873060.000000
396000,3,109143,0.800000,1.000000,0.552008,1.000000,0.000000,0,0.000000,395899.000000,1.000000,189311893466.000000,873060.000000
396000,4,109139,0.800000,1.000000,0.572701,1.000000,0.000000,0,0.000000,395946.000000,1.000000,189311893466.000000,873060.000000
396000,5,109131,0.800000,1.000000,0.635205,1.000000,0.000000,0,0.000000,395893.000000,1.000000,189311893466.000000,873060.000000
396000,6,108809,0.800000,1.000000,0.616958,1.000000,0.000000,0,0.000000,337077.000000,1.000000,189311893466.000000,873060.000000
396000,7,109142,0.800000,1.000000,0.528870,1.000000,0.000000,0,0.000000,395936.000000,1.000000,189311893466.000000,873060.000000
396000,8,109120,0.800000,1.000000,0.622234,1.000000,0.000000,0,0.000000,395590.000000,1.000000,189311893466.000000,873060.000000
396000,9,109146,0.800000,1.000000,0.681857,1.000000,0.000000,0,0.000000,395994.000000,1.000000,189311893466.000000,873060.000000
396000,10,109144,0.800000,1.000000,0.693373,1.000000,0.000000,0,0.000000,395993.000000,1.000000,189311893466.000000,873060.000000
396000,11,105540,0.800000,1.000000,0.723296,1.000000,0.000000,0,0.000000,382426.000000,1.000000,189311893466.000000,873060.000000
396000,12,109146,0.800000,1.000000,0.573162,1.000000,0.000000,0,0.000000,395984.000000,1.000000,189311893466.000000,873060.000000
396000,13,109147,0.800000,1.000000,0.752120,1.000000,0.000000,0,0.000000,395999.000000,1.000000,189311893466.000000,873060.000000
396000,14,109146,0.800000,1.000000,0.737870,1.000000,0.000000,0,0.000000,395997.000000,1.000000,189311893466.000000,873060.000000
396000,15,109113,0.800000,1.000000,0.629000,1.000000,0.000000,0,0.000000,395124.000000,1.000000,189311893466.000000,873060.000000
397000,0,109332,0.800000,1.000000,0.521681,1.000000,0.000000,0,0.000000,396679.000000,1.000000,190098267355.000000,1531861.000000
397000,1,109417,0.800000,1.000000,0.602493,1.000000,0.000000,0,0.000000,396830.000000,1.000000,190098267355.000000,1531861.000000
397000,2,107194,0.800000,1.000000,0.580833,1.000000,0.000000,0,0.000000,388347.000000,1.000000,190098267355.000000,1531861.000000
397000,3,109424,0.800000,1.000000,0.666438,1.000000,0.000000,0,0.000000,396999.000000,1.000000,190098267355.000000,1531861.000000
397000,4,109139,0.800000,1.000000,0.572701,1.000000,0.000000,0,0.000000,395946.000000,1.000000,190098267355.000000,1531861.000000
397000,5,109401,0.800000,1.000000,0.690727,1.000000,0.000000,0,0.000000,396310.000000,1.000000,190098267355.000000,1531861.000000
397000,6,109115,0.800000,1.000000,0.647194,1.000000,0.000000,0,0.000000,337077.000000,1.000000,190098267355.000000,1531861.000000
397000,7,109422,0.800000,1.000000,0.542533,1.000000,0.000000,0,0.000000,396977.000000,1.000000,190098267355.000000,1531861.000000
397000,8,109423,0.800000,1.000000,0.718099,1.000000,0.000000,0,0.000000,396986.000000,1.000000,190098267355.000000,1531861.000000
397000,9,109422,0.800000,1.000000,0.712475,1.000000,0.000000,0,0.000000,396996.000000,1.000000,190098267355.000000,1531861.000000
397000,10,109419,0.800000,1.000000,0.700127,1.000000,0.000000,0,0.000000,396958.000000,1.000000,190098267355.000000,1531861.000000
397000,11,105540,0.800000,1.000000,0.723296,1.000000,0.000000,0,0.000000,382426.000000,1.000000,190098267355.000000,1531861.000000
397000,12,109424,0.800000,1.000000,0.662851,1.000000,0.000000,1,315398.000000,397000.000000,1.000000,190098267355.000000,1531861.000000
397000,13,109412,0.800000,1.000000,0.658015,1.000000,0.000000,0,0.000000,396914.000000,1.000000,190098267355.000000,1531861.000000
397000,14,109423,0.800000,1.000000,0.676082,1.000000,0.000000,0,0.000000,396909.000000,1.000000,190098267355.000000,1531861.000000
397000,15,109424,0.800000,1.000000,0.678956,1.000000,0.000000,0,0.000000,396998.000000,1.000000,190098267355.000000,1531861.000000
398000,0,109356,0.800000,1.000000,0.610174,1.000000,0.000000,0,0.000000,396679.000000,1.000000,190822229481.000000,438314.000000
398000,1,109680,0.800000,1.000000,0.648024,1.000000,0.000000,0,0.000000,397996.000000,1.000000,190822229481.000000,438314.000000
398000,2,107194,0.800000,1.000000,0.580833,1.000000,0.000000,0,0.000000,388347.000000,1.000000,190822229481.000000,438314.000000
398000,3,109580,0.800000,1.000000,0.565731,1.000000,0.000000,0,0.000000,397362.000000,1.000000,190822229481.000000,438314.000000
398000,4,109406,0.800000,1.000000,0.635027,1.000000,0.000000,0,0.000000,395946.000000,1.000000,190822229481.000000,438314.000000
398000,5,109682,0.800000,1.000000,0.633255,1.000000,0.000000,0,0.000000,397999.000000,1.000000,190822229481.000000,438314.000000
398000,6,109475,0.800000,1.000000,0.682058,1.000000,0.000000,0,0.000000,337077.000000,1.000000,190822229481.000000,438314.000000
398000,7,109666,0.800000,1.000000,0.640632,1.000000,0.000000,0,0.000000,397903.000000,1.000000,190822229481.000000,438314.000000
398000,8,109682,0.800000,1.000000,0.723460,1.000000,0.000000,0,0.000000,397997.000000,1.000000,190822229481.000000,438314.000000
398000,9,109683,0.800000,1.000000,0.658396,1.000000,0.000000,1,319593.000000,398000.000000,1.000000,190822229481.000000,438314.000000
398000,10,109682,0.800000,1.000000,0.658565,1.000000,0.000000,0,0.000000,397995.000000,1.000000,190822229481.000000,438314.000000
398000,11,105540,0.800000,1.000000,0.723296,1.000000,0.000000,0,0.000000,382426.000000,1.000000,190822229481.000000,438314.000000
398000,12,109602,0.800000,1.000000,0.755908,1.000000,0.000000,0,0.000000,397667.000000,1.000000,190822229481.000000,438314.000000
398000,13,109683,0.800000,1.000000,0.600840,1.000000,0.000000,0,0.000000,397998.000000,1.000000,190822229481.000000,438314.000000
398000,14,109683,0.800000,1.000000,0.626359,1.000000,0.000000,0,0.000000,397953.000000,1.000000,190822229481.000000,438314.000000
398000,15,109643,0.800000,1.000000,0.587875,1.000000,0.000000,0,0.000000,397754.000000,1.000000,190822229481.000000,438314.000000
399000,0,109729,0.800000,1.000000,0.724178,1.000000,0.000000,0,0.000000,396679.000000,1.000000,191668264968.000000,658965.000000
399000,1,109895,0.800000,1.000000,0.644623,1.000000,0.000000,0,0.000000,398752.000000,1.000000,191668264968.000000,658965.000000
399000,2,107194,0.800000,1.000000,0.580833,1.000000,0.000000,0,0.000000,388347.000000,1.000000,191668264968.000000,658965.000000
399000,3,109925,0.800000,1.000000,0.752364,1.000000,0.000000,0,0.000000,398996.000000,1.000000,191668264968.000000,658965.000000
399000,4,109720,0.800000,1.000000,0.722595,1.000000,0.000000,0,0.000000,395946.000000,1.000000,191668264968.000000,658965.000000
399000,5,109924,0.800000,1.000000,0.612601,1.000000,0.000000,0,0.000000,398997.000000,1.000000,191668264968.000000,658965.000000
399000,6,109860,0.800000,1.000000,0.530769,1.000000,0.000000,0,0.000000,337077.000000,1.000000,191668264968.000000,658965.000000
399000,7,109923,0.800000,1.000000,0.749765,1.000000,0.000000,0,0.000000,398992.000000,1.000000,191668264968.000000,658965.000000
399000,8,109922,0.800000,1.000000,0.558806,1.000000,0.000000,0,0.000000,398954.000000,1.000000,191668264968.000000,658965.000000
399000,9,109921,0.800000,1.000000,0.596313,1.000000,0.000000,0,0.000000,398951.000000,1.000000,191668264968.000000,658965.000000
399000,10,109844,0.800000,1.000000,0.708177,1.000000,0.000000,0,0.000000,398629.000000,1.000000,191668264968.000000,658965.000000
399000,11,105540,0.800000,1.000000,0.723296,1.000000,0.000000,0,0.000000,382426.000000,1.000000,191668264968.000000,658965.000000
399000,12,109925,0.800000,1.000000,0.478743,1.000000,0.000000,0,0.000000,398983.000000,1.000000,191668264968.000000,658965.000000
399000,13,109925,0.800000,1.000000,0.793714,1.000000,0.000000,0,0.000000,398999.000000,1.000000,191668264968.000000,658965.000000
399000,14,109920,0.800000,1.000000,0.619191,1.000000,0.000000,0,0.000000,398892.000000,1.000000,191668264968.000000,658965.000000
399000,15,109925,0.800000,1.000000,0.631314,1.000000,0.000000,1,325667.000000,399000.000000,1.000000,191668264968.000000,658965.000000
400000,0,110107,0.800000,1.000000,0.714686,1.000000,0.000000,0,0.000000,396679.000000,1.000000,192516693772.000000,1321982.000000
400000,1,110180,0.800000,1.000000,0.757466,1.000000,0.000000,1,320780.000000,400000.000000,1.000000,192516693772.000000,1321982.000000
400000,2,107194,0.800000,1.000000,0.580833,1.000000,0.000000,0,0.000000,388347.000000,1.000000,192516693772.000000,1321982.000000
400000,3,110177,0.800000,1.000000,0.598959,1.000000,0.000000,0,0.000000,399950.000000,1.000000,192516693772.000000,1321982.000000
400000,4,110071,0.800000,1.000000,0.629107,1.000000,0.000000,0,0.000000,395946.000000,1.000000,192516693772.000000,1321982.000000
400000,5,110177,0.800000,1.000000,0.635019,1.000000,0.000000,0,0.000000,399994.000000,1.000000,192516693772.000000,1321982.000000
400000,6,110179,0.800000,1.000000,0.708133,1.000000,0.000000,0,0.000000,399997.000000,1.000000,192516693772.000000,1321982.000000
400000,7,110170,0.800000,1.000000,0.659777,1.000000,0.000000,0,0.000000,399925.000000,1.000000,192516693772.000000,1321982.000000
400000,8,110094,0.800000,1.000000,0.630087,1.000000,0.000000,0,0.000000,399572.000000,1.000000,192516693772.000000,1321982.000000
400000,9,110181,0.800000,1.000000,0.777417,1.000000,0.000000,0,0.000000,399998.000000,1.000000,192516693772.000000,1321982.000000
400000,10,110178,0.800000,1.000000,0.627680,1.000000,0.000000,0,0.000000,399479.000000,1.000000,192516693772.000000,1321982.000000
400000,11,105540,0.800000,1.000000,0.723296,1.000000,0.000000,0,0.000000,382426.000000,1.000000,192516693772.000000,1321982.000000
400000,12,110178,0.800000,1.000000,0.561617,1.000000,0.000000,0,0.000000,399914.000000,1.000000,192516693772.000000,1321982.000000
400000,13,110181,0.800000,1.000000,0.714636,1.000000,0.000000,0,0.000000,399982.000000,1.000000,192516693772.000000,1321982.000000
400000,14,110180,0.800000,1.000000,0.713379,1.000000,0.000000,0,0.000000,399999.000000,1.000000,192516693772.000000,1321982.000000
400000,15,110161,0.800000,1.000000,0.716915,1.000000,0.000000,0,0.000000,399830.000000,1.000000,192516693772.000000,1321982.000000
401000,0,110377,0.800000,1.000000,0.603592,1.000000,0.000000,0,0.000000,396679.000000,1.000000,193365078694.000000,883398.000000
401000,1,110445,0.800000,1.000000,0.682985,1.000000,0.000000,0,0.000000,400990.000000,1.000000,193365078694.000000,883398.000000
401000,2,107194,0.800000,1.000000,0.580833,1.000000,0.000000,0,0.000000,388347.000000,1.000000,193365078694.000000,883398.000000
401000,3,110420,0.800000,1.000000,0.669520,1.000000,0.000000,0,0.000000,400798.000000,1.000000,193365078694.000000,883398.000000
401000,4,110446,0.800000,1.000000,0.614641,1.000000,0.000000,0,0.000000,400991.000000,1.000000,193365078694.000000,883398.000000
401000,5,110442,0.800000,1.000000,0.703685,1.000000,0.000000,0,0.000000,400920.000000,1.000000,193365078694.000000,883398.000000
401000,6,110448,0.800000,1.000000,0.616243,1.000000,0.000000,1,342969.000000,401000.000000,1.000000,193365078694.000000,883398.000000
401000,7,110361,0.800000,1.000000,0.633339,1.000000,0.000000,0,0.000000,400214.000000,1.000000,193365078694.000000,883398.000000
401000,8,110445,0.800000,1.000000,0.678867,1.000000,0.000000,0,0.000000,400987.000000,1.000000,193365078694.000000,883398.000000
401000,9,110449,0.800000,1.000000,0.661801,1.000000,0.000000,0,0.000000,400996.000000,1.000000,193365078694.000000,883398.000000
401000,10,110440,0.800000,1.000000,0.560207,1.000000,0.000000,0,0.000000,400956.000000,1.000000,193365078694.000000,883398.000000
401000,11,105540,0.800000,1.000000,0.723296,1.000000,0.000000,0,0.000000,382426.000000,1.000000,193365078694.000000,883398.000000
401000,12,110448,0.800000,1.000000,0.658829,1.000000,0.000000,0,0.000000,400998.000000,1.000000,193365078694.000000,883398.000000
401000,13,110442,0.800000,1.000000,0.683942,1.000000,0.000000,0,0.000000,400972.000000,1.000000,193365078694.000000,883398.000000
401000,14,110448,0.800000,1.000000,0.729343,1.000000,0.000000,0,0.000000,400999.000000,1.000000,193365078694.000000,883398.000000
401000,15,110449,0.800000,1.000000,0.504112,1.000000,0.000000,0,0.000000,400992.000000,1.000000,193365078694.000000,883398.000000
402000,0,110666,0.800000,1.000000,0.651194,1.000000,0.000000,0,0.000000,396679.000000,1.000000,194174175251.000000,664187.000000
402000,1,110704,0.800000,1.000000,0.648574,1.000000,0.000000,0,0.000000,401973.000000,1.000000,194174175251.000000,664187.000000
402000,2,107194,0.800000,1.000000,0.580833,1.000000,0.000000,0,0.000000,388347.000000,1.000000,194174175251.000000,664187.000000
402000,3,110704,0.800000,1.000000,0.711871,1.000000,0.000000,0,0.000000,401670.000000,1.000000,194174175251.000000,664187.000000
402000,4,110673,0.800000,1.000000,0.630366,1.000000,0.000000,0,0.000000,401758.000000,1.000000,194174175251.000000,664187.000000
402000,5,110706,0.800000,1.000000,0.743526,1.000000,0.000000,1,326782.000000,402000.000000,1.000000,194174175251.000000,664187.000000
402000,6,110705,0.800000,1.000000,0.694300,1.000000,0.000000,0,0.000000,401993.000000,1.000000,194174175251.000000,664187.000000
402000,7,110667,0.800000,1.000000,0.765987,1.000000,0.000000,0,0.000000,400214.000000,1.000000,194174175251.000000,664187.000000
402000,8,110698,0.800000,1.000000,0.565842,1.000000,0.000000,0,0.000000,401964.000000,1.000000,194174175251.000000,664187.000000
402000,9,110706,0.800000,1.000000,0.535480,1.000000,0.000000,0,0.000000,401985.000000,1.000000,194174175251.000000,664187.000000
402000,10,110706,0.800000,1.000000,0.703269,1.000000,0.000000,0,0.000000,401999.000000,1.000000,194174175251.000000,664187.000000
402000,11,105540,0.800000,1.000000,0.723296,1.000000,0.000000,0,0.000000,382426.000000,1.000000,194174175251.000000,664187.000000
402000,12,110694,0.800000,1.000000,0.508330,1.000000,0.000000,0,0.000000,401951.000000,1.000000,194174175251.000000,664187.000000
402000,13,110686,0.800000,1.000000,0.631052,1.000000,0.000000,0,0.000000,401742.000000,1.000000,194174175251.000000,664187.000000
402000,14,110698,0.800000,1.000000,0.707077,1.000000,0.000000,0,0.000000,401968.000000,1.000000,194174175251.000000,664187.000000
402000,15,110706,0.800000,1.000000,0.597772,1.000000,0.000000,0,0.000000,401994.000000,1.000000,194174175251.000000,664187.000000
403000,0,110968,0.800000,1.000000,0.570827,1.000000,0.000000,0,0.000000,402950.000000,1.000000,195014706725.000000,1109661.000000
403000,1,110971,0.800000,1.000000,0.733703,1.000000,0.000000,0,0.000000,402996.000000,1.000000,195014706725.000000,1109661.000000
403000,2,107194,0.800000,1.000000,0.580833,1.000000,0.000000,0,0.000000,388347.000000,1.000000,195014706725.000000,1109661.000000
403000,3,110970,0.800000,1.000000,0.613441,1.000000,0.000000,0,0.000000,402904.000000,1.000000,195014706725.000000,1109661.000000
403000,4,110970,0.800000,1.000000,0.665358,1.000000,0.000000,0,0.000000,402956.000000,1.000000,195014706725.000000,1109661.000000
403000,5,110973,0.800000,1.000000,0.680140,1.000000,0.000000,0,0.000000,402998.000000,1.000000,195014706725.000000,1109661.000000
403000,6,110971,0.800000,1.000000,0.749012,1.000000,0.000000,0,0.000000,402990.000000,1.000000,195014706725.000000,1109661.000000
403000,7,110923,0.800000,1.000000,0.605208,1.000000,0.000000,0,0.000000,400214.000000,1.000000,195014706725.000000,1109661.000000
403000,8,110973,0.800000,1.000000,0.687877,1.000000,0.000000,1,330328.000000,403000.000000,1.000000,195014706725.000000,1109661.000000
403000,9,110957,0.800000,1.000000,0.518724,1.000000,0.000000,0,0.000000,402390.000000,1.000000,195014706725.000000,1109661.000000
403000,10,110974,0.800000,1.000000,0.687997,1.000000,0.000000,0,0.000000,402995.000000,1.000000,195014706725.000000,1109661.000000
403000,11,105540,0.800000,1.000000,0.723296,1.000000,0.000000,0,0.000000,382426.000000,1.000000,195014706725.000000,1109661.000000
403000,12,110974,0.800000,1.000000,0.620263,1.000000,0.000000,0,0.000000,402980.000000,1.000000,195014706725.000000,1109661.000000
403000,13,110965,0.800000,1.000000,0.795085,1.000000,0.000000,0,0.000000,402790.000000,1.000000,195014706725.000000,1109661.000000
403000,14,110953,0.800000,1.000000,0.604464,1.000000,0.000000,0,0.000000,402925.000000,1.000000,195014706725.000000,1109661.000000
403000,15,110969,0.800000,1.000000,0.581948,1.000000,0.000000,0,0.000000,402942.000000,1.000000,195014706725.000000,1109661.000000
404000,0,111258,0.800000,1.000000,0.564414,1.000000,0.000000,0,0.000000,403976.000000,1.000000,195897117294.000000,-10.000000
404000,1,111255,0.800000,1.000000,0.604597,1.000000,0.000000,0,0.000000,403931.000000,1.000000,195897117294.000000,-10.000000
404000,2,107194,0.800000,1.000000,0.580833,1.000000,0.000000,0,0.000000,388347.000000,1.000000,195897117294.000000,-10.000000
404000,3,111254,0.800000,1.000000,0.665467,1.000000,0.000000,0,0.000000,403846.000000,1.000000,195897117294.000000,-10.000000
404000,4,111234,0.800000,1.000000,0.568178,1.000000,0.000000,0,0.000000,403910.000000,1.000000,195897117294.000000,-10.000000
404000,5,111254,0.800000,1.000000,0.624920,1.000000,0.000000,0,0.000000,403949.000000,1.000000,195897117294.000000,-10.000000
404000,6,111231,0.800000,1.000000,0.699692,1.000000,0.000000,0,0.000000,403296.000000,1.000000,195897117294.000000,-10.000000
404000,7,111258,0.800000,1.000000,0.748929,1.000000,0.000000,1,325811.000000,404000.000000,1.000000,195897117294.000000,-10.000000
404000,8,111238,0.800000,1.000000,0.670306,1.000000,0.000000,0,0.000000,403565.000000,1.000000,195897117294.000000,-10.000000
404000,9,111222,0.800000,1.000000,0.595713,1.000000,0.000000,0,0.000000,403870.000000,1.000000,195897117294.000000,-10.000000
404000,10,111259,0.800000,1.000000,0.801808,1.000000,0.000000,0,0.000000,403998.000000,1.000000,195897117294.000000,-10.000000
404000,11,105540,0.800000,1.000000,0.723296,1.000000,0.000000,0,0.000000,382426.000000,1.000000,195897117294.000000,-10.000000
404000,12,111259,0.800000,1.000000,0.651854,1.000000,0.000000,0,0.000000,403999.000000,1.000000,195897117294.000000,-10.000000
404000,13,111257,0.800000,1.000000,0.682651,1.000000,0.000000,0,0.000000,403989.000000,1.000000,195897117294.000000,-10.000000
404000,14,111259,0.800000,1.000000,0.665917,1.000000,0.000000,0,0.000000,403992.000000,1.000000,195897117294.000000,-10.000000
404000,15,111244,0.800000,1.000000,0.600720,1.000000,0.000000,0,0.000000,403616.000000,1.000000,195897117294.000000,-10.000000
405000,0,111450,0.800000,1.000000,0.592758,1.000000,0.000000,0,0.000000,404553.000000,1.000000,196691885782.000000,892070.000000
405000,1,111513,0.800000,1.000000,0.669799,1.000000,0.000000,0,0.000000,404996.000000,1.000000,196691885782.000000,892070.000000
405000,2,107248,0.800000,1.000000,0.619562,1.000000,0.000000,0,0.000000,388347.000000,1.000000,196691885782.000000,892070.000000
405000,3,111512,0.800000,1.000000,0.758203,1.000000,0.000000,0,0.000000,404926.000000,1.000000,196691885782.000000,892070.000000
405000,4,111514,0.800000,1.000000,0.680331,1.000000,0.000000,1,328943.000000,405000.000000,1.000000,196691885782.000000,892070.000000
405000,5,111494,0.800000,1.000000,0.650901,1.000000,0.000000,0,0.000000,404932.000000,1.000000,196691885782.000000,892070.000000
405000,6,111514,0.800000,1.000000,0.703567,1.000000,0.000000,0,0.000000,404995.000000,1.000000,196691885782.000000,892070.000000
405000,7,111515,0.800000,1.000000,0.716207,1.000000,0.000000,0,0.000000,404999.000000,1.000000,196691885782.000000,892070.000000
405000,8,111492,0.800000,1.000000,0.518057,1.000000,0.000000,0,0.000000,404285.000000,1.000000,196691885782.000000,892070.000000
405000,9,111511,0.800000,1.000000,0.571211,1.000000,0.000000,0,0.000000,404829.000000,1.000000,196691885782.000000,892070.000000
405000,10,111515,0.800000,1.000000,0.685608,1.000000,0.000000,0,0.000000,404998.000000,1.000000,196691885782.000000,892070.000000
405000,11,105540,0.800000,1.000000,0.723296,1.000000,0.000000,0,0.000000,382426.000000,1.000000,196691885782.000000,892070.000000
405000,12,111514,0.800000,1.000000,0.660319,1.000000,0.000000,0,0.000000,404991.000000,1.000000,196691885782.000000,892070.000000
405000,13,111509,0.800000,1.000000,0.550243,1.000000,0.000000,0,0.000000,404977.000000,1.000000,196691885782.000000,892070.000000
405000,14,111450,0.800000,1.000000,0.761381,1.000000,0.000000,0,0.000000,404021.000000,1.000000,196691885782.000000,892070.000000
405000,15,111495,0.800000,1.000000,0.513047,1.000000,0.000000,0,0.000000,404870.000000,1.000000,196691885782.000000,892070.000000
406000,0,111775,0.800000,1.000000,0.582907,1.000000,0.000000,0,0.000000,404553.000000,1.000000,197634894315.000000,1564963.000000
406000,1,111791,0.800000,1.000000,0.618638,1.000000,0.000000,0,0.000000,405983.000000,1.000000,197634894315.000000,1564963.000000
406000,2,107607,0.800000,1.000000,0.803949,1.000000,0.000000,0,0.000000,388347.000000,1.000000,197634894315.000000,1564963.000000
406000,3,111789,0.800000,1.000000,0.706767,1.000000,0.000000,0,0.000000,405970.000000,1.000000,197634894315.000000,1564963.000000
406000,4,111790,0.800000,1.000000,0.693685,1.000000,0.000000,0,0.000000,405995.000000,1.000000,197634894315.000000,1564963.000000
406000,5,111791,0.800000,1.000000,0.702489,1.000000,0.000000,0,0.000000,405997.000000,1.000000,197634894315.000000,1564963.000000
406000,6,111775,0.800000,1.000000,0.678651,1.000000,0.000000,0,0.000000,404995.000000,1.000000,197634894315.000000,1564963.000000
406000,7,111789,0.800000,1.000000,0.689392,1.000000,0.000000,0,0.000000,405992.000000,1.000000,197634894315.000000,1564963.000000
406000,8,111786,0.800000,1.000000,0.677722,1.000000,0.000000,0,0.000000,405862.000000,1.000000,197634894315.000000,1564963.000000
406000,9,111779,0.800000,1.000000,0.577974,1.000000,0.000000,0,0.000000,405839.000000,1.000000,197634894315.000000,1564963.000000
406000,10,111781,0.800000,1.000000,0.638454,1.000000,0.000000,0,0.000000,405944.000000,1.000000,197634894315.000000,1564963.000000
406000,11,105540,0.800000,1.000000,0.723296,1.000000,0.000000,0,0.000000,382426.000000,1.000000,197634894315.000000,1564963.000000
406000,12,111787,0.800000,1.000000,0.582460,1.000000,0.000000,0,0.000000,405979.000000,1.000000,197634894315.000000,1564963.000000
406000,13,111791,0.800000,1.000000,0.689832,1.000000,0.000000,1,331468.000000,406000.000000,1.000000,197634894315.000000,1564963.000000
406000,14,111660,0.800000,1.000000,0.615600,1.000000,0.000000,0,0.000000,404021.000000,1.000000,197634894315.000000,1564963.000000
406000,15,111792,0.800000,1.000000,0.567405,1.000000,0.000000,0,0.000000,405999.000000,1.000000,197634894315.000000,1564963.000000
407000,0,112059,0.800000,1.000000,0.603928,1.000000,0.000000,0,0.000000,406987.000000,1.000000,198524873467.000000,1112063.000000
407000,1,112059,0.800000,1.000000,0.670203,1.000000,0.000000,1,325968.000000,407000.000000,1.000000,198524873467.000000,1112063.000000
407000,2,107978,0.800000,1.000000,0.706403,1.000000,0.000000,0,0.000000,388347.000000,1.000000,198524873467.000000,1112063.000000
407000,3,112047,0.800000,1.000000,0.525131,1.000000,0.000000,0,0.000000,406350.000000,1.000000,198524873467.000000,1112063.000000
407000,4,112057,0.800000,1.000000,0.588470,1.000000,0.000000,0,0.000000,406991.000000,1.000000,198524873467.000000,1112063.000000
407000,5,112058,0.800000,1.000000,0.670366,1.000000,0.000000,0,0.000000,406990.000000,1.000000,198524873467.000000,1112063.000000
407000,6,112051,0.800000,1.000000,0.710523,1.000000,0.000000,0,0.000000,406414.000000,1.000000,198524873467.000000,1112063.000000
407000,7,112059,0.800000,1.000000,0.612572,1.000000,0.000000,0,0.000000,406996.000000,1.000000,198524873467.000000,1112063.000000
407000,8,112055,0.800000,1.000000,0.613972,1.000000,0.000000,0,0.000000,406966.000000,1.000000,198524873467.000000,1112063.000000
407000,9,111931,0.800000,1.000000,0.743502,1.000000,0.000000,0,0.000000,406118.000000,1.000000,198524873467.000000,1112063.000000
407000,10,112059,0.800000,1.000000,0.749909,1.000000,0.000000,0,0.000000,406999.000000,1.000000,198524873467.000000,1112063.000000
407000,11,105540,0.800000,1.000000,0.723296,1.000000,0.000000,0,0.000000,382426.000000,1.000000,198524873467.000000,1112063.000000
407000,12,112060,0.800000,1.000000,0.594169,1.000000,0.000000,0,0.000000,406994.000000,1.000000,198524873467.000000,1112063.000000
407000,13,112045,0.800000,1.000000,0.648104,1.000000,0.000000,0,0.000000,406778.000000,1.000000,198524873467.000000,1112063.000000
407000,14,111895,0.800000,1.000000,0.688610,1.000000,0.000000,0,0.000000,404021.000000,1.000000,198524873467.000000,1112063.000000
407000,15,112060,0.800000,1.000000,0.622756,1.000000,0.000000,0,0.000000,406998.000000,1.000000,198524873467.000000,1112063.000000
408000,0,112331,0.800000,1.000000,0.519565,1.000000,0.000000,0,0.000000,407995.000000,1.000000,199449225073.000000,898596.000000
408000,1,112322,0.800000,1.000000,0.680160,1.000000,0.000000,0,0.000000,407965.000000,1.000000,199449225073.000000,898596.000000
408000,2,108360,0.800000,1.000000,0.709981,1.000000,0.000000,0,0.000000,388347.000000,1.000000,199449225073.000000,898596.000000
408000,3,112328,0.800000,1.000000,0.615349,1.000000,0.000000,0,0.000000,407918.000000,1.000000,199449225073.000000,898596.000000
408000,4,112331,0.800000,1.000000,0.706944,1.000000,0.000000,1,331151.000000,408000.000000,1.000000,199449225073.000000,898596.000000
408000,5,112331,0.800000,1.000000,0.652636,1.000000,0.000000,0,0.000000,407996.000000,1.000000,199449225073.000000,898596.000000
408000,6,112330,0.800000,1.000000,0.612077,1.000000,0.000000,0,0.000000,407985.000000,1.000000,199449225073.000000,898596.000000
408000,7,112330,0.800000,1.000000,0.622587,1.000000,0.000000,0,0.000000,407991.000000,1.000000,199449225073.000000,898596.000000
408000,8,112313,0.800000,1.000000,0.628615,1.000000,0.000000,0,0.000000,407914.000000,1.000000,199449225073.000000,898596.000000
408000,9,112252,0.800000,1.000000,0.626628,1.000000,0.000000,0,0.000000,406118.000000,1.000000,199449225073.000000,898596.000000
408000,10,112274,0.800000,1.000000,0.687371,1.000000,0.000000,0,0.000000,407679.000000,1.000000,199449225073.000000,898596.000000
408000,11,105540,0.800000,1.000000,0.723296,1.000000,0.000000,0,0.000000,382426.000000,1.000000,199449225073.000000,898596.000000
408000,12,112330,0.800000,1.000000,0.624750,1.000000,0.000000,0,0.000000,407968.000000,1.000000,199449225073.000000,898596.000000
408000,13,112332,0.800000,1.000000,0.729880,1.000000,0.000000,0,0.000000,407999.000000,1.000000,199449225073.000000,898596.000000
408000,14,112268,0.800000,1.000000,0.618129,1.000000,0.000000,0,0.000000,404021.000000,1.000000,199449225073.000000,898596.000000
408000,15,112175,0.800000,1.000000,0.625995,1.000000,0.000000,0,0.000000,407391.000000,1.000000,199449225073.000000,898596.000000
409000,0,112608,0.800000,1.000000,0.518692,1.000000,0.000000,0,0.000000,408918.000000,1.000000,200450603656.000000,1125853.000000
409000,1,112610,0.800000,1.000000,0.744603,1.000000,0.000000,0,0.000000,408999.000000,1.000000,200450603656.000000,1125853.000000
409000,2,108715,0.800000,1.000000,0.595751,1.000000,0.000000,0,0.000000,388347.000000,1.000000,200450603656.000000,1125853.000000
409000,3,112606,0.800000,1.000000,0.649704,1.000000,0.000000,0,0.000000,408981.000000,1.000000,200450603656.000000,1125853.000000
409000,4,112610,0.800000,1.000000,0.746675,1.000000,0.000000,0,0.000000,408996.000000,1.000000,200450603656.000000,1125853.000000
409000,5,112610,0.800000,1.000000,0.706832,1.000000,0.000000,0,0.000000,408844.000000,1.000000,200450603656.000000,1125853.000000
409000,6,112610,0.800000,1.000000,0.664070,1.000000,0.000000,1,349296.000000,409000.000000,1.000000,200450603656.000000,1125853.000000
409000,7,112576,0.800000,1.000000,0.655939,1.000000,0.000000,0,0.000000,408209.000000,1.000000,200450603656.000000,1125853.000000
409000,8,112583,0.800000,1.000000,0.644244,1.000000,0.000000,0,0.000000,408453.000000,1.000000,200450603656.000000,1125853.000000
409000,9,112594,0.800000,1.000000,0.591279,1.000000,0.000000,0,0.000000,408856.000000,1.000000,200450603656.000000,1125853.000000
409000,10,112608,0.800000,1.000000,0.542431,1.000000,0.000000,0,0.000000,408974.000000,1.000000,200450603656.000000,1125853.000000
409000,11,105540,0.800000,1.000000,0.723296,1.000000,0.000000,0,0.000000,382426.000000,1.000000,200450603656.000000,1125853.000000
409000,12,112607,0.800000,1.000000,0.718031,1.000000,0.000000,0,0.000000,408954.000000,1.000000,200450603656.000000,1125853.000000
409000,13,112609,0.800000,1.000000,0.643423,1.000000,0.000000,0,0.000000,408997.000000,1.000000,200450603656.000000,1125853.000000
409000,14,112570,0.800000,1.000000,0.767165,1.000000,0.000000,0,0.000000,408641.000000,1.000000,200450603656.000000,1125853.000000
409000,15,112556,0.800000,1.000000,0.662508,1.000000,0.000000,0,0.000000,407391.000000,1.000000,200450603656.000000,1125853.000000
410000,0,112867,0.800000,1.000000,0.708565,1.000000,0.000000,0,0.000000,409559.000000,1.000000,201400445583.000000,1128737.000000
410000,1,112878,0.800000,1.000000,0.706371,1.000000,0.000000,0,0.000000,409548.000000,1.000000,201400445583.000000,1128737.000000
410000,2,109075,0.800000,1.000000,0.666362,1.000000,0.000000,0,0.000000,388347.000000,1.000000,201400445583.000000,1128737.000000
410000,3,112877,0.800000,1.000000,0.706469,1.000000,0.000000,0,0.000000,409965.000000,1.000000,201400445583.000000,1128737.000000
410000,4,112867,0.800000,1.000000,0.603299,1.000000,0.000000,0,0.000000,409861.000000,1.000000,201400445583.000000,1128737.000000
410000,5,112877,0.800000,1.000000,0.647239,1.000000,0.000000,0,0.000000,409997.000000,1.000000,201400445583.000000,1128737.000000
410000,6,112875,0.800000,1.000000,0.628240,1.000000,0.000000,0,0.000000,409985.000000,1.000000,201400445583.000000,1128737.000000
410000,7,112878,0.800000,1.000000,0.650009,1.000000,0.000000,1,331060.000000,410000.000000,1.000000,201400445583.000000,1128737.000000
410000,8,112868,0.800000,1.000000,0.720740,1.000000,0.000000,0,0.000000,409902.000000,1.000000,201400445583.000000,1128737.000000
410000,9,112863,0.800000,1.000000,0.598323,1.000000,0.000000,0,0.000000,409579.000000,1.000000,201400445583.000000,1128737.000000
410000,10,112860,0.800000,1.000000,0.714868,1.000000,0.000000,0,0.000000,409911.000000,1.000000,201400445583.000000,1128737.000000
410000,11,105540,0.800000,1.000000,0.723296,1.000000,0.000000,0,0.000000,382426.000000,1.000000,201400445583.000000,1128737.000000
410000,12,112878,0.800000,1.000000,0.601948,1.000000,0.000000,0,0.000000,409993.000000,1.000000,201400445583.000000,1128737.000000
410000,13,112878,0.800000,1.000000,0.689818,1.000000,0.000000,0,0.000000,409999.000000,1.000000,201400445583.000000,1128737.000000
410000,14,112878,0.800000,1.000000,0.568806,1.000000,0.000000,0,0.000000,409874.000000,1.000000,201400445583.000000,1128737.000000
410000,15,112878,0.800000,1.000000,0.573495,1.000000,0.000000,0,0.000000,409994.000000,1.000000,201400445583.000000,1128737.000000
411000,0,112892,0.800000,1.000000,0.653188,1.000000,0.000000,0,0.000000,409559.000000,1.000000,202309182223.000000,1124159.000000
411000,1,113157,0.800000,1.000000,0.703512,1.000000,0.000000,0,0.000000,410809.000000,1.000000,202309182223.000000,1124159.000000
411000,2,109421,0.800000,1.000000,0.470408,1.000000,0.000000,0,0.000000,388347.000000,1.000000,202309182223.000000,1124159.000000
411000,3,113164,0.800000,1.000000,0.652484,1.000000,0.000000,0,0.000000,410929.000000,1.000000,202309182223.000000,1124159.000000
411000,4,113164,0.800000,1.000000,0.701791,1.000000,0.000000,0,0.000000,410998.000000,1.000000,202309182223.000000,1124159.000000
411000,5,113138,0.800000,1.000000,0.646944,1.000000,0.000000,0,0.000000,410881.000000,1.000000,202309182223.000000,1124159.000000
411000,6,113165,0.800000,1.000000,0.647076,1.000000,0.000000,0,0.000000,410953.000000,1.000000,202309182223.000000,1124159.000000
411000,7,113165,0.800000,1.000000,0.671396,1.000000,0.000000,0,0.000000,410992.000000,1.000000,202309182223.000000,1124159.000000
411000,8,113165,0.800000,1.000000,0.694054,1.000000,0.000000,1,336707.000000,411000.000000,1.000000,202309182223.000000,1124159.000000
411000,9,113166,0.800000,1.000000,0.637083,1.000000,0.000000,0,0.000000,410997.000000,1.000000,202309182223.000000,1124159.000000
411000,10,113154,0.800000,1.000000,0.682210,1.000000,0.000000,0,0.000000,409911.000000,1.000000,202309182223.000000,1124159.000000
411000,11,105540,0.800000,1.000000,0.723296,1.000000,0.000000,0,0.000000,382426.000000,1.000000,202309182223.000000,1124159.000000
411000,12,113124,0.800000,1.000000,0.556980,1.000000,0.000000,0,0.000000,410566.000000,1.000000,202309182223.000000,1124159.000000
411000,13,113123,0.800000,1.000000,0.722291,1.000000,0.000000,0,0.000000,410848.000000,1.000000,202309182223.000000,1124159.000000
411000,14,113165,0.800000,1.000000,0.656584,1.000000,0.000000,0,0.000000,410988.000000,1.000000,202309182223.000000,1124159.000000
411000,15,113166,0.800000,1.000000,0.634586,1.000000,0.000000,0,0.000000,410993.000000,1.000000,202309182223.000000,1124159.000000
412000,0,113182,0.800000,1.000000,0.609205,1.000000,0.000000,0,0.000000,409559.000000,1.000000,203095490472.000000,453584.000000
412000,1,113394,0.800000,1.000000,0.674660,1.000000,0.000000,0,0.000000,411951.000000,1.000000,203095490472.000000,453584.000000
412000,2,109779,0.800000,1.000000,0.583578,1.000000,0.000000,0,0.000000,388347.000000,1.000000,203095490472.000000,453584.000000
412000,3,113401,0.800000,1.000000,0.645302,1.000000,0.000000,0,0.000000,411980.000000,1.000000,203095490472.000000,453584.000000
412000,4,113382,0.800000,1.000000,0.690803,1.000000,0.000000,0,0.000000,411287.000000,1.000000,203095490472.000000,453584.000000
412000,5,113404,0.800000,1.000000,0.710203,1.000000,0.000000,0,0.000000,411997.000000,1.000000,203095490472.000000,453584.000000
412000,6,113383,0.800000,1.000000,0.675899,1.000000,0.000000,0,0.000000,411726.000000,1.000000,203095490472.000000,453584.000000
412000,7,113395,0.800000,1.000000,0.633484,1.000000,0.000000,0,0.000000,411898.000000,1.000000,203095490472.000000,453584.000000
412000,8,113378,0.800000,1.000000,0.599469,1.000000,0.000000,0,0.000000,411350.000000,1.000000,203095490472.000000,453584.000000
412000,9,113393,0.800000,1.000000,0.776177,1.000000,0.000000,0,0.000000,411721.000000,1.000000,203095490472.000000,453584.000000
412000,10,113404,0.800000,1.000000,0.731348,1.000000,0.000000,1,334680.000000,412000.000000,1.000000,203095490472.000000,453584.000000
412000,11,105540,0.800000,1.000000,0.723296,1.000000,0.000000,0,0.000000,382426.000000,1.000000,203095490472.000000,453584.000000
412000,12,113389,0.800000,1.000000,0.597062,1.000000,0.000000,0,0.000000,411754.000000,1.000000,203095490472.000000,453584.000000
412000,13,113123,0.800000,1.000000,0.722291,1.000000,0.000000,0,0.000000,410848.000000,1.000000,203095490472.000000,453584.000000
412000,14,113404,0.800000,1.000000,0.725269,1.000000,0.000000,0,0.000000,411999.000000,1.000000,203095490472.000000,453584.000000
412000,15,113401,0.800000,1.000000,0.672255,1.000000,0.000000,0,0.000000,411478.000000,1.000000,203095490472.000000,453584.000000
413000,0,113590,0.800000,1.000000,0.643306,1.000000,0.000000,0,0.000000,409559.000000,1.000000,204016629365.000000,674989.000000
413000,1,113676,0.800000,1.000000,0.625985,1.000000,0.000000,0,0.000000,412998.000000,1.000000,204016629365.000000,674989.000000
413000,2,110143,0.800000,1.000000,0.536648,1.000000,0.000000,0,0.000000,388347.000000,1.000000,204016629365.000000,674989.000000
413000,3,113666,0.800000,1.000000,0.642748,1.000000,0.000000,0,0.000000,412837.000000,1.000000,204016629365.000000,674989.000000
413000,4,113676,0.800000,1.000000,0.689344,1.000000,0.000000,0,0.000000,412999.000000,1.000000,204016629365.000000,674989.000000
413000,5,113676,0.800000,1.000000,0.574381,1.000000,0.000000,1,335271.000000,413000.000000,1.000000,204016629365.000000,674989.000000
413000,6,113636,0.800000,1.000000,0.581331,1.000000,0.000000,0,0.000000,412397.000000,1.000000,204016629365.000000,674989.000000
413000,7,113662,0.800000,1.000000,0.596303,1.000000,0.000000,0,0.000000,412888.000000,1.000000,204016629365.000000,674989.000000
413000,8,113636,0.800000,1.000000,0.613408,1.000000,0.000000,0,0.000000,412326.000000,1.000000,204016629365.000000,674989.000000
413000,9,113676,0.800000,1.000000,0.696300,1.000000,0.000000,0,0.000000,412995.000000,1.000000,204016629365.000000,674989.000000
413000,10,113671,0.800000,1.000000,0.773410,1.000000,0.000000,0,0.000000,412979.000000,1.000000,204016629365.000000,674989.000000
413000,11,105540,0.800000,1.000000,0.723296,1.000000,0.000000,0,0.000000,382426.000000,1.000000,204016629365.000000,674989.000000
413000,12,113669,0.800000,1.000000,0.445237,1.000000,0.000000,0,0.000000,412962.000000,1.000000,204016629365.000000,674989.000000
413000,13,113185,0.800000,1.000000,0.548101,1.000000,0.000000,0,0.000000,410848.000000,1.000000,204016629365.000000,674989.000000
413000,14,113642,0.800000,1.000000,0.662300,1.000000,0.000000,0,0.000000,412559.000000,1.000000,204016629365.000000,674989.000000
413000,15,113677,0.800000,1.000000,0.677791,1.000000,0.000000,0,0.000000,412997.000000,1.000000,204016629365.000000,674989.000000
414000,0,113860,0.800000,1.000000,0.625442,1.000000,0.000000,0,0.000000,409559.000000,1.000000,204923906526.000000,227733.000000
414000,1,113852,0.800000,1.000000,0.517657,1.000000,0.000000,0,0.000000,413695.000000,1.000000,204923906526.000000,227733.000000
414000,2,110566,0.800000,1.000000,0.529392,1.000000,0.000000,0,0.000000,388347.000000,1.000000,204923906526.000000,227733.000000
414000,3,113930,0.800000,1.000000,0.638775,1.000000,0.000000,0,0.000000,413899.000000,1.000000,204923906526.000000,227733.000000
414000,4,113931,0.800000,1.000000,0.647625,1.000000,0.000000,0,0.000000,413992.000000,1.000000,204923906526.000000,227733.000000
414000,5,113934,0.800000,1.000000,0.723256,1.000000,0.000000,1,335779.000000,414000.000000,1.000000,204923906526.000000,227733.000000
414000,6,113931,0.800000,1.000000,0.589081,1.000000,0.000000,0,0.000000,413968.000000,1.000000,204923906526.000000,227733.000000
414000,7,113918,0.800000,1.000000,0.614984,1.000000,0.000000,0,0.000000,413867.000000,1.000000,204923906526.000000,227733.000000
414000,8,113934,0.800000,1.000000,0.602410,1.000000,0.000000,0,0.000000,413995.000000,1.000000,204923906526.000000,227733.000000
414000,9,113867,0.800000,1.000000,0.636738,1.000000,0.000000,0,0.000000,413108.000000,1.000000,204923906526.000000,227733.000000
414000,10,113912,0.800000,1.000000,0.690575,1.000000,0.000000,0,0.000000,413891.000000,1.000000,204923906526.000000,227733.000000
414000,11,105540,0.800000,1.000000,0.723296,1.000000,0.000000,0,0.000000,382426.000000,1.000000,204923906526.000000,227733.000000
414000,12,113934,0.800000,1.000000,0.743362,1.000000,0.000000,0,0.000000,413998.000000,1.000000,204923906526.000000,227733.000000
414000,13,113563,0.800000,1.000000,0.681358,1.000000,0.000000,0,0.000000,410848.000000,1.000000,204923906526.000000,227733.000000
414000,14,113835,0.800000,1.000000,0.660313,1.000000,0.000000,0,0.000000,412559.000000,1.000000,204923906526.000000,227733.000000
414000,15,113915,0.800000,1.000000,0.564383,1.000000,0.000000,0,0.000000,413897.000000,1.000000,204923906526.000000,227733.000000
415000,0,114163,0.800000,1.000000,0.559048,1.000000,0.000000,0,0.000000,414994.000000,1.000000,205752851612.000000,1134987.000000
415000,1,113852,0.800000,1.000000,0.517657,1.000000,0.000000,0,0.000000,413695.000000,1.000000,205752851612.000000,1134987.000000
415000,2,110853,0.800000,1.000000,0.628358,1.000000,0.000000,0,0.000000,388347.000000,1.000000,205752851612.000000,1134987.000000
415000,3,114156,0.800000,1.000000,0.657037,1.000000,0.000000,0,0.000000,414851.000000,1.000000,205752851612.000000,1134987.000000
415000,4,114163,0.800000,1.000000,0.617124,1.000000,0.000000,0,0.000000,414991.000000,1.000000,205752851612.000000,1134987.000000
415000,5,114164,0.800000,1.000000,0.691086,1.000000,0.000000,1,336222.000000,415000.000000,1.000000,205752851612.000000,1134987.000000
415000,6,114162,0.800000,1.000000,0.711554,1.000000,0.000000,0,0.000000,414859.000000,1.000000,205752851612.000000,1134987.000000
415000,7,114164,0.800000,1.000000,0.600054,1.000000,0.000000,0,0.000000,414993.000000,1.000000,205752851612.000000,1134987.000000
415000,8,114119,0.800000,1.000000,0.575840,1.000000,0.000000,0,0.000000,414071.000000,1.000000,205752851612.000000,1134987.000000
415000,9,114162,0.800000,1.000000,0.591464,1.000000,0.000000,0,0.000000,414978.000000,1.000000,205752851612.000000,1134987.000000
415000,10,114160,0.800000,1.000000,0.681195,1.000000,0.000000,0,0.000000,414967.000000,1.000000,205752851612.000000,1134987.000000
415000,11,105540,0.800000,1.000000,0.723296,1.000000,0.000000,0,0.000000,382426.000000,1.000000,205752851612.000000,1134987.000000
415000,12,114164,0.800000,1.000000,0.614431,1.000000,0.000000,0,0.000000,414999.000000,1.000000,205752851612.000000,1134987.000000
415000,13,113926,0.800000,1.000000,0.734374,1.000000,0.000000,0,0.000000,410848.000000,1.000000,205752851612.000000,1134987.000000
415000,14,114154,0.800000,1.000000,0.643162,1.000000,0.000000,0,0.000000,414952.000000,1.000000,205752851612.000000,1134987.000000
415000,15,114164,0.800000,1.000000,0.722082,1.000000,0.000000,0,0.000000,414997.000000,1.000000,205752851612.000000,1134987.000000
416000,0,114413,0.800000,1.000000,0.606297,1.000000,0.000000,0,0.000000,415987.000000,1.000000,206550764473.000000,679659.000000
416000,1,113852,0.800000,1.000000,0.517657,1.000000,0.000000,0,0.000000,413695.000000,1.000000,206550764473.000000,679659.000000
416000,2,111182,0.800000,1.000000,0.617885,1.000000,0.000000,0,0.000000,388347.000000,1.000000,206550764473.000000,679659.000000
416000,3,114413,0.800000,1.000000,0.648605,1.000000,0.000000,0,0.000000,415994.000000,1.000000,206550764473.000000,679659.000000
416000,4,114412,0.800000,1.000000,0.586180,1.000000,0.000000,0,0.000000,415984.000000,1.000000,206550764473.000000,679659.000000
416000,5,114401,0.800000,1.000000,0.557171,1.000000,0.000000,0,0.000000,415886.000000,1.000000,206550764473.000000,679659.000000
416000,6,114413,0.800000,1.000000,0.740315,1.000000,0.000000,0,0.000000,415997.000000,1.000000,206550764473.000000,679659.000000
416000,7,114407,0.800000,1.000000,0.506761,1.000000,0.000000,0,0.000000,415974.000000,1.000000,206550764473.000000,679659.000000
416000,8,114413,0.800000,1.000000,0.654740,1.000000,0.000000,0,0.000000,415999.000000,1.000000,206550764473.000000,679659.000000
416000,9,114405,0.800000,1.000000,0.640319,1.000000,0.000000,0,0.000000,415956.000000,1.000000,206550764473.000000,679659.000000
416000,10,114413,0.800000,1.000000,0.559728,1.000000,0.000000,1,337883.000000,416000.000000,1.000000,206550764473.000000,679659.000000
416000,11,105540,0.800000,1.000000,0.723296,1.000000,0.000000,0,0.000000,382426.000000,1.000000,206550764473.000000,679659.000000
416000,12,114346,0.800000,1.000000,0.667602,1.000000,0.000000,0,0.000000,415120.000000,1.000000,206550764473.000000,679659.000000
416000,13,114238,0.800000,1.000000,0.607149,1.000000,0.000000,0,0.000000,410848.000000,1.000000,206550764473.000000,679659.000000
416000,14,114305,0.800000,1.000000,0.489650,1.000000,0.000000,0,0.000000,415396.000000,1.000000,206550764473.000000,679659.000000
416000,15,114414,0.800000,1.000000,0.583052,1.000000,0.000000,0,0.000000,415995.000000,1.000000,206550764473.000000,679659.000000
417000,0,114659,0.800000,1.000000,0.711076,1.000000,0.000000,0,0.000000,416999.000000,1.000000,207381218355.000000,1834114.000000
417000,1,113852,0.800000,1.000000,0.517657,1.000000,0.000000,0,0.000000,413695.000000,1.000000,207381218355.000000,1834114.000000
417000,2,111541,0.800000,1.000000,0.745338,1.000000,0.000000,0,0.000000,388347.000000,1.000000,207381218355.000000,1834114.000000
417000,3,114605,0.800000,1.000000,0.651820,1.000000,0.000000,0,0.000000,416577.000000,1.000000,207381218355.000000,1834114.000000
417000,4,114660,0.800000,1.000000,0.670019,1.000000,0.000000,0,0.000000,416996.000000,1.000000,207381218355.000000,1834114.000000
417000,5,114660,0.800000,1.000000,0.621831,1.000000,0.000000,0,0.000000,416957.000000,1.000000,207381218355.000000,1834114.000000
417000,6,114625,0.800000,1.000000,0.652332,1.000000,0.000000,0,0.000000,416727.000000,1.000000,207381218355.000000,1834114.000000
417000,7,114660,0.800000,1.000000,0.538847,1.000000,0.000000,0,0.000000,416964.000000,1.000000,207381218355.000000,1834114.000000
417000,8,114659,0.800000,1.000000,0.637652,1.000000,0.000000,0,0.000000,416988.000000,1.000000,207381218355.000000,1834114.000000
417000,9,114656,0.800000,1.000000,0.682145,1.000000,0.000000,0,0.000000,416879.000000,1.000000,207381218355.000000,1834114.000000
417000,10,114636,0.800000,1.000000,0.631037,1.000000,0.000000,0,0.000000,416802.000000,1.000000,207381218355.000000,1834114.000000
417000,11,105540,0.800000,1.000000,0.723296,1.000000,0.000000,0,0.000000,382426.000000,1.000000,207381218355.000000,1834114.000000
417000,12,114658,0.800000,1.000000,0.632110,1.000000,0.000000,0,0.000000,416971.000000,1.000000,207381218355.000000,1834114.000000
417000,13,114471,0.800000,1.000000,0.662723,1.000000,0.000000,0,0.000000,410848.000000,1.000000,207381218355.000000,1834114.000000
417000,14,114660,0.800000,1.000000,0.662023,1.000000,0.000000,1,334944.000000,417000.000000,1.000000,207381218355.000000,1834114.000000
417000,15,114661,0.800000,1.000000,0.699174,1.000000,0.000000,0,0.000000,416998.000000,1.000000,207381218355.000000,1834114.000000
418000,0,114914,0.800000,1.000000,0.669053,1.000000,0.000000,0,0.000000,417996.000000,1.000000,208269337769.000000,919298.000000
418000,1,113852,0.800000,1.000000,0.517657,1.000000,0.000000,0,0.000000,413695.000000,1.000000,208269337769.000000,919298.000000
418000,2,111949,0.800000,1.000000,0.603223,1.000000,0.000000,0,0.000000,388347.000000,1.000000,208269337769.000000,919298.000000
418000,3,114915,0.800000,1.000000,0.746552,1.000000,0.000000,0,0.000000,417998.000000,1.000000,208269337769.000000,919298.000000
418000,4,114909,0.800000,1.000000,0.566609,1.000000,0.000000,0,0.000000,417972.000000,1.000000,208269337769.000000,919298.000000
418000,5,114916,0.800000,1.000000,0.717205,1.000000,0.000000,0,0.000000,417999.000000,1.000000,208269337769.000000,919298.000000
418000,6,114826,0.800000,1.000000,0.730353,1.000000,0.000000,0,0.000000,417576.000000,1.000000,208269337769.000000,919298.000000
418000,7,114914,0.800000,1.000000,0.638433,1.000000,0.000000,0,0.000000,417982.000000,1.000000,208269337769.000000,919298.000000
418000,8,114915,0.800000,1.000000,0.598610,1.000000,0.000000,0,0.000000,417990.000000,1.000000,208269337769.000000,919298.000000
418000,9,114916,0.800000,1.000000,0.648637,1.000000,0.000000,1,335502.000000,418000.000000,1.000000,208269337769.000000,919298.000000
418000,10,114909,0.800000,1.000000,0.666439,1.000000,0.000000,0,0.000000,417965.000000,1.000000,208269337769.000000,919298.000000
418000,11,105540,0.800000,1.000000,0.723296,1.000000,0.000000,0,0.000000,382426.000000,1.000000,208269337769.000000,919298.000000
418000,12,114910,0.800000,1.000000,0.548441,1.000000,0.000000,0,0.000000,417964.000000,1.000000,208269337769.000000,919298.000000
418000,13,114874,0.800000,1.000000,0.690114,1.000000,0.000000,0,0.000000,410848.000000,1.000000,208269337769.000000,919298.000000
418000,14,114910,0.800000,1.000000,0.765015,1.000000,0.000000,0,0.000000,417725.000000,1.000000,208269337769.000000,919298.000000
418000,15,114914,0.800000,1.000000,0.619227,1.000000,0.000000,0,0.000000,417987.000000,1.000000,208269337769.000000,919298.000000
419000,0,115173,0.800000,1.000000,0.572612,1.000000,0.000000,0,0.000000,418978.000000,1.000000,209159980011.000000,1357270.000000
419000,1,113852,0.800000,1.000000,0.517657,1.000000,0.000000,0,0.000000,413695.000000,1.000000,209159980011.000000,1357270.000000
419000,2,112323,0.800000,1.000000,0.591446,1.000000,0.000000,0,0.000000,388347.000000,1.000000,209159980011.000000,1357270.000000
419000,3,115175,0.800000,1.000000,0.572368,1.000000,0.000000,0,0.000000,418993.000000,1.000000,209159980011.000000,1357270.000000
419000,4,115175,0.800000,1.000000,0.476308,1.000000,0.000000,0,0.000000,418944.000000,1.000000,209159980011.000000,1357270.000000
419000,5,115175,0.800000,1.000000,0.594379,1.000000,0.000000,0,0.000000,418990.000000,1.000000,209159980011.000000,1357270.000000
419000,6,115173,0.800000,1.000000,0.524909,1.000000,0.000000,0,0.000000,417576.000000,1.000000,209159980011.000000,1357270.000000
419000,7,115176,0.800000,1.000000,0.590227,1.000000,0.000000,0,0.000000,418967.000000,1.000000,209159980011.000000,1357270.000000
419000,8,115176,0.800000,1.000000,0.533564,1.000000,0.000000,0,0.000000,418999.000000,1.000000,209159980011.000000,1357270.000000
419000,9,115177,0.800000,1.000000,0.707081,1.000000,0.000000,0,0.000000,418998.000000,1.000000,209159980011.000000,1357270.000000
419000,10,115169,0.800000,1.000000,0.602257,1.000000,0.000000,0,0.000000,418402.000000,1.000000,209159980011.000000,1357270.000000
419000,11,105630,0.800000,1.000000,0.594369,1.000000,0.000000,0,0.000000,382426.000000,1.000000,209159980011.000000,1357270.000000
419000,12,115177,0.800000,1.000000,0.605341,1.000000,0.000000,0,0.000000,418997.000000,1.000000,209159980011.000000,1357270.000000
419000,13,115161,0.800000,1.000000,0.654862,1.000000,0.000000,0,0.000000,418634.000000,1.000000,209159980011.000000,1357270.000000
419000,14,115082,0.800000,1.000000,0.634309,1.000000,0.000000,0,0.000000,417725.000000,1.000000,209159980011.000000,1357270.000000
419000,15,115177,0.800000,1.000000,0.690729,1.000000,0.000000,1,342083.000000,419000.000000,1.000000,209159980011.000000,1357270.000000
420000,0,115450,0.800000,1.000000,0.546897,1.000000,0.000000,0,0.000000,419967.000000,1.000000,210085553772.000000,2053101.000000
420000,1,113852,0.800000,1.000000,0.517657,1.000000,0.000000,0,0.000000,413695.000000,1.000000,210085553772.000000,2053101.000000
420000,2,112469,0.800000,1.000000,0.725094,1.000000,0.000000,0,0.000000,388347.000000,1.000000,210085553772.000000,2053101.000000
420000,3,115442,0.800000,1.000000,0.520875,1.000000,0.000000,0,0.000000,419874.000000,1.000000,210085553772.000000,2053101.000000
420000,4,115386,0.800000,1.000000,0.653318,1.000000,0.000000,0,0.000000,419329.000000,1.000000,210085553772.000000,2053101.000000
420000,5,115451,0.800000,1.000000,0.651197,1.000000,0.000000,0,0.000000,419995.000000,1.000000,210085553772.000000,2053101.000000
420000,6,115413,0.800000,1.000000,0.714862,1.000000,0.000000,0,0.000000,419531.000000,1.000000,210085553772.000000,2053101.000000
420000,7,115450,0.800000,1.000000,0.624082,1.000000,0.000000,0,0.000000,419998.000000,1.000000,210085553772.000000,2053101.000000
420000,8,115450,0.800000,1.000000,0.626376,1.000000,0.000000,0,0.000000,419999.000000,1.000000,210085553772.000000,2053101.000000
420000,9,115451,0.800000,1.000000,0.664743,1.000000,0.000000,1,336370.000000,420000.000000,1.000000,210085553772.000000,2053101.000000
420000,10,115446,0.800000,1.000000,0.690176,1.000000,0.000000,0,0.000000,419877.000000,1.000000,210085553772.000000,2053101.000000
420000,11,105990,0.800000,1.000000,0.514806,1.000000,0.000000,0,0.000000,382426.000000,1.000000,210085553772.000000,2053101.000000
420000,12,115437,0.800000,1.000000,0.599916,1.000000,0.000000,0,0.000000,419165.000000,1.000000,210085553772.000000,2053101.000000
420000,13,115449,0.800000,1.000000,0.667983,1.000000,0.000000,0,0.000000,419994.000000,1.000000,210085553772.000000,2053101.000000
420000,14,115433,0.800000,1.000000,0.617326,1.000000,0.000000,0,0.000000,417725.000000,1.000000,210085553772.000000,2053101.000000
420000,15,115449,0.800000,1.000000,0.578239,1.000000,0.000000,0,0.000000,419985.000000,1.000000,210085553772.000000,2053101.000000
421000,0,115716,0.800000,1.000000,0.584888,1.000000,0.000000,0,0.000000,420997.000000,1.000000,210989374353.000000,694275.000000
421000,1,113852,0.800000,1.000000,0.517657,1.000000,0.000000,0,0.000000,413695.000000,1.000000,210989374353.000000,694275.000000
421000,2,112865,0.800000,1.000000,0.670441,1.000000,0.000000,0,0.000000,388347.000000,1.000000,210989374353.000000,694275.000000
421000,3,115713,0.800000,1.000000,0.697661,1.000000,0.000000,0,0.000000,420987.000000,1.000000,210989374353.000000,694275.000000
421000,4,115716,0.800000,1.000000,0.717937,1.000000,0.000000,0,0.000000,420994.000000,1.000000,210989374353.000000,694275.000000
421000,5,115712,0.800000,1.000000,0.708250,1.000000,0.000000,0,0.000000,420953.000000,1.000000,210989374353.000000,694275.000000
421000,6,115709,0.800000,1.000000,0.783392,1.000000,0.000000,0,0.000000,420331.000000,1.000000,210989374353.000000,694275.000000
421000,7,115716,0.800000,1.000000,0.726876,1.000000,0.000000,1,338901.000000,421000.000000,1.000000,210989374353.000000,694275.000000
421000,8,115711,0.800000,1.000000,0.539516,1.000000,0.000000,0,0.000000,420962.000000,1.000000,210989374353.000000,694275.000000
421000,9,115717,0.800000,1.000000,0.616034,1.000000,0.000000,0,0.000000,420983.000000,1.000000,210989374353.000000,694275.000000
421000,10,115516,0.800000,1.000000,0.676951,1.000000,0.000000,0,0.000000,420157.000000,1.000000,210989374353.000000,694275.000000
421000,11,106269,0.800000,1.000000,0.545630,1.000000,0.000000,0,0.000000,382426.000000,1.000000,210989374353.000000,694275.000000
421000,12,115617,0.800000,1.000000,0.698854,1.000000,0.000000,0,0.000000,420350.000000,1.000000,210989374353.000000,694275.000000
421000,13,115699,0.800000,1.000000,0.617175,1.000000,0.000000,0,0.000000,420773.000000,1.000000,210989374353.000000,694275.000000
421000,14,115717,0.800000,1.000000,0.631984,1.000000,0.000000,0,0.000000,420980.000000,1.000000,210989374353.000000,694275.000000
421000,15,115716,0.800000,1.000000,0.681557,1.000000,0.000000,0,0.000000,420996.000000,1.000000,210989374353.000000,694275.000000
422000,0,115980,0.800000,1.000000,0.482599,1.000000,0.000000,0,0.000000,421885.000000,1.000000,211907053457.000000,1603997.000000
422000,1,114157,0.800000,1.000000,0.652752,1.000000,0.000000,0,0.000000,413695.000000,1.000000,211907053457.000000,1603997.000000
422000,2,113228,0.800000,1.000000,0.692358,1.000000,0.000000,0,0.000000,388347.000000,1.000000,211907053457.000000,1603997.000000
422000,3,115991,0.800000,1.000000,0.582821,1.000000,0.000000,0,0.000000,421985.000000,1.000000,211907053457.000000,1603997.000000
422000,4,115982,0.800000,1.000000,0.565072,1.000000,0.000000,0,0.000000,421954.000000,1.000000,211907053457.000000,1603997.000000
422000,5,115990,0.800000,1.000000,0.649322,1.000000,0.000000,0,0.000000,421671.000000,1.000000,211907053457.000000,1603997.000000
422000,6,115992,0.800000,1.000000,0.674341,1.000000,0.000000,0,0.000000,421999.000000,1.000000,211907053457.000000,1603997.000000
422000,7,115985,0.800000,1.000000,0.727470,1.000000,0.000000,0,0.000000,421577.000000,1.000000,211907053457.000000,1603997.000000
422000,8,115993,0.800000,1.000000,0.729324,1.000000,0.000000,1,345261.000000,422000.000000,1.000000,211907053457.000000,1603997.000000
422000,9,115993,0.800000,1.000000,0.586808,1.000000,0.000000,0,0.000000,421992.000000,1.000000,211907053457.000000,1603997.000000
422000,10,115753,0.800000,1.000000,0.613072,1.000000,0.000000,0,0.000000,420157.000000,1.000000,211907053457.000000,1603997.000000
422000,11,106309,0.800000,1.000000,0.560180,1.000000,0.000000,0,0.000000,382426.000000,1.000000,211907053457.000000,1603997.000000
422000,12,115617,0.800000,1.000000,0.698854,1.000000,0.000000,0,0.000000,420350.000000,1.000000,211907053457.000000,1603997.000000
422000,13,115994,0.800000,1.000000,0.667418,1.000000,0.000000,0,0.000000,421998.000000,1.000000,211907053457.000000,1603997.000000
422000,14,115986,0.800000,1.000000,0.742819,1.000000,0.000000,0,0.000000,421977.000000,1.000000,211907053457.000000,1603997.000000
422000,15,115989,0.800000,1.000000,0.640093,1.000000,0.000000,0,0.000000,421417.000000,1.000000,211907053457.000000,1603997.000000
423000,0,116259,0.800000,1.000000,0.697957,1.000000,0.000000,0,0.000000,422999.000000,1.000000,213004605359.000000,2069221.000000
423000,1,114534,0.800000,1.000000,0.712577,1.000000,0.000000,0,0.000000,413695.000000,1.000000,213004605359.000000,2069221.000000
423000,2,113596,0.800000,1.000000,0.601240,1.000000,0.000000,0,0.000000,388347.000000,1.000000,213004605359.000000,2069221.000000
423000,3,116257,0.800000,1.000000,0.554357,1.000000,0.000000,0,0.000000,422980.000000,1.000000,213004605359.000000,2069221.000000
423000,4,116253,0.800000,1.000000,0.633995,1.000000,0.000000,0,0.000000,422944.000000,1.000000,213004605359.000000,2069221.000000
423000,5,116259,0.800000,1.000000,0.675000,1.000000,0.000000,0,0.000000,422997.000000,1.000000,213004605359.000000,2069221.000000
423000,6,116259,0.800000,1.000000,0.684710,1.000000,0.000000,1,359886.000000,423000.000000,1.000000,213004605359.000000,2069221.000000
423000,7,116213,0.800000,1.000000,0.560710,1.000000,0.000000,0,0.000000,422836.000000,1.000000,213004605359.000000,2069221.000000
423000,8,116259,0.800000,1.000000,0.637329,1.000000,0.000000,0,0.000000,422986.000000,1.000000,213004605359.000000,2069221.000000
423000,9,116255,0.800000,1.000000,0.651832,1.000000,0.000000,0,0.000000,422507.000000,1.000000,213004605359.000000,2069221.000000
423000,10,116144,0.800000,1.000000,0.739947,1.000000,0.000000,0,0.000000,420157.000000,1.000000,213004605359.000000,2069221.000000
423000,11,106673,0.800000,1.000000,0.687473,1.000000,0.000000,0,0.000000,382426.000000,1.000000,213004605359.000000,2069221.000000
423000,12,115972,0.800000,1.000000,0.701819,1.000000,0.000000,0,0.000000,420350.000000,1.000000,213004605359.000000,2069221.000000
423000,13,116260,0.800000,1.000000,0.641448,1.000000,0.000000,0,0.000000,422990.000000,1.000000,213004605359.000000,2069221.000000
423000,14,116259,0.800000,1.000000,0.701945,1.000000,0.000000,0,0.000000,422998.000000,1.000000,213004605359.000000,2069221.000000
423000,15,116259,0.800000,1.000000,0.629231,1.000000,0.000000,0,0.000000,422979.000000,1.000000,213004605359.000000,2069221.000000
424000,0,116495,0.800000,1.000000,0.674031,1.000000,0.000000,0,0.000000,423907.000000,1.000000,214000454822.000000,913024.000000
424000,1,114893,0.800000,1.000000,0.739672,1.000000,0.000000,0,0.000000,413695.000000,1.000000,214000454822.000000,913024.000000
424000,2,113893,0.800000,1.000000,0.653377,1.000000,0.000000,0,0.000000,388347.000000,1.000000,214000454822.000000,913024.000000
424000,3,116503,0.800000,1.000000,0.695528,1.000000,0.000000,0,0.000000,423992.000000,1.000000,214000454822.000000,913024.000000
424000,4,116469,0.800000,1.000000,0.533218,1.000000,0.000000,0,0.000000,423833.000000,1.000000,214000454822.000000,913024.000000
424000,5,116504,0.800000,1.000000,0.625650,1.000000,0.000000,0,0.000000,423995.000000,1.000000,214000454822.000000,913024.000000
424000,6,116504,0.800000,1.000000,0.637768,1.000000,0.000000,0,0.000000,423999.000000,1.000000,214000454822.000000,913024.000000
424000,7,116500,0.800000,1.000000,0.570735,1.000000,0.000000,0,0.000000,423942.000000,1.000000,214000454822.000000,913024.000000
424000,8,116395,0.800000,1.000000,0.798535,1.000000,0.000000,0,0.000000,423533.000000,1.000000,214000454822.000000,913024.000000
424000,9,116504,0.800000,1.000000,0.644968,1.000000,0.000000,1,339421.000000,424000.000000,1.000000,214000454822.000000,913024.000000
424000,10,116497,0.800000,1.000000,0.533706,1.000000,0.000000,0,0.000000,423846.000000,1.000000,214000454822.000000,913024.000000
424000,11,107035,0.800000,1.000000,0.739931,1.000000,0.000000,0,0.000000,382426.000000,1.000000,214000454822.000000,913024.000000
424000,12,116354,0.800000,1.000000,0.575560,1.000000,0.000000,0,0.000000,420350.000000,1.000000,214000454822.000000,913024.000000
424000,13,116504,0.800000,1.000000,0.739884,1.000000,0.000000,0,0.000000,423998.000000,1.000000,214000454822.000000,913024.000000
424000,14,116499,0.800000,1.000000,0.541243,1.000000,0.000000,0,0.000000,423965.000000,1.000000,214000454822.000000,913024.000000
424000,15,116483,0.800000,1.000000,0.609437,1.000000,0.000000,0,0.000000,423526.000000,1.000000,214000454822.000000,913024.000000
425000,0,116744,0.800000,1.000000,0.636467,1.000000,0.000000,0,0.000000,424225.000000,1.000000,215002271255.000000,1159505.000000
425000,1,115213,0.800000,1.000000,0.700060,1.000000,0.000000,0,0.000000,413695.000000,1.000000,215002271255.000000,1159505.000000
425000,2,114303,0.800000,1.000000,0.641350,1.000000,0.000000,0,0.000000,388347.000000,1.000000,215002271255.000000,1159505.000000
425000,3,116754,0.800000,1.000000,0.587195,1.000000,0.000000,0,0.000000,424950.000000,1.000000,215002271255.000000,1159505.000000
425000,4,116755,0.800000,1.000000,0.720524,1.000000,0.000000,0,0.000000,424999.000000,1.000000,215002271255.000000,1159505.000000
425000,5,116738,0.800000,1.000000,0.615355,1.000000,0.000000,0,0.000000,424746.000000,1.000000,215002271255.000000,1159505.000000
425000,6,116756,0.800000,1.000000,0.656043,1.000000,0.000000,1,361091.000000,425000.000000,1.000000,215002271255.000000,1159505.000000
425000,7,116695,0.800000,1.000000,0.708253,1.000000,0.000000,0,0.000000,424252.000000,1.000000,215002271255.000000,1159505.000000
425000,8,116529,0.800000,1.000000,0.680290,1.000000,0.000000,0,0.000000,423533.000000,1.000000,215002271255.000000,1159505.000000
425000,9,116757,0.800000,1.000000,0.577613,1.000000,0.000000,0,0.000000,424998.000000,1.000000,215002271255.000000,1159505.000000
425000,10,116755,0.800000,1.000000,0.540550,1.000000,0.000000,0,0.000000,424079.000000,1.000000,215002271255.000000,1159505.000000
425000,11,107435,0.800000,1.000000,0.723635,1.000000,0.000000,0,0.000000,382426.000000,1.000000,215002271255.000000,1159505.000000
425000,12,116686,0.800000,1.000000,0.610462,1.000000,0.000000,0,0.000000,420350.000000,1.000000,215002271255.000000,1159505.000000
425000,13,116745,0.800000,1.000000,0.663533,1.000000,0.000000,0,0.000000,424948.000000,1.000000,215002271255.000000,1159505.000000
425000,14,116755,0.800000,1.000000,0.791010,1.000000,0.000000,0,0.000000,424995.000000,1.000000,215002271255.000000,1159505.000000
425000,15,116753,0.800000,1.000000,0.643741,1.000000,0.000000,0,0.000000,424966.000000,1.000000,215002271255.000000,1159505.000000
426000,0,117025,0.800000,1.000000,0.559010,1.000000,0.000000,0,0.000000,425994.000000,1.000000,216051948424.000000,702151.000000
426000,1,115579,0.800000,1.000000,0.737024,1.000000,0.000000,0,0.000000,413695.000000,1.000000,216051948424.000000,702151.000000
426000,2,114658,0.800000,1.000000,0.642284,1.000000,0.000000,0,0.000000,388347.000000,1.000000,216051948424.000000,702151.000000
426000,3,117026,0.800000,1.000000,0.706210,1.000000,0.000000,0,0.000000,425999.000000,1.000000,216051948424.000000,702151.000000
426000,4,117026,0.800000,1.000000,0.677888,1.000000,0.000000,0,0.000000,425998.000000,1.000000,216051948424.000000,702151.000000
426000,5,117023,0.800000,1.000000,0.701020,1.000000,0.000000,0,0.000000,425985.000000,1.000000,216051948424.000000,702151.000000
426000,6,116892,0.800000,1.000000,0.696987,1.000000,0.000000,0,0.000000,425462.000000,1.000000,216051948424.000000,702151.000000
426000,7,116956,0.800000,1.000000,0.697969,1.000000,0.000000,0,0.000000,425642.000000,1.000000,216051948424.000000,702151.000000
426000,8,116915,0.800000,1.000000,0.615567,1.000000,0.000000,0,0.000000,423533.000000,1.000000,216051948424.000000,702151.000000
426000,9,117026,0.800000,1.000000,0.740637,1.000000,0.000000,1,340563.000000,426000.000000,1.000000,216051948424.000000,702151.000000
426000,10,117022,0.800000,1.000000,0.641531,1.000000,0.000000,0,0.000000,425980.000000,1.000000,216051948424.000000,702151.000000
426000,11,107711,0.800000,1.000000,0.657149,1.000000,0.000000,0,0.000000,382426.000000,1.000000,216051948424.000000,702151.000000
426000,12,116973,0.800000,1.000000,0.700878,1.000000,0.000000,0,0.000000,420350.000000,1.000000,216051948424.000000,702151.000000
426000,13,117019,0.800000,1.000000,0.636210,1.000000,0.000000,0,0.000000,425972.000000,1.000000,216051948424.000000,702151.000000
426000,14,117021,0.800000,1.000000,0.554038,1.000000,0.000000,0,0.000000,425936.000000,1.000000,216051948424.000000,702151.000000
426000,15,117026,0.800000,1.000000,0.674905,1.000000,0.000000,0,0.000000,425992.000000,1.000000,216051948424.000000,702151.000000
427000,0,117249,0.800000,1.000000,0.627135,1.000000,0.000000,0,0.000000,426969.000000,1.000000,217004916853.000000,1636633.000000
427000,1,115928,0.800000,1.000000,0.614222,1.000000,0.000000,0,0.000000,413695.000000,1.000000,217004916853.000000,1636633.000000
427000,2,115032,0.800000,1.000000,0.718219,1.000000,0.000000,0,0.000000,388347.000000,1.000000,217004916853.000000,1636633.000000
427000,3,117252,0.800000,1.000000,0.549757,1.000000,0.000000,0,0.000000,426980.000000,1.000000,217004916853.000000,1636633.000000
427000,4,117253,0.800000,1.000000,0.658142,1.000000,0.000000,1,345117.000000,427000.000000,1.000000,217004916853.000000,1636633.000000
427000,5,117227,0.800000,1.000000,0.596267,1.000000,0.000000,0,0.000000,426089.000000,1.000000,217004916853.000000,1636633.000000
427000,6,117060,0.800000,1.000000,0.590418,1.000000,0.000000,0,0.000000,425462.000000,1.000000,217004916853.000000,1636633.000000
427000,7,117244,0.800000,1.000000,0.728417,1.000000,0.000000,0,0.000000,426804.000000,1.000000,217004916853.000000,1636633.000000
427000,8,117249,0.800000,1.000000,0.687192,1.000000,0.000000,0,0.000000,426954.000000,1.000000,217004916853.000000,1636633.000000
427000,9,117249,0.800000,1.000000,0.507561,1.000000,0.000000,0,0.000000,426974.000000,1.000000,217004916853.000000,1636633.000000
427000,10,117252,0.800000,1.000000,0.620548,1.000000,0.000000,0,0.000000,426996.000000,1.000000,217004916853.000000,1636633.000000
427000,11,108030,0.800000,1.000000,0.543725,1.000000,0.000000,0,0.000000,382426.000000,1.000000,217004916853.000000,1636633.000000
427000,12,117252,0.800000,1.000000,0.703129,1.000000,0.000000,0,0.000000,426994.000000,1.000000,217004916853.000000,1636633.000000
427000,13,117218,0.800000,1.000000,0.555608,1.000000,0.000000,0,0.000000,426584.000000,1.000000,217004916853.000000,1636633.000000
427000,14,117254,0.800000,1.000000,0.622259,1.000000,0.000000,0,0.000000,426997.000000,1.000000,217004916853.000000,1636633.000000
427000,15,117254,0.800000,1.000000,0.651338,1.000000,0.000000,0,0.000000,426998.000000,1.000000,217004916853.000000,1636633.000000
428000,0,117517,0.800000,1.000000,0.685773,1.000000,0.000000,0,0.000000,427998.000000,1.000000,218087753614.000000,705053.000000
428000,1,116301,0.800000,1.000000,0.685267,1.000000,0.000000,0,0.000000,413695.000000,1.000000,218087753614.000000,705053.000000
428000,2,115384,0.800000,1.000000,0.616014,1.000000,0.000000,0,0.000000,388347.000000,1.000000,218087753614.000000,705053.000000
428000,3,117514,0.800000,1.000000,0.608991,1.000000,0.000000,0,0.000000,427984.000000,1.000000,218087753614.000000,705053.000000
428000,4,117516,0.800000,1.000000,0.544980,1.000000,0.000000,0,0.000000,427987.000000,1.000000,218087753614.000000,705053.000000
428000,5,117517,0.800000,1.000000,0.557069,1.000000,0.000000,1,345466.000000,428000.000000,1.000000,218087753614.000000,705053.000000
428000,6,117445,0.800000,1.000000,0.626778,1.000000,0.000000,0,0.000000,425462.000000,1.000000,218087753614.000000,705053.000000
428000,7,117517,0.800000,1.000000,0.634680,1.000000,0.000000,0,0.000000,427940.000000,1.000000,218087753614.000000,705053.000000
428000,8,117513,0.800000,1.000000,0.625380,1.000000,0.000000,0,0.000000,427969.000000,1.000000,218087753614.000000,705053.000000
428000,9,117515,0.800000,1.000000,0.650950,1.000000,0.000000,0,0.000000,427993.000000,1.000000,218087753614.000000,705053.000000
428000,10,117515,0.800000,1.000000,0.573775,1.000000,0.000000,0,0.000000,427995.000000,1.000000,218087753614.000000,705053.000000
428000,11,108356,0.800000,1.000000,0.534484,1.000000,0.000000,0,0.000000,382426.000000,1.000000,218087753614.000000,705053.000000
428000,12,117514,0.800000,1.000000,0.657047,1.000000,0.000000,0,0.000000,427540.000000,1.000000,218087753614.000000,705053.000000
428000,13,117518,0.800000,1.000000,0.693850,1.000000,0.000000,0,0.000000,427999.000000,1.000000,218087753614.000000,705053.000000
428000,14,117517,0.800000,1.000000,0.611217,1.000000,0.000000,0,0.000000,427996.000000,1.000000,218087753614.000000,705053.000000
428000,15,117493,0.800000,1.000000,0.665714,1.000000,0.000000,0,0.000000,427238.000000,1.000000,218087753614.000000,705053.000000
429000,0,117745,0.800000,1.000000,0.574686,1.000000,0.000000,0,0.000000,428657.000000,1.000000,219116419620.000000,1411324.000000
429000,1,116682,0.800000,1.000000,0.635106,1.000000,0.000000,0,0.000000,413695.000000,1.000000,219116419620.000000,1411324.000000
429000,2,115681,0.800000,1.000000,0.691170,1.000000,0.000000,0,0.000000,388347.000000,1.000000,219116419620.000000,1411324.000000
429000,3,117796,0.800000,1.000000,0.523834,1.000000,0.000000,0,0.000000,428997.000000,1.000000,219116419620.000000,1411324.000000
429000,4,117783,0.800000,1.000000,0.665065,1.000000,0.000000,0,0.000000,428944.000000,1.000000,219116419620.000000,1411324.000000
429000,5,117758,0.800000,1.000000,0.628415,1.000000,0.000000,0,0.000000,428847.000000,1.000000,219116419620.000000,1411324.000000
429000,6,117795,0.800000,1.000000,0.631978,1.000000,0.000000,0,0.000000,428999.000000,1.000000,219116419620.000000,1411324.000000
429000,7,117678,0.800000,1.000000,0.594256,1.000000,0.000000,0,0.000000,428015.000000,1.000000,219116419620.000000,1411324.000000
429000,8,117796,0.800000,1.000000,0.586943,1.000000,0.000000,1,350954.000000,429000.000000,1.000000,219116419620.000000,1411324.000000
429000,9,117781,0.800000,1.000000,0.755459,1.000000,0.000000,0,0.000000,428951.000000,1.000000,219116419620.000000,1411324.000000
429000,10,117797,0.800000,1.000000,0.753850,1.000000,0.000000,0,0.000000,428998.000000,1.000000,219116419620.000000,1411324.000000
429000,11,108574,0.800000,1.000000,0.719145,1.000000,0.000000,0,0.000000,382426.000000,1.000000,219116419620.000000,1411324.000000
429000,12,117797,0.800000,1.000000,0.691384,1.000000,0.000000,0,0.000000,428995.000000,1.000000,219116419620.000000,1411324.000000
429000,13,117796,0.800000,1.000000,0.579095,1.000000,0.000000,0,0.000000,428992.000000,1.000000,219116419620.000000,1411324.000000
429000,14,117797,0.800000,1.000000,0.642979,1.000000,0.000000,0,0.000000,428990.000000,1.000000,219116419620.000000,1411324.000000
429000,15,117794,0.800000,1.000000,0.699256,1.000000,0.000000,0,0.000000,428983.000000,1.000000,219116419620.000000,1411324.000000
430000,0,118022,0.800000,1.000000,0.620704,1.000000,0.000000,0,0.000000,428657.000000,1.000000,220210603558.000000,938430.000000
430000,1,117065,0.800000,1.000000,0.717350,1.000000,0.000000,0,0.000000,413695.000000,1.000000,220210603558.000000,938430.000000
430000,2,116037,0.800000,1.000000,0.712215,1.000000,0.000000,0,0.000000,388347.000000,1.000000,220210603558.000000,938430.000000
430000,3,118057,0.800000,1.000000,0.546481,1.000000,0.000000,0,0.000000,429992.000000,1.000000,220210603558.000000,938430.000000
430000,4,118053,0.800000,1.000000,0.535388,1.000000,0.000000,0,0.000000,429942.000000,1.000000,220210603558.000000,938430.000000
430000,5,118059,0.800000,1.000000,0.574533,1.000000,0.000000,0,0.000000,429997.000000,1.000000,220210603558.000000,938430.000000
430000,6,118057,0.800000,1.000000,0.555586,1.000000,0.000000,0,0.000000,429994.000000,1.000000,220210603558.000000,938430.000000
430000,7,118004,0.800000,1.000000,0.624319,1.000000,0.000000,0,0.000000,428015.000000,1.000000,220210603558.000000,938430.000000
430000,8,118059,0.800000,1.000000,0.718175,1.000000,0.000000,1,351649.000000,430000.000000,1.000000,220210603558.000000,938430.000000
430000,9,118053,0.800000,1.000000,0.498046,1.000000,0.000000,0,0.000000,429711.000000,1.000000,220210603558.000000,938430.000000
430000,10,118060,0.800000,1.000000,0.595202,1.000000,0.000000,0,0.000000,429999.000000,1.000000,220210603558.000000,938430.000000
430000,11,108969,0.800000,1.000000,0.692921,1.000000,0.000000,0,0.000000,382426.000000,1.000000,220210603558.000000,938430.000000
430000,12,118060,0.800000,1.000000,0.656620,1.000000,0.000000,0,0.000000,429985.000000,1.000000,220210603558.000000,938430.000000
430000,13,118055,0.800000,1.000000,0.683956,1.000000,0.000000,0,0.000000,429963.000000,1.000000,220210603558.000000,938430.000000
430000,14,118060,0.800000,1.000000,0.584900,1.000000,0.000000,0,0.000000,429995.000000,1.000000,220210603558.000000,938430.000000
430000,15,118060,0.800000,1.000000,0.634961,1.000000,0.000000,0,0.000000,429998.000000,1.000000,220210603558.000000,938430.000000
431000,0,118321,0.800000,1.000000,0.677187,1.000000,0.000000,0,0.000000,430952.000000,1.000000,221265816105.000000,924560.000000
431000,1,117407,0.800000,1.000000,0.705932,1.000000,0.000000,0,0.000000,413695.000000,1.000000,221265816105.000000,924560.000000
431000,2,116333,0.800000,1.000000,0.621506,1.000000,0.000000,0,0.000000,388347.000000,1.000000,221265816105.000000,924560.000000
431000,3,118330,0.800000,1.000000,0.555735,1.000000,0.000000,0,0.000000,430984.000000,1.000000,221265816105.000000,924560.000000
431000,4,118330,0.800000,1.000000,0.738706,1.000000,0.000000,0,0.000000,430961.000000,1.000000,221265816105.000000,924560.000000
431000,5,118295,0.800000,1.000000,0.652796,1.000000,0.000000,0,0.000000,430549.000000,1.000000,221265816105.000000,924560.000000
431000,6,118330,0.800000,1.000000,0.563535,1.000000,0.000000,1,366592.000000,431000.000000,1.000000,221265816105.000000,924560.000000
431000,7,118322,0.800000,1.000000,0.692597,1.000000,0.000000,0,0.000000,428015.000000,1.000000,221265816105.000000,924560.000000
431000,8,118330,0.800000,1.000000,0.678564,1.000000,0.000000,0,0.000000,430991.000000,1.000000,221265816105.000000,924560.000000
431000,9,118327,0.800000,1.000000,0.730131,1.000000,0.000000,0,0.000000,430781.000000,1.000000,221265816105.000000,924560.000000
431000,10,118330,0.800000,1.000000,0.663298,1.000000,0.000000,0,0.000000,430999.000000,1.000000,221265816105.000000,924560.000000
431000,11,109296,0.800000,1.000000,0.628062,1.000000,0.000000,0,0.000000,382426.000000,1.000000,221265816105.000000,924560.000000
431000,12,118331,0.800000,1.000000,0.591509,1.000000,0.000000,0,0.000000,430921.000000,1.000000,221265816105.000000,924560.000000
431000,13,118283,0.800000,1.000000,0.590798,1.000000,0.000000,0,0.000000,430814.000000,1.000000,221265816105.000000,924560.000000
431000,14,118331,0.800000,1.000000,0.573343,1.000000,0.000000,0,0.000000,430988.000000,1.000000,221265816105.000000,924560.000000
431000,15,118331,0.800000,1.000000,0.599435,1.000000,0.000000,0,0.000000,430997.000000,1.000000,221265816105.000000,924560.000000
432000,0,118599,0.800000,1.000000,0.697226,1.000000,0.000000,1,351108.000000,432000.000000,1.000000,222364871933.000000,948772.000000
432000,1,117795,0.800000,1.000000,0.667429,1.000000,0.000000,0,0.000000,413695.000000,1.000000,222364871933.000000,948772.000000
432000,2,116738,0.800000,1.000000,0.700541,1.000000,0.000000,0,0.000000,388347.000000,1.000000,222364871933.000000,948772.000000
432000,3,118588,0.800000,1.000000,0.644636,1.000000,0.000000,0,0.000000,431856.000000,1.000000,222364871933.000000,948772.000000
432000,4,118590,0.800000,1.000000,0.684285,1.000000,0.000000,0,0.000000,431961.000000,1.000000,222364871933.000000,948772.000000
432000,5,118579,0.800000,1.000000,0.643835,1.000000,0.000000,0,0.000000,431815.000000,1.000000,222364871933.000000,948772.000000
432000,6,118600,0.800000,1.000000,0.550059,1.000000,0.000000,0,0.000000,431951.000000,1.000000,222364871933.000000,948772.000000
432000,7,118599,0.800000,1.000000,0.631830,1.000000,0.000000,0,0.000000,431992.000000,1.000000,222364871933.000000,948772.000000
432000,8,118599,0.800000,1.000000,0.672298,1.000000,0.000000,0,0.000000,431998.000000,1.000000,222364871933.000000,948772.000000
432000,9,118593,0.800000,1.000000,0.599760,1.000000,0.000000,0,0.000000,431674.000000,1.000000,222364871933.000000,948772.000000
432000,10,118600,0.800000,1.000000,0.534350,1.000000,0.000000,0,0.000000,431980.000000,1.000000,222364871933.000000,948772.000000
432000,11,109660,0.800000,1.000000,0.684414,1.000000,0.000000,0,0.000000,382426.000000,1.000000,222364871933.000000,948772.000000
432000,12,118599,0.800000,1.000000,0.597084,1.000000,0.000000,0,0.000000,431984.000000,1.000000,222364871933.000000,948772.000000
432000,13,118570,0.800000,1.000000,0.729231,1.000000,0.000000,0,0.000000,430814.000000,1.000000,222364871933.000000,948772.000000
432000,14,118595,0.800000,1.000000,0.647323,1.000000,0.000000,0,0.000000,431192.000000,1.000000,222364871933.000000,948772.000000
432000,15,118599,0.800000,1.000000,0.631340,1.000000,0.000000,0,0.000000,431993.000000,1.000000,222364871933.000000,948772.000000
433000,0,118859,0.800000,1.000000,0.535667,1.000000,0.000000,0,0.000000,432262.000000,1.000000,223434827665.000000,1183673.000000
433000,1,118135,0.800000,1.000000,0.559871,1.000000,0.000000,0,0.000000,413695.000000,1.000000,223434827665.000000,1183673.000000
433000,2,117073,0.800000,1.000000,0.618707,1.000000,0.000000,0,0.000000,388347.000000,1.000000,223434827665.000000,1183673.000000
433000,3,118874,0.800000,1.000000,0.550479,1.000000,0.000000,0,0.000000,432934.000000,1.000000,223434827665.000000,1183673.000000
433000,4,118878,0.800000,1.000000,0.529210,1.000000,0.000000,0,0.000000,432991.000000,1.000000,223434827665.000000,1183673.000000
433000,5,118879,0.800000,1.000000,0.710990,1.000000,0.000000,1,349763.000000,433000.000000,1.000000,223434827665.000000,1183673.000000
433000,6,118878,0.800000,1.000000,0.483381,1.000000,0.000000,0,0.000000,432997.000000,1.000000,223434827665.000000,1183673.000000
433000,7,118860,0.800000,1.000000,0.665756,1.000000,0.000000,0,0.000000,432713.000000,1.000000,223434827665.000000,1183673.000000
433000,8,118832,0.800000,1.000000,0.671633,1.000000,0.000000,0,0.000000,432823.000000,1.000000,223434827665.000000,1183673.000000
433000,9,118879,0.800000,1.000000,0.581094,1.000000,0.000000,0,0.000000,432974.000000,1.000000,223434827665.000000,1183673.000000
433000,10,118879,0.800000,1.000000,0.615774,1.000000,0.000000,0,0.000000,432999.000000,1.000000,223434827665.000000,1183673.000000
433000,11,109991,0.800000,1.000000,0.534319,1.000000,0.000000,0,0.000000,382426.000000,1.000000,223434827665.000000,1183673.000000
433000,12,118876,0.800000,1.000000,0.688815,1.000000,0.000000,0,0.000000,432984.000000,1.000000,223434827665.000000,1183673.000000
433000,13,118790,0.800000,1.000000,0.647951,1.000000,0.000000,0,0.000000,432366.000000,1.000000,223434827665.000000,1183673.000000
433000,14,118879,0.800000,1.000000,0.678101,1.000000,0.000000,0,0.000000,432895.000000,1.000000,223434827665.000000,1183673.000000
433000,15,118879,0.800000,1.000000,0.526110,1.000000,0.000000,0,0.000000,432963.000000,1.000000,223434827665.000000,1183673.000000
434000,0,119137,0.800000,1.000000,0.600662,1.000000,0.000000,0,0.000000,433887.000000,1.000000,224509582060.000000,714575.000000
434000,1,118478,0.800000,1.000000,0.637571,1.000000,0.000000,0,0.000000,413695.000000,1.000000,224509582060.000000,714575.000000
434000,2,117458,0.800000,1.000000,0.700117,1.000000,0.000000,0,0.000000,388347.000000,1.000000,224509582060.000000,714575.000000
434000,3,119100,0.800000,1.000000,0.518822,1.000000,0.000000,0,0.000000,433632.000000,1.000000,224509582060.000000,714575.000000
434000,4,119145,0.800000,1.000000,0.694078,1.000000,0.000000,1,348812.000000,434000.000000,1.000000,224509582060.000000,714575.000000
434000,5,119138,0.800000,1.000000,0.570362,1.000000,0.000000,0,0.000000,433902.000000,1.000000,224509582060.000000,714575.000000
434000,6,119119,0.800000,1.000000,0.654939,1.000000,0.000000,0,0.000000,433773.000000,1.000000,224509582060.000000,714575.000000
434000,7,119145,0.800000,1.000000,0.625066,1.000000,0.000000,0,0.000000,433994.000000,1.000000,224509582060.000000,714575.000000
434000,8,119135,0.800000,1.000000,0.707706,1.000000,0.000000,0,0.000000,432823.000000,1.000000,224509582060.000000,714575.000000
434000,9,119025,0.800000,1.000000,0.586398,1.000000,0.000000,0,0.000000,433102.000000,1.000000,224509582060.000000,714575.000000
434000,10,119145,0.800000,1.000000,0.738745,1.000000,0.000000,0,0.000000,433996.000000,1.000000,224509582060.000000,714575.000000
434000,11,110390,0.800000,1.000000,0.584874,1.000000,0.000000,0,0.000000,382426.000000,1.000000,224509582060.000000,714575.000000
434000,12,119146,0.800000,1.000000,0.688250,1.000000,0.000000,0,0.000000,433998.000000,1.000000,224509582060.000000,714575.000000
434000,13,119144,0.800000,1.000000,0.628388,1.000000,0.000000,0,0.000000,433984.000000,1.000000,224509582060.000000,714575.000000
434000,14,119145,0.800000,1.000000,0.600949,1.000000,0.000000,0,0.000000,433962.000000,1.000000,224509582060.000000,714575.000000
434000,15,119144,0.800000,1.000000,0.614084,1.000000,0.000000,0,0.000000,433974.000000,1.000000,224509582060.000000,714575.000000
435000,0,119398,0.800000,1.000000,0.595485,1.000000,0.000000,0,0.000000,434983.000000,1.000000,225536724842.000000,715283.000000
435000,1,118847,0.800000,1.000000,0.492427,1.000000,0.000000,0,0.000000,413695.000000,1.000000,225536724842.000000,715283.000000
435000,2,117851,0.800000,1.000000,0.656382,1.000000,0.000000,0,0.000000,388347.000000,1.000000,225536724842.000000,715283.000000
435000,3,119399,0.800000,1.000000,0.791304,1.000000,0.000000,0,0.000000,434998.000000,1.000000,225536724842.000000,715283.000000
435000,4,119400,0.800000,1.000000,0.679834,1.000000,0.000000,0,0.000000,434989.000000,1.000000,225536724842.000000,715283.000000
435000,5,119398,0.800000,1.000000,0.616005,1.000000,0.000000,0,0.000000,434993.000000,1.000000,225536724842.000000,715283.000000
435000,6,119243,0.800000,1.000000,0.623698,1.000000,0.000000,0,0.000000,434328.000000,1.000000,225536724842.000000,715283.000000
435000,7,119322,0.800000,1.000000,0.681743,1.000000,0.000000,0,0.000000,434644.000000,1.000000,225536724842.000000,715283.000000
435000,8,119380,0.800000,1.000000,0.769682,1.000000,0.000000,0,0.000000,434740.000000,1.000000,225536724842.000000,715283.000000
435000,9,119376,0.800000,1.000000,0.689766,1.000000,0.000000,0,0.000000,433102.000000,1.000000,225536724842.000000,715283.000000
435000,10,119372,0.800000,1.000000,0.661755,1.000000,0.000000,0,0.000000,434053.000000,1.000000,225536724842.000000,715283.000000
435000,11,110752,0.800000,1.000000,0.599075,1.000000,0.000000,0,0.000000,382426.000000,1.000000,225536724842.000000,715283.000000
435000,12,119400,0.800000,1.000000,0.738124,1.000000,0.000000,1,345428.000000,435000.000000,1.000000,225536724842.000000,715283.000000
435000,13,119400,0.800000,1.000000,0.683843,1.000000,0.000000,0,0.000000,434995.000000,1.000000,225536724842.000000,715283.000000
435000,14,119395,0.800000,1.000000,0.737907,1.000000,0.000000,0,0.000000,434696.000000,1.000000,225536724842.000000,715283.000000
435000,15,119401,0.800000,1.000000,0.720130,1.000000,0.000000,0,0.000000,434996.000000,1.000000,225536724842.000000,715283.000000
436000,0,119660,0.800000,1.000000,0.790365,1.000000,0.000000,1,354210.000000,436000.000000,1.000000,226524323021.000000,940182.000000
436000,1,119186,0.800000,1.000000,0.585919,1.000000,0.000000,0,0.000000,413695.000000,1.000000,226524323021.000000,940182.000000
436000,2,118240,0.800000,1.000000,0.627496,1.000000,0.000000,0,0.000000,388347.000000,1.000000,226524323021.000000,940182.000000
436000,3,119659,0.800000,1.000000,0.706616,1.000000,0.000000,0,0.000000,435958.000000,1.000000,226524323021.000000,940182.000000
436000,4,119658,0.800000,1.000000,0.561826,1.000000,0.000000,0,0.000000,435974.000000,1.000000,226524323021.000000,940182.000000
436000,5,119650,0.800000,1.000000,0.689481,1.000000,0.000000,0,0.000000,435946.000000,1.000000,226524323021.000000,940182.000000
436000,6,119625,0.800000,1.000000,0.684740,1.000000,0.000000,0,0.000000,434328.000000,1.000000,226524323021.000000,940182.000000
436000,7,119322,0.800000,1.000000,0.681743,1.000000,0.000000,0,0.000000,434644.000000,1.000000,226524323021.000000,940182.000000
436000,8,119651,0.800000,1.000000,0.717109,1.000000,0.000000,0,0.000000,435953.000000,1.000000,226524323021.000000,940182.000000
436000,9,119660,0.800000,1.000000,0.704099,1.000000,0.000000,0,0.000000,435999.000000,1.000000,226524323021.000000,940182.000000
436000,10,119661,0.800000,1.000000,0.648776,1.000000,0.000000,0,0.000000,435997.000000,1.000000,226524323021.000000,940182.000000
436000,11,111128,0.800000,1.000000,0.690447,1.000000,0.000000,0,0.000000,382426.000000,1.000000,226524323021.000000,940182.000000
436000,12,119462,0.800000,1.000000,0.725025,1.000000,0.000000,0,0.000000,435129.000000,1.000000,226524323021.000000,940182.000000
436000,13,119659,0.800000,1.000000,0.738751,1.000000,0.000000,0,0.000000,435994.000000,1.000000,226524323021.000000,940182.000000
436000,14,119646,0.800000,1.000000,0.604161,1.000000,0.000000,0,0.000000,435791.000000,1.000000,226524323021.000000,940182.000000
436000,15,119632,0.800000,1.000000,0.509088,1.000000,0.000000,0,0.000000,435836.000000,1.000000,226524323021.000000,940182.000000
437000,0,119921,0.800000,1.000000,0.631317,1.000000,0.000000,0,0.000000,436982.000000,1.000000,227513532724.000000,959132.000000
437000,1,119368,0.800000,1.000000,0.598967,1.000000,0.000000,0,0.000000,413695.000000,1.000000,227513532724.000000,959132.000000
437000,2,118622,0.800000,1.000000,0.676193,1.000000,0.000000,0,0.000000,388347.000000,1.000000,227513532724.000000,959132.000000
437000,3,119865,0.800000,1.000000,0.495579,1.000000,0.000000,0,0.000000,436700.000000,1.000000,227513532724.000000,959132.000000
437000,4,119925,0.800000,1.000000,0.740169,1.000000,0.000000,0,0.000000,436999.000000,1.000000,227513532724.000000,959132.000000
437000,5,119925,0.800000,1.000000,0.725200,1.000000,0.000000,0,0.000000,436996.000000,1.000000,227513532724.000000,959132.000000
437000,6,119918,0.800000,1.000000,0.647920,1.000000,0.000000,0,0.000000,436445.000000,1.000000,227513532724.000000,959132.000000
437000,7,119322,0.800000,1.000000,0.681743,1.000000,0.000000,0,0.000000,434644.000000,1.000000,227513532724.000000,959132.000000
437000,8,119921,0.800000,1.000000,0.513989,1.000000,0.000000,0,0.000000,436945.000000,1.000000,227513532724.000000,959132.000000
437000,9,119881,0.800000,1.000000,0.539276,1.000000,0.000000,0,0.000000,436484.000000,1.000000,227513532724.000000,959132.000000
437000,10,119924,0.800000,1.000000,0.713327,1.000000,0.000000,0,0.000000,436997.000000,1.000000,227513532724.000000,959132.000000
437000,11,111500,0.800000,1.000000,0.669253,1.000000,0.000000,0,0.000000,382426.000000,1.000000,227513532724.000000,959132.000000
437000,12,119808,0.800000,1.000000,0.685615,1.000000,0.000000,0,0.000000,435129.000000,1.000000,227513532724.000000,959132.000000
437000,13,119925,0.800000,1.000000,0.702110,1.000000,0.000000,1,356638.000000,437000.000000,1.000000,227513532724.000000,959132.000000
437000,14,119915,0.800000,1.000000,0.670220,1.000000,0.000000,0,0.000000,436793.000000,1.000000,227513532724.000000,959132.000000
437000,15,119920,0.800000,1.000000,0.521597,1.000000,0.000000,0,0.000000,436948.000000,1.000000,227513532724.000000,959132.000000
438000,0,120155,0.800000,1.000000,0.640215,1.000000,0.000000,0,0.000000,437864.000000,1.000000,228501935690.000000,1185005.000000
438000,1,119659,0.800000,1.000000,0.718690,1.000000,0.000000,0,0.000000,413695.000000,1.000000,228501935690.000000,1185005.000000
438000,2,119006,0.800000,1.000000,0.655390,1.000000,0.000000,0,0.000000,388347.000000,1.000000,228501935690.000000,1185005.000000
438000,3,120151,0.800000,1.000000,0.707885,1.000000,0.000000,0,0.000000,436700.000000,1.000000,228501935690.000000,1185005.000000
438000,4,120175,0.800000,1.000000,0.697052,1.000000,0.000000,0,0.000000,437992.000000,1.000000,228501935690.000000,1185005.000000
438000,5,120177,0.800000,1.000000,0.619392,1.000000,0.000000,0,0.000000,437998.000000,1.000000,228501935690.000000,1185005.000000
438000,6,120136,0.800000,1.000000,0.637038,1.000000,0.000000,0,0.000000,437499.000000,1.000000,228501935690.000000,1185005.000000
438000,7,119322,0.800000,1.000000,0.681743,1.000000,0.000000,0,0.000000,434644.000000,1.000000,228501935690.000000,1185005.000000
438000,8,120115,0.800000,1.000000,0.602551,1.000000,0.000000,0,0.000000,436945.000000,1.000000,228501935690.000000,1185005.000000
438000,9,120168,0.800000,1.000000,0.590529,1.000000,0.000000,0,0.000000,437956.000000,1.000000,228501935690.000000,1185005.000000
438000,10,120177,0.800000,1.000000,0.597096,1.000000,0.000000,0,0.000000,437996.000000,1.000000,228501935690.000000,1185005.000000
438000,11,111868,0.800000,1.000000,0.526335,1.000000,0.000000,0,0.000000,382426.000000,1.000000,228501935690.000000,1185005.000000
438000,12,120168,0.800000,1.000000,0.614572,1.000000,0.000000,0,0.000000,435129.000000,1.000000,228501935690.000000,1185005.000000
438000,13,120177,0.800000,1.000000,0.612046,1.000000,0.000000,0,0.000000,437999.000000,1.000000,228501935690.000000,1185005.000000
438000,14,120177,0.800000,1.000000,0.596305,1.000000,0.000000,0,0.000000,437986.000000,1.000000,228501935690.000000,1185005.000000
438000,15,120177,0.800000,1.000000,0.637909,1.000000,0.000000,1,356079.000000,438000.000000,1.000000,228501935690.000000,1185005.000000
439000,0,120424,0.800000,1.000000,0.725913,1.000000,0.000000,0,0.000000,438986.000000,1.000000,229436474988.000000,962180.000000
439000,1,119972,0.800000,1.000000,0.629957,1.000000,0.000000,0,0.000000,413695.000000,1.000000,229436474988.000000,962180.000000
439000,2,119413,0.800000,1.000000,0.662898,1.000000,0.000000,0,0.000000,388347.000000,1.000000,229436474988.000000,962180.000000
439000,3,120402,0.800000,1.000000,0.769360,1.000000,0.000000,0,0.000000,438272.000000,1.000000,229436474988.000000,962180.000000
439000,4,120405,0.800000,1.000000,0.602062,1.000000,0.000000,0,0.000000,438569.000000,1.000000,229436474988.000000,962180.000000
439000,5,120426,0.800000,1.000000,0.703610,1.000000,0.000000,0,0.000000,438998.000000,1.000000,229436474988.000000,962180.000000
439000,6,120425,0.800000,1.000000,0.672427,1.000000,0.000000,0,0.000000,438981.000000,1.000000,229436474988.000000,962180.000000
439000,7,119322,0.800000,1.000000,0.681743,1.000000,0.000000,0,0.000000,434644.000000,1.000000,229436474988.000000,962180.000000
439000,8,120417,0.800000,1.000000,0.678829,1.000000,0.000000,0,0.000000,438961.000000,1.000000,229436474988.000000,962180.000000
439000,9,120423,0.800000,1.000000,0.509083,1.000000,0.000000,0,0.000000,438900.000000,1.000000,229436474988.000000,962180.000000
439000,10,120271,0.800000,1.000000,0.772204,1.000000,0.000000,0,0.000000,438063.000000,1.000000,229436474988.000000,962180.000000
439000,11,112166,0.800000,1.000000,0.584489,1.000000,0.000000,0,0.000000,382426.000000,1.000000,229436474988.000000,962180.000000
439000,12,120427,0.800000,1.000000,0.633012,1.000000,0.000000,0,0.000000,438999.000000,1.000000,229436474988.000000,962180.000000
439000,13,120371,0.800000,1.000000,0.592980,1.000000,0.000000,0,0.000000,438770.000000,1.000000,229436474988.000000,962180.000000
439000,14,120428,0.800000,1.000000,0.737842,1.000000,0.000000,1,351241.000000,439000.000000,1.000000,229436474988.000000,962180.000000
439000,15,120426,0.800000,1.000000,0.488041,1.000000,0.000000,0,0.000000,438967.000000,1.000000,229436474988.000000,962180.000000
440000,0,120684,0.800000,1.000000,0.642375,1.000000,0.000000,0,0.000000,439779.000000,1.000000,230529789059.000000,946696.000000
440000,1,120389,0.800000,1.000000,0.582072,1.000000,0.000000,0,0.000000,413695.000000,1.000000,230529789059.000000,946696.000000
440000,2,119813,0.800000,1.000000,0.711929,1.000000,0.000000,0,0.000000,388347.000000,1.000000,230529789059.000000,946696.000000
440000,3,120684,0.800000,1.000000,0.635701,1.000000,0.000000,0,0.000000,439993.000000,1.000000,230529789059.000000,946696.000000
440000,4,120684,0.800000,1.000000,0.720172,1.000000,0.000000,0,0.000000,439987.000000,1.000000,230529789059.000000,946696.000000
440000,5,120684,0.800000,1.000000,0.752677,1.000000,0.000000,0,0.000000,439999.000000,1.000000,230529789059.000000,946696.000000
440000,6,120674,0.800000,1.000000,0.650486,1.000000,0.000000,0,0.000000,439957.000000,1.000000,230529789059.000000,946696.000000
440000,7,119627,0.800000,1.000000,0.621675,1.000000,0.000000,0,0.000000,434644.000000,1.000000,230529789059.000000,946696.000000
440000,8,120685,0.800000,1.000000,0.768938,1.000000,0.000000,1,359715.000000,440000.000000,1.000000,230529789059.000000,946696.000000
440000,9,120651,0.800000,1.000000,0.573063,1.000000,0.000000,0,0.000000,439645.000000,1.000000,230529789059.000000,946696.000000
440000,10,120616,0.800000,1.000000,0.700572,1.000000,0.000000,0,0.000000,438063.000000,1.000000,230529789059.000000,946696.000000
440000,11,112500,0.800000,1.000000,0.671255,1.000000,0.000000,0,0.000000,382426.000000,1.000000,230529789059.000000,946696.000000
440000,12,120684,0.800000,1.000000,0.571796,1.000000,0.000000,0,0.000000,439984.000000,1.000000,230529789059.000000,946696.000000
440000,13,120684,0.800000,1.000000,0.698709,1.000000,0.000000,0,0.000000,439997.000000,1.000000,230529789059.000000,946696.000000
440000,14,120685,0.800000,1.000000,0.563820,1.000000,0.000000,0,0.000000,439921.000000,1.000000,230529789059.000000,946696.000000
440000,15,120539,0.800000,1.000000,0.579818,1.000000,0.000000,0,0.000000,439068.000000,1.000000,230529789059.000000,946696.000000
441000,0,120940,0.800000,1.000000,0.626297,1.000000,0.000000,0,0.000000,440988.000000,1.000000,231567038032.000000,1191405.000000
441000,1,120792,0.800000,1.000000,0.684768,1.000000,0.000000,0,0.000000,413695.000000,1.000000,231567038032.000000,1191405.000000
441000,2,120051,0.800000,1.000000,0.611866,1.000000,0.000000,0,0.000000,388347.000000,1.000000,231567038032.000000,1191405.000000
441000,3,120941,0.800000,1.000000,0.653260,1.000000,0.000000,0,0.000000,440995.000000,1.000000,231567038032.000000,1191405.000000
441000,4,120940,0.800000,1.000000,0.752514,1.000000,0.000000,0,0.000000,440992.000000,1.000000,231567038032.000000,1191405.000000
441000,5,120939,0.800000,1.000000,0.620295,1.000000,0.000000,0,0.000000,440953.000000,1.000000,231567038032.000000,1191405.000000
441000,6,120943,0.800000,1.000000,0.636554,1.000000,0.000000,0,0.000000,440999.000000,1.000000,231567038032.000000,1191405.000000
441000,7,119952,0.800000,1.000000,0.724350,1.000000,0.000000,0,0.000000,434644.000000,1.000000,231567038032.000000,1191405.000000
441000,8,120752,0.800000,1.000000,0.586756,1.000000,0.000000,0,0.000000,440181.000000,1.000000,231567038032.000000,1191405.000000
441000,9,120943,0.800000,1.000000,0.621641,1.000000,0.000000,1,352621.000000,441000.000000,1.000000,231567038032.000000,1191405.000000
441000,10,120943,0.800000,1.000000,0.643691,1.000000,0.000000,0,0.000000,440985.000000,1.000000,231567038032.000000,1191405.000000
441000,11,112833,0.800000,1.000000,0.553206,1.000000,0.000000,0,0.000000,382426.000000,1.000000,231567038032.000000,1191405.000000
441000,12,120944,0.800000,1.000000,0.609438,1.000000,0.000000,0,0.000000,440998.000000,1.000000,231567038032.000000,1191405.000000
441000,13,120934,0.800000,1.000000,0.592417,1.000000,0.000000,0,0.000000,440831.000000,1.000000,231567038032.000000,1191405.000000
441000,14,120930,0.800000,1.000000,0.602717,1.000000,0.000000,0,0.000000,440955.000000,1.000000,231567038032.000000,1191405.000000
441000,15,120827,0.800000,1.000000,0.493984,1.000000,0.000000,0,0.000000,439068.000000,1.000000,231567038032.000000,1191405.000000
442000,0,121189,0.800000,1.000000,0.617571,1.000000,0.000000,1,358489.000000,442000.000000,1.000000,232518391206.000000,725221.000000
442000,1,121061,0.800000,1.000000,0.551939,1.000000,0.000000,0,0.000000,413695.000000,1.000000,232518391206.000000,725221.000000
442000,2,120375,0.800000,1.000000,0.609585,1.000000,0.000000,0,0.000000,388347.000000,1.000000,232518391206.000000,725221.000000
442000,3,121188,0.800000,1.000000,0.629229,1.000000,0.000000,0,0.000000,441989.000000,1.000000,232518391206.000000,725221.000000
442000,4,121144,0.800000,1.000000,0.597461,1.000000,0.000000,0,0.000000,441798.000000,1.000000,232518391206.000000,725221.000000
442000,5,120971,0.800000,1.000000,0.641560,1.000000,0.000000,0,0.000000,440953.000000,1.000000,232518391206.000000,725221.000000
442000,6,121189,0.800000,1.000000,0.551960,1.000000,0.000000,0,0.000000,441995.000000,1.000000,232518391206.000000,725221.000000
442000,7,120361,0.800000,1.000000,0.491500,1.000000,0.000000,0,0.000000,434644.000000,1.000000,232518391206.000000,725221.000000
442000,8,120752,0.800000,1.000000,0.586756,1.000000,0.000000,0,0.000000,440181.000000,1.000000,232518391206.000000,725221.000000
442000,9,121188,0.800000,1.000000,0.656523,1.000000,0.000000,0,0.000000,441883.000000,1.000000,232518391206.000000,725221.000000
442000,10,121190,0.800000,1.000000,0.753343,1.000000,0.000000,0,0.000000,441999.000000,1.000000,232518391206.000000,725221.000000
442000,11,113209,0.800000,1.000000,0.613232,1.000000,0.000000,0,0.000000,382426.000000,1.000000,232518391206.000000,725221.000000
442000,12,121188,0.800000,1.000000,0.565701,1.000000,0.000000,0,0.000000,441978.000000,1.000000,232518391206.000000,725221.000000
442000,13,121189,0.800000,1.000000,0.719208,1.000000,0.000000,0,0.000000,441981.000000,1.000000,232518391206.000000,725221.000000
442000,14,121181,0.800000,1.000000,0.628333,1.000000,0.000000,0,0.000000,441935.000000,1.000000,232518391206.000000,725221.000000
442000,15,121189,0.800000,1.000000,0.616000,1.000000,0.000000,0,0.000000,441998.000000,1.000000,232518391206.000000,725221.000000
443000,0,121429,0.800000,1.000000,0.557694,1.000000,0.000000,0,0.000000,442948.000000,1.000000,233470554317.000000,952766.000000
443000,1,121428,0.800000,1.000000,0.670237,1.000000,0.000000,0,0.000000,442985.000000,1.000000,233470554317.000000,952766.000000
443000,2,120724,0.800000,1.000000,0.643375,1.000000,0.000000,0,0.000000,388347.000000,1.000000,233470554317.000000,952766.000000
443000,3,121427,0.800000,1.000000,0.461205,1.000000,0.000000,0,0.000000,442968.000000,1.000000,233470554317.000000,952766.000000
443000,4,121429,0.800000,1.000000,0.632893,1.000000,0.000000,0,0.000000,442999.000000,1.000000,233470554317.000000,952766.000000
443000,5,120971,0.800000,1.000000,0.641560,1.000000,0.000000,0,0.000000,440953.000000,1.000000,233470554317.000000,952766.000000
443000,6,121403,0.800000,1.000000,0.639840,1.000000,0.000000,0,0.000000,442419.000000,1.000000,233470554317.000000,952766.000000
443000,7,120694,0.800000,1.000000,0.554924,1.000000,0.000000,0,0.000000,434644.000000,1.000000,233470554317.000000,952766.000000
443000,8,121038,0.800000,1.000000,0.738299,1.000000,0.000000,0,0.000000,440181.000000,1.000000,233470554317.000000,952766.000000
443000,9,121288,0.800000,1.000000,0.476055,1.000000,0.000000,0,0.000000,442156.000000,1.000000,233470554317.000000,952766.000000
443000,10,121429,0.800000,1.000000,0.623459,1.000000,0.000000,0,0.000000,442932.000000,1.000000,233470554317.000000,952766.000000
443000,11,113558,0.800000,1.000000,0.503054,1.000000,0.000000,0,0.000000,382426.000000,1.000000,233470554317.000000,952766.000000
443000,12,121412,0.800000,1.000000,0.694248,1.000000,0.000000,0,0.000000,442878.000000,1.000000,233470554317.000000,952766.000000
443000,13,121429,0.800000,1.000000,0.591734,1.000000,0.000000,1,360559.000000,443000.000000,1.000000,233470554317.000000,952766.000000
443000,14,121429,0.800000,1.000000,0.726024,1.000000,0.000000,0,0.000000,442995.000000,1.000000,233470554317.000000,952766.000000
443000,15,121429,0.800000,1.000000,0.688782,1.000000,0.000000,0,0.000000,442893.000000,1.000000,233470554317.000000,952766.000000
444000,0,121672,0.800000,1.000000,0.727667,1.000000,0.000000,0,0.000000,443992.000000,1.000000,234508896566.000000,1702577.000000
444000,1,121674,0.800000,1.000000,0.593584,1.000000,0.000000,0,0.000000,443996.000000,1.000000,234508896566.000000,1702577.000000
444000,2,121014,0.800000,1.000000,0.549247,1.000000,0.000000,0,0.000000,388347.000000,1.000000,234508896566.000000,1702577.000000
444000,3,121666,0.800000,1.000000,0.623186,1.000000,0.000000,0,0.000000,443890.000000,1.000000,234508896566.000000,1702577.000000
444000,4,121671,0.800000,1.000000,0.481267,1.000000,0.000000,0,0.000000,443974.000000,1.000000,234508896566.000000,1702577.000000
444000,5,121230,0.800000,1.000000,0.598963,1.000000,0.000000,0,0.000000,440953.000000,1.000000,234508896566.000000,1702577.000000
444000,6,121675,0.800000,1.000000,0.705615,1.000000,0.000000,0,0.000000,443999.000000,1.000000,234508896566.000000,1702577.000000
444000,7,121039,0.800000,1.000000,0.655316,1.000000,0.000000,0,0.000000,434644.000000,1.000000,234508896566.000000,1702577.000000
444000,8,121366,0.800000,1.000000,0.588674,1.000000,0.000000,0,0.000000,440181.000000,1.000000,234508896566.000000,1702577.000000
444000,9,121570,0.800000,1.000000,0.540362,1.000000,0.000000,0,0.000000,442156.000000,1.000000,234508896566.000000,1702577.000000
444000,10,121668,0.800000,1.000000,0.621568,1.000000,0.000000,0,0.000000,443861.000000,1.000000,234508896566.000000,1702577.000000
444000,11,113899,0.800000,1.000000,0.693150,1.000000,0.000000,0,0.000000,382426.000000,1.000000,234508896566.000000,1702577.000000
444000,12,121649,0.800000,1.000000,0.781134,1.000000,0.000000,0,0.000000,443718.000000,1.000000,234508896566.000000,1702577.000000
444000,13,121672,0.800000,1.000000,0.589557,1.000000,0.000000,0,0.000000,443898.000000,1.000000,234508896566.000000,1702577.000000
444000,14,121675,0.800000,1.000000,0.676405,1.000000,0.000000,1,354383.000000,444000.000000,1.000000,234508896566.000000,1702577.000000
444000,15,121676,0.800000,1.000000,0.735301,1.000000,0.000000,0,0.000000,443998.000000,1.000000,234508896566.000000,1702577.000000
445000,0,121847,0.800000,1.000000,0.693833,1.000000,0.000000,0,0.000000,444301.000000,1.000000,235505828496.000000,486490.000000
445000,1,121845,0.800000,1.000000,0.645952,1.000000,0.000000,0,0.000000,444680.000000,1.000000,235505828496.000000,486490.000000
445000,2,121448,0.800000,1.000000,0.615599,1.000000,0.000000,0,0.000000,388347.000000,1.000000,235505828496.000000,486490.000000
445000,3,121876,0.800000,1.000000,0.604092,1.000000,0.000000,0,0.000000,444862.000000,1.000000,235505828496.000000,486490.000000
445000,4,121893,0.800000,1.000000,0.722202,1.000000,0.000000,0,0.000000,444768.000000,1.000000,235505828496.000000,486490.000000
445000,5,121392,0.800000,1.000000,0.630184,1.000000,0.000000,0,0.000000,440953.000000,1.000000,235505828496.000000,486490.000000
445000,6,121902,0.800000,1.000000,0.521054,1.000000,0.000000,0,0.000000,444993.000000,1.000000,235505828496.000000,486490.000000
445000,7,121391,0.800000,1.000000,0.651790,1.000000,0.000000,0,0.000000,434644.000000,1.000000,235505828496.000000,486490.000000
445000,8,121788,0.800000,1.000000,0.729075,1.000000,0.000000,0,0.000000,440181.000000,1.000000,235505828496.000000,486490.000000
445000,9,121871,0.800000,1.000000,0.632446,1.000000,0.000000,0,0.000000,442156.000000,1.000000,235505828496.000000,486490.000000
445000,10,121857,0.800000,1.000000,0.616800,1.000000,0.000000,0,0.000000,444337.000000,1.000000,235505828496.000000,486490.000000
445000,11,114210,0.800000,1.000000,0.576766,1.000000,0.000000,0,0.000000,382426.000000,1.000000,235505828496.000000,486490.000000
445000,12,121903,0.800000,1.000000,0.715641,1.000000,0.000000,0,0.000000,444994.000000,1.000000,235505828496.000000,486490.000000
445000,13,121903,0.800000,1.000000,0.605317,1.000000,0.000000,1,361937.000000,445000.000000,1.000000,235505828496.000000,486490.000000
445000,14,121904,0.800000,1.000000,0.576562,1.000000,0.000000,0,0.000000,444995.000000,1.000000,235505828496.000000,486490.000000
445000,15,121904,0.800000,1.000000,0.695398,1.000000,0.000000,0,0.000000,444998.000000,1.000000,235505828496.000000,486490.000000
446000,0,122155,0.800000,1.000000,0.636175,1.000000,0.000000,0,0.000000,444301.000000,1.000000,236442122134.000000,960874.000000
446000,1,121950,0.800000,1.000000,0.639374,1.000000,0.000000,0,0.000000,444680.000000,1.000000,236442122134.000000,960874.000000
446000,2,121473,0.800000,1.000000,0.472283,1.000000,0.000000,0,0.000000,388347.000000,1.000000,236442122134.000000,960874.000000
446000,3,122156,0.800000,1.000000,0.652798,1.000000,0.000000,0,0.000000,445999.000000,1.000000,236442122134.000000,960874.000000
446000,4,122154,0.800000,1.000000,0.512363,1.000000,0.000000,0,0.000000,445980.000000,1.000000,236442122134.000000,960874.000000
446000,5,121511,0.800000,1.000000,0.753271,1.000000,0.000000,0,0.000000,440953.000000,1.000000,236442122134.000000,960874.000000
446000,6,122156,0.800000,1.000000,0.587885,1.000000,0.000000,0,0.000000,445993.000000,1.000000,236442122134.000000,960874.000000
446000,7,121665,0.800000,1.000000,0.693171,1.000000,0.000000,0,0.000000,434644.000000,1.000000,236442122134.000000,960874.000000
446000,8,122039,0.800000,1.000000,0.594103,1.000000,0.000000,0,0.000000,440181.000000,1.000000,236442122134.000000,960874.000000
446000,9,122157,0.800000,1.000000,0.715228,1.000000,0.000000,1,357019.000000,446000.000000,1.000000,236442122134.000000,960874.000000
446000,10,122151,0.800000,1.000000,0.600082,1.000000,0.000000,0,0.000000,445974.000000,1.000000,236442122134.000000,960874.000000
446000,11,114615,0.800000,1.000000,0.763008,1.000000,0.000000,0,0.000000,382426.000000,1.000000,236442122134.000000,960874.000000
446000,12,122146,0.800000,1.000000,0.639651,1.000000,0.000000,0,0.000000,445942.000000,1.000000,236442122134.000000,960874.000000
446000,13,122157,0.800000,1.000000,0.601817,1.000000,0.000000,0,0.000000,445996.000000,1.000000,236442122134.000000,960874.000000
446000,14,122156,0.800000,1.000000,0.649820,1.000000,0.000000,0,0.000000,445998.000000,1.000000,236442122134.000000,960874.000000
446000,15,122157,0.800000,1.000000,0.652905,1.000000,0.000000,0,0.000000,445997.000000,1.000000,236442122134.000000,960874.000000
447000,0,122402,0.800000,1.000000,0.633884,1.000000,0.000000,0,0.000000,446105.000000,1.000000,237522052749.000000,229951.000000
447000,1,122344,0.800000,1.000000,0.657322,1.000000,0.000000,0,0.000000,444680.000000,1.000000,237522052749.000000,229951.000000
447000,2,121527,0.800000,1.000000,0.599389,1.000000,0.000000,0,0.000000,388347.000000,1.000000,237522052749.000000,229951.000000
447000,3,122394,0.800000,1.000000,0.626690,1.000000,0.000000,0,0.000000,446872.000000,1.000000,237522052749.000000,229951.000000
447000,4,122415,0.800000,1.000000,0.698362,1.000000,0.000000,0,0.000000,446979.000000,1.000000,237522052749.000000,229951.000000
447000,5,121890,0.800000,1.000000,0.691164,1.000000,0.000000,0,0.000000,440953.000000,1.000000,237522052749.000000,229951.000000
447000,6,122397,0.800000,1.000000,0.625926,1.000000,0.000000,0,0.000000,446601.000000,1.000000,237522052749.000000,229951.000000
447000,7,121988,0.800000,1.000000,0.718989,1.000000,0.000000,0,0.000000,434644.000000,1.000000,237522052749.000000,229951.000000
447000,8,122406,0.800000,1.000000,0.463559,1.000000,0.000000,0,0.000000,446860.000000,1.000000,237522052749.000000,229951.000000
447000,9,122416,0.800000,1.000000,0.630770,1.000000,0.000000,0,0.000000,446991.000000,1.000000,237522052749.000000,229951.000000
447000,10,122401,0.800000,1.000000,0.578390,1.000000,0.000000,0,0.000000,446903.000000,1.000000,237522052749.000000,229951.000000
447000,11,114996,0.800000,1.000000,0.701610,1.000000,0.000000,0,0.000000,382426.000000,1.000000,237522052749.000000,229951.000000
447000,12,122416,0.800000,1.000000,0.632058,1.000000,0.000000,1,354535.000000,447000.000000,1.000000,237522052749.000000,229951.000000
447000,13,122416,0.800000,1.000000,0.593607,1.000000,0.000000,0,0.000000,446995.000000,1.000000,237522052749.000000,229951.000000
447000,14,122416,0.800000,1.000000,0.686302,1.000000,0.000000,0,0.000000,446988.000000,1.000000,237522052749.000000,229951.000000
447000,15,122417,0.800000,1.000000,0.605791,1.000000,0.000000,0,0.000000,446999.000000,1.000000,237522052749.000000,229951.000000
448000,0,122660,0.800000,1.000000,0.653183,1.000000,0.000000,1,363662.000000,448000.000000,1.000000,238525625171.000000,1224899.000000
448000,1,122659,0.800000,1.000000,0.713189,1.000000,0.000000,0,0.000000,447997.000000,1.000000,238525625171.000000,1224899.000000
448000,2,121882,0.800000,1.000000,0.571811,1.000000,0.000000,0,0.000000,388347.000000,1.000000,238525625171.000000,1224899.000000
448000,3,122634,0.800000,1.000000,0.619947,1.000000,0.000000,0,0.000000,447887.000000,1.000000,238525625171.000000,1224899.000000
448000,4,122658,0.800000,1.000000,0.688777,1.000000,0.000000,0,0.000000,446979.000000,1.000000,238525625171.000000,1224899.000000
448000,5,122254,0.800000,1.000000,0.613085,1.000000,0.000000,0,0.000000,440953.000000,1.000000,238525625171.000000,1224899.000000
448000,6,122661,0.800000,1.000000,0.674133,1.000000,0.000000,0,0.000000,447998.000000,1.000000,238525625171.000000,1224899.000000
448000,7,122305,0.800000,1.000000,0.556182,1.000000,0.000000,0,0.000000,434644.000000,1.000000,238525625171.000000,1224899.000000
448000,8,122590,0.800000,1.000000,0.689935,1.000000,0.000000,0,0.000000,447596.000000,1.000000,238525625171.000000,1224899.000000
448000,9,122616,0.800000,1.000000,0.656176,1.000000,0.000000,0,0.000000,447811.000000,1.000000,238525625171.000000,1224899.000000
448000,10,122656,0.800000,1.000000,0.663731,1.000000,0.000000,0,0.000000,447987.000000,1.000000,238525625171.000000,1224899.000000
448000,11,115361,0.800000,1.000000,0.606724,1.000000,0.000000,0,0.000000,382426.000000,1.000000,238525625171.000000,1224899.000000
448000,12,122660,0.800000,1.000000,0.799340,1.000000,0.000000,0,0.000000,447996.000000,1.000000,238525625171.000000,1224899.000000
448000,13,122657,0.800000,1.000000,0.587311,1.000000,0.000000,0,0.000000,447984.000000,1.000000,238525625171.000000,1224899.000000
448000,14,122449,0.800000,1.000000,0.647799,1.000000,0.000000,0,0.000000,447067.000000,1.000000,238525625171.000000,1224899.000000
448000,15,122661,0.800000,1.000000,0.693856,1.000000,0.000000,0,0.000000,447999.000000,1.000000,238525625171.000000,1224899.000000
449000,0,122883,0.800000,1.000000,0.609633,1.000000,0.000000,0,0.000000,448995.000000,1.000000,239513885233.000000,981894.000000
449000,1,122873,0.800000,1.000000,0.682505,1.000000,0.000000,0,0.000000,448954.000000,1.000000,239513885233.000000,981894.000000
449000,2,122308,0.800000,1.000000,0.576782,1.000000,0.000000,0,0.000000,388347.000000,1.000000,239513885233.000000,981894.000000
449000,3,122880,0.800000,1.000000,0.565657,1.000000,0.000000,0,0.000000,448950.000000,1.000000,239513885233.000000,981894.000000
449000,4,122883,0.800000,1.000000,0.537984,1.000000,0.000000,1,359434.000000,449000.000000,1.000000,239513885233.000000,981894.000000
449000,5,122569,0.800000,1.000000,0.569805,1.000000,0.000000,0,0.000000,440953.000000,1.000000,239513885233.000000,981894.000000
449000,6,122884,0.800000,1.000000,0.627162,1.000000,0.000000,0,0.000000,448998.000000,1.000000,239513885233.000000,981894.000000
449000,7,122650,0.800000,1.000000,0.669075,1.000000,0.000000,0,0.000000,434644.000000,1.000000,239513885233.000000,981894.000000
449000,8,122883,0.800000,1.000000,0.641195,1.000000,0.000000,0,0.000000,448999.000000,1.000000,239513885233.000000,981894.000000
449000,9,122883,0.800000,1.000000,0.543545,1.000000,0.000000,0,0.000000,448973.000000,1.000000,239513885233.000000,981894.000000
449000,10,122874,0.800000,1.000000,0.631581,1.000000,0.000000,0,0.000000,448797.000000,1.000000,239513885233.000000,981894.000000
449000,11,115747,0.800000,1.000000,0.637324,1.000000,0.000000,0,0.000000,382426.000000,1.000000,239513885233.000000,981894.000000
449000,12,122802,0.800000,1.000000,0.646913,1.000000,0.000000,0,0.000000,448602.000000,1.000000,239513885233.000000,981894.000000
449000,13,122883,0.800000,1.000000,0.603666,1.000000,0.000000,0,0.000000,448989.000000,1.000000,239513885233.000000,981894.000000
449000,14,122530,0.800000,1.000000,0.793540,1.000000,0.000000,0,0.000000,447067.000000,1.000000,239513885233.000000,981894.000000
449000,15,122883,0.800000,1.000000,0.715879,1.000000,0.000000,0,0.000000,448992.000000,1.000000,239513885233.000000,981894.000000
450000,0,123152,0.800000,1.000000,0.634485,1.000000,0.000000,0,0.000000,449993.000000,1.000000,240608103521.000000,738887.000000
450000,1,123149,0.800000,1.000000,0.640344,1.000000,0.000000,0,0.000000,449850.000000,1.000000,240608103521.000000,738887.000000
450000,2,122639,0.800000,1.000000,0.719646,1.000000,0.000000,0,0.000000,388347.000000,1.000000,240608103521.000000,738887.000000
450000,3,123149,0.800000,1.000000,0.605027,1.000000,0.000000,0,0.000000,449989.000000,1.000000,240608103521.000000,738887.000000
450000,4,123122,0.800000,1.000000,0.619792,1.000000,0.000000,0,0.000000,449861.000000,1.000000,240608103521.000000,738887.000000
450000,5,122897,0.800000,1.000000,0.640560,1.000000,0.000000,0,0.000000,440953.000000,1.000000,240608103521.000000,738887.000000
450000,6,123145,0.800000,1.000000,0.698294,1.000000,0.000000,0,0.000000,449917.000000,1.000000,240608103521.000000,738887.000000
450000,7,123023,0.800000,1.000000,0.587008,1.000000,0.000000,0,0.000000,434644.000000,1.000000,240608103521.000000,738887.000000
450000,8,123152,0.800000,1.000000,0.730503,1.000000,0.000000,1,368819.000000,450000.000000,1.000000,240608103521.000000,738887.000000
450000,9,123152,0.800000,1.000000,0.526604,1.000000,0.000000,0,0.000000,449999.000000,1.000000,240608103521.000000,738887.000000
450000,10,123153,0.800000,1.000000,0.738800,1.000000,0.000000,0,0.000000,449998.000000,1.000000,240608103521.000000,738887.000000
450000,11,116183,0.800000,1.000000,0.408230,1.000000,0.000000,0,0.000000,382426.000000,1.000000,240608103521.000000,738887.000000
450000,12,122974,0.800000,1.000000,0.670738,1.000000,0.000000,0,0.000000,448602.000000,1.000000,240608103521.000000,738887.000000
450000,13,123152,0.800000,1.000000,0.517154,1.000000,0.000000,0,0.000000,449984.000000,1.000000,240608103521.000000,738887.000000
450000,14,122705,0.800000,1.000000,0.632876,1.000000,0.000000,0,0.000000,447067.000000,1.000000,240608103521.000000,738887.000000
450000,15,123144,0.800000,1.000000,0.603292,1.000000,0.000000,0,0.000000,449936.000000,1.000000,240608103521.000000,738887.000000
451000,0,123360,0.800000,1.000000,0.741362,1.000000,0.000000,0,0.000000,450967.000000,1.000000,241576840792.000000,740205.000000
451000,1,123368,0.800000,1.000000,0.668579,1.000000,0.000000,0,0.000000,450991.000000,1.000000,241576840792.000000,740205.000000
451000,2,122852,0.800000,1.000000,0.629997,1.000000,0.000000,0,0.000000,388347.000000,1.000000,241576840792.000000,740205.000000
451000,3,123363,0.800000,1.000000,0.621692,1.000000,0.000000,0,0.000000,450926.000000,1.000000,241576840792.000000,740205.000000
451000,4,123370,0.800000,1.000000,0.635022,1.000000,0.000000,0,0.000000,450997.000000,1.000000,241576840792.000000,740205.000000
451000,5,123237,0.800000,1.000000,0.666381,1.000000,0.000000,0,0.000000,440953.000000,1.000000,241576840792.000000,740205.000000
451000,6,123370,0.800000,1.000000,0.641222,1.000000,0.000000,1,382036.000000,451000.000000,1.000000,241576840792.000000,740205.000000
451000,7,123349,0.800000,1.000000,0.553662,1.000000,0.000000,0,0.000000,450841.000000,1.000000,241576840792.000000,740205.000000
451000,8,123370,0.800000,1.000000,0.635667,1.000000,0.000000,0,0.000000,450994.000000,1.000000,241576840792.000000,740205.000000
451000,9,123353,0.800000,1.000000,0.582447,1.000000,0.000000,0,0.000000,450669.000000,1.000000,241576840792.000000,740205.000000
451000,10,123371,0.800000,1.000000,0.629926,1.000000,0.000000,0,0.000000,450998.000000,1.000000,241576840792.000000,740205.000000
451000,11,116584,0.800000,1.000000,0.738860,1.000000,0.000000,0,0.000000,382426.000000,1.000000,241576840792.000000,740205.000000
451000,12,123181,0.800000,1.000000,0.684424,1.000000,0.000000,0,0.000000,448602.000000,1.000000,241576840792.000000,740205.000000
451000,13,123371,0.800000,1.000000,0.710395,1.000000,0.000000,0,0.000000,450999.000000,1.000000,241576840792.000000,740205.000000
451000,14,123001,0.800000,1.000000,0.595013,1.000000,0.000000,0,0.000000,447067.000000,1.000000,241576840792.000000,740205.000000
451000,15,123346,0.800000,1.000000,0.720660,1.000000,0.000000,0,0.000000,450901.000000,1.000000,241576840792.000000,740205.000000
452000,0,123616,0.800000,1.000000,0.539254,1.000000,0.000000,0,0.000000,451900.000000,1.000000,242575911931.000000,247145.000000
452000,1,123620,0.800000,1.000000,0.651535,1.000000,0.000000,1,368026.000000,452000.000000,1.000000,242575911931.000000,247145.000000
452000,2,122940,0.800000,1.000000,0.587171,1.000000,0.000000,0,0.000000,388347.000000,1.000000,242575911931.000000,247145.000000
452000,3,123620,0.800000,1.000000,0.680046,1.000000,0.000000,0,0.000000,451999.000000,1.000000,242575911931.000000,247145.000000
452000,4,123621,0.800000,1.000000,0.704394,1.000000,0.000000,0,0.000000,451996.000000,1.000000,242575911931.000000,247145.000000
452000,5,123619,0.800000,1.000000,0.670331,1.000000,0.000000,0,0.000000,451976.000000,1.000000,242575911931.000000,247145.000000
452000,6,123475,0.800000,1.000000,0.612939,1.000000,0.000000,0,0.000000,451372.000000,1.000000,242575911931.000000,247145.000000
452000,7,123621,0.800000,1.000000,0.489583,1.000000,0.000000,0,0.000000,451997.000000,1.000000,242575911931.000000,247145.000000
452000,8,123621,0.800000,1.000000,0.591767,1.000000,0.000000,0,0.000000,451923.000000,1.000000,242575911931.000000,247145.000000
452000,9,123621,0.800000,1.000000,0.662978,1.000000,0.000000,0,0.000000,451832.000000,1.000000,242575911931.000000,247145.000000
452000,10,123617,0.800000,1.000000,0.688940,1.000000,0.000000,0,0.000000,451833.000000,1.000000,242575911931.000000,247145.000000
452000,11,116952,0.800000,1.000000,0.564288,1.000000,0.000000,0,0.000000,382426.000000,1.000000,242575911931.000000,247145.000000
452000,12,123539,0.800000,1.000000,0.633330,1.000000,0.000000,0,0.000000,448602.000000,1.000000,242575911931.000000,247145.000000
452000,13,123609,0.800000,1.000000,0.659310,1.000000,0.000000,0,0.000000,451926.000000,1.000000,242575911931.000000,247145.000000
452000,14,123249,0.800000,1.000000,0.519403,1.000000,0.000000,0,0.000000,447067.000000,1.000000,242575911931.000000,247145.000000
452000,15,123573,0.800000,1.000000,0.623040,1.000000,0.000000,0,0.000000,450901.000000,1.000000,242575911931.000000,247145.000000
453000,0,123849,0.800000,1.000000,0.556824,1.000000,0.000000,0,0.000000,452795.000000,1.000000,243716031334.000000,247591.000000
453000,1,123877,0.800000,1.000000,0.728038,1.000000,0.000000,0,0.000000,452999.000000,1.000000,243716031334.000000,247591.000000
453000,2,123324,0.800000,1.000000,0.707430,1.000000,0.000000,0,0.000000,388347.000000,1.000000,243716031334.000000,247591.000000
453000,3,123872,0.800000,1.000000,0.546955,1.000000,0.000000,0,0.000000,452936.000000,1.000000,243716031334.000000,247591.000000
453000,4,123873,0.800000,1.000000,0.566843,1.000000,0.000000,0,0.000000,452928.000000,1.000000,243716031334.000000,247591.000000
453000,5,123877,0.800000,1.000000,0.707173,1.000000,0.000000,0,0.000000,452997.000000,1.000000,243716031334.000000,247591.000000
453000,6,123797,0.800000,1.000000,0.705810,1.000000,0.000000,0,0.000000,451372.000000,1.000000,243716031334.000000,247591.000000
453000,7,123876,0.800000,1.000000,0.691732,1.000000,0.000000,0,0.000000,452855.000000,1.000000,243716031334.000000,247591.000000
453000,8,123876,0.800000,1.000000,0.607557,1.000000,0.000000,0,0.000000,452990.000000,1.000000,243716031334.000000,247591.000000
453000,9,123845,0.800000,1.000000,0.544730,1.000000,0.000000,0,0.000000,452796.000000,1.000000,243716031334.000000,247591.000000
453000,10,123869,0.800000,1.000000,0.533508,1.000000,0.000000,0,0.000000,452303.000000,1.000000,243716031334.000000,247591.000000
453000,11,117385,0.800000,1.000000,0.663741,1.000000,0.000000,0,0.000000,382426.000000,1.000000,243716031334.000000,247591.000000
453000,12,123876,0.800000,1.000000,0.656942,1.000000,0.000000,0,0.000000,452971.000000,1.000000,243716031334.000000,247591.000000
453000,13,123877,0.800000,1.000000,0.677029,1.000000,0.000000,1,367111.000000,453000.000000,1.000000,243716031334.000000,247591.000000
453000,14,123595,0.800000,1.000000,0.669861,1.000000,0.000000,0,0.000000,447067.000000,1.000000,243716031334.000000,247591.000000
453000,15,123878,0.800000,1.000000,0.597718,1.000000,0.000000,0,0.000000,452998.000000,1.000000,243716031334.000000,247591.000000
454000,0,124139,0.800000,1.000000,0.506376,1.000000,0.000000,0,0.000000,453995.000000,1.000000,244825869932.000000,979988.000000
454000,1,124122,0.800000,1.000000,0.641673,1.000000,0.000000,0,0.000000,453822.000000,1.000000,244825869932.000000,979988.000000
454000,2,123730,0.800000,1.000000,0.597900,1.000000,0.000000,0,0.000000,388347.000000,1.000000,244825869932.000000,979988.000000
454000,3,123975,0.800000,1.000000,0.556022,1.000000,0.000000,0,0.000000,453365.000000,1.000000,244825869932.000000,979988.000000
454000,4,124138,0.800000,1.000000,0.694905,1.000000,0.000000,0,0.000000,453737.000000,1.000000,244825869932.000000,979988.000000
454000,5,124139,0.800000,1.000000,0.686703,1.000000,0.000000,1,367230.000000,454000.000000,1.000000,244825869932.000000,979988.000000
454000,6,124132,0.800000,1.000000,0.555380,1.000000,0.000000,0,0.000000,453879.000000,1.000000,244825869932.000000,979988.000000
454000,7,124139,0.800000,1.000000,0.646926,1.000000,0.000000,0,0.000000,453999.000000,1.000000,244825869932.000000,979988.000000
454000,8,124139,0.800000,1.000000,0.676311,1.000000,0.000000,0,0.000000,453973.000000,1.000000,244825869932.000000,979988.000000
454000,9,124137,0.800000,1.000000,0.616898,1.000000,0.000000,0,0.000000,453988.000000,1.000000,244825869932.000000,979988.000000
454000,10,124110,0.800000,1.000000,0.736451,1.000000,0.000000,0,0.000000,453864.000000,1.000000,244825869932.000000,979988.000000
454000,11,117782,0.800000,1.000000,0.598200,1.000000,0.000000,0,0.000000,382426.000000,1.000000,244825869932.000000,979988.000000
454000,12,124139,0.800000,1.000000,0.697438,1.000000,0.000000,0,0.000000,453993.000000,1.000000,244825869932.000000,979988.000000
454000,13,124140,0.800000,1.000000,0.564783,1.000000,0.000000,0,0.000000,453996.000000,1.000000,244825869932.000000,979988.000000
454000,14,123944,0.800000,1.000000,0.633353,1.000000,0.000000,0,0.000000,447067.000000,1.000000,244825869932.000000,979988.000000
454000,15,124139,0.800000,1.000000,0.673369,1.000000,0.000000,0,0.000000,453994.000000,1.000000,244825869932.000000,979988.000000
455000,0,124409,0.800000,1.000000,0.797336,1.000000,0.000000,0,0.000000,454991.000000,1.000000,245998008763.000000,1231263.000000
455000,1,124409,0.800000,1.000000,0.570791,1.000000,0.000000,0,0.000000,454958.000000,1.000000,245998008763.000000,1231263.000000
455000,2,124122,0.800000,1.000000,0.728842,1.000000,0.000000,0,0.000000,388347.000000,1.000000,245998008763.000000,1231263.000000
455000,3,124294,0.800000,1.000000,0.560070,1.000000,0.000000,0,0.000000,453365.000000,1.000000,245998008763.000000,1231263.000000
455000,4,124410,0.800000,1.000000,0.650273,1.000000,0.000000,0,0.000000,454993.000000,1.000000,245998008763.000000,1231263.000000
455000,5,124410,0.800000,1.000000,0.741299,1.000000,0.000000,0,0.000000,454996.000000,1.000000,245998008763.000000,1231263.000000
455000,6,124411,0.800000,1.000000,0.698041,1.000000,0.000000,0,0.000000,454906.000000,1.000000,245998008763.000000,1231263.000000
455000,7,124411,0.800000,1.000000,0.663123,1.000000,0.000000,0,0.000000,454999.000000,1.000000,245998008763.000000,1231263.000000
455000,8,124382,0.800000,1.000000,0.512492,1.000000,0.000000,0,0.000000,454598.000000,1.000000,245998008763.000000,1231263.000000
455000,9,124401,0.800000,1.000000,0.554821,1.000000,0.000000,0,0.000000,454831.000000,1.000000,245998008763.000000,1231263.000000
455000,10,124410,0.800000,1.000000,0.700803,1.000000,0.000000,0,0.000000,454995.000000,1.000000,245998008763.000000,1231263.000000
455000,11,118158,0.800000,1.000000,0.632835,1.000000,0.000000,0,0.000000,382426.000000,1.000000,245998008763.000000,1231263.000000
455000,12,124402,0.800000,1.000000,0.516704,1.000000,0.000000,0,0.000000,454944.000000,1.000000,245998008763.000000,1231263.000000
455000,13,124411,0.800000,1.000000,0.671961,1.000000,0.000000,1,368330.000000,455000.000000,1.000000,245998008763.000000,1231263.000000
455000,14,124339,0.800000,1.000000,0.619231,1.000000,0.000000,0,0.000000,447067.000000,1.000000,245998008763.000000,1231263.000000
455000,15,124402,0.800000,1.000000,0.633742,1.000000,0.000000,0,0.000000,454966.000000,1.000000,245998008763.000000,1231263.000000
456000,0,124673,0.800000,1.000000,0.621958,1.000000,0.000000,0,0.000000,455799.000000,1.000000,247215885077.000000,735885.000000
456000,1,124694,0.800000,1.000000,0.611903,1.000000,0.000000,1,371329.000000,456000.000000,1.000000,247215885077.000000,735885.000000
456000,2,124505,0.800000,1.000000,0.637028,1.000000,0.000000,0,0.000000,388347.000000,1.000000,247215885077.000000,735885.000000
456000,3,124683,0.800000,1.000000,0.692125,1.000000,0.000000,0,0.000000,453365.000000,1.000000,247215885077.000000,735885.000000
456000,4,124695,0.800000,1.000000,0.702580,1.000000,0.000000,0,0.000000,455995.000000,1.000000,247215885077.000000,735885.000000
456000,5,124694,0.800000,1.000000,0.563007,1.000000,0.000000,0,0.000000,455898.000000,1.000000,247215885077.000000,735885.000000
456000,6,124688,0.800000,1.000000,0.664527,1.000000,0.000000,0,0.000000,455976.000000,1.000000,247215885077.000000,735885.000000
456000,7,124687,0.800000,1.000000,0.633338,1.000000,0.000000,0,0.000000,455833.000000,1.000000,247215885077.000000,735885.000000
456000,8,124670,0.800000,1.000000,0.588517,1.000000,0.000000,0,0.000000,455774.000000,1.000000,247215885077.000000,735885.000000
456000,9,124695,0.800000,1.000000,0.799622,1.000000,0.000000,0,0.000000,455998.000000,1.000000,247215885077.000000,735885.000000
456000,10,124691,0.800000,1.000000,0.558931,1.000000,0.000000,0,0.000000,455980.000000,1.000000,247215885077.000000,735885.000000
456000,11,118556,0.800000,1.000000,0.450686,1.000000,0.000000,0,0.000000,382426.000000,1.000000,247215885077.000000,735885.000000
456000,12,124695,0.800000,1.000000,0.652229,1.000000,0.000000,0,0.000000,455992.000000,1.000000,247215885077.000000,735885.000000
456000,13,124694,0.800000,1.000000,0.613888,1.000000,0.000000,0,0.000000,455987.000000,1.000000,247215885077.000000,735885.000000
456000,14,124685,0.800000,1.000000,0.719374,1.000000,0.000000,0,0.000000,455778.000000,1.000000,247215885077.000000,735885.000000
456000,15,124686,0.800000,1.000000,0.684658,1.000000,0.000000,0,0.000000,455749.000000,1.000000,247215885077.000000,735885.000000
457000,0,124969,0.800000,1.000000,0.599918,1.000000,0.000000,0,0.000000,456689.000000,1.000000,248365637676.000000,737915.000000
457000,1,124983,0.800000,1.000000,0.751995,1.000000,0.000000,0,0.000000,456999.000000,1.000000,248365637676.000000,737915.000000
457000,2,124843,0.800000,1.000000,0.622628,1.000000,0.000000,0,0.000000,388347.000000,1.000000,248365637676.000000,737915.000000
457000,3,124984,0.800000,1.000000,0.798415,1.000000,0.000000,0,0.000000,456996.000000,1.000000,248365637676.000000,737915.000000
457000,4,124982,0.800000,1.000000,0.744356,1.000000,0.000000,0,0.000000,456997.000000,1.000000,248365637676.000000,737915.000000
457000,5,124948,0.800000,1.000000,0.695577,1.000000,0.000000,0,0.000000,456555.000000,1.000000,248365637676.000000,737915.000000
457000,6,124976,0.800000,1.000000,0.675374,1.000000,0.000000,0,0.000000,456979.000000,1.000000,248365637676.000000,737915.000000
457000,7,124955,0.800000,1.000000,0.592705,1.000000,0.000000,0,0.000000,456825.000000,1.000000,248365637676.000000,737915.000000
457000,8,124831,0.800000,1.000000,0.842942,1.000000,0.000000,0,0.000000,456476.000000,1.000000,248365637676.000000,737915.000000
457000,9,124983,0.800000,1.000000,0.743403,1.000000,0.000000,0,0.000000,456998.000000,1.000000,248365637676.000000,737915.000000
457000,10,124984,0.800000,1.000000,0.720967,1.000000,0.000000,0,0.000000,456987.000000,1.000000,248365637676.000000,737915.000000
457000,11,118994,0.800000,1.000000,0.736283,1.000000,0.000000,0,0.000000,382426.000000,1.000000,248365637676.000000,737915.000000
457000,12,124983,0.800000,1.000000,0.573518,1.000000,0.000000,0,0.000000,456936.000000,1.000000,248365637676.000000,737915.000000
457000,13,124938,0.800000,1.000000,0.588477,1.000000,0.000000,0,0.000000,456509.000000,1.000000,248365637676.000000,737915.000000
457000,14,124981,0.800000,1.000000,0.602057,1.000000,0.000000,0,0.000000,456976.000000,1.000000,248365637676.000000,737915.000000
457000,15,124984,0.800000,1.000000,0.737618,1.000000,0.000000,1,370562.000000,457000.000000,1.000000,248365637676.000000,737915.000000
458000,0,125233,0.800000,1.000000,0.541906,1.000000,0.000000,0,0.000000,457922.000000,1.000000,249390459306.000000,1740497.000000
458000,1,125246,0.800000,1.000000,0.624906,1.000000,0.000000,0,0.000000,457998.000000,1.000000,249390459306.000000,1740497.000000
458000,2,125246,0.800000,1.000000,0.644410,1.000000,0.000000,0,0.000000,457999.000000,1.000000,249390459306.000000,1740497.000000
458000,3,125247,0.800000,1.000000,0.583764,1.000000,0.000000,0,0.000000,457996.000000,1.000000,249390459306.000000,1740497.000000
458000,4,125228,0.800000,1.000000,0.551687,1.000000,0.000000,0,0.000000,457723.000000,1.000000,249390459306.000000,1740497.000000
458000,5,125235,0.800000,1.000000,0.702700,1.000000,0.000000,0,0.000000,456555.000000,1.000000,249390459306.000000,1740497.000000
458000,6,125245,0.800000,1.000000,0.596074,1.000000,0.000000,0,0.000000,457911.000000,1.000000,249390459306.000000,1740497.000000
458000,7,125159,0.800000,1.000000,0.558664,1.000000,0.000000,0,0.000000,456825.000000,1.000000,249390459306.000000,1740497.000000
458000,8,124875,0.800000,1.000000,0.569074,1.000000,0.000000,0,0.000000,456476.000000,1.000000,249390459306.000000,1740497.000000
458000,9,125247,0.800000,1.000000,0.536242,1.000000,0.000000,0,0.000000,457988.000000,1.000000,249390459306.000000,1740497.000000
458000,10,125247,0.800000,1.000000,0.609578,1.000000,0.000000,1,370251.000000,458000.000000,1.000000,249390459306.000000,1740497.000000
458000,11,119242,0.800000,1.000000,0.570022,1.000000,0.000000,0,0.000000,382426.000000,1.000000,249390459306.000000,1740497.000000
458000,12,125246,0.800000,1.000000,0.409040,1.000000,0.000000,0,0.000000,457932.000000,1.000000,249390459306.000000,1740497.000000
458000,13,125235,0.800000,1.000000,0.602297,1.000000,0.000000,0,0.000000,456509.000000,1.000000,249390459306.000000,1740497.000000
458000,14,125248,0.800000,1.000000,0.621295,1.000000,0.000000,0,0.000000,457991.000000,1.000000,249390459306.000000,1740497.000000
458000,15,125247,0.800000,1.000000,0.660411,1.000000,0.000000,0,0.000000,457992.000000,1.000000,249390459306.000000,1740497.000000
459000,0,125506,0.800000,1.000000,0.551332,1.000000,0.000000,0,0.000000,458983.000000,1.000000,250518682802.000000,741251.000000
459000,1,125508,0.800000,1.000000,0.576820,1.000000,0.000000,0,0.000000,458977.000000,1.000000,250518682802.000000,741251.000000
459000,2,125509,0.800000,1.000000,0.571444,1.000000,0.000000,0,0.000000,458969.000000,1.000000,250518682802.000000,741251.000000
459000,3,125497,0.800000,1.000000,0.556470,1.000000,0.000000,0,0.000000,458612.000000,1.000000,250518682802.000000,741251.000000
459000,4,125507,0.800000,1.000000,0.764691,1.000000,0.000000,0,0.000000,458987.000000,1.000000,250518682802.000000,741251.000000
459000,5,125503,0.800000,1.000000,0.684678,1.000000,0.000000,0,0.000000,458903.000000,1.000000,250518682802.000000,741251.000000
459000,6,125509,0.800000,1.000000,0.681812,1.000000,0.000000,0,0.000000,458994.000000,1.000000,250518682802.000000,741251.000000
459000,7,125495,0.800000,1.000000,0.563659,1.000000,0.000000,0,0.000000,458857.000000,1.000000,250518682802.000000,741251.000000
459000,8,125319,0.800000,1.000000,0.663462,1.000000,0.000000,0,0.000000,456476.000000,1.000000,250518682802.000000,741251.000000
459000,9,125507,0.800000,1.000000,0.648767,1.000000,0.000000,0,0.000000,458993.000000,1.000000,250518682802.000000,741251.000000
459000,10,125465,0.800000,1.000000,0.702764,1.000000,0.000000,0,0.000000,458666.000000,1.000000,250518682802.000000,741251.000000
459000,11,119609,0.800000,1.000000,0.545407,1.000000,0.000000,0,0.000000,382426.000000,1.000000,250518682802.000000,741251.000000
459000,12,125509,0.800000,1.000000,0.631574,1.000000,0.000000,0,0.000000,458997.000000,1.000000,250518682802.000000,741251.000000
459000,13,125509,0.800000,1.000000,0.554226,1.000000,0.000000,0,0.000000,458976.000000,1.000000,250518682802.000000,741251.000000
459000,14,125483,0.800000,1.000000,0.728580,1.000000,0.000000,0,0.000000,458890.000000,1.000000,250518682802.000000,741251.000000
459000,15,125509,0.800000,1.000000,0.753097,1.000000,0.000000,1,371799.000000,459000.000000,1.000000,250518682802.000000,741251.000000
460000,0,125682,0.800000,1.000000,0.667559,1.000000,0.000000,0,0.000000,459640.000000,1.000000,251560734837.000000,994620.000000
460000,1,125773,0.800000,1.000000,0.565413,1.000000,0.000000,0,0.000000,459986.000000,1.000000,251560734837.000000,994620.000000
460000,2,125776,0.800000,1.000000,0.723800,1.000000,0.000000,0,0.000000,459999.000000,1.000000,251560734837.000000,994620.000000
460000,3,125753,0.800000,1.000000,0.735610,1.000000,0.000000,0,0.000000,459897.000000,1.000000,251560734837.000000,994620.000000
460000,4,125521,0.800000,1.000000,0.727167,1.000000,0.000000,0,0.000000,459042.000000,1.000000,251560734837.000000,994620.000000
460000,5,125776,0.800000,1.000000,0.734122,1.000000,0.000000,1,372164.000000,460000.000000,1.000000,251560734837.000000,994620.000000
460000,6,125775,0.800000,1.000000,0.600230,1.000000,0.000000,0,0.000000,459995.000000,1.000000,251560734837.000000,994620.000000
460000,7,125726,0.800000,1.000000,0.545331,1.000000,0.000000,0,0.000000,459752.000000,1.000000,251560734837.000000,994620.000000
460000,8,125754,0.800000,1.000000,0.616790,1.000000,0.000000,0,0.000000,456476.000000,1.000000,251560734837.000000,994620.000000
460000,9,125731,0.800000,1.000000,0.540593,1.000000,0.000000,0,0.000000,459790.000000,1.000000,251560734837.000000,994620.000000
460000,10,125777,0.800000,1.000000,0.697327,1.000000,0.000000,0,0.000000,459998.000000,1.000000,251560734837.000000,994620.000000
460000,11,119983,0.800000,1.000000,0.642533,1.000000,0.000000,0,0.000000,382426.000000,1.000000,251560734837.000000,994620.000000
460000,12,125775,0.800000,1.000000,0.701803,1.000000,0.000000,0,0.000000,459934.000000,1.000000,251560734837.000000,994620.000000
460000,13,125764,0.800000,1.000000,0.713123,1.000000,0.000000,0,0.000000,459853.000000,1.000000,251560734837.000000,994620.000000
460000,14,125767,0.800000,1.000000,0.747199,1.000000,0.000000,0,0.000000,459967.000000,1.000000,251560734837.000000,994620.000000
460000,15,125776,0.800000,1.000000,0.644498,1.000000,0.000000,0,0.000000,459991.000000,1.000000,251560734837.000000,994620.000000
461000,0,126012,0.800000,1.000000,0.512598,1.000000,0.000000,0,0.000000,459640.000000,1.000000,252566135471.000000,996796.000000
461000,1,126034,0.800000,1.000000,0.544806,1.000000,0.000000,0,0.000000,460998.000000,1.000000,252566135471.000000,996796.000000
461000,2,126033,0.800000,1.000000,0.575839,1.000000,0.000000,0,0.000000,460986.000000,1.000000,252566135471.000000,996796.000000
461000,3,126004,0.800000,1.000000,0.659819,1.000000,0.000000,0,0.000000,459897.000000,1.000000,252566135471.000000,996796.000000
461000,4,125521,0.800000,1.000000,0.727167,1.000000,0.000000,0,0.000000,459042.000000,1.000000,252566135471.000000,996796.000000
461000,5,125959,0.800000,1.000000,0.742528,1.000000,0.000000,0,0.000000,460452.000000,1.000000,252566135471.000000,996796.000000
461000,6,126034,0.800000,1.000000,0.586512,1.000000,0.000000,0,0.000000,460999.000000,1.000000,252566135471.000000,996796.000000
461000,7,126033,0.800000,1.000000,0.577001,1.000000,0.000000,0,0.000000,460989.000000,1.000000,252566135471.000000,996796.000000
461000,8,126034,0.800000,1.000000,0.558576,1.000000,0.000000,0,0.000000,460970.000000,1.000000,252566135471.000000,996796.000000
461000,9,126025,0.800000,1.000000,0.465592,1.000000,0.000000,0,0.000000,460946.000000,1.000000,252566135471.000000,996796.000000
461000,10,126032,0.800000,1.000000,0.722281,1.000000,0.000000,0,0.000000,460993.000000,1.000000,252566135471.000000,996796.000000
461000,11,120307,0.800000,1.000000,0.686252,1.000000,0.000000,0,0.000000,382426.000000,1.000000,252566135471.000000,996796.000000
461000,12,126034,0.800000,1.000000,0.575530,1.000000,0.000000,1,365319.000000,461000.000000,1.000000,252566135471.000000,996796.000000
461000,13,126034,0.800000,1.000000,0.696749,1.000000,0.000000,0,0.000000,460995.000000,1.000000,252566135471.000000,996796.000000
461000,14,126003,0.800000,1.000000,0.776729,1.000000,0.000000,0,0.000000,460883.000000,1.000000,252566135471.000000,996796.000000
461000,15,126018,0.800000,1.000000,0.732475,1.000000,0.000000,0,0.000000,460504.000000,1.000000,252566135471.000000,996796.000000
462000,0,126277,0.800000,1.000000,0.770119,1.000000,0.000000,0,0.000000,461992.000000,1.000000,253500784159.000000,1766433.000000
462000,1,126278,0.800000,1.000000,0.679496,1.000000,0.000000,0,0.000000,461993.000000,1.000000,253500784159.000000,1766433.000000
462000,2,126267,0.800000,1.000000,0.579516,1.000000,0.000000,0,0.000000,461936.000000,1.000000,253500784159.000000,1766433.000000
462000,3,126276,0.800000,1.000000,0.706619,1.000000,0.000000,0,0.000000,461962.000000,1.000000,253500784159.000000,1766433.000000
462000,4,125637,0.800000,1.000000,0.596003,1.000000,0.000000,0,0.000000,459042.000000,1.000000,253500784159.000000,1766433.000000
462000,5,126272,0.800000,1.000000,0.652691,1.000000,0.000000,0,0.000000,461970.000000,1.000000,253500784159.000000,1766433.000000
462000,6,126276,0.800000,1.000000,0.604984,1.000000,0.000000,0,0.000000,461901.000000,1.000000,253500784159.000000,1766433.000000
462000,7,126278,0.800000,1.000000,0.625455,1.000000,0.000000,1,375317.000000,462000.000000,1.000000,253500784159.000000,1766433.000000
462000,8,126262,0.800000,1.000000,0.628885,1.000000,0.000000,0,0.000000,461916.000000,1.000000,253500784159.000000,1766433.000000
462000,9,126279,0.800000,1.000000,0.683077,1.000000,0.000000,0,0.000000,461997.000000,1.000000,253500784159.000000,1766433.000000
462000,10,126278,0.800000,1.000000,0.617620,1.000000,0.000000,0,0.000000,461998.000000,1.000000,253500784159.000000,1766433.000000
462000,11,120683,0.800000,1.000000,0.728243,1.000000,0.000000,0,0.000000,382426.000000,1.000000,253500784159.000000,1766433.000000
462000,12,126278,0.800000,1.000000,0.737010,1.000000,0.000000,0,0.000000,461999.000000,1.000000,253500784159.000000,1766433.000000
462000,13,126274,0.800000,1.000000,0.756468,1.000000,0.000000,0,0.000000,461983.000000,1.000000,253500784159.000000,1766433.000000
462000,14,126003,0.800000,1.000000,0.776729,1.000000,0.000000,0,0.000000,460883.000000,1.000000,253500784159.000000,1766433.000000
462000,15,126221,0.800000,1.000000,0.632520,1.000000,0.000000,0,0.000000,461473.000000,1.000000,253500784159.000000,1766433.000000
463000,0,126557,0.800000,1.000000,0.673499,1.000000,0.000000,0,0.000000,462991.000000,1.000000,254623527419.000000,1506848.000000
463000,1,126557,0.800000,1.000000,0.731082,1.000000,0.000000,0,0.000000,462993.000000,1.000000,254623527419.000000,1506848.000000
463000,2,126554,0.800000,1.000000,0.575047,1.000000,0.000000,0,0.000000,462896.000000,1.000000,254623527419.000000,1506848.000000
463000,3,126560,0.800000,1.000000,0.733145,1.000000,0.000000,0,0.000000,462999.000000,1.000000,254623527419.000000,1506848.000000
463000,4,126040,0.800000,1.000000,0.705597,1.000000,0.000000,0,0.000000,459042.000000,1.000000,254623527419.000000,1506848.000000
463000,5,126560,0.800000,1.000000,0.719592,1.000000,0.000000,0,0.000000,462998.000000,1.000000,254623527419.000000,1506848.000000
463000,6,126548,0.800000,1.000000,0.671672,1.000000,0.000000,0,0.000000,462863.000000,1.000000,254623527419.000000,1506848.000000
463000,7,126553,0.800000,1.000000,0.616534,1.000000,0.000000,0,0.000000,462955.000000,1.000000,254623527419.000000,1506848.000000
463000,8,126560,0.800000,1.000000,0.691113,1.000000,0.000000,1,379421.000000,463000.000000,1.000000,254623527419.000000,1506848.000000
463000,9,126560,0.800000,1.000000,0.752439,1.000000,0.000000,0,0.000000,462997.000000,1.000000,254623527419.000000,1506848.000000
463000,10,126388,0.800000,1.000000,0.592826,1.000000,0.000000,0,0.000000,462313.000000,1.000000,254623527419.000000,1506848.000000
463000,11,121071,0.800000,1.000000,0.666733,1.000000,0.000000,0,0.000000,382426.000000,1.000000,254623527419.000000,1506848.000000
463000,12,126553,0.800000,1.000000,0.565015,1.000000,0.000000,0,0.000000,462900.000000,1.000000,254623527419.000000,1506848.000000
463000,13,126561,0.800000,1.000000,0.666511,1.000000,0.000000,0,0.000000,462981.000000,1.000000,254623527419.000000,1506848.000000
463000,14,126121,0.800000,1.000000,0.628946,1.000000,0.000000,0,0.000000,460883.000000,1.000000,254623527419.000000,1506848.000000
463000,15,126556,0.800000,1.000000,0.499512,1.000000,0.000000,0,0.000000,462934.000000,1.000000,254623527419.000000,1506848.000000
464000,0,126829,0.800000,1.000000,0.446644,1.000000,0.000000,0,0.000000,463954.000000,1.000000,255807562038.000000,507244.000000
464000,1,126833,0.800000,1.000000,0.547827,1.000000,0.000000,1,377141.000000,464000.000000,1.000000,255807562038.000000,507244.000000
464000,2,126794,0.800000,1.000000,0.514911,1.000000,0.000000,0,0.000000,463684.000000,1.000000,255807562038.000000,507244.000000
464000,3,126826,0.800000,1.000000,0.656454,1.000000,0.000000,0,0.000000,463960.000000,1.000000,255807562038.000000,507244.000000
464000,4,126425,0.800000,1.000000,0.757351,1.000000,0.000000,0,0.000000,459042.000000,1.000000,255807562038.000000,507244.000000
464000,5,126833,0.800000,1.000000,0.673022,1.000000,0.000000,0,0.000000,463996.000000,1.000000,255807562038.000000,507244.000000
464000,6,126833,0.800000,1.000000,0.710228,1.000000,0.000000,0,0.000000,463999.000000,1.000000,255807562038.000000,507244.000000
464000,7,126834,0.800000,1.000000,0.672142,1.000000,0.000000,0,0.000000,463634.000000,1.000000,255807562038.000000,507244.000000
464000,8,126834,0.800000,1.000000,0.558264,1.000000,0.000000,0,0.000000,463997.000000,1.000000,255807562038.000000,507244.000000
464000,9,126828,0.800000,1.000000,0.684967,1.000000,0.000000,0,0.000000,463968.000000,1.000000,255807562038.000000,507244.000000
464000,10,126757,0.800000,1.000000,0.580006,1.000000,0.000000,0,0.000000,462313.000000,1.000000,255807562038.000000,507244.000000
464000,11,121426,0.800000,1.000000,0.548766,1.000000,0.000000,0,0.000000,382426.000000,1.000000,255807562038.000000,507244.000000
464000,12,126830,0.800000,1.000000,0.642232,1.000000,0.000000,0,0.000000,463536.000000,1.000000,255807562038.000000,507244.000000
464000,13,126820,0.800000,1.000000,0.684536,1.000000,0.000000,0,0.000000,463925.000000,1.000000,255807562038.000000,507244.000000
464000,14,126474,0.800000,1.000000,0.727581,1.000000,0.000000,0,0.000000,460883.000000,1.000000,255807562038.000000,507244.000000
464000,15,126814,0.800000,1.000000,0.725216,1.000000,0.000000,0,0.000000,463612.000000,1.000000,255807562038.000000,507244.000000
465000,0,127068,0.800000,1.000000,0.598592,1.000000,0.000000,0,0.000000,464178.000000,1.000000,257023989470.000000,762131.000000
465000,1,127112,0.800000,1.000000,0.539115,1.000000,0.000000,0,0.000000,464908.000000,1.000000,257023989470.000000,762131.000000
465000,2,127109,0.800000,1.000000,0.438281,1.000000,0.000000,0,0.000000,464918.000000,1.000000,257023989470.000000,762131.000000
465000,3,127116,0.800000,1.000000,0.618302,1.000000,0.000000,1,377997.000000,465000.000000,1.000000,257023989470.000000,762131.000000
465000,4,126766,0.800000,1.000000,0.549290,1.000000,0.000000,0,0.000000,459042.000000,1.000000,257023989470.000000,762131.000000
465000,5,127116,0.800000,1.000000,0.647284,1.000000,0.000000,0,0.000000,464996.000000,1.000000,257023989470.000000,762131.000000
465000,6,127117,0.800000,1.000000,0.683345,1.000000,0.000000,0,0.000000,464998.000000,1.000000,257023989470.000000,762131.000000
465000,7,127114,0.800000,1.000000,0.709829,1.000000,0.000000,0,0.000000,464992.000000,1.000000,257023989470.000000,762131.000000
465000,8,127116,0.800000,1.000000,0.721405,1.000000,0.000000,0,0.000000,464876.000000,1.000000,257023989470.000000,762131.000000
465000,9,127093,0.800000,1.000000,0.717408,1.000000,0.000000,0,0.000000,464154.000000,1.000000,257023989470.000000,762131.000000
465000,10,127117,0.800000,1.000000,0.660209,1.000000,0.000000,0,0.000000,464987.000000,1.000000,257023989470.000000,762131.000000
465000,11,121748,0.800000,1.000000,0.584835,1.000000,0.000000,0,0.000000,382426.000000,1.000000,257023989470.000000,762131.000000
465000,12,127117,0.800000,1.000000,0.665763,1.000000,0.000000,0,0.000000,464999.000000,1.000000,257023989470.000000,762131.000000
465000,13,127111,0.800000,1.000000,0.571010,1.000000,0.000000,0,0.000000,464965.000000,1.000000,257023989470.000000,762131.000000
465000,14,126882,0.800000,1.000000,0.593828,1.000000,0.000000,0,0.000000,460883.000000,1.000000,257023989470.000000,762131.000000
465000,15,127094,0.800000,1.000000,0.611652,1.000000,0.000000,0,0.000000,464651.000000,1.000000,257023989470.000000,762131.000000
466000,0,127376,0.800000,1.000000,0.717687,1.000000,0.000000,0,0.000000,465946.000000,1.000000,258157846517.000000,764033.000000
466000,1,127386,0.800000,1.000000,0.648411,1.000000,0.000000,0,0.000000,465995.000000,1.000000,258157846517.000000,764033.000000
466000,2,127385,0.800000,1.000000,0.567435,1.000000,0.000000,0,0.000000,465988.000000,1.000000,258157846517.000000,764033.000000
466000,3,127325,0.800000,1.000000,0.572384,1.000000,0.000000,0,0.000000,465025.000000,1.000000,258157846517.000000,764033.000000
466000,4,127169,0.800000,1.000000,0.723151,1.000000,0.000000,0,0.000000,459042.000000,1.000000,258157846517.000000,764033.000000
466000,5,127385,0.800000,1.000000,0.541057,1.000000,0.000000,0,0.000000,465996.000000,1.000000,258157846517.000000,764033.000000
466000,6,127385,0.800000,1.000000,0.663456,1.000000,0.000000,0,0.000000,465999.000000,1.000000,258157846517.000000,764033.000000
466000,7,127246,0.800000,1.000000,0.572698,1.000000,0.000000,0,0.000000,465312.000000,1.000000,258157846517.000000,764033.000000
466000,8,127385,0.800000,1.000000,0.610636,1.000000,0.000000,0,0.000000,465990.000000,1.000000,258157846517.000000,764033.000000
466000,9,127363,0.800000,1.000000,0.771267,1.000000,0.000000,0,0.000000,465427.000000,1.000000,258157846517.000000,764033.000000
466000,10,127386,0.800000,1.000000,0.649756,1.000000,0.000000,1,376637.000000,466000.000000,1.000000,258157846517.000000,764033.000000
466000,11,122133,0.800000,1.000000,0.658925,1.000000,0.000000,0,0.000000,382426.000000,1.000000,258157846517.000000,764033.000000
466000,12,127384,0.800000,1.000000,0.549473,1.000000,0.000000,0,0.000000,465914.000000,1.000000,258157846517.000000,764033.000000
466000,13,127386,0.800000,1.000000,0.638039,1.000000,0.000000,0,0.000000,465994.000000,1.000000,258157846517.000000,764033.000000
466000,14,127209,0.800000,1.000000,0.635704,1.000000,0.000000,0,0.000000,460883.000000,1.000000,258157846517.000000,764033.000000
466000,15,127366,0.800000,1.000000,0.574895,1.000000,0.000000,0,0.000000,465898.000000,1.000000,258157846517.000000,764033.000000
467000,0,127621,0.800000,1.000000,0.682646,1.000000,0.000000,0,0.000000,466949.000000,1.000000,259227182852.000000,1520868.000000
467000,1,127559,0.800000,1.000000,0.703440,1.000000,0.000000,0,0.000000,466581.000000,1.000000,259227182852.000000,1520868.000000
467000,2,127622,0.800000,1.000000,0.611922,1.000000,0.000000,0,0.000000,466982.000000,1.000000,259227182852.000000,1520868.000000
467000,3,127606,0.800000,1.000000,0.641060,1.000000,0.000000,0,0.000000,466798.000000,1.000000,259227182852.000000,1520868.000000
467000,4,127552,0.800000,1.000000,0.660452,1.000000,0.000000,0,0.000000,459042.000000,1.000000,259227182852.000000,1520868.000000
467000,5,127625,0.800000,1.000000,0.691899,1.000000,0.000000,0,0.000000,466997.000000,1.000000,259227182852.000000,1520868.000000
467000,6,127625,0.800000,1.000000,0.723963,1.000000,0.000000,1,395117.000000,467000.000000,1.000000,259227182852.000000,1520868.000000
467000,7,127577,0.800000,1.000000,0.676343,1.000000,0.000000,0,0.000000,465312.000000,1.000000,259227182852.000000,1520868.000000
467000,8,127626,0.800000,1.000000,0.615040,1.000000,0.000000,0,0.000000,466998.000000,1.000000,259227182852.000000,1520868.000000
467000,9,127624,0.800000,1.000000,0.577304,1.000000,0.000000,0,0.000000,466886.000000,1.000000,259227182852.000000,1520868.000000
467000,10,127626,0.800000,1.000000,0.590059,1.000000,0.000000,0,0.000000,466983.000000,1.000000,259227182852.000000,1520868.000000
467000,11,122437,0.800000,1.000000,0.660409,1.000000,0.000000,0,0.000000,382426.000000,1.000000,259227182852.000000,1520868.000000
467000,12,127591,0.800000,1.000000,0.622008,1.000000,0.000000,0,0.000000,466332.000000,1.000000,259227182852.000000,1520868.000000
467000,13,127603,0.800000,1.000000,0.585351,1.000000,0.000000,0,0.000000,466864.000000,1.000000,259227182852.000000,1520868.000000
467000,14,127558,0.800000,1.000000,0.607085,1.000000,0.000000,0,0.000000,460883.000000,1.000000,259227182852.000000,1520868.000000
467000,15,127624,0.800000,1.000000,0.642948,1.000000,0.000000,0,0.000000,466979.000000,1.000000,259227182852.000000,1520868.000000
468000,0,127893,0.800000,1.000000,0.630328,1.000000,0.000000,0,0.000000,467970.000000,1.000000,260389453644.000000,1023156.000000
468000,1,127820,0.800000,1.000000,0.719128,1.000000,0.000000,0,0.000000,466581.000000,1.000000,260389453644.000000,1023156.000000
468000,2,127897,0.800000,1.000000,0.577937,1.000000,0.000000,0,0.000000,467992.000000,1.000000,260389453644.000000,1023156.000000
468000,3,127890,0.800000,1.000000,0.572542,1.000000,0.000000,0,0.000000,467945.000000,1.000000,260389453644.000000,1023156.000000
468000,4,127885,0.800000,1.000000,0.575430,1.000000,0.000000,0,0.000000,467482.000000,1.000000,260389453644.000000,1023156.000000
468000,5,127894,0.800000,1.000000,0.693387,1.000000,0.000000,0,0.000000,467979.000000,1.000000,260389453644.000000,1023156.000000
468000,6,127852,0.800000,1.000000,0.663576,1.000000,0.000000,0,0.000000,467786.000000,1.000000,260389453644.000000,1023156.000000
468000,7,127895,0.800000,1.000000,0.756791,1.000000,0.000000,0,0.000000,467422.000000,1.000000,260389453644.000000,1023156.000000
468000,8,127883,0.800000,1.000000,0.662393,1.000000,0.000000,0,0.000000,467954.000000,1.000000,260389453644.000000,1023156.000000
468000,9,127897,0.800000,1.000000,0.789532,1.000000,0.000000,0,0.000000,467999.000000,1.000000,260389453644.000000,1023156.000000
468000,10,127895,0.800000,1.000000,0.670323,1.000000,0.000000,0,0.000000,467991.000000,1.000000,260389453644.000000,1023156.000000
468000,11,122804,0.800000,1.000000,0.707417,1.000000,0.000000,0,0.000000,382426.000000,1.000000,260389453644.000000,1023156.000000
468000,12,127896,0.800000,1.000000,0.672338,1.000000,0.000000,0,0.000000,467995.000000,1.000000,260389453644.000000,1023156.000000
468000,13,127897,0.800000,1.000000,0.702154,1.000000,0.000000,1,378070.000000,468000.000000,1.000000,260389453644.000000,1023156.000000
468000,14,127846,0.800000,1.000000,0.707135,1.000000,0.000000,0,0.000000,460883.000000,1.000000,260389453644.000000,1023156.000000
468000,15,127896,0.800000,1.000000,0.671156,1.000000,0.000000,0,0.000000,467903.000000,1.000000,260389453644.000000,1023156.000000
469000,0,128109,0.800000,1.000000,0.478868,1.000000,0.000000,0,0.000000,468402.000000,1.000000,261462485086.000000,768899.000000
469000,1,128167,0.800000,1.000000,0.643666,1.000000,0.000000,0,0.000000,468964.000000,1.000000,261462485086.000000,768899.000000
469000,2,128170,0.800000,1.000000,0.731543,1.000000,0.000000,0,0.000000,468999.000000,1.000000,261462485086.000000,768899.000000
469000,3,128127,0.800000,1.000000,0.791246,1.000000,0.000000,0,0.000000,468590.000000,1.000000,261462485086.000000,768899.000000
469000,4,128118,0.800000,1.000000,0.492848,1.000000,0.000000,0,0.000000,467482.000000,1.000000,261462485086.000000,768899.000000
469000,5,128168,0.800000,1.000000,0.593274,1.000000,0.000000,0,0.000000,468894.000000,1.000000,261462485086.000000,768899.000000
469000,6,127924,0.800000,1.000000,0.750275,1.000000,0.000000,0,0.000000,467786.000000,1.000000,261462485086.000000,768899.000000
469000,7,128171,0.800000,1.000000,0.795124,1.000000,0.000000,1,381109.000000,469000.000000,1.000000,261462485086.000000,768899.000000
469000,8,128171,0.800000,1.000000,0.548406,1.000000,0.000000,0,0.000000,468995.000000,1.000000,261462485086.000000,768899.000000
469000,9,128171,0.800000,1.000000,0.682455,1.000000,0.000000,0,0.000000,468996.000000,1.000000,261462485086.000000,768899.000000
469000,10,128170,0.800000,1.000000,0.655514,1.000000,0.000000,0,0.000000,468984.000000,1.000000,261462485086.000000,768899.000000
469000,11,123135,0.800000,1.000000,0.630734,1.000000,0.000000,0,0.000000,382426.000000,1.000000,261462485086.000000,768899.000000
469000,12,128157,0.800000,1.000000,0.714280,1.000000,0.000000,0,0.000000,468882.000000,1.000000,261462485086.000000,768899.000000
469000,13,128171,0.800000,1.000000,0.611500,1.000000,0.000000,0,0.000000,468985.000000,1.000000,261462485086.000000,768899.000000
469000,14,128155,0.800000,1.000000,0.627628,1.000000,0.000000,0,0.000000,468906.000000,1.000000,261462485086.000000,768899.000000
469000,15,128160,0.800000,1.000000,0.610766,1.000000,0.000000,0,0.000000,468949.000000,1.000000,261462485086.000000,768899.000000
470000,0,128423,0.800000,1.000000,0.726314,1.000000,0.000000,0,0.000000,469995.000000,1.000000,262495023736.000000,1027352.000000
470000,1,128395,0.800000,1.000000,0.542411,1.000000,0.000000,0,0.000000,469839.000000,1.000000,262495023736.000000,1027352.000000
470000,2,128422,0.800000,1.000000,0.689266,1.000000,0.000000,0,0.000000,469964.000000,1.000000,262495023736.000000,1027352.000000
470000,3,128418,0.800000,1.000000,0.534306,1.000000,0.000000,0,0.000000,469952.000000,1.000000,262495023736.000000,1027352.000000
470000,4,128414,0.800000,1.000000,0.499516,1.000000,0.000000,0,0.000000,469840.000000,1.000000,262495023736.000000,1027352.000000
470000,5,128423,0.800000,1.000000,0.750866,1.000000,0.000000,0,0.000000,469999.000000,1.000000,262495023736.000000,1027352.000000
470000,6,128267,0.800000,1.000000,0.614221,1.000000,0.000000,0,0.000000,467786.000000,1.000000,262495023736.000000,1027352.000000
470000,7,128424,0.800000,1.000000,0.672701,1.000000,0.000000,0,0.000000,469997.000000,1.000000,262495023736.000000,1027352.000000
470000,8,128424,0.800000,1.000000,0.642780,1.000000,0.000000,1,384464.000000,470000.000000,1.000000,262495023736.000000,1027352.000000
470000,9,128410,0.800000,1.000000,0.613311,1.000000,0.000000,0,0.000000,469337.000000,1.000000,262495023736.000000,1027352.000000
470000,10,128368,0.800000,1.000000,0.727336,1.000000,0.000000,0,0.000000,469460.000000,1.000000,262495023736.000000,1027352.000000
470000,11,123472,0.800000,1.000000,0.585011,1.000000,0.000000,0,0.000000,382426.000000,1.000000,262495023736.000000,1027352.000000
470000,12,128418,0.800000,1.000000,0.615116,1.000000,0.000000,0,0.000000,469973.000000,1.000000,262495023736.000000,1027352.000000
470000,13,128424,0.800000,1.000000,0.631882,1.000000,0.000000,0,0.000000,469989.000000,1.000000,262495023736.000000,1027352.000000
470000,14,128420,0.800000,1.000000,0.595708,1.000000,0.000000,0,0.000000,469953.000000,1.000000,262495023736.000000,1027352.000000
470000,15,128160,0.800000,1.000000,0.610766,1.000000,0.000000,0,0.000000,468949.000000,1.000000,262495023736.000000,1027352.000000
471000,0,128609,0.800000,1.000000,0.595605,1.000000,0.000000,0,0.000000,470234.000000,1.000000,263505137926.000000,772001.000000
471000,1,128700,0.800000,1.000000,0.586502,1.000000,0.000000,0,0.000000,470914.000000,1.000000,263505137926.000000,772001.000000
471000,2,128634,0.800000,1.000000,0.728381,1.000000,0.000000,0,0.000000,470744.000000,1.000000,263505137926.000000,772001.000000
471000,3,128703,0.800000,1.000000,0.637451,1.000000,0.000000,1,382905.000000,471000.000000,1.000000,263505137926.000000,772001.000000
471000,4,128525,0.800000,1.000000,0.657900,1.000000,0.000000,0,0.000000,470363.000000,1.000000,263505137926.000000,772001.000000
471000,5,128693,0.800000,1.000000,0.563947,1.000000,0.000000,0,0.000000,470936.000000,1.000000,263505137926.000000,772001.000000
471000,6,128571,0.800000,1.000000,0.558108,1.000000,0.000000,0,0.000000,467786.000000,1.000000,263505137926.000000,772001.000000
471000,7,128703,0.800000,1.000000,0.733498,1.000000,0.000000,0,0.000000,470998.000000,1.000000,263505137926.000000,772001.000000
471000,8,128702,0.800000,1.000000,0.633554,1.000000,0.000000,0,0.000000,470995.000000,1.000000,263505137926.000000,772001.000000
471000,9,128690,0.800000,1.000000,0.582735,1.000000,0.000000,0,0.000000,470648.000000,1.000000,263505137926.000000,772001.000000
471000,10,128701,0.800000,1.000000,0.548487,1.000000,0.000000,0,0.000000,470964.000000,1.000000,263505137926.000000,772001.000000
471000,11,123752,0.800000,1.000000,0.579252,1.000000,0.000000,0,0.000000,382426.000000,1.000000,263505137926.000000,772001.000000
471000,12,128703,0.800000,1.000000,0.612430,1.000000,0.000000,0,0.000000,470999.000000,1.000000,263505137926.000000,772001.000000
471000,13,128703,0.800000,1.000000,0.593689,1.000000,0.000000,0,0.000000,470973.000000,1.000000,263505137926.000000,772001.000000
471000,14,128673,0.800000,1.000000,0.639824,1.000000,0.000000,0,0.000000,470540.000000,1.000000,263505137926.000000,772001.000000
471000,15,128160,0.800000,1.000000,0.610766,1.000000,0.000000,0,0.000000,468949.000000,1.000000,263505137926.000000,772001.000000
472000,0,128914,0.800000,1.000000,0.633487,1.000000,0.000000,0,0.000000,470234.000000,1.000000,264382296758.000000,1279207.000000
472000,1,128949,0.800000,1.000000,0.669394,1.000000,0.000000,0,0.000000,471998.000000,1.000000,264382296758.000000,1279207.000000
472000,2,128634,0.800000,1.000000,0.728381,1.000000,0.000000,0,0.000000,470744.000000,1.000000,264382296758.000000,1279207.000000
472000,3,128949,0.800000,1.000000,0.780160,1.000000,0.000000,0,0.000000,471997.000000,1.000000,264382296758.000000,1279207.000000
472000,4,128751,0.800000,1.000000,0.532848,1.000000,0.000000,0,0.000000,470363.000000,1.000000,264382296758.000000,1279207.000000
472000,5,128950,0.800000,1.000000,0.603424,1.000000,0.000000,0,0.000000,471991.000000,1.000000,264382296758.000000,1279207.000000
472000,6,128720,0.800000,1.000000,0.654879,1.000000,0.000000,0,0.000000,467786.000000,1.000000,264382296758.000000,1279207.000000
472000,7,128939,0.800000,1.000000,0.539771,1.000000,0.000000,0,0.000000,471939.000000,1.000000,264382296758.000000,1279207.000000
472000,8,128919,0.800000,1.000000,0.607824,1.000000,0.000000,0,0.000000,471781.000000,1.000000,264382296758.000000,1279207.000000
472000,9,128950,0.800000,1.000000,0.694458,1.000000,0.000000,1,375895.000000,472000.000000,1.000000,264382296758.000000,1279207.000000
472000,10,128901,0.800000,1.000000,0.803456,1.000000,0.000000,0,0.000000,471649.000000,1.000000,264382296758.000000,1279207.000000
472000,11,124086,0.800000,1.000000,0.593997,1.000000,0.000000,0,0.000000,382426.000000,1.000000,264382296758.000000,1279207.000000
472000,12,128918,0.800000,1.000000,0.644119,1.000000,0.000000,0,0.000000,471428.000000,1.000000,264382296758.000000,1279207.000000
472000,13,128950,0.800000,1.000000,0.633484,1.000000,0.000000,0,0.000000,471996.000000,1.000000,264382296758.000000,1279207.000000
472000,14,128950,0.800000,1.000000,0.586351,1.000000,0.000000,0,0.000000,471994.000000,1.000000,264382296758.000000,1279207.000000
472000,15,128160,0.800000,1.000000,0.610766,1.000000,0.000000,0,0.000000,468949.000000,1.000000,264382296758.000000,1279207.000000
473000,0,129197,0.800000,1.000000,0.722064,1.000000,0.000000,0,0.000000,472934.000000,1.000000,265460464570.000000,1033088.000000
473000,1,129209,0.800000,1.000000,0.617319,1.000000,0.000000,0,0.000000,472999.000000,1.000000,265460464570.000000,1033088.000000
473000,2,128935,0.800000,1.000000,0.583470,1.000000,0.000000,0,0.000000,470744.000000,1.000000,265460464570.000000,1033088.000000
473000,3,129170,0.800000,1.000000,0.655282,1.000000,0.000000,0,0.000000,472735.000000,1.000000,265460464570.000000,1033088.000000
473000,4,129110,0.800000,1.000000,0.701517,1.000000,0.000000,0,0.000000,470363.000000,1.000000,265460464570.000000,1033088.000000
473000,5,129210,0.800000,1.000000,0.761562,1.000000,0.000000,0,0.000000,472998.000000,1.000000,265460464570.000000,1033088.000000
473000,6,129027,0.800000,1.000000,0.709838,1.000000,0.000000,0,0.000000,467786.000000,1.000000,265460464570.000000,1033088.000000
473000,7,129198,0.800000,1.000000,0.557502,1.000000,0.000000,0,0.000000,472878.000000,1.000000,265460464570.000000,1033088.000000
473000,8,129210,0.800000,1.000000,0.645924,1.000000,0.000000,0,0.000000,472994.000000,1.000000,265460464570.000000,1033088.000000
473000,9,129210,0.800000,1.000000,0.595364,1.000000,0.000000,1,376628.000000,473000.000000,1.000000,265460464570.000000,1033088.000000
473000,10,129208,0.800000,1.000000,0.677441,1.000000,0.000000,0,0.000000,472992.000000,1.000000,265460464570.000000,1033088.000000
473000,11,124400,0.800000,1.000000,0.712784,1.000000,0.000000,0,0.000000,382426.000000,1.000000,265460464570.000000,1033088.000000
473000,12,129211,0.800000,1.000000,0.631943,1.000000,0.000000,0,0.000000,472986.000000,1.000000,265460464570.000000,1033088.000000
473000,13,129166,0.800000,1.000000,0.526449,1.000000,0.000000,0,0.000000,472560.000000,1.000000,265460464570.000000,1033088.000000
473000,14,129209,0.800000,1.000000,0.661519,1.000000,0.000000,0,0.000000,472996.000000,1.000000,265460464570.000000,1033088.000000
473000,15,128160,0.800000,1.000000,0.610766,1.000000,0.000000,0,0.000000,468949.000000,1.000000,265460464570.000000,1033088.000000
474000,0,129483,0.800000,1.000000,0.589771,1.000000,0.000000,0,0.000000,473999.000000,1.000000,266615144242.000000,1294183.000000
474000,1,129483,0.800000,1.000000,0.574781,1.000000,0.000000,0,0.000000,473423.000000,1.000000,266615144242.000000,1294183.000000
474000,2,129320,0.800000,1.000000,0.699986,1.000000,0.000000,0,0.000000,470744.000000,1.000000,266615144242.000000,1294183.000000
474000,3,129484,0.800000,1.000000,0.718422,1.000000,0.000000,0,0.000000,473986.000000,1.000000,266615144242.000000,1294183.000000
474000,4,129484,0.800000,1.000000,0.737468,1.000000,0.000000,0,0.000000,470363.000000,1.000000,266615144242.000000,1294183.000000
474000,5,129484,0.800000,1.000000,0.533423,1.000000,0.000000,1,381996.000000,474000.000000,1.000000,266615144242.000000,1294183.000000
474000,6,129332,0.800000,1.000000,0.610308,1.000000,0.000000,0,0.000000,467786.000000,1.000000,266615144242.000000,1294183.000000
474000,7,129482,0.800000,1.000000,0.694839,1.000000,0.000000,0,0.000000,473910.000000,1.000000,266615144242.000000,1294183.000000
474000,8,129481,0.800000,1.000000,0.699470,1.000000,0.000000,0,0.000000,473941.000000,1.000000,266615144242.000000,1294183.000000
474000,9,129483,0.800000,1.000000,0.634593,1.000000,0.000000,0,0.000000,473969.000000,1.000000,266615144242.000000,1294183.000000
474000,10,129484,0.800000,1.000000,0.630955,1.000000,0.000000,0,0.000000,473998.000000,1.000000,266615144242.000000,1294183.000000
474000,11,124701,0.800000,1.000000,0.680331,1.000000,0.000000,0,0.000000,382426.000000,1.000000,266615144242.000000,1294183.000000
474000,12,129484,0.800000,1.000000,0.704544,1.000000,0.000000,0,0.000000,473991.000000,1.000000,266615144242.000000,1294183.000000
474000,13,129477,0.800000,1.000000,0.508714,1.000000,0.000000,0,0.000000,473930.000000,1.000000,266615144242.000000,1294183.000000
474000,14,129484,0.800000,1.000000,0.665527,1.000000,0.000000,0,0.000000,473997.000000,1.000000,266615144242.000000,1294183.000000
474000,15,128160,0.800000,1.000000,0.610766,1.000000,0.000000,0,0.000000,468949.000000,1.000000,266615144242.000000,1294183.000000
475000,0,129762,0.800000,1.000000,0.526405,1.000000,0.000000,1,384901.000000,475000.000000,1.000000,267749222244.000000,1297497.000000
475000,1,129749,0.800000,1.000000,0.577142,1.000000,0.000000,0,0.000000,474247.000000,1.000000,267749222244.000000,1297497.000000
475000,2,129721,0.800000,1.000000,0.539702,1.000000,0.000000,0,0.000000,470744.000000,1.000000,267749222244.000000,1297497.000000
475000,3,129763,0.800000,1.000000,0.610594,1.000000,0.000000,0,0.000000,474861.000000,1.000000,267749222244.000000,1297497.000000
475000,4,129763,0.800000,1.000000,0.626326,1.000000,0.000000,0,0.000000,474998.000000,1.000000,267749222244.000000,1297497.000000
475000,5,129757,0.800000,1.000000,0.575287,1.000000,0.000000,0,0.000000,474888.000000,1.000000,267749222244.000000,1297497.000000
475000,6,129655,0.800000,1.000000,0.699412,1.000000,0.000000,0,0.000000,467786.000000,1.000000,267749222244.000000,1297497.000000
475000,7,129748,0.800000,1.000000,0.540776,1.000000,0.000000,0,0.000000,474717.000000,1.000000,267749222244.000000,1297497.000000
475000,8,129760,0.800000,1.000000,0.632545,1.000000,0.000000,0,0.000000,474950.000000,1.000000,267749222244.000000,1297497.000000
475000,9,129763,0.800000,1.000000,0.726350,1.000000,0.000000,0,0.000000,474999.000000,1.000000,267749222244.000000,1297497.000000
475000,10,129762,0.800000,1.000000,0.577101,1.000000,0.000000,0,0.000000,474996.000000,1.000000,267749222244.000000,1297497.000000
475000,11,125050,0.800000,1.000000,0.648631,1.000000,0.000000,0,0.000000,382426.000000,1.000000,267749222244.000000,1297497.000000
475000,12,129758,0.800000,1.000000,0.629655,1.000000,0.000000,0,0.000000,474937.000000,1.000000,267749222244.000000,1297497.000000
475000,13,129761,0.800000,1.000000,0.564460,1.000000,0.000000,0,0.000000,474446.000000,1.000000,267749222244.000000,1297497.000000
475000,14,129762,0.800000,1.000000,0.712341,1.000000,0.000000,0,0.000000,474986.000000,1.000000,267749222244.000000,1297497.000000
475000,15,128160,0.800000,1.000000,0.610766,1.000000,0.000000,0,0.000000,468949.000000,1.000000,267749222244.000000,1297497.000000
476000,0,130052,0.800000,1.000000,0.637667,1.000000,0.000000,0,0.000000,475973.000000,1.000000,268926987792.000000,771057.000000
476000,1,130051,0.800000,1.000000,0.652356,1.000000,0.000000,0,0.000000,475986.000000,1.000000,268926987792.000000,771057.000000
476000,2,130029,0.800000,1.000000,0.654559,1.000000,0.000000,0,0.000000,475901.000000,1.000000,268926987792.000000,771057.000000
476000,3,130056,0.800000,1.000000,0.742215,1.000000,0.000000,1,386986.000000,476000.000000,1.000000,268926987792.000000,771057.000000
476000,4,130057,0.800000,1.000000,0.779613,1.000000,0.000000,0,0.000000,475646.000000,1.000000,268926987792.000000,771057.000000
476000,5,130043,0.800000,1.000000,0.681358,1.000000,0.000000,0,0.000000,475961.000000,1.000000,268926987792.000000,771057.000000
476000,6,130000,0.800000,1.000000,0.650763,1.000000,0.000000,0,0.000000,467786.000000,1.000000,268926987792.000000,771057.000000
476000,7,130055,0.800000,1.000000,0.765002,1.000000,0.000000,0,0.000000,475994.000000,1.000000,268926987792.000000,771057.000000
476000,8,130056,0.800000,1.000000,0.765359,1.000000,0.000000,0,0.000000,475999.000000,1.000000,268926987792.000000,771057.000000
476000,9,130054,0.800000,1.000000,0.602757,1.000000,0.000000,0,0.000000,475987.000000,1.000000,268926987792.000000,771057.000000
476000,10,130019,0.800000,1.000000,0.735408,1.000000,0.000000,0,0.000000,475838.000000,1.000000,268926987792.000000,771057.000000
476000,11,125422,0.800000,1.000000,0.637175,1.000000,0.000000,0,0.000000,382426.000000,1.000000,268926987792.000000,771057.000000
476000,12,129995,0.800000,1.000000,0.607029,1.000000,0.000000,0,0.000000,475689.000000,1.000000,268926987792.000000,771057.000000
476000,13,130056,0.800000,1.000000,0.783219,1.000000,0.000000,0,0.000000,475997.000000,1.000000,268926987792.000000,771057.000000
476000,14,130052,0.800000,1.000000,0.550207,1.000000,0.000000,0,0.000000,475949.000000,1.000000,268926987792.000000,771057.000000
476000,15,128245,0.800000,1.000000,0.579662,1.000000,0.000000,0,0.000000,468949.000000,1.000000,268926987792.000000,771057.000000
477000,0,130323,0.800000,1.000000,0.813016,1.000000,0.000000,0,0.000000,476999.000000,1.000000,270082888675.000000,1560448.000000
477000,1,130322,0.800000,1.000000,0.625008,1.000000,0.000000,0,0.000000,476905.000000,1.000000,270082888675.000000,1560448.000000
477000,2,130245,0.800000,1.000000,0.583796,1.000000,0.000000,0,0.000000,475901.000000,1.000000,270082888675.000000,1560448.000000
477000,3,130271,0.800000,1.000000,0.730134,1.000000,0.000000,0,0.000000,476818.000000,1.000000,270082888675.000000,1560448.000000
477000,4,130315,0.800000,1.000000,0.640885,1.000000,0.000000,0,0.000000,476634.000000,1.000000,270082888675.000000,1560448.000000
477000,5,130320,0.800000,1.000000,0.505809,1.000000,0.000000,0,0.000000,476956.000000,1.000000,270082888675.000000,1560448.000000
477000,6,130323,0.800000,1.000000,0.688879,1.000000,0.000000,0,0.000000,476998.000000,1.000000,270082888675.000000,1560448.000000
477000,7,130321,0.800000,1.000000,0.586961,1.000000,0.000000,0,0.000000,476789.000000,1.000000,270082888675.000000,1560448.000000
477000,8,130316,0.800000,1.000000,0.713332,1.000000,0.000000,0,0.000000,476650.000000,1.000000,270082888675.000000,1560448.000000
477000,9,130321,0.800000,1.000000,0.617368,1.000000,0.000000,0,0.000000,476926.000000,1.000000,270082888675.000000,1560448.000000
477000,10,130322,0.800000,1.000000,0.612979,1.000000,0.000000,0,0.000000,476989.000000,1.000000,270082888675.000000,1560448.000000
477000,11,125711,0.800000,1.000000,0.718086,1.000000,0.000000,0,0.000000,382426.000000,1.000000,270082888675.000000,1560448.000000
477000,12,130323,0.800000,1.000000,0.783674,1.000000,0.000000,1,378424.000000,477000.000000,1.000000,270082888675.000000,1560448.000000
477000,13,130323,0.800000,1.000000,0.605817,1.000000,0.000000,0,0.000000,476994.000000,1.000000,270082888675.000000,1560448.000000
477000,14,130321,0.800000,1.000000,0.520155,1.000000,0.000000,0,0.000000,476992.000000,1.000000,270082888675.000000,1560448.000000
477000,15,128620,0.800000,1.000000,0.668317,1.000000,0.000000,0,0.000000,468949.000000,1.000000,270082888675.000000,1560448.000000
478000,0,130588,0.800000,1.000000,0.668511,1.000000,0.000000,0,0.000000,477988.000000,1.000000,271207980919.000000,1302289.000000
478000,1,130589,0.800000,1.000000,0.689783,1.000000,0.000000,0,0.000000,477997.000000,1.000000,271207980919.000000,1302289.000000
478000,2,130448,0.800000,1.000000,0.502991,1.000000,0.000000,0,0.000000,475901.000000,1.000000,271207980919.000000,1302289.000000
478000,3,130585,0.800000,1.000000,0.605123,1.000000,0.000000,0,0.000000,477921.000000,1.000000,271207980919.000000,1302289.000000
478000,4,130589,0.800000,1.000000,0.670551,1.000000,0.000000,0,0.000000,477992.000000,1.000000,271207980919.000000,1302289.000000
478000,5,130578,0.800000,1.000000,0.577312,1.000000,0.000000,0,0.000000,477910.000000,1.000000,271207980919.000000,1302289.000000
478000,6,130588,0.800000,1.000000,0.711820,1.000000,0.000000,0,0.000000,477991.000000,1.000000,271207980919.000000,1302289.000000
478000,7,130590,0.800000,1.000000,0.639689,1.000000,0.000000,0,0.000000,477999.000000,1.000000,271207980919.000000,1302289.000000
478000,8,130584,0.800000,1.000000,0.533253,1.000000,0.000000,0,0.000000,477976.000000,1.000000,271207980919.000000,1302289.000000
478000,9,130518,0.800000,1.000000,0.574269,1.000000,0.000000,0,0.000000,477656.000000,1.000000,271207980919.000000,1302289.000000
478000,10,130590,0.800000,1.000000,0.690167,1.000000,0.000000,0,0.000000,477996.000000,1.000000,271207980919.000000,1302289.000000
478000,11,126075,0.800000,1.000000,0.584057,1.000000,0.000000,0,0.000000,382426.000000,1.000000,271207980919.000000,1302289.000000
478000,12,130591,0.800000,1.000000,0.737156,1.000000,0.000000,1,379245.000000,478000.000000,1.000000,271207980919.000000,1302289.000000
478000,13,130591,0.800000,1.000000,0.551819,1.000000,0.000000,0,0.000000,477930.000000,1.000000,271207980919.000000,1302289.000000
478000,14,130528,0.800000,1.000000,0.581493,1.000000,0.000000,0,0.000000,477721.000000,1.000000,271207980919.000000,1302289.000000
478000,15,128995,0.800000,1.000000,0.560325,1.000000,0.000000,0,0.000000,468949.000000,1.000000,271207980919.000000,1302289.000000
479000,0,130857,0.800000,1.000000,0.637212,1.000000,0.000000,0,0.000000,478999.000000,1.000000,272341435165.000000,1299645.000000
479000,1,130819,0.800000,1.000000,0.612337,1.000000,0.000000,0,0.000000,478149.000000,1.000000,272341435165.000000,1299645.000000
479000,2,130716,0.800000,1.000000,0.625859,1.000000,0.000000,0,0.000000,475901.000000,1.000000,272341435165.000000,1299645.000000
479000,3,130853,0.800000,1.000000,0.658873,1.000000,0.000000,0,0.000000,478614.000000,1.000000,272341435165.000000,1299645.000000
479000,4,130853,0.800000,1.000000,0.711201,1.000000,0.000000,0,0.000000,478985.000000,1.000000,272341435165.000000,1299645.000000
479000,5,130857,0.800000,1.000000,0.672564,1.000000,0.000000,0,0.000000,478993.000000,1.000000,272341435165.000000,1299645.000000
479000,6,130856,0.800000,1.000000,0.600350,1.000000,0.000000,0,0.000000,478982.000000,1.000000,272341435165.000000,1299645.000000
479000,7,130800,0.800000,1.000000,0.680665,1.000000,0.000000,0,0.000000,478760.000000,1.000000,272341435165.000000,1299645.000000
479000,8,130856,0.800000,1.000000,0.611571,1.000000,0.000000,0,0.000000,478998.000000,1.000000,272341435165.000000,1299645.000000
479000,9,130853,0.800000,1.000000,0.584882,1.000000,0.000000,0,0.000000,478909.000000,1.000000,272341435165.000000,1299645.000000
479000,10,130850,0.800000,1.000000,0.634654,1.000000,0.000000,0,0.000000,478712.000000,1.000000,272341435165.000000,1299645.000000
479000,11,126449,0.800000,1.000000,0.660070,1.000000,0.000000,0,0.000000,382426.000000,1.000000,272341435165.000000,1299645.000000
479000,12,130816,0.800000,1.000000,0.717058,1.000000,0.000000,0,0.000000,478529.000000,1.000000,272341435165.000000,1299645.000000
479000,13,130857,0.800000,1.000000,0.725796,1.000000,0.000000,1,386230.000000,479000.000000,1.000000,272341435165.000000,1299645.000000
479000,14,130824,0.800000,1.000000,0.520706,1.000000,0.000000,0,0.000000,478839.000000,1.000000,272341435165.000000,1299645.000000
479000,15,129263,0.800000,1.000000,0.699654,1.000000,0.000000,0,0.000000,468949.000000,1.000000,272341435165.000000,1299645.000000
480000,0,131116,0.800000,1.000000,0.671229,1.000000,0.000000,0,0.000000,479986.000000,1.000000,273508713223.000000,1045674.000000
480000,1,131117,0.800000,1.000000,0.589302,1.000000,0.000000,1,389939.000000,480000.000000,1.000000,273508713223.000000,1045674.000000
480000,2,131113,0.800000,1.000000,0.590090,1.000000,0.000000,0,0.000000,475901.000000,1.000000,273508713223.000000,1045674.000000
480000,3,131098,0.800000,1.000000,0.685546,1.000000,0.000000,0,0.000000,479629.000000,1.000000,273508713223.000000,1045674.000000
480000,4,131118,0.800000,1.000000,0.613402,1.000000,0.000000,0,0.000000,479988.000000,1.000000,273508713223.000000,1045674.000000
480000,5,131113,0.800000,1.000000,0.589165,1.000000,0.000000,0,0.000000,479714.000000,1.000000,273508713223.000000,1045674.000000
480000,6,131112,0.800000,1.000000,0.581955,1.000000,0.000000,0,0.000000,479943.000000,1.000000,273508713223.000000,1045674.000000
480000,7,131069,0.800000,1.000000,0.666765,1.000000,0.000000,0,0.000000,478760.000000,1.000000,273508713223.000000,1045674.000000
480000,8,131093,0.800000,1.000000,0.593692,1.000000,0.000000,0,0.000000,479443.000000,1.000000,273508713223.000000,1045674.000000
480000,9,131118,0.800000,1.000000,0.566991,1.000000,0.000000,0,0.000000,479998.000000,1.000000,273508713223.000000,1045674.000000
480000,10,131099,0.800000,1.000000,0.597583,1.000000,0.000000,0,0.000000,479921.000000,1.000000,273508713223.000000,1045674.000000
480000,11,126838,0.800000,1.000000,0.651801,1.000000,0.000000,0,0.000000,382426.000000,1.000000,273508713223.000000,1045674.000000
480000,12,131115,0.800000,1.000000,0.687438,1.000000,0.000000,0,0.000000,479964.000000,1.000000,273508713223.000000,1045674.000000
480000,13,131118,0.800000,1.000000,0.597758,1.000000,0.000000,0,0.000000,479999.000000,1.000000,273508713223.000000,1045674.000000
480000,14,131118,0.800000,1.000000,0.663055,1.000000,0.000000,0,0.000000,479997.000000,1.000000,273508713223.000000,1045674.000000
480000,15,129496,0.800000,1.000000,0.617597,1.000000,0.000000,0,0.000000,468949.000000,1.000000,273508713223.000000,1045674.000000
481000,0,131230,0.800000,1.000000,0.587981,1.000000,0.000000,0,0.000000,480421.000000,1.000000,274633675635.000000,788133.000000
481000,1,131385,0.800000,1.000000,0.673831,1.000000,0.000000,0,0.000000,480970.000000,1.000000,274633675635.000000,788133.000000
481000,2,131381,0.800000,1.000000,0.632200,1.000000,0.000000,0,0.000000,480954.000000,1.000000,274633675635.000000,788133.000000
481000,3,131390,0.800000,1.000000,0.639668,1.000000,0.000000,0,0.000000,480986.000000,1.000000,274633675635.000000,788133.000000
481000,4,131375,0.800000,1.000000,0.587956,1.000000,0.000000,0,0.000000,480920.000000,1.000000,274633675635.000000,788133.000000
481000,5,131389,0.800000,1.000000,0.615674,1.000000,0.000000,0,0.000000,480997.000000,1.000000,274633675635.000000,788133.000000
481000,6,131353,0.800000,1.000000,0.587161,1.000000,0.000000,0,0.000000,480694.000000,1.000000,274633675635.000000,788133.000000
481000,7,131296,0.800000,1.000000,0.667649,1.000000,0.000000,0,0.000000,478760.000000,1.000000,274633675635.000000,788133.000000
481000,8,131391,0.800000,1.000000,0.748135,1.000000,0.000000,0,0.000000,480999.000000,1.000000,274633675635.000000,788133.000000
481000,9,131391,0.800000,1.000000,0.687377,1.000000,0.000000,1,383269.000000,481000.000000,1.000000,274633675635.000000,788133.000000
481000,10,131379,0.800000,1.000000,0.717869,1.000000,0.000000,0,0.000000,480767.000000,1.000000,274633675635.000000,788133.000000
481000,11,127218,0.800000,1.000000,0.668855,1.000000,0.000000,0,0.000000,382426.000000,1.000000,274633675635.000000,788133.000000
481000,12,131391,0.800000,1.000000,0.661367,1.000000,0.000000,0,0.000000,480993.000000,1.000000,274633675635.000000,788133.000000
481000,13,131373,0.800000,1.000000,0.714918,1.000000,0.000000,0,0.000000,480936.000000,1.000000,274633675635.000000,788133.000000
481000,14,131390,0.800000,1.000000,0.694007,1.000000,0.000000,0,0.000000,480996.000000,1.000000,274633675635.000000,788133.000000
481000,15,129821,0.800000,1.000000,0.617139,1.000000,0.000000,0,0.000000,468949.000000,1.000000,274633675635.000000,788133.000000
482000,0,131368,0.800000,1.000000,0.690304,1.000000,0.000000,0,0.000000,480421.000000,1.000000,275807411661.000000,2103532.000000
482000,1,131654,0.800000,1.000000,0.529031,1.000000,0.000000,0,0.000000,481709.000000,1.000000,275807411661.000000,2103532.000000
482000,2,131671,0.800000,1.000000,0.665343,1.000000,0.000000,0,0.000000,481995.000000,1.000000,275807411661.000000,2103532.000000
482000,3,131670,0.800000,1.000000,0.709935,1.000000,0.000000,0,0.000000,481999.000000,1.000000,275807411661.000000,2103532.000000
482000,4,131671,0.800000,1.000000,0.563545,1.000000,0.000000,0,0.000000,481969.000000,1.000000,275807411661.000000,2103532.000000
482000,5,131671,0.800000,1.000000,0.765128,1.000000,0.000000,1,388084.000000,482000.000000,1.000000,275807411661.000000,2103532.000000
482000,6,131671,0.800000,1.000000,0.724125,1.000000,0.000000,0,0.000000,481894.000000,1.000000,275807411661.000000,2103532.000000
482000,7,131671,0.800000,1.000000,0.642142,1.000000,0.000000,0,0.000000,481996.000000,1.000000,275807411661.000000,2103532.000000
482000,8,131669,0.800000,1.000000,0.605949,1.000000,0.000000,0,0.000000,481941.000000,1.000000,275807411661.000000,2103532.000000
482000,9,131670,0.800000,1.000000,0.687056,1.000000,0.000000,0,0.000000,481970.000000,1.000000,275807411661.000000,2103532.000000
482000,10,131669,0.800000,1.000000,0.584699,1.000000,0.000000,0,0.000000,481958.000000,1.000000,275807411661.000000,2103532.000000
482000,11,127467,0.800000,1.000000,0.727960,1.000000,0.000000,0,0.000000,382426.000000,1.000000,275807411661.000000,2103532.000000
482000,12,131654,0.800000,1.000000,0.594629,1.000000,0.000000,0,0.000000,481812.000000,1.000000,275807411661.000000,2103532.000000
482000,13,131646,0.800000,1.000000,0.644958,1.000000,0.000000,0,0.000000,481850.000000,1.000000,275807411661.000000,2103532.000000
482000,14,131672,0.800000,1.000000,0.616743,1.000000,0.000000,0,0.000000,481992.000000,1.000000,275807411661.000000,2103532.000000
482000,15,130133,0.800000,1.000000,0.638646,1.000000,0.000000,0,0.000000,468949.000000,1.000000,275807411661.000000,2103532.000000
483000,0,131754,0.800000,1.000000,0.578023,1.000000,0.000000,0,0.000000,480421.000000,1.000000,276936443730.000000,788667.000000
483000,1,131929,0.800000,1.000000,0.707084,1.000000,0.000000,1,391381.000000,483000.000000,1.000000,276936443730.000000,788667.000000
483000,2,131925,0.800000,1.000000,0.608582,1.000000,0.000000,0,0.000000,482981.000000,1.000000,276936443730.000000,788667.000000
483000,3,131929,0.800000,1.000000,0.737788,1.000000,0.000000,0,0.000000,482999.000000,1.000000,276936443730.000000,788667.000000
483000,4,131927,0.800000,1.000000,0.524475,1.000000,0.000000,0,0.000000,482959.000000,1.000000,276936443730.000000,788667.000000
483000,5,131929,0.800000,1.000000,0.578084,1.000000,0.000000,0,0.000000,482994.000000,1.000000,276936443730.000000,788667.000000
483000,6,131928,0.800000,1.000000,0.617578,1.000000,0.000000,0,0.000000,482995.000000,1.000000,276936443730.000000,788667.000000
483000,7,131896,0.800000,1.000000,0.610469,1.000000,0.000000,0,0.000000,482582.000000,1.000000,276936443730.000000,788667.000000
483000,8,131920,0.800000,1.000000,0.701695,1.000000,0.000000,0,0.000000,482956.000000,1.000000,276936443730.000000,788667.000000
483000,9,131879,0.800000,1.000000,0.562969,1.000000,0.000000,0,0.000000,482746.000000,1.000000,276936443730.000000,788667.000000
483000,10,131929,0.800000,1.000000,0.609024,1.000000,0.000000,0,0.000000,482996.000000,1.000000,276936443730.000000,788667.000000
483000,11,127800,0.800000,1.000000,0.737297,1.000000,0.000000,0,0.000000,382426.000000,1.000000,276936443730.000000,788667.000000
483000,12,131817,0.800000,1.000000,0.655031,1.000000,0.000000,0,0.000000,482525.000000,1.000000,276936443730.000000,788667.000000
483000,13,131910,0.800000,1.000000,0.607858,1.000000,0.000000,0,0.000000,482855.000000,1.000000,276936443730.000000,788667.000000
483000,14,131925,0.800000,1.000000,0.681151,1.000000,0.000000,0,0.000000,482285.000000,1.000000,276936443730.000000,788667.000000
483000,15,130529,0.800000,1.000000,0.611696,1.000000,0.000000,0,0.000000,468949.000000,1.000000,276936443730.000000,788667.000000
484000,0,132142,0.800000,1.000000,0.517606,1.000000,0.000000,0,0.000000,480421.000000,1.000000,278075919098.000000,1575174.000000
484000,1,132199,0.800000,1.000000,0.630811,1.000000,0.000000,0,0.000000,483994.000000,1.000000,278075919098.000000,1575174.000000
484000,2,132198,0.800000,1.000000,0.647610,1.000000,0.000000,0,0.000000,483986.000000,1.000000,278075919098.000000,1575174.000000
484000,3,132200,0.800000,1.000000,0.640773,1.000000,0.000000,0,0.000000,483999.000000,1.000000,278075919098.000000,1575174.000000
484000,4,132184,0.800000,1.000000,0.682650,1.000000,0.000000,0,0.000000,483922.000000,1.000000,278075919098.000000,1575174.000000
484000,5,132163,0.800000,1.000000,0.708066,1.000000,0.000000,0,0.000000,483424.000000,1.000000,278075919098.000000,1575174.000000
484000,6,132171,0.800000,1.000000,0.571429,1.000000,0.000000,0,0.000000,483506.000000,1.000000,278075919098.000000,1575174.000000
484000,7,132186,0.800000,1.000000,0.480363,1.000000,0.000000,0,0.000000,483920.000000,1.000000,278075919098.000000,1575174.000000
484000,8,132200,0.800000,1.000000,0.752687,1.000000,0.000000,1,394536.000000,484000.000000,1.000000,278075919098.000000,1575174.000000
484000,9,132198,0.800000,1.000000,0.622003,1.000000,0.000000,0,0.000000,483979.000000,1.000000,278075919098.000000,1575174.000000
484000,10,131941,0.800000,1.000000,0.574850,1.000000,0.000000,0,0.000000,483036.000000,1.000000,278075919098.000000,1575174.000000
484000,11,128041,0.800000,1.000000,0.409060,1.000000,0.000000,0,0.000000,382426.000000,1.000000,278075919098.000000,1575174.000000
484000,12,132160,0.800000,1.000000,0.593452,1.000000,0.000000,0,0.000000,482525.000000,1.000000,278075919098.000000,1575174.000000
484000,13,132200,0.800000,1.000000,0.756636,1.000000,0.000000,0,0.000000,483998.000000,1.000000,278075919098.000000,1575174.000000
484000,14,132195,0.800000,1.000000,0.724193,1.000000,0.000000,0,0.000000,483790.000000,1.000000,278075919098.000000,1575174.000000
484000,15,130874,0.800000,1.000000,0.679795,1.000000,0.000000,0,0.000000,468949.000000,1.000000,278075919098.000000,1575174.000000
485000,0,132452,0.800000,1.000000,0.649158,1.000000,0.000000,1,393375.000000,485000.000000,1.000000,279189840178.000000,794695.000000
485000,1,132452,0.800000,1.000000,0.601433,1.000000,0.000000,0,0.000000,484993.000000,1.000000,279189840178.000000,794695.000000
485000,2,132431,0.800000,1.000000,0.583945,1.000000,0.000000,0,0.000000,484845.000000,1.000000,279189840178.000000,794695.000000
485000,3,132452,0.800000,1.000000,0.693518,1.000000,0.000000,0,0.000000,484997.000000,1.000000,279189840178.000000,794695.000000
485000,4,132451,0.800000,1.000000,0.605714,1.000000,0.000000,0,0.000000,484975.000000,1.000000,279189840178.000000,794695.000000
485000,5,132449,0.800000,1.000000,0.528179,1.000000,0.000000,0,0.000000,484948.000000,1.000000,279189840178.000000,794695.000000
485000,6,132436,0.800000,1.000000,0.646553,1.000000,0.000000,0,0.000000,484925.000000,1.000000,279189840178.000000,794695.000000
485000,7,132452,0.800000,1.000000,0.680013,1.000000,0.000000,0,0.000000,484995.000000,1.000000,279189840178.000000,794695.000000
485000,8,132449,0.800000,1.000000,0.527373,1.000000,0.000000,0,0.000000,484968.000000,1.000000,279189840178.000000,794695.000000
485000,9,132452,0.800000,1.000000,0.597583,1.000000,0.000000,0,0.000000,484999.000000,1.000000,279189840178.000000,794695.000000
485000,10,132192,0.800000,1.000000,0.711490,1.000000,0.000000,0,0.000000,483036.000000,1.000000,279189840178.000000,794695.000000
485000,11,128306,0.800000,1.000000,0.609832,1.000000,0.000000,0,0.000000,382426.000000,1.000000,279189840178.000000,794695.000000
485000,12,132348,0.800000,1.000000,0.730597,1.000000,0.000000,0,0.000000,482525.000000,1.000000,279189840178.000000,794695.000000
485000,13,132423,0.800000,1.000000,0.671697,1.000000,0.000000,0,0.000000,484848.000000,1.000000,279189840178.000000,794695.000000
485000,14,132448,0.800000,1.000000,0.549444,1.000000,0.000000,0,0.000000,484979.000000,1.000000,279189840178.000000,794695.000000
485000,15,131281,0.800000,1.000000,0.449036,1.000000,0.000000,0,0.000000,468949.000000,1.000000,279189840178.000000,794695.000000
486000,0,132722,0.800000,1.000000,0.552870,1.000000,0.000000,0,0.000000,485991.000000,1.000000,280426678839.000000,1326845.000000
486000,1,132713,0.800000,1.000000,0.591206,1.000000,0.000000,0,0.000000,485933.000000,1.000000,280426678839.000000,1326845.000000
486000,2,132701,0.800000,1.000000,0.707987,1.000000,0.000000,0,0.000000,484845.000000,1.000000,280426678839.000000,1326845.000000
486000,3,132712,0.800000,1.000000,0.608310,1.000000,0.000000,0,0.000000,485943.000000,1.000000,280426678839.000000,1326845.000000
486000,4,132657,0.800000,1.000000,0.582013,1.000000,0.000000,0,0.000000,485568.000000,1.000000,280426678839.000000,1326845.000000
486000,5,132720,0.800000,1.000000,0.730575,1.000000,0.000000,0,0.000000,485992.000000,1.000000,280426678839.000000,1326845.000000
486000,6,132722,0.800000,1.000000,0.712387,1.000000,0.000000,1,411846.000000,486000.000000,1.000000,280426678839.000000,1326845.000000
486000,7,132666,0.800000,1.000000,0.706643,1.000000,0.000000,0,0.000000,485116.000000,1.000000,280426678839.000000,1326845.000000
486000,8,132722,0.800000,1.000000,0.705347,1.000000,0.000000,0,0.000000,485994.000000,1.000000,280426678839.000000,1326845.000000
486000,9,132699,0.800000,1.000000,0.648635,1.000000,0.000000,0,0.000000,485899.000000,1.000000,280426678839.000000,1326845.000000
486000,10,132555,0.800000,1.000000,0.579984,1.000000,0.000000,0,0.000000,483036.000000,1.000000,280426678839.000000,1326845.000000
486000,11,128708,0.800000,1.000000,0.648208,1.000000,0.000000,0,0.000000,382426.000000,1.000000,280426678839.000000,1326845.000000
486000,12,132722,0.800000,1.000000,0.634642,1.000000,0.000000,0,0.000000,485683.000000,1.000000,280426678839.000000,1326845.000000
486000,13,132723,0.800000,1.000000,0.649941,1.000000,0.000000,0,0.000000,485999.000000,1.000000,280426678839.000000,1326845.000000
486000,14,132722,0.800000,1.000000,0.570456,1.000000,0.000000,0,0.000000,485935.000000,1.000000,280426678839.000000,1326845.000000
486000,15,131691,0.800000,1.000000,0.679460,1.000000,0.000000,0,0.000000,468949.000000,1.000000,280426678839.000000,1326845.000000
487000,0,132981,0.800000,1.000000,0.588748,1.000000,0.000000,0,0.000000,486916.000000,1.000000,281620259402.000000,1861603.000000
487000,1,132997,0.800000,1.000000,0.695477,1.000000,0.000000,0,0.000000,486975.000000,1.000000,281620259402.000000,1861603.000000
487000,2,132907,0.800000,1.000000,0.624235,1.000000,0.000000,0,0.000000,484845.000000,1.000000,281620259402.000000,1861603.000000
487000,3,132858,0.800000,1.000000,0.489450,1.000000,0.000000,0,0.000000,486382.000000,1.000000,281620259402.000000,1861603.000000
487000,4,132995,0.800000,1.000000,0.600998,1.000000,0.000000,0,0.000000,486986.000000,1.000000,281620259402.000000,1861603.000000
487000,5,132996,0.800000,1.000000,0.670616,1.000000,0.000000,0,0.000000,486997.000000,1.000000,281620259402.000000,1861603.000000
487000,6,132992,0.800000,1.000000,0.666178,1.000000,0.000000,0,0.000000,486782.000000,1.000000,281620259402.000000,1861603.000000
487000,7,132996,0.800000,1.000000,0.678094,1.000000,0.000000,0,0.000000,486999.000000,1.000000,281620259402.000000,1861603.000000
487000,8,132997,0.800000,1.000000,0.631656,1.000000,0.000000,0,0.000000,486994.000000,1.000000,281620259402.000000,1861603.000000
487000,9,132997,0.800000,1.000000,0.637405,1.000000,0.000000,1,387936.000000,487000.000000,1.000000,281620259402.000000,1861603.000000
487000,10,132967,0.800000,1.000000,0.634993,1.000000,0.000000,0,0.000000,483036.000000,1.000000,281620259402.000000,1861603.000000
487000,11,128966,0.800000,1.000000,0.748721,1.000000,0.000000,0,0.000000,382426.000000,1.000000,281620259402.000000,1861603.000000
487000,12,132996,0.800000,1.000000,0.603505,1.000000,0.000000,0,0.000000,486993.000000,1.000000,281620259402.000000,1861603.000000
487000,13,132997,0.800000,1.000000,0.644671,1.000000,0.000000,0,0.000000,486998.000000,1.000000,281620259402.000000,1861603.000000
487000,14,132979,0.800000,1.000000,0.619605,1.000000,0.000000,0,0.000000,486866.000000,1.000000,281620259402.000000,1861603.000000
487000,15,132037,0.800000,1.000000,0.638188,1.000000,0.000000,0,0.000000,468949.000000,1.000000,281620259402.000000,1861603.000000
488000,0,133271,0.800000,1.000000,0.678827,1.000000,0.000000,0,0.000000,487994.000000,1.000000,282819668190.000000,791735.000000
488000,1,133186,0.800000,1.000000,0.504586,1.000000,0.000000,0,0.000000,487366.000000,1.000000,282819668190.000000,791735.000000
488000,2,133263,0.800000,1.000000,0.518554,1.000000,0.000000,0,0.000000,487881.000000,1.000000,282819668190.000000,791735.000000
488000,3,133177,0.800000,1.000000,0.725934,1.000000,0.000000,0,0.000000,486382.000000,1.000000,282819668190.000000,791735.000000
488000,4,133235,0.800000,1.000000,0.584736,1.000000,0.000000,0,0.000000,487844.000000,1.000000,282819668190.000000,791735.000000
488000,5,133273,0.800000,1.000000,0.700458,1.000000,0.000000,0,0.000000,487998.000000,1.000000,282819668190.000000,791735.000000
488000,6,133236,0.800000,1.000000,0.531939,1.000000,0.000000,0,0.000000,487860.000000,1.000000,282819668190.000000,791735.000000
488000,7,133272,0.800000,1.000000,0.671957,1.000000,0.000000,0,0.000000,487999.000000,1.000000,282819668190.000000,791735.000000
488000,8,133269,0.800000,1.000000,0.659874,1.000000,0.000000,0,0.000000,487984.000000,1.000000,282819668190.000000,791735.000000
488000,9,133259,0.800000,1.000000,0.634411,1.000000,0.000000,0,0.000000,487901.000000,1.000000,282819668190.000000,791735.000000
488000,10,133259,0.800000,1.000000,0.713053,1.000000,0.000000,0,0.000000,487948.000000,1.000000,282819668190.000000,791735.000000
488000,11,129324,0.800000,1.000000,0.540543,1.000000,0.000000,0,0.000000,382426.000000,1.000000,282819668190.000000,791735.000000
488000,12,133272,0.800000,1.000000,0.587590,1.000000,0.000000,0,0.000000,487997.000000,1.000000,282819668190.000000,791735.000000
488000,13,133272,0.800000,1.000000,0.591654,1.000000,0.000000,0,0.000000,487894.000000,1.000000,282819668190.000000,791735.000000
488000,14,133273,0.800000,1.000000,0.686816,1.000000,0.000000,1,391078.000000,488000.000000,1.000000,282819668190.000000,791735.000000
488000,15,132335,0.800000,1.000000,0.494477,1.000000,0.000000,0,0.000000,468949.000000,1.000000,282819668190.000000,791735.000000
489000,0,133536,0.800000,1.000000,0.625778,1.000000,0.000000,0,0.000000,488980.000000,1.000000,284047970490.000000,1867799.000000
489000,1,133526,0.800000,1.000000,0.712490,1.000000,0.000000,0,0.000000,488683.000000,1.000000,284047970490.000000,1867799.000000
489000,2,133536,0.800000,1.000000,0.742557,1.000000,0.000000,1,407200.000000,489000.000000,1.000000,284047970490.000000,1867799.000000
489000,3,133535,0.800000,1.000000,0.667644,1.000000,0.000000,0,0.000000,488997.000000,1.000000,284047970490.000000,1867799.000000
489000,4,133535,0.800000,1.000000,0.817977,1.000000,0.000000,0,0.000000,488763.000000,1.000000,284047970490.000000,1867799.000000
489000,5,133535,0.800000,1.000000,0.659460,1.000000,0.000000,0,0.000000,488987.000000,1.000000,284047970490.000000,1867799.000000
489000,6,133536,0.800000,1.000000,0.678752,1.000000,0.000000,0,0.000000,488998.000000,1.000000,284047970490.000000,1867799.000000
489000,7,133536,0.800000,1.000000,0.623316,1.000000,0.000000,0,0.000000,488999.000000,1.000000,284047970490.000000,1867799.000000
489000,8,133510,0.800000,1.000000,0.683292,1.000000,0.000000,0,0.000000,488896.000000,1.000000,284047970490.000000,1867799.000000
489000,9,133534,0.800000,1.000000,0.609523,1.000000,0.000000,0,0.000000,488977.000000,1.000000,284047970490.000000,1867799.000000
489000,10,133527,0.800000,1.000000,0.566302,1.000000,0.000000,0,0.000000,488935.000000,1.000000,284047970490.000000,1867799.000000
489000,11,129641,0.800000,1.000000,0.584570,1.000000,0.000000,0,0.000000,382426.000000,1.000000,284047970490.000000,1867799.000000
489000,12,133532,0.800000,1.000000,0.676941,1.000000,0.000000,0,0.000000,488898.000000,1.000000,284047970490.000000,1867799.000000
489000,13,133536,0.800000,1.000000,0.708075,1.000000,0.000000,0,0.000000,488674.000000,1.000000,284047970490.000000,1867799.000000
489000,14,133512,0.800000,1.000000,0.704027,1.000000,0.000000,0,0.000000,488760.000000,1.000000,284047970490.000000,1867799.000000
489000,15,132725,0.800000,1.000000,0.741881,1.000000,0.000000,0,0.000000,468949.000000,1.000000,284047970490.000000,1867799.000000
490000,0,133817,0.800000,1.000000,0.590950,1.000000,0.000000,0,0.000000,489812.000000,1.000000,285262324351.000000,1062590.000000
490000,1,133819,0.800000,1.000000,0.609034,1.000000,0.000000,0,0.000000,489999.000000,1.000000,285262324351.000000,1062590.000000
490000,2,133819,0.800000,1.000000,0.579516,1.000000,0.000000,0,0.000000,489997.000000,1.000000,285262324351.000000,1062590.000000
490000,3,133814,0.800000,1.000000,0.608711,1.000000,0.000000,0,0.000000,489974.000000,1.000000,285262324351.000000,1062590.000000
490000,4,133806,0.800000,1.000000,0.618848,1.000000,0.000000,0,0.000000,489883.000000,1.000000,285262324351.000000,1062590.000000
490000,5,133819,0.800000,1.000000,0.584729,1.000000,0.000000,0,0.000000,489994.000000,1.000000,285262324351.000000,1062590.000000
490000,6,133789,0.800000,1.000000,0.752762,1.000000,0.000000,0,0.000000,489445.000000,1.000000,285262324351.000000,1062590.000000
490000,7,133798,0.800000,1.000000,0.691029,1.000000,0.000000,0,0.000000,489131.000000,1.000000,285262324351.000000,1062590.000000
490000,8,133788,0.800000,1.000000,0.607066,1.000000,0.000000,0,0.000000,489860.000000,1.000000,285262324351.000000,1062590.000000
490000,9,133816,0.800000,1.000000,0.650491,1.000000,0.000000,0,0.000000,489972.000000,1.000000,285262324351.000000,1062590.000000
490000,10,133817,0.800000,1.000000,0.655247,1.000000,0.000000,0,0.000000,489973.000000,1.000000,285262324351.000000,1062590.000000
490000,11,129861,0.800000,1.000000,0.691118,1.000000,0.000000,0,0.000000,382426.000000,1.000000,285262324351.000000,1062590.000000
490000,12,133819,0.800000,1.000000,0.669121,1.000000,0.000000,0,0.000000,489899.000000,1.000000,285262324351.000000,1062590.000000
490000,13,133819,0.800000,1.000000,0.708096,1.000000,0.000000,0,0.000000,489996.000000,1.000000,285262324351.000000,1062590.000000
490000,14,133819,0.800000,1.000000,0.555737,1.000000,0.000000,1,392703.000000,490000.000000,1.000000,285262324351.000000,1062590.000000
490000,15,133123,0.800000,1.000000,0.705218,1.000000,0.000000,0,0.000000,468949.000000,1.000000,285262324351.000000,1062590.000000
491000,0,134076,0.800000,1.000000,0.656054,1.000000,0.000000,0,0.000000,490998.000000,1.000000,286329293191.000000,1071400.000000
491000,1,134073,0.800000,1.000000,0.540590,1.000000,0.000000,0,0.000000,490974.000000,1.000000,286329293191.000000,1071400.000000
491000,2,134067,0.800000,1.000000,0.715885,1.000000,0.000000,0,0.000000,490950.000000,1.000000,286329293191.000000,1071400.000000
491000,3,134071,0.800000,1.000000,0.604792,1.000000,0.000000,0,0.000000,490613.000000,1.000000,286329293191.000000,1071400.000000
491000,4,134076,0.800000,1.000000,0.724433,1.000000,0.000000,0,0.000000,490999.000000,1.000000,286329293191.000000,1071400.000000
491000,5,134075,0.800000,1.000000,0.601952,1.000000,0.000000,0,0.000000,490666.000000,1.000000,286329293191.000000,1071400.000000
491000,6,134076,0.800000,1.000000,0.647351,1.000000,0.000000,0,0.000000,490997.000000,1.000000,286329293191.000000,1071400.000000
491000,7,134063,0.800000,1.000000,0.642563,1.000000,0.000000,0,0.000000,489131.000000,1.000000,286329293191.000000,1071400.000000
491000,8,133926,0.800000,1.000000,0.610460,1.000000,0.000000,0,0.000000,489860.000000,1.000000,286329293191.000000,1071400.000000
491000,9,134075,0.800000,1.000000,0.585966,1.000000,0.000000,0,0.000000,490981.000000,1.000000,286329293191.000000,1071400.000000
491000,10,134063,0.800000,1.000000,0.695141,1.000000,0.000000,0,0.000000,490108.000000,1.000000,286329293191.000000,1071400.000000
491000,11,130037,0.800000,1.000000,0.658125,1.000000,0.000000,0,0.000000,382426.000000,1.000000,286329293191.000000,1071400.000000
491000,12,134076,0.800000,1.000000,0.632923,1.000000,0.000000,1,389498.000000,491000.000000,1.000000,286329293191.000000,1071400.000000
491000,13,134061,0.800000,1.000000,0.572577,1.000000,0.000000,0,0.000000,490931.000000,1.000000,286329293191.000000,1071400.000000
491000,14,134043,0.800000,1.000000,0.569946,1.000000,0.000000,0,0.000000,490137.000000,1.000000,286329293191.000000,1071400.000000
491000,15,133475,0.800000,1.000000,0.636222,1.000000,0.000000,0,0.000000,468949.000000,1.000000,286329293191.000000,1071400.000000
492000,0,134333,0.800000,1.000000,0.637195,1.000000,0.000000,0,0.000000,491789.000000,1.000000,287397420034.000000,806049.000000
492000,1,134346,0.800000,1.000000,0.646424,1.000000,0.000000,0,0.000000,491999.000000,1.000000,287397420034.000000,806049.000000
492000,2,134346,0.800000,1.000000,0.507057,1.000000,0.000000,0,0.000000,491990.000000,1.000000,287397420034.000000,806049.000000
492000,3,134346,0.800000,1.000000,0.544176,1.000000,0.000000,0,0.000000,491992.000000,1.000000,287397420034.000000,806049.000000
492000,4,134346,0.800000,1.000000,0.650027,1.000000,0.000000,1,395514.000000,492000.000000,1.000000,287397420034.000000,806049.000000
492000,5,134347,0.800000,1.000000,0.554440,1.000000,0.000000,0,0.000000,491942.000000,1.000000,287397420034.000000,806049.000000
492000,6,134317,0.800000,1.000000,0.524413,1.000000,0.000000,0,0.000000,491846.000000,1.000000,287397420034.000000,806049.000000
492000,7,134346,0.800000,1.000000,0.633593,1.000000,0.000000,0,0.000000,491996.000000,1.000000,287397420034.000000,806049.000000
492000,8,134162,0.800000,1.000000,0.698397,1.000000,0.000000,0,0.000000,489860.000000,1.000000,287397420034.000000,806049.000000
492000,9,134323,0.800000,1.000000,0.621653,1.000000,0.000000,0,0.000000,491913.000000,1.000000,287397420034.000000,806049.000000
492000,10,134339,0.800000,1.000000,0.525257,1.000000,0.000000,0,0.000000,491509.000000,1.000000,287397420034.000000,806049.000000
492000,11,130037,0.800000,1.000000,0.658125,1.000000,0.000000,0,0.000000,382426.000000,1.000000,287397420034.000000,806049.000000
492000,12,134331,0.800000,1.000000,0.753771,1.000000,0.000000,0,0.000000,491944.000000,1.000000,287397420034.000000,806049.000000
492000,13,134303,0.800000,1.000000,0.626250,1.000000,0.000000,0,0.000000,491829.000000,1.000000,287397420034.000000,806049.000000
492000,14,134347,0.800000,1.000000,0.686242,1.000000,0.000000,0,0.000000,491998.000000,1.000000,287397420034.000000,806049.000000
492000,15,133745,0.800000,1.000000,0.547387,1.000000,0.000000,0,0.000000,468949.000000,1.000000,287397420034.000000,806049.000000
493000,0,134617,0.800000,1.000000,0.551581,1.000000,0.000000,0,0.000000,492989.000000,1.000000,288422919032.000000,1605276.000000
493000,1,134619,0.800000,1.000000,0.712559,1.000000,0.000000,0,0.000000,492999.000000,1.000000,288422919032.000000,1605276.000000
493000,2,134619,0.800000,1.000000,0.642995,1.000000,0.000000,1,410179.000000,493000.000000,1.000000,288422919032.000000,1605276.000000
493000,3,134608,0.800000,1.000000,0.670950,1.000000,0.000000,0,0.000000,492911.000000,1.000000,288422919032.000000,1605276.000000
493000,4,134619,0.800000,1.000000,0.585302,1.000000,0.000000,0,0.000000,492981.000000,1.000000,288422919032.000000,1605276.000000
493000,5,134435,0.800000,1.000000,0.702002,1.000000,0.000000,0,0.000000,492326.000000,1.000000,288422919032.000000,1605276.000000
493000,6,134520,0.800000,1.000000,0.749759,1.000000,0.000000,0,0.000000,491846.000000,1.000000,288422919032.000000,1605276.000000
493000,7,134614,0.800000,1.000000,0.624201,1.000000,0.000000,0,0.000000,492977.000000,1.000000,288422919032.000000,1605276.000000
493000,8,134539,0.800000,1.000000,0.750746,1.000000,0.000000,0,0.000000,489860.000000,1.000000,288422919032.000000,1605276.000000
493000,9,134607,0.800000,1.000000,0.699096,1.000000,0.000000,0,0.000000,492723.000000,1.000000,288422919032.000000,1605276.000000
493000,10,134617,0.800000,1.000000,0.557567,1.000000,0.000000,0,0.000000,492930.000000,1.000000,288422919032.000000,1605276.000000
493000,11,130071,0.800000,1.000000,0.623033,1.000000,0.000000,0,0.000000,382426.000000,1.000000,288422919032.000000,1605276.000000
493000,12,134619,0.800000,1.000000,0.654073,1.000000,0.000000,0,0.000000,492998.000000,1.000000,288422919032.000000,1605276.000000
493000,13,134303,0.800000,1.000000,0.626250,1.000000,0.000000,0,0.000000,491829.000000,1.000000,288422919032.000000,1605276.000000
493000,14,134616,0.800000,1.000000,0.593590,1.000000,0.000000,0,0.000000,492983.000000,1.000000,288422919032.000000,1605276.000000
493000,15,134107,0.800000,1.000000,0.640194,1.000000,0.000000,0,0.000000,468949.000000,1.000000,288422919032.000000,1605276.000000
494000,0,134887,0.800000,1.000000,0.756813,1.000000,0.000000,0,0.000000,493999.000000,1.000000,289609938914.000000,1338659.000000
494000,1,134880,0.800000,1.000000,0.694664,1.000000,0.000000,0,0.000000,493413.000000,1.000000,289609938914.000000,1338659.000000
494000,2,134883,0.800000,1.000000,0.633986,1.000000,0.000000,0,0.000000,493957.000000,1.000000,289609938914.000000,1338659.000000
494000,3,134884,0.800000,1.000000,0.591566,1.000000,0.000000,0,0.000000,493876.000000,1.000000,289609938914.000000,1338659.000000
494000,4,134887,0.800000,1.000000,0.562942,1.000000,0.000000,1,397095.000000,494000.000000,1.000000,289609938914.000000,1338659.000000
494000,5,134497,0.800000,1.000000,0.646859,1.000000,0.000000,0,0.000000,492326.000000,1.000000,289609938914.000000,1338659.000000
494000,6,134843,0.800000,1.000000,0.680734,1.000000,0.000000,0,0.000000,491846.000000,1.000000,289609938914.000000,1338659.000000
494000,7,134887,0.800000,1.000000,0.572318,1.000000,0.000000,0,0.000000,493985.000000,1.000000,289609938914.000000,1338659.000000
494000,8,134850,0.800000,1.000000,0.681500,1.000000,0.000000,0,0.000000,489860.000000,1.000000,289609938914.000000,1338659.000000
494000,9,134888,0.800000,1.000000,0.621841,1.000000,0.000000,0,0.000000,493995.000000,1.000000,289609938914.000000,1338659.000000
494000,10,134883,0.800000,1.000000,0.616562,1.000000,0.000000,0,0.000000,493984.000000,1.000000,289609938914.000000,1338659.000000
494000,11,130469,0.800000,1.000000,0.647160,1.000000,0.000000,0,0.000000,382426.000000,1.000000,289609938914.000000,1338659.000000
494000,12,134887,0.800000,1.000000,0.574772,1.000000,0.000000,0,0.000000,493996.000000,1.000000,289609938914.000000,1338659.000000
494000,13,134604,0.800000,1.000000,0.597993,1.000000,0.000000,0,0.000000,491829.000000,1.000000,289609938914.000000,1338659.000000
494000,14,134887,0.800000,1.000000,0.746051,1.000000,0.000000,0,0.000000,493997.000000,1.000000,289609938914.000000,1338659.000000
494000,15,134434,0.800000,1.000000,0.637786,1.000000,0.000000,0,0.000000,468949.000000,1.000000,289609938914.000000,1338659.000000
495000,0,135135,0.800000,1.000000,0.596082,1.000000,0.000000,0,0.000000,494939.000000,1.000000,290842502644.000000,1342111.000000
495000,1,135147,0.800000,1.000000,0.645477,1.000000,0.000000,0,0.000000,494999.000000,1.000000,290842502644.000000,1342111.000000
495000,2,135148,0.800000,1.000000,0.714329,1.000000,0.000000,1,411554.000000,495000.000000,1.000000,290842502644.000000,1342111.000000
495000,3,135147,0.800000,1.000000,0.588678,1.000000,0.000000,0,0.000000,494992.000000,1.000000,290842502644.000000,1342111.000000
495000,4,135142,0.800000,1.000000,0.622167,1.000000,0.000000,0,0.000000,494721.000000,1.000000,290842502644.000000,1342111.000000
495000,5,134886,0.800000,1.000000,0.507584,1.000000,0.000000,0,0.000000,492326.000000,1.000000,290842502644.000000,1342111.000000
495000,6,135103,0.800000,1.000000,0.585048,1.000000,0.000000,0,0.000000,494316.000000,1.000000,290842502644.000000,1342111.000000
495000,7,135146,0.800000,1.000000,0.540907,1.000000,0.000000,0,0.000000,494960.000000,1.000000,290842502644.000000,1342111.000000
495000,8,135147,0.800000,1.000000,0.628661,1.000000,0.000000,0,0.000000,494997.000000,1.000000,290842502644.000000,1342111.000000
495000,9,135143,0.800000,1.000000,0.677982,1.000000,0.000000,0,0.000000,494893.000000,1.000000,290842502644.000000,1342111.000000
495000,10,135148,0.800000,1.000000,0.671625,1.000000,0.000000,0,0.000000,494998.000000,1.000000,290842502644.000000,1342111.000000
495000,11,130796,0.800000,1.000000,0.601050,1.000000,0.000000,0,0.000000,382426.000000,1.000000,290842502644.000000,1342111.000000
495000,12,135064,0.800000,1.000000,0.678837,1.000000,0.000000,0,0.000000,494131.000000,1.000000,290842502644.000000,1342111.000000
495000,13,135003,0.800000,1.000000,0.561251,1.000000,0.000000,0,0.000000,491829.000000,1.000000,290842502644.000000,1342111.000000
495000,14,135148,0.800000,1.000000,0.689378,1.000000,0.000000,0,0.000000,494996.000000,1.000000,290842502644.000000,1342111.000000
495000,15,134825,0.800000,1.000000,0.647757,1.000000,0.000000,0,0.000000,468949.000000,1.000000,290842502644.000000,1342111.000000
496000,0,135406,0.800000,1.000000,0.694613,1.000000,0.000000,0,0.000000,495988.000000,1.000000,292100487644.000000,1615670.000000
496000,1,135391,0.800000,1.000000,0.605490,1.000000,0.000000,0,0.000000,495058.000000,1.000000,292100487644.000000,1615670.000000
496000,2,135368,0.800000,1.000000,0.555812,1.000000,0.000000,0,0.000000,495747.000000,1.000000,292100487644.000000,1615670.000000
496000,3,135409,0.800000,1.000000,0.647885,1.000000,0.000000,0,0.000000,495979.000000,1.000000,292100487644.000000,1615670.000000
496000,4,135409,0.800000,1.000000,0.585134,1.000000,0.000000,1,398485.000000,496000.000000,1.000000,292100487644.000000,1615670.000000
496000,5,135266,0.800000,1.000000,0.569788,1.000000,0.000000,0,0.000000,492326.000000,1.000000,292100487644.000000,1615670.000000
496000,6,135409,0.800000,1.000000,0.622860,1.000000,0.000000,0,0.000000,495993.000000,1.000000,292100487644.000000,1615670.000000
496000,7,135408,0.800000,1.000000,0.644887,1.000000,0.000000,0,0.000000,495938.000000,1.000000,292100487644.000000,1615670.000000
496000,8,135409,0.800000,1.000000,0.721945,1.000000,0.000000,0,0.000000,495941.000000,1.000000,292100487644.000000,1615670.000000
496000,9,135409,0.800000,1.000000,0.649666,1.000000,0.000000,0,0.000000,495994.000000,1.000000,292100487644.000000,1615670.000000
496000,10,135404,0.800000,1.000000,0.472466,1.000000,0.000000,0,0.000000,495912.000000,1.000000,292100487644.000000,1615670.000000
496000,11,131127,0.800000,1.000000,0.613183,1.000000,0.000000,0,0.000000,382426.000000,1.000000,292100487644.000000,1615670.000000
496000,12,135410,0.800000,1.000000,0.572564,1.000000,0.000000,0,0.000000,495996.000000,1.000000,292100487644.000000,1615670.000000
496000,13,135338,0.800000,1.000000,0.742622,1.000000,0.000000,0,0.000000,491829.000000,1.000000,292100487644.000000,1615670.000000
496000,14,135410,0.800000,1.000000,0.622566,1.000000,0.000000,0,0.000000,495999.000000,1.000000,292100487644.000000,1615670.000000
496000,15,135217,0.800000,1.000000,0.740429,1.000000,0.000000,0,0.000000,468949.000000,1.000000,292100487644.000000,1615670.000000
497000,0,135644,0.800000,1.000000,0.714634,1.000000,0.000000,0,0.000000,496923.000000,1.000000,293263554197.000000,1347911.000000
497000,1,135619,0.800000,1.000000,0.593886,1.000000,0.000000,0,0.000000,496293.000000,1.000000,293263554197.000000,1347911.000000
497000,2,135662,0.800000,1.000000,0.669631,1.000000,0.000000,0,0.000000,496989.000000,1.000000,293263554197.000000,1347911.000000
497000,3,135664,0.800000,1.000000,0.623773,1.000000,0.000000,1,402999.000000,497000.000000,1.000000,293263554197.000000,1347911.000000
497000,4,135664,0.800000,1.000000,0.645138,1.000000,0.000000,0,0.000000,496988.000000,1.000000,293263554197.000000,1347911.000000
497000,5,135619,0.800000,1.000000,0.549316,1.000000,0.000000,0,0.000000,492326.000000,1.000000,293263554197.000000,1347911.000000
497000,6,135623,0.800000,1.000000,0.582360,1.000000,0.000000,0,0.000000,496551.000000,1.000000,293263554197.000000,1347911.000000
497000,7,135663,0.800000,1.000000,0.585222,1.000000,0.000000,0,0.000000,496997.000000,1.000000,293263554197.000000,1347911.000000
497000,8,135665,0.800000,1.000000,0.729819,1.000000,0.000000,0,0.000000,496999.000000,1.000000,293263554197.000000,1347911.000000
497000,9,135664,0.800000,1.000000,0.596568,1.000000,0.000000,0,0.000000,496998.000000,1.000000,293263554197.000000,1347911.000000
497000,10,135656,0.800000,1.000000,0.556313,1.000000,0.000000,0,0.000000,496919.000000,1.000000,293263554197.000000,1347911.000000
497000,11,131497,0.800000,1.000000,0.567869,1.000000,0.000000,0,0.000000,382426.000000,1.000000,293263554197.000000,1347911.000000
497000,12,135659,0.800000,1.000000,0.668712,1.000000,0.000000,0,0.000000,496301.000000,1.000000,293263554197.000000,1347911.000000
497000,13,135665,0.800000,1.000000,0.678526,1.000000,0.000000,0,0.000000,496995.000000,1.000000,293263554197.000000,1347911.000000
497000,14,135657,0.800000,1.000000,0.675645,1.000000,0.000000,0,0.000000,496971.000000,1.000000,293263554197.000000,1347911.000000
497000,15,135472,0.800000,1.000000,0.691401,1.000000,0.000000,0,0.000000,468949.000000,1.000000,293263554197.000000,1347911.000000
498000,0,135922,0.800000,1.000000,0.670585,1.000000,0.000000,0,0.000000,497917.000000,1.000000,294445398887.000000,815263.000000
498000,1,135927,0.800000,1.000000,0.595093,1.000000,0.000000,0,0.000000,497997.000000,1.000000,294445398887.000000,815263.000000
498000,2,135872,0.800000,1.000000,0.676391,1.000000,0.000000,0,0.000000,497191.000000,1.000000,294445398887.000000,815263.000000
498000,3,135908,0.800000,1.000000,0.611562,1.000000,0.000000,0,0.000000,497346.000000,1.000000,294445398887.000000,815263.000000
498000,4,135924,0.800000,1.000000,0.651981,1.000000,0.000000,0,0.000000,497978.000000,1.000000,294445398887.000000,815263.000000
498000,5,135909,0.800000,1.000000,0.614392,1.000000,0.000000,0,0.000000,497791.000000,1.000000,294445398887.000000,815263.000000
498000,6,135927,0.800000,1.000000,0.578125,1.000000,0.000000,0,0.000000,497998.000000,1.000000,294445398887.000000,815263.000000
498000,7,135920,0.800000,1.000000,0.752384,1.000000,0.000000,0,0.000000,497969.000000,1.000000,294445398887.000000,815263.000000
498000,8,135923,0.800000,1.000000,0.672665,1.000000,0.000000,0,0.000000,497963.000000,1.000000,294445398887.000000,815263.000000
498000,9,135923,0.800000,1.000000,0.635197,1.000000,0.000000,0,0.000000,497966.000000,1.000000,294445398887.000000,815263.000000
498000,10,135927,0.800000,1.000000,0.691036,1.000000,0.000000,1,402875.000000,498000.000000,1.000000,294445398887.000000,815263.000000
498000,11,131817,0.800000,1.000000,0.654631,1.000000,0.000000,0,0.000000,382426.000000,1.000000,294445398887.000000,815263.000000
498000,12,135927,0.800000,1.000000,0.622944,1.000000,0.000000,0,0.000000,497994.000000,1.000000,294445398887.000000,815263.000000
498000,13,135915,0.800000,1.000000,0.638313,1.000000,0.000000,0,0.000000,497761.000000,1.000000,294445398887.000000,815263.000000
498000,14,135923,0.800000,1.000000,0.561410,1.000000,0.000000,0,0.000000,497961.000000,1.000000,294445398887.000000,815263.000000
498000,15,135791,0.800000,1.000000,0.636678,1.000000,0.000000,0,0.000000,468949.000000,1.000000,294445398887.000000,815263.000000
499000,0,136193,0.800000,1.000000,0.610580,1.000000,0.000000,1,403873.000000,499000.000000,1.000000,295634103852.000000,809223.000000
499000,1,136111,0.800000,1.000000,0.565201,1.000000,0.000000,0,0.000000,498006.000000,1.000000,295634103852.000000,809223.000000
499000,2,136192,0.800000,1.000000,0.636387,1.000000,0.000000,0,0.000000,498994.000000,1.000000,295634103852.000000,809223.000000
499000,3,136168,0.800000,1.000000,0.548800,1.000000,0.000000,0,0.000000,498307.000000,1.000000,295634103852.000000,809223.000000
499000,4,136184,0.800000,1.000000,0.569078,1.000000,0.000000,0,0.000000,498708.000000,1.000000,295634103852.000000,809223.000000
499000,5,136121,0.800000,1.000000,0.623479,1.000000,0.000000,0,0.000000,498368.000000,1.000000,295634103852.000000,809223.000000
499000,6,136190,0.800000,1.000000,0.621281,1.000000,0.000000,0,0.000000,498962.000000,1.000000,295634103852.000000,809223.000000
499000,7,136191,0.800000,1.000000,0.483831,1.000000,0.000000,0,0.000000,498911.000000,1.000000,295634103852.000000,809223.000000
499000,8,136193,0.800000,1.000000,0.721527,1.000000,0.000000,0,0.000000,498942.000000,1.000000,295634103852.000000,809223.000000
499000,9,136107,0.800000,1.000000,0.552801,1.000000,0.000000,0,0.000000,497966.000000,1.000000,295634103852.000000,809223.000000
499000,10,136190,0.800000,1.000000,0.583188,1.000000,0.000000,0,0.000000,498963.000000,1.000000,295634103852.000000,809223.000000
499000,11,132226,0.800000,1.000000,0.721787,1.000000,0.000000,0,0.000000,382426.000000,1.000000,295634103852.000000,809223.000000
499000,12,136189,0.800000,1.000000,0.711126,1.000000,0.000000,0,0.000000,498892.000000,1.000000,295634103852.000000,809223.000000
499000,13,136193,0.800000,1.000000,0.573697,1.000000,0.000000,0,0.000000,498987.000000,1.000000,295634103852.000000,809223.000000
499000,14,136194,0.800000,1.000000,0.672954,1.000000,0.000000,0,0.000000,498999.000000,1.000000,295634103852.000000,809223.000000
499000,15,136194,0.800000,1.000000,0.682868,1.000000,0.000000,0,0.000000,498998.000000,1.000000,295634103852.000000,809223.000000
500000,0,136380,0.800000,1.000000,0.756714,1.000000,0.000000,0,0.000000,499482.000000,1.000000,296791872862.000000,1364565.000000
500000,1,136457,0.800000,1.000000,0.601572,1.000000,0.000000,0,0.000000,499960.000000,1.000000,296791872862.000000,1364565.000000
500000,2,136457,0.800000,1.000000,0.797053,1.000000,0.000000,0,0.000000,499999.000000,1.000000,296791872862.000000,1364565.000000
500000,3,136309,0.800000,1.000000,0.646615,1.000000,0.000000,0,0.000000,499116.000000,1.000000,296791872862.000000,1364565.000000
500000,4,136448,0.800000,1.000000,0.576692,1.000000,0.000000,0,0.000000,499962.000000,1.000000,296791872862.000000,1364565.000000
500000,5,136456,0.800000,1.000000,0.553229,1.000000,0.000000,0,0.000000,499993.000000,1.000000,296791872862.000000,1364565.000000
500000,6,136457,0.800000,1.000000,0.576181,1.000000,0.000000,0,0.000000,499983.000000,1.000000,296791872862.000000,1364565.000000
500000,7,136457,0.800000,1.000000,0.612979,1.000000,0.000000,0,0.000000,499979.000000,1.000000,296791872862.000000,1364565.000000
500000,8,136457,0.800000,1.000000,0.665162,1.000000,0.000000,0,0.000000,499994.000000,1.000000,296791872862.000000,1364565.000000
500000,9,136443,0.800000,1.000000,0.481026,1.000000,0.000000,0,0.000000,499873.000000,1.000000,296791872862.000000,1364565.000000
500000,10,136432,0.800000,1.000000,0.646830,1.000000,0.000000,0,0.000000,499809.000000,1.000000,296791872862.000000,1364565.000000
500000,11,132541,0.800000,1.000000,0.641511,1.000000,0.000000,0,0.000000,382426.000000,1.000000,296791872862.000000,1364565.000000
500000,12,136456,0.800000,1.000000,0.571950,1.000000,0.000000,0,0.000000,499998.000000,1.000000,296791872862.000000,1364565.000000
500000,13,136434,0.800000,1.000000,0.493070,1.000000,0.000000,0,0.000000,499875.000000,1.000000,296791872862.000000,1364565.000000
500000,14,136451,0.800000,1.000000,0.683288,1.000000,0.000000,0,0.000000,499972.000000,1.000000,296791872862.000000,1364565.000000
500000,15,136457,0.800000,1.000000,0.578597,1.000000,0.000000,1,410749.000000,500000.000000,1.000000,296791872862.000000,1364565.000000
501000,0,136722,0.800000,1.000000,0.616746,1.000000,0.000000,0,0.000000,500895.000000,1.000000,298005686683.000000,1367261.000000
501000,1,136726,0.800000,1.000000,0.682305,1.000000,0.000000,0,0.000000,500778.000000,1.000000,298005686683.000000,1367261.000000
501000,2,136600,0.800000,1.000000,0.723387,1.000000,0.000000,0,0.000000,500534.000000,1.000000,298005686683.000000,1367261.000000
501000,3,136718,0.800000,1.000000,0.489733,1.000000,0.000000,0,0.000000,499116.000000,1.000000,298005686683.000000,1367261.000000
501000,4,136731,0.800000,1.000000,0.704306,1.000000,0.000000,0,0.000000,500870.000000,1.000000,298005686683.000000,1367261.000000
501000,5,136715,0.800000,1.000000,0.720964,1.000000,0.000000,0,0.000000,500947.000000,1.000000,298005686683.000000,1367261.000000
501000,6,136731,0.800000,1.000000,0.534283,1.000000,0.000000,0,0.000000,500984.000000,1.000000,298005686683.000000,1367261.000000
501000,7,136633,0.800000,1.000000,0.618737,1.000000,0.000000,0,0.000000,500641.000000,1.000000,298005686683.000000,1367261.000000
501000,8,136731,0.800000,1.000000,0.661566,1.000000,0.000000,0,0.000000,500995.000000,1.000000,298005686683.000000,1367261.000000
501000,9,136731,0.800000,1.000000,0.584874,1.000000,0.000000,0,0.000000,500997.000000,1.000000,298005686683.000000,1367261.000000
501000,10,136719,0.800000,1.000000,0.607971,1.000000,0.000000,0,0.000000,500929.000000,1.000000,298005686683.000000,1367261.000000
501000,11,132866,0.800000,1.000000,0.641331,1.000000,0.000000,0,0.000000,382426.000000,1.000000,298005686683.000000,1367261.000000
501000,12,136731,0.800000,1.000000,0.581613,1.000000,0.000000,0,0.000000,500990.000000,1.000000,298005686683.000000,1367261.000000
501000,13,136731,0.800000,1.000000,0.722641,1.000000,0.000000,0,0.000000,500999.000000,1.000000,298005686683.000000,1367261.000000
501000,14,136731,0.800000,1.000000,0.636394,1.000000,0.000000,1,401035.000000,501000.000000,1.000000,298005686683.000000,1367261.000000
501000,15,136729,0.800000,1.000000,0.543403,1.000000,0.000000,0,0.000000,500992.000000,1.000000,298005686683.000000,1367261.000000
502000,0,137015,0.800000,1.000000,0.606666,1.000000,0.000000,0,0.000000,501921.000000,1.000000,299295185705.000000,1369955.000000
502000,1,136978,0.800000,1.000000,0.448087,1.000000,0.000000,0,0.000000,501832.000000,1.000000,299295185705.000000,1369955.000000
502000,2,136904,0.800000,1.000000,0.699506,1.000000,0.000000,0,0.000000,500534.000000,1.000000,299295185705.000000,1369955.000000
502000,3,137014,0.800000,1.000000,0.709303,1.000000,0.000000,0,0.000000,501973.000000,1.000000,299295185705.000000,1369955.000000
502000,4,137019,0.800000,1.000000,0.653010,1.000000,0.000000,1,403220.000000,502000.000000,1.000000,299295185705.000000,1369955.000000
502000,5,137019,0.800000,1.000000,0.561343,1.000000,0.000000,0,0.000000,501943.000000,1.000000,299295185705.000000,1369955.000000
502000,6,137017,0.800000,1.000000,0.601271,1.000000,0.000000,0,0.000000,501469.000000,1.000000,299295185705.000000,1369955.000000
502000,7,136984,0.800000,1.000000,0.571635,1.000000,0.000000,0,0.000000,500641.000000,1.000000,299295185705.000000,1369955.000000
502000,8,137019,0.800000,1.000000,0.635341,1.000000,0.000000,0,0.000000,501992.000000,1.000000,299295185705.000000,1369955.000000
502000,9,137019,0.800000,1.000000,0.577637,1.000000,0.000000,0,0.000000,501984.000000,1.000000,299295185705.000000,1369955.000000
502000,10,137017,0.800000,1.000000,0.703605,1.000000,0.000000,0,0.000000,501989.000000,1.000000,299295185705.000000,1369955.000000
502000,11,133184,0.800000,1.000000,0.624445,1.000000,0.000000,0,0.000000,382426.000000,1.000000,299295185705.000000,1369955.000000
502000,12,137017,0.800000,1.000000,0.669599,1.000000,0.000000,0,0.000000,501985.000000,1.000000,299295185705.000000,1369955.000000
502000,13,137019,0.800000,1.000000,0.731276,1.000000,0.000000,0,0.000000,501998.000000,1.000000,299295185705.000000,1369955.000000
502000,14,137020,0.800000,1.000000,0.664587,1.000000,0.000000,0,0.000000,501999.000000,1.000000,299295185705.000000,1369955.000000
502000,15,137020,0.800000,1.000000,0.645652,1.000000,0.000000,0,0.000000,501977.000000,1.000000,299295185705.000000,1369955.000000
503000,0,137281,0.800000,1.000000,0.584060,1.000000,0.000000,0,0.000000,502727.000000,1.000000,300490086512.000000,549162.000000
503000,1,137300,0.800000,1.000000,0.677179,1.000000,0.000000,0,0.000000,502997.000000,1.000000,300490086512.000000,549162.000000
503000,2,137236,0.800000,1.000000,0.672504,1.000000,0.000000,0,0.000000,500534.000000,1.000000,300490086512.000000,549162.000000
503000,3,137246,0.800000,1.000000,0.643464,1.000000,0.000000,0,0.000000,501973.000000,1.000000,300490086512.000000,549162.000000
503000,4,137288,0.800000,1.000000,0.573633,1.000000,0.000000,0,0.000000,502651.000000,1.000000,300490086512.000000,549162.000000
503000,5,137296,0.800000,1.000000,0.702306,1.000000,0.000000,0,0.000000,502885.000000,1.000000,300490086512.000000,549162.000000
503000,6,137298,0.800000,1.000000,0.666553,1.000000,0.000000,0,0.000000,502991.000000,1.000000,300490086512.000000,549162.000000
503000,7,137300,0.800000,1.000000,0.632960,1.000000,0.000000,0,0.000000,502998.000000,1.000000,300490086512.000000,549162.000000
503000,8,137258,0.800000,1.000000,0.572839,1.000000,0.000000,0,0.000000,502660.000000,1.000000,300490086512.000000,549162.000000
503000,9,137301,0.800000,1.000000,0.579866,1.000000,0.000000,0,0.000000,502993.000000,1.000000,300490086512.000000,549162.000000
503000,10,137288,0.800000,1.000000,0.566098,1.000000,0.000000,0,0.000000,502038.000000,1.000000,300490086512.000000,549162.000000
503000,11,133419,0.800000,1.000000,0.641621,1.000000,0.000000,0,0.000000,382426.000000,1.000000,300490086512.000000,549162.000000
503000,12,137296,0.800000,1.000000,0.651200,1.000000,0.000000,0,0.000000,502979.000000,1.000000,300490086512.000000,549162.000000
503000,13,137298,0.800000,1.000000,0.655941,1.000000,0.000000,0,0.000000,502946.000000,1.000000,300490086512.000000,549162.000000
503000,14,137222,0.800000,1.000000,0.626989,1.000000,0.000000,0,0.000000,502670.000000,1.000000,300490086512.000000,549162.000000
503000,15,137301,0.800000,1.000000,0.584648,1.000000,0.000000,1,412973.000000,503000.000000,1.000000,300490086512.000000,549162.000000
504000,0,137560,0.800000,1.000000,0.611965,1.000000,0.000000,0,0.000000,503627.000000,1.000000,301752072260.000000,550296.000000
504000,1,137577,0.800000,1.000000,0.618406,1.000000,0.000000,0,0.000000,503994.000000,1.000000,301752072260.000000,550296.000000
504000,2,137572,0.800000,1.000000,0.570827,1.000000,0.000000,0,0.000000,503890.000000,1.000000,301752072260.000000,550296.000000
504000,3,137577,0.800000,1.000000,0.707985,1.000000,0.000000,0,0.000000,503997.000000,1.000000,301752072260.000000,550296.000000
504000,4,137573,0.800000,1.000000,0.730356,1.000000,0.000000,0,0.000000,502651.000000,1.000000,301752072260.000000,550296.000000
504000,5,137536,0.800000,1.000000,0.582029,1.000000,0.000000,0,0.000000,503357.000000,1.000000,301752072260.000000,550296.000000
504000,6,137576,0.800000,1.000000,0.538538,1.000000,0.000000,0,0.000000,503989.000000,1.000000,301752072260.000000,550296.000000
504000,7,137569,0.800000,1.000000,0.665874,1.000000,0.000000,0,0.000000,503884.000000,1.000000,301752072260.000000,550296.000000
504000,8,137517,0.800000,1.000000,0.646353,1.000000,0.000000,0,0.000000,503687.000000,1.000000,301752072260.000000,550296.000000
504000,9,137567,0.800000,1.000000,0.522310,1.000000,0.000000,0,0.000000,503935.000000,1.000000,301752072260.000000,550296.000000
504000,10,137577,0.800000,1.000000,0.563242,1.000000,0.000000,0,0.000000,503998.000000,1.000000,301752072260.000000,550296.000000
504000,11,133791,0.800000,1.000000,0.576932,1.000000,0.000000,0,0.000000,382426.000000,1.000000,301752072260.000000,550296.000000
504000,12,137571,0.800000,1.000000,0.564864,1.000000,0.000000,0,0.000000,503968.000000,1.000000,301752072260.000000,550296.000000
504000,13,137577,0.800000,1.000000,0.742060,1.000000,0.000000,1,405529.000000,504000.000000,1.000000,301752072260.000000,550296.000000
504000,14,137513,0.800000,1.000000,0.769767,1.000000,0.000000,0,0.000000,502670.000000,1.000000,301752072260.000000,550296.000000
504000,15,137577,0.800000,1.000000,0.731519,1.000000,0.000000,0,0.000000,503995.000000,1.000000,301752072260.000000,550296.000000
505000,0,137858,0.800000,1.000000,0.692362,1.000000,0.000000,0,0.000000,504998.000000,1.000000,302987635248.000000,1654260.000000
505000,1,137860,0.800000,1.000000,0.623563,1.000000,0.000000,0,0.000000,504887.000000,1.000000,302987635248.000000,1654260.000000
505000,2,137719,0.800000,1.000000,0.654253,1.000000,0.000000,0,0.000000,503890.000000,1.000000,302987635248.000000,1654260.000000
505000,3,137845,0.800000,1.000000,0.491923,1.000000,0.000000,0,0.000000,504760.000000,1.000000,302987635248.000000,1654260.000000
505000,4,137847,0.800000,1.000000,0.527855,1.000000,0.000000,0,0.000000,504944.000000,1.000000,302987635248.000000,1654260.000000
505000,5,137860,0.800000,1.000000,0.664575,1.000000,0.000000,0,0.000000,504999.000000,1.000000,302987635248.000000,1654260.000000
505000,6,137860,0.800000,1.000000,0.596746,1.000000,0.000000,1,427571.000000,505000.000000,1.000000,302987635248.000000,1654260.000000
505000,7,137853,0.800000,1.000000,0.600864,1.000000,0.000000,0,0.000000,504913.000000,1.000000,302987635248.000000,1654260.000000
505000,8,137848,0.800000,1.000000,0.511296,1.000000,0.000000,0,0.000000,504671.000000,1.000000,302987635248.000000,1654260.000000
505000,9,137860,0.800000,1.000000,0.562530,1.000000,0.000000,0,0.000000,504994.000000,1.000000,302987635248.000000,1654260.000000
505000,10,137856,0.800000,1.000000,0.694713,1.000000,0.000000,0,0.000000,504984.000000,1.000000,302987635248.000000,1654260.000000
505000,11,134147,0.800000,1.000000,0.565323,1.000000,0.000000,0,0.000000,382426.000000,1.000000,302987635248.000000,1654260.000000
505000,12,137855,0.800000,1.000000,0.598919,1.000000,0.000000,0,0.000000,504960.000000,1.000000,302987635248.000000,1654260.000000
505000,13,137849,0.800000,1.000000,0.531368,1.000000,0.000000,0,0.000000,504454.000000,1.000000,302987635248.000000,1654260.000000
505000,14,137766,0.800000,1.000000,0.675480,1.000000,0.000000,0,0.000000,504578.000000,1.000000,302987635248.000000,1654260.000000
505000,15,137843,0.800000,1.000000,0.518024,1.000000,0.000000,0,0.000000,504870.000000,1.000000,302987635248.000000,1654260.000000
506000,0,138105,0.800000,1.000000,0.500057,1.000000,0.000000,0,0.000000,505886.000000,1.000000,304220950304.000000,828689.000000
506000,1,138122,0.800000,1.000000,0.631181,1.000000,0.000000,0,0.000000,505900.000000,1.000000,304220950304.000000,828689.000000
506000,2,138061,0.800000,1.000000,0.657554,1.000000,0.000000,0,0.000000,503890.000000,1.000000,304220950304.000000,828689.000000
506000,3,138113,0.800000,1.000000,0.759552,1.000000,0.000000,0,0.000000,505449.000000,1.000000,304220950304.000000,828689.000000
506000,4,138040,0.800000,1.000000,0.581211,1.000000,0.000000,0,0.000000,505419.000000,1.000000,304220950304.000000,828689.000000
506000,5,138123,0.800000,1.000000,0.642276,1.000000,0.000000,1,407049.000000,506000.000000,1.000000,304220950304.000000,828689.000000
506000,6,138121,0.800000,1.000000,0.593387,1.000000,0.000000,0,0.000000,505764.000000,1.000000,304220950304.000000,828689.000000
506000,7,138122,0.800000,1.000000,0.639340,1.000000,0.000000,0,0.000000,505992.000000,1.000000,304220950304.000000,828689.000000
506000,8,138109,0.800000,1.000000,0.604167,1.000000,0.000000,0,0.000000,505588.000000,1.000000,304220950304.000000,828689.000000
506000,9,138124,0.800000,1.000000,0.724992,1.000000,0.000000,0,0.000000,505092.000000,1.000000,304220950304.000000,828689.000000
506000,10,138124,0.800000,1.000000,0.667460,1.000000,0.000000,0,0.000000,505989.000000,1.000000,304220950304.000000,828689.000000
506000,11,134550,0.800000,1.000000,0.602148,1.000000,0.000000,0,0.000000,382426.000000,1.000000,304220950304.000000,828689.000000
506000,12,138122,0.800000,1.000000,0.726837,1.000000,0.000000,0,0.000000,505919.000000,1.000000,304220950304.000000,828689.000000
506000,13,138123,0.800000,1.000000,0.665577,1.000000,0.000000,0,0.000000,505998.000000,1.000000,304220950304.000000,828689.000000
506000,14,138123,0.800000,1.000000,0.562866,1.000000,0.000000,0,0.000000,505963.000000,1.000000,304220950304.000000,828689.000000
506000,15,138124,0.800000,1.000000,0.672531,1.000000,0.000000,0,0.000000,505999.000000,1.000000,304220950304.000000,828689.000000
507000,0,138395,0.800000,1.000000,0.596644,1.000000,0.000000,0,0.000000,506751.000000,1.000000,305488226015.000000,1384063.000000
507000,1,138409,0.800000,1.000000,0.630572,1.000000,0.000000,0,0.000000,506997.000000,1.000000,305488226015.000000,1384063.000000
507000,2,138409,0.800000,1.000000,0.761126,1.000000,0.000000,1,422329.000000,507000.000000,1.000000,305488226015.000000,1384063.000000
507000,3,138409,0.800000,1.000000,0.571705,1.000000,0.000000,0,0.000000,506985.000000,1.000000,305488226015.000000,1384063.000000
507000,4,138373,0.800000,1.000000,0.519884,1.000000,0.000000,0,0.000000,505419.000000,1.000000,305488226015.000000,1384063.000000
507000,5,138312,0.800000,1.000000,0.584983,1.000000,0.000000,0,0.000000,506622.000000,1.000000,305488226015.000000,1384063.000000
507000,6,138397,0.800000,1.000000,0.660269,1.000000,0.000000,0,0.000000,506845.000000,1.000000,305488226015.000000,1384063.000000
507000,7,138409,0.800000,1.000000,0.607371,1.000000,0.000000,0,0.000000,506968.000000,1.000000,305488226015.000000,1384063.000000
507000,8,138410,0.800000,1.000000,0.737656,1.000000,0.000000,0,0.000000,506995.000000,1.000000,305488226015.000000,1384063.000000
507000,9,138410,0.800000,1.000000,0.702295,1.000000,0.000000,0,0.000000,506996.000000,1.000000,305488226015.000000,1384063.000000
507000,10,138400,0.800000,1.000000,0.687455,1.000000,0.000000,0,0.000000,506963.000000,1.000000,305488226015.000000,1384063.000000
507000,11,134855,0.800000,1.000000,0.620552,1.000000,0.000000,0,0.000000,382426.000000,1.000000,305488226015.000000,1384063.000000
507000,12,138387,0.800000,1.000000,0.611977,1.000000,0.000000,0,0.000000,506211.000000,1.000000,305488226015.000000,1384063.000000
507000,13,138410,0.800000,1.000000,0.710079,1.000000,0.000000,0,0.000000,506990.000000,1.000000,305488226015.000000,1384063.000000
507000,14,138409,0.800000,1.000000,0.563437,1.000000,0.000000,0,0.000000,506988.000000,1.000000,305488226015.000000,1384063.000000
507000,15,138403,0.800000,1.000000,0.617428,1.000000,0.000000,0,0.000000,506935.000000,1.000000,305488226015.000000,1384063.000000
508000,0,138688,0.800000,1.000000,0.683174,1.000000,0.000000,0,0.000000,507998.000000,1.000000,306714797197.000000,1934527.000000
508000,1,138685,0.800000,1.000000,0.568307,1.000000,0.000000,0,0.000000,507964.000000,1.000000,306714797197.000000,1934527.000000
508000,2,138646,0.800000,1.000000,0.570043,1.000000,0.000000,0,0.000000,507395.000000,1.000000,306714797197.000000,1934527.000000
508000,3,138675,0.800000,1.000000,0.622755,1.000000,0.000000,0,0.000000,507844.000000,1.000000,306714797197.000000,1934527.000000
508000,4,138688,0.800000,1.000000,0.688749,1.000000,0.000000,0,0.000000,507994.000000,1.000000,306714797197.000000,1934527.000000
508000,5,138575,0.800000,1.000000,0.539911,1.000000,0.000000,0,0.000000,506622.000000,1.000000,306714797197.000000,1934527.000000
508000,6,138672,0.800000,1.000000,0.560580,1.000000,0.000000,0,0.000000,507926.000000,1.000000,306714797197.000000,1934527.000000
508000,7,138688,0.800000,1.000000,0.710304,1.000000,0.000000,0,0.000000,507995.000000,1.000000,306714797197.000000,1934527.000000
508000,8,138640,0.800000,1.000000,0.654491,1.000000,0.000000,0,0.000000,507494.000000,1.000000,306714797197.000000,1934527.000000
508000,9,138631,0.800000,1.000000,0.635199,1.000000,0.000000,0,0.000000,507514.000000,1.000000,306714797197.000000,1934527.000000
508000,10,138689,0.800000,1.000000,0.587844,1.000000,0.000000,0,0.000000,507999.000000,1.000000,306714797197.000000,1934527.000000
508000,11,135211,0.800000,1.000000,0.711802,1.000000,0.000000,0,0.000000,382426.000000,1.000000,306714797197.000000,1934527.000000
508000,12,138689,0.800000,1.000000,0.649339,1.000000,0.000000,0,0.000000,507996.000000,1.000000,306714797197.000000,1934527.000000
508000,13,138689,0.800000,1.000000,0.654145,1.000000,0.000000,1,408375.000000,508000.000000,1.000000,306714797197.000000,1934527.000000
508000,14,138684,0.800000,1.000000,0.632781,1.000000,0.000000,0,0.000000,507951.000000,1.000000,306714797197.000000,1934527.000000
508000,15,138683,0.800000,1.000000,0.640235,1.000000,0.000000,0,0.000000,507596.000000,1.000000,306714797197.000000,1934527.000000
509000,0,138960,0.800000,1.000000,0.612372,1.000000,0.000000,0,0.000000,508929.000000,1.000000,307944362040.000000,555794.000000
509000,1,138961,0.800000,1.000000,0.597210,1.000000,0.000000,0,0.000000,508908.000000,1.000000,307944362040.000000,555794.000000
509000,2,138964,0.800000,1.000000,0.640058,1.000000,0.000000,0,0.000000,508995.000000,1.000000,307944362040.000000,555794.000000
509000,3,138955,0.800000,1.000000,0.621674,1.000000,0.000000,0,0.000000,508675.000000,1.000000,307944362040.000000,555794.000000
509000,4,138963,0.800000,1.000000,0.634028,1.000000,0.000000,0,0.000000,508962.000000,1.000000,307944362040.000000,555794.000000
509000,5,138943,0.800000,1.000000,0.621442,1.000000,0.000000,0,0.000000,506622.000000,1.000000,307944362040.000000,555794.000000
509000,6,138958,0.800000,1.000000,0.614284,1.000000,0.000000,0,0.000000,508879.000000,1.000000,307944362040.000000,555794.000000
509000,7,138964,0.800000,1.000000,0.757482,1.000000,0.000000,0,0.000000,508998.000000,1.000000,307944362040.000000,555794.000000
509000,8,138652,0.800000,1.000000,0.667362,1.000000,0.000000,0,0.000000,507494.000000,1.000000,307944362040.000000,555794.000000
509000,9,138964,0.800000,1.000000,0.731390,1.000000,0.000000,0,0.000000,508999.000000,1.000000,307944362040.000000,555794.000000
509000,10,138934,0.800000,1.000000,0.535947,1.000000,0.000000,0,0.000000,508798.000000,1.000000,307944362040.000000,555794.000000
509000,11,135624,0.800000,1.000000,0.782915,1.000000,0.000000,0,0.000000,382426.000000,1.000000,307944362040.000000,555794.000000
509000,12,138963,0.800000,1.000000,0.753065,1.000000,0.000000,0,0.000000,508987.000000,1.000000,307944362040.000000,555794.000000
509000,13,138937,0.800000,1.000000,0.613233,1.000000,0.000000,0,0.000000,508017.000000,1.000000,307944362040.000000,555794.000000
509000,14,138965,0.800000,1.000000,0.593894,1.000000,0.000000,1,407399.000000,509000.000000,1.000000,307944362040.000000,555794.000000
509000,15,138965,0.800000,1.000000,0.511421,1.000000,0.000000,0,0.000000,508976.000000,1.000000,307944362040.000000,555794.000000
510000,0,139251,0.800000,1.000000,0.633323,1.000000,0.000000,0,0.000000,509998.000000,1.000000,309183025521.000000,1113074.000000
510000,1,139252,0.800000,1.000000,0.757542,1.000000,0.000000,0,0.000000,509997.000000,1.000000,309183025521.000000,1113074.000000
510000,2,139221,0.800000,1.000000,0.640369,1.000000,0.000000,0,0.000000,509704.000000,1.000000,309183025521.000000,1113074.000000
510000,3,139248,0.800000,1.000000,0.567975,1.000000,0.000000,0,0.000000,509970.000000,1.000000,309183025521.000000,1113074.000000
510000,4,139227,0.800000,1.000000,0.582018,1.000000,0.000000,0,0.000000,509905.000000,1.000000,309183025521.000000,1113074.000000
510000,5,139215,0.800000,1.000000,0.732282,1.000000,0.000000,0,0.000000,509627.000000,1.000000,309183025521.000000,1113074.000000
510000,6,139249,0.800000,1.000000,0.670201,1.000000,0.000000,0,0.000000,509981.000000,1.000000,309183025521.000000,1113074.000000
510000,7,139197,0.800000,1.000000,0.675248,1.000000,0.000000,0,0.000000,509722.000000,1.000000,309183025521.000000,1113074.000000
510000,8,138824,0.800000,1.000000,0.705064,1.000000,0.000000,0,0.000000,507494.000000,1.000000,309183025521.000000,1113074.000000
510000,9,139248,0.800000,1.000000,0.629694,1.000000,0.000000,0,0.000000,509922.000000,1.000000,309183025521.000000,1113074.000000
510000,10,139251,0.800000,1.000000,0.669543,1.000000,0.000000,0,0.000000,509999.000000,1.000000,309183025521.000000,1113074.000000
510000,11,135964,0.800000,1.000000,0.632621,1.000000,0.000000,0,0.000000,382426.000000,1.000000,309183025521.000000,1113074.000000
510000,12,139232,0.800000,1.000000,0.687790,1.000000,0.000000,0,0.000000,509375.000000,1.000000,309183025521.000000,1113074.000000
510000,13,139252,0.800000,1.000000,0.707249,1.000000,0.000000,1,410022.000000,510000.000000,1.000000,309183025521.000000,1113074.000000
510000,14,139251,0.800000,1.000000,0.614368,1.000000,0.000000,0,0.000000,509875.000000,1.000000,309183025521.000000,1113074.000000
510000,15,139251,0.800000,1.000000,0.542792,1.000000,0.000000,0,0.000000,509960.000000,1.000000,309183025521.000000,1113074.000000
511000,0,139494,0.800000,1.000000,0.575993,1.000000,0.000000,0,0.000000,509998.000000,1.000000,310214000717.000000,1667036.000000
511000,1,139501,0.800000,1.000000,0.578376,1.000000,0.000000,0,0.000000,510156.000000,1.000000,310214000717.000000,1667036.000000
511000,2,139488,0.800000,1.000000,0.590242,1.000000,0.000000,0,0.000000,510606.000000,1.000000,310214000717.000000,1667036.000000
511000,3,139505,0.800000,1.000000,0.688586,1.000000,0.000000,0,0.000000,510986.000000,1.000000,310214000717.000000,1667036.000000
511000,4,139475,0.800000,1.000000,0.735453,1.000000,0.000000,0,0.000000,510875.000000,1.000000,310214000717.000000,1667036.000000
511000,5,139505,0.800000,1.000000,0.551046,1.000000,0.000000,0,0.000000,510951.000000,1.000000,310214000717.000000,1667036.000000
511000,6,139505,0.800000,1.000000,0.632755,1.000000,0.000000,0,0.000000,510975.000000,1.000000,310214000717.000000,1667036.000000
511000,7,139458,0.800000,1.000000,0.634542,1.000000,0.000000,0,0.000000,509722.000000,1.000000,310214000717.000000,1667036.000000
511000,8,138870,0.800000,1.000000,0.610673,1.000000,0.000000,0,0.000000,507494.000000,1.000000,310214000717.000000,1667036.000000
511000,9,139504,0.800000,1.000000,0.546713,1.000000,0.000000,0,0.000000,510955.000000,1.000000,310214000717.000000,1667036.000000
511000,10,139505,0.800000,1.000000,0.683610,1.000000,0.000000,0,0.000000,510997.000000,1.000000,310214000717.000000,1667036.000000
511000,11,136008,0.800000,1.000000,0.646964,1.000000,0.000000,0,0.000000,382426.000000,1.000000,310214000717.000000,1667036.000000
511000,12,139504,0.800000,1.000000,0.638645,1.000000,0.000000,0,0.000000,510980.000000,1.000000,310214000717.000000,1667036.000000
511000,13,139501,0.800000,1.000000,0.551286,1.000000,0.000000,0,0.000000,510978.000000,1.000000,310214000717.000000,1667036.000000
511000,14,139505,0.800000,1.000000,0.690526,1.000000,0.000000,1,408913.000000,511000.000000,1.000000,310214000717.000000,1667036.000000
511000,15,139505,0.800000,1.000000,0.680662,1.000000,0.000000,0,0.000000,510999.000000,1.000000,310214000717.000000,1667036.000000
512000,0,139773,0.800000,1.000000,0.488713,1.000000,0.000000,0,0.000000,511978.000000,1.000000,311351568325.000000,1118178.000000
512000,1,139774,0.800000,1.000000,0.621057,1.000000,0.000000,0,0.000000,511985.000000,1.000000,311351568325.000000,1118178.000000
512000,2,139736,0.800000,1.000000,0.621884,1.000000,0.000000,0,0.000000,511623.000000,1.000000,311351568325.000000,1118178.000000
512000,3,139742,0.800000,1.000000,0.621193,1.000000,0.000000,0,0.000000,511025.000000,1.000000,311351568325.000000,1118178.000000
512000,4,139748,0.800000,1.000000,0.688459,1.000000,0.000000,0,0.000000,510875.000000,1.000000,311351568325.000000,1118178.000000
512000,5,139772,0.800000,1.000000,0.613742,1.000000,0.000000,0,0.000000,511950.000000,1.000000,311351568325.000000,1118178.000000
512000,6,139775,0.800000,1.000000,0.719875,1.000000,0.000000,0,0.000000,511998.000000,1.000000,311351568325.000000,1118178.000000
512000,7,139776,0.800000,1.000000,0.767799,1.000000,0.000000,0,0.000000,511999.000000,1.000000,311351568325.000000,1118178.000000
512000,8,138870,0.800000,1.000000,0.610673,1.000000,0.000000,0,0.000000,507494.000000,1.000000,311351568325.000000,1118178.000000
512000,9,139774,0.800000,1.000000,0.655139,1.000000,0.000000,0,0.000000,511993.000000,1.000000,311351568325.000000,1118178.000000
512000,10,139767,0.800000,1.000000,0.576735,1.000000,0.000000,0,0.000000,511505.000000,1.000000,311351568325.000000,1118178.000000
512000,11,136352,0.800000,1.000000,0.539202,1.000000,0.000000,0,0.000000,382426.000000,1.000000,311351568325.000000,1118178.000000
512000,12,139776,0.800000,1.000000,0.707144,1.000000,0.000000,1,406306.000000,512000.000000,1.000000,311351568325.000000,1118178.000000
512000,13,139764,0.800000,1.000000,0.618602,1.000000,0.000000,0,0.000000,511751.000000,1.000000,311351568325.000000,1118178.000000
512000,14,139759,0.800000,1.000000,0.528690,1.000000,0.000000,0,0.000000,511556.000000,1.000000,311351568325.000000,1118178.000000
512000,15,139757,0.800000,1.000000,0.769448,1.000000,0.000000,0,0.000000,511794.000000,1.000000,311351568325.000000,1118178.000000
513000,0,140013,0.800000,1.000000,0.635356,1.000000,0.000000,0,0.000000,512534.000000,1.000000,312424482803.000000,280025.000000
513000,1,140019,0.800000,1.000000,0.674805,1.000000,0.000000,0,0.000000,512820.000000,1.000000,312424482803.000000,280025.000000
513000,2,139892,0.800000,1.000000,0.616409,1.000000,0.000000,0,0.000000,512258.000000,1.000000,312424482803.000000,280025.000000
513000,3,140030,0.800000,1.000000,0.695370,1.000000,0.000000,0,0.000000,512989.000000,1.000000,312424482803.000000,280025.000000
513000,4,140030,0.800000,1.000000,0.743521,1.000000,0.000000,0,0.000000,512999.000000,1.000000,312424482803.000000,280025.000000
513000,5,140030,0.800000,1.000000,0.678831,1.000000,0.000000,0,0.000000,512995.000000,1.000000,312424482803.000000,280025.000000
513000,6,140019,0.800000,1.000000,0.688087,1.000000,0.000000,0,0.000000,512891.000000,1.000000,312424482803.000000,280025.000000
513000,7,140030,0.800000,1.000000,0.600699,1.000000,0.000000,0,0.000000,512993.000000,1.000000,312424482803.000000,280025.000000
513000,8,138870,0.800000,1.000000,0.610673,1.000000,0.000000,0,0.000000,507494.000000,1.000000,312424482803.000000,280025.000000
513000,9,140013,0.800000,1.000000,0.646871,1.000000,0.000000,0,0.000000,512882.000000,1.000000,312424482803.000000,280025.000000
513000,10,139989,0.800000,1.000000,0.604435,1.000000,0.000000,0,0.000000,512273.000000,1.000000,312424482803.000000,280025.000000
513000,11,136734,0.800000,1.000000,0.627353,1.000000,0.000000,0,0.000000,382426.000000,1.000000,312424482803.000000,280025.000000
513000,12,140000,0.800000,1.000000,0.635428,1.000000,0.000000,0,0.000000,512800.000000,1.000000,312424482803.000000,280025.000000
513000,13,140030,0.800000,1.000000,0.626661,1.000000,0.000000,1,412595.000000,513000.000000,1.000000,312424482803.000000,280025.000000
513000,14,140029,0.800000,1.000000,0.559481,1.000000,0.000000,0,0.000000,512969.000000,1.000000,312424482803.000000,280025.000000
513000,15,140031,0.800000,1.000000,0.580700,1.000000,0.000000,0,0.000000,512998.000000,1.000000,312424482803.000000,280025.000000
514000,0,140299,0.800000,1.000000,0.711906,1.000000,0.000000,0,0.000000,513999.000000,1.000000,313606301476.000000,561196.000000
514000,1,140299,0.800000,1.000000,0.637837,1.000000,0.000000,1,415180.000000,514000.000000,1.000000,313606301476.000000,561196.000000
514000,2,140275,0.800000,1.000000,0.645990,1.000000,0.000000,0,0.000000,512258.000000,1.000000,313606301476.000000,561196.000000
514000,3,140288,0.800000,1.000000,0.755253,1.000000,0.000000,0,0.000000,513958.000000,1.000000,313606301476.000000,561196.000000
514000,4,140299,0.800000,1.000000,0.629884,1.000000,0.000000,0,0.000000,513966.000000,1.000000,313606301476.000000,561196.000000
514000,5,140298,0.800000,1.000000,0.684253,1.000000,0.000000,0,0.000000,513988.000000,1.000000,313606301476.000000,561196.000000
514000,6,140297,0.800000,1.000000,0.587182,1.000000,0.000000,0,0.000000,513990.000000,1.000000,313606301476.000000,561196.000000
514000,7,140298,0.800000,1.000000,0.740738,1.000000,0.000000,0,0.000000,513993.000000,1.000000,313606301476.000000,561196.000000
514000,8,138870,0.800000,1.000000,0.610673,1.000000,0.000000,0,0.000000,507494.000000,1.000000,313606301476.000000,561196.000000
514000,9,140278,0.800000,1.000000,0.621425,1.000000,0.000000,0,0.000000,513675.000000,1.000000,313606301476.000000,561196.000000
514000,10,140283,0.800000,1.000000,0.749656,1.000000,0.000000,0,0.000000,512273.000000,1.000000,313606301476.000000,561196.000000
514000,11,137022,0.800000,1.000000,0.610380,1.000000,0.000000,0,0.000000,382426.000000,1.000000,313606301476.000000,561196.000000
514000,12,140299,0.800000,1.000000,0.523893,1.000000,0.000000,0,0.000000,513926.000000,1.000000,313606301476.000000,561196.000000
514000,13,140300,0.800000,1.000000,0.686918,1.000000,0.000000,0,0.000000,513998.000000,1.000000,313606301476.000000,561196.000000
514000,14,140300,0.800000,1.000000,0.629637,1.000000,0.000000,0,0.000000,513992.000000,1.000000,313606301476.000000,561196.000000
514000,15,140277,0.800000,1.000000,0.675823,1.000000,0.000000,0,0.000000,513483.000000,1.000000,313606301476.000000,561196.000000
515000,0,140569,0.800000,1.000000,0.532315,1.000000,0.000000,0,0.000000,514893.000000,1.000000,314800268374.000000,1399385.000000
515000,1,140563,0.800000,1.000000,0.675037,1.000000,0.000000,0,0.000000,514827.000000,1.000000,314800268374.000000,1399385.000000
515000,2,140572,0.800000,1.000000,0.606805,1.000000,0.000000,0,0.000000,514994.000000,1.000000,314800268374.000000,1399385.000000
515000,3,140574,0.800000,1.000000,0.620709,1.000000,0.000000,0,0.000000,514957.000000,1.000000,314800268374.000000,1399385.000000
515000,4,140571,0.800000,1.000000,0.624197,1.000000,0.000000,0,0.000000,514857.000000,1.000000,314800268374.000000,1399385.000000
515000,5,140574,0.800000,1.000000,0.746110,1.000000,0.000000,0,0.000000,514999.000000,1.000000,314800268374.000000,1399385.000000
515000,6,140574,0.800000,1.000000,0.706932,1.000000,0.000000,0,0.000000,514995.000000,1.000000,314800268374.000000,1399385.000000
515000,7,140573,0.800000,1.000000,0.523938,1.000000,0.000000,0,0.000000,514988.000000,1.000000,314800268374.000000,1399385.000000
515000,8,138870,0.800000,1.000000,0.610673,1.000000,0.000000,0,0.000000,507494.000000,1.000000,314800268374.000000,1399385.000000
515000,9,140574,0.800000,1.000000,0.647358,1.000000,0.000000,0,0.000000,514997.000000,1.000000,314800268374.000000,1399385.000000
515000,10,140570,0.800000,1.000000,0.574250,1.000000,0.000000,0,0.000000,514807.000000,1.000000,314800268374.000000,1399385.000000
515000,11,137411,0.800000,1.000000,0.652956,1.000000,0.000000,0,0.000000,382426.000000,1.000000,314800268374.000000,1399385.000000
515000,12,140532,0.800000,1.000000,0.513724,1.000000,0.000000,0,0.000000,514658.000000,1.000000,314800268374.000000,1399385.000000
515000,13,140567,0.800000,1.000000,0.600582,1.000000,0.000000,0,0.000000,514848.000000,1.000000,314800268374.000000,1399385.000000
515000,14,140574,0.800000,1.000000,0.597961,1.000000,0.000000,0,0.000000,514980.000000,1.000000,314800268374.000000,1399385.000000
515000,15,140574,0.800000,1.000000,0.676455,1.000000,0.000000,1,421607.000000,515000.000000,1.000000,314800268374.000000,1399385.000000
516000,0,140818,0.800000,1.000000,0.517023,1.000000,0.000000,0,0.000000,515692.000000,1.000000,315992315341.000000,845133.000000
516000,1,140853,0.800000,1.000000,0.604784,1.000000,0.000000,0,0.000000,515957.000000,1.000000,315992315341.000000,845133.000000
516000,2,140858,0.800000,1.000000,0.662738,1.000000,0.000000,0,0.000000,515999.000000,1.000000,315992315341.000000,845133.000000
516000,3,140857,0.800000,1.000000,0.594729,1.000000,0.000000,0,0.000000,515989.000000,1.000000,315992315341.000000,845133.000000
516000,4,140850,0.800000,1.000000,0.576906,1.000000,0.000000,0,0.000000,515953.000000,1.000000,315992315341.000000,845133.000000
516000,5,140849,0.800000,1.000000,0.576818,1.000000,0.000000,0,0.000000,515805.000000,1.000000,315992315341.000000,845133.000000
516000,6,140856,0.800000,1.000000,0.535251,1.000000,0.000000,0,0.000000,515990.000000,1.000000,315992315341.000000,845133.000000
516000,7,140854,0.800000,1.000000,0.483615,1.000000,0.000000,0,0.000000,515930.000000,1.000000,315992315341.000000,845133.000000
516000,8,138870,0.800000,1.000000,0.610673,1.000000,0.000000,0,0.000000,507494.000000,1.000000,315992315341.000000,845133.000000
516000,9,140859,0.800000,1.000000,0.716954,1.000000,0.000000,1,410660.000000,516000.000000,1.000000,315992315341.000000,845133.000000
516000,10,140823,0.800000,1.000000,0.727793,1.000000,0.000000,0,0.000000,515739.000000,1.000000,315992315341.000000,845133.000000
516000,11,137731,0.800000,1.000000,0.628615,1.000000,0.000000,0,0.000000,382426.000000,1.000000,315992315341.000000,845133.000000
516000,12,140851,0.800000,1.000000,0.659883,1.000000,0.000000,0,0.000000,515373.000000,1.000000,315992315341.000000,845133.000000
516000,13,140857,0.800000,1.000000,0.605504,1.000000,0.000000,0,0.000000,515985.000000,1.000000,315992315341.000000,845133.000000
516000,14,140860,0.800000,1.000000,0.536399,1.000000,0.000000,0,0.000000,515998.000000,1.000000,315992315341.000000,845133.000000
516000,15,140839,0.800000,1.000000,0.670564,1.000000,0.000000,0,0.000000,515749.000000,1.000000,315992315341.000000,845133.000000
517000,0,140989,0.800000,1.000000,0.654947,1.000000,0.000000,0,0.000000,515692.000000,1.000000,317068839796.000000,564406.000000
517000,1,141115,0.800000,1.000000,0.668864,1.000000,0.000000,0,0.000000,516767.000000,1.000000,317068839796.000000,564406.000000
517000,2,141122,0.800000,1.000000,0.591051,1.000000,0.000000,0,0.000000,516975.000000,1.000000,317068839796.000000,564406.000000
517000,3,141117,0.800000,1.000000,0.740576,1.000000,0.000000,0,0.000000,516962.000000,1.000000,317068839796.000000,564406.000000
517000,4,141118,0.800000,1.000000,0.599472,1.000000,0.000000,0,0.000000,516724.000000,1.000000,317068839796.000000,564406.000000
517000,5,141080,0.800000,1.000000,0.747838,1.000000,0.000000,0,0.000000,515805.000000,1.000000,317068839796.000000,564406.000000
517000,6,141123,0.800000,1.000000,0.668205,1.000000,0.000000,0,0.000000,516988.000000,1.000000,317068839796.000000,564406.000000
517000,7,141107,0.800000,1.000000,0.674020,1.000000,0.000000,0,0.000000,516913.000000,1.000000,317068839796.000000,564406.000000
517000,8,138870,0.800000,1.000000,0.610673,1.000000,0.000000,0,0.000000,507494.000000,1.000000,317068839796.000000,564406.000000
517000,9,141123,0.800000,1.000000,0.776572,1.000000,0.000000,1,411209.000000,517000.000000,1.000000,317068839796.000000,564406.000000
517000,10,141048,0.800000,1.000000,0.694542,1.000000,0.000000,0,0.000000,515739.000000,1.000000,317068839796.000000,564406.000000
517000,11,138142,0.800000,1.000000,0.628527,1.000000,0.000000,0,0.000000,382426.000000,1.000000,317068839796.000000,564406.000000
517000,12,141118,0.800000,1.000000,0.766854,1.000000,0.000000,0,0.000000,516963.000000,1.000000,317068839796.000000,564406.000000
517000,13,141124,0.800000,1.000000,0.619364,1.000000,0.000000,0,0.000000,516994.000000,1.000000,317068839796.000000,564406.000000
517000,14,141123,0.800000,1.000000,0.541576,1.000000,0.000000,0,0.000000,516998.000000,1.000000,317068839796.000000,564406.000000
517000,15,140993,0.800000,1.000000,0.689116,1.000000,0.000000,0,0.000000,516381.000000,1.000000,317068839796.000000,564406.000000
518000,0,141352,0.800000,1.000000,0.674702,1.000000,0.000000,0,0.000000,515692.000000,1.000000,318165095295.000000,848303.000000
518000,1,141386,0.800000,1.000000,0.601217,1.000000,0.000000,1,418287.000000,518000.000000,1.000000,318165095295.000000,848303.000000
518000,2,141193,0.800000,1.000000,0.592723,1.000000,0.000000,0,0.000000,517147.000000,1.000000,318165095295.000000,848303.000000
518000,3,141387,0.800000,1.000000,0.705221,1.000000,0.000000,0,0.000000,517980.000000,1.000000,318165095295.000000,848303.000000
518000,4,141387,0.800000,1.000000,0.754007,1.000000,0.000000,0,0.000000,517999.000000,1.000000,318165095295.000000,848303.000000
518000,5,141383,0.800000,1.000000,0.718489,1.000000,0.000000,0,0.000000,517987.000000,1.000000,318165095295.000000,848303.000000
518000,6,141386,0.800000,1.000000,0.709527,1.000000,0.000000,0,0.000000,517967.000000,1.000000,318165095295.000000,848303.000000
518000,7,141385,0.800000,1.000000,0.649087,1.000000,0.000000,0,0.000000,517994.000000,1.000000,318165095295.000000,848303.000000
518000,8,138870,0.800000,1.000000,0.610673,1.000000,0.000000,0,0.000000,507494.000000,1.000000,318165095295.000000,848303.000000
518000,9,141379,0.800000,1.000000,0.700537,1.000000,0.000000,0,0.000000,517963.000000,1.000000,318165095295.000000,848303.000000
518000,10,141386,0.800000,1.000000,0.721646,1.000000,0.000000,0,0.000000,517997.000000,1.000000,318165095295.000000,848303.000000
518000,11,138524,0.800000,1.000000,0.745057,1.000000,0.000000,0,0.000000,382426.000000,1.000000,318165095295.000000,848303.000000
518000,12,141379,0.800000,1.000000,0.616473,1.000000,0.000000,0,0.000000,517941.000000,1.000000,318165095295.000000,848303.000000
518000,13,141342,0.800000,1.000000,0.616722,1.000000,0.000000,0,0.000000,517852.000000,1.000000,318165095295.000000,848303.000000
518000,14,141358,0.800000,1.000000,0.676404,1.000000,0.000000,0,0.000000,517555.000000,1.000000,318165095295.000000,848303.000000
518000,15,141104,0.800000,1.000000,0.584291,1.000000,0.000000,0,0.000000,516381.000000,1.000000,318165095295.000000,848303.000000
519000,0,141661,0.800000,1.000000,0.609665,1.000000,0.000000,0,0.000000,518995.000000,1.000000,319408774099.000000,566576.000000
519000,1,141651,0.800000,1.000000,0.627437,1.000000,0.000000,0,0.000000,518946.000000,1.000000,319408774099.000000,566576.000000
519000,2,141559,0.800000,1.000000,0.659139,1.000000,0.000000,0,0.000000,517147.000000,1.000000,319408774099.000000,566576.000000
519000,3,141653,0.800000,1.000000,0.574821,1.000000,0.000000,0,0.000000,518930.000000,1.000000,319408774099.000000,566576.000000
519000,4,141653,0.800000,1.000000,0.580889,1.000000,0.000000,0,0.000000,518950.000000,1.000000,319408774099.000000,566576.000000
519000,5,141661,0.800000,1.000000,0.739803,1.000000,0.000000,0,0.000000,518997.000000,1.000000,319408774099.000000,566576.000000
519000,6,141658,0.800000,1.000000,0.505060,1.000000,0.000000,0,0.000000,518987.000000,1.000000,319408774099.000000,566576.000000
519000,7,141661,0.800000,1.000000,0.668800,1.000000,0.000000,1,420080.000000,519000.000000,1.000000,319408774099.000000,566576.000000
519000,8,138870,0.800000,1.000000,0.610673,1.000000,0.000000,0,0.000000,507494.000000,1.000000,319408774099.000000,566576.000000
519000,9,141659,0.800000,1.000000,0.637314,1.000000,0.000000,0,0.000000,518980.000000,1.000000,319408774099.000000,566576.000000
519000,10,141661,0.800000,1.000000,0.729323,1.000000,0.000000,0,0.000000,518999.000000,1.000000,319408774099.000000,566576.000000
519000,11,138868,0.800000,1.000000,0.633662,1.000000,0.000000,0,0.000000,382426.000000,1.000000,319408774099.000000,566576.000000
519000,12,141654,0.800000,1.000000,0.649189,1.000000,0.000000,0,0.000000,518894.000000,1.000000,319408774099.000000,566576.000000
519000,13,141613,0.800000,1.000000,0.523152,1.000000,0.000000,0,0.000000,518574.000000,1.000000,319408774099.000000,566576.000000
519000,14,141631,0.800000,1.000000,0.489086,1.000000,0.000000,0,0.000000,518817.000000,1.000000,319408774099.000000,566576.000000
519000,15,141490,0.800000,1.000000,0.598639,1.000000,0.000000,0,0.000000,516381.000000,1.000000,319408774099.000000,566576.000000
520000,0,141906,0.800000,1.000000,0.632807,1.000000,0.000000,0,0.000000,519942.000000,1.000000,320569388682.000000,1135150.000000
520000,1,141912,0.800000,1.000000,0.633885,1.000000,0.000000,0,0.000000,519999.000000,1.000000,320569388682.000000,1135150.000000
520000,2,141895,0.800000,1.000000,0.599456,1.000000,0.000000,0,0.000000,517147.000000,1.000000,320569388682.000000,1135150.000000
520000,3,141912,0.800000,1.000000,0.606770,1.000000,0.000000,0,0.000000,519995.000000,1.000000,320569388682.000000,1135150.000000
520000,4,141907,0.800000,1.000000,0.530378,1.000000,0.000000,0,0.000000,519961.000000,1.000000,320569388682.000000,1135150.000000
520000,5,141912,0.800000,1.000000,0.660613,1.000000,0.000000,0,0.000000,519990.000000,1.000000,320569388682.000000,1135150.000000
520000,6,141911,0.800000,1.000000,0.596044,1.000000,0.000000,0,0.000000,519994.000000,1.000000,320569388682.000000,1135150.000000
520000,7,141908,0.800000,1.000000,0.568693,1.000000,0.000000,0,0.000000,519978.000000,1.000000,320569388682.000000,1135150.000000
520000,8,138870,0.800000,1.000000,0.610673,1.000000,0.000000,0,0.000000,507494.000000,1.000000,320569388682.000000,1135150.000000
520000,9,141912,0.800000,1.000000,0.719600,1.000000,0.000000,0,0.000000,519997.000000,1.000000,320569388682.000000,1135150.000000
520000,10,141823,0.800000,1.000000,0.497493,1.000000,0.000000,0,0.000000,519130.000000,1.000000,320569388682.000000,1135150.000000
520000,11,139261,0.800000,1.000000,0.598038,1.000000,0.000000,0,0.000000,382426.000000,1.000000,320569388682.000000,1135150.000000
520000,12,141912,0.800000,1.000000,0.681018,1.000000,0.000000,1,412453.000000,520000.000000,1.000000,320569388682.000000,1135150.000000
520000,13,141910,0.800000,1.000000,0.518879,1.000000,0.000000,0,0.000000,519966.000000,1.000000,320569388682.000000,1135150.000000
520000,14,141884,0.800000,1.000000,0.559468,1.000000,0.000000,0,0.000000,518817.000000,1.000000,320569388682.000000,1135150.000000
520000,15,141869,0.800000,1.000000,0.646956,1.000000,0.000000,0,0.000000,516381.000000,1.000000,320569388682.000000,1135150.000000
521000,0,142165,0.800000,1.000000,0.580571,1.000000,0.000000,0,0.000000,520927.000000,1.000000,321663752369.000000,1137132.000000
521000,1,142091,0.800000,1.000000,0.572806,1.000000,0.000000,0,0.000000,520225.000000,1.000000,321663752369.000000,1137132.000000
521000,2,142171,0.800000,1.000000,0.580338,1.000000,0.000000,0,0.000000,520969.000000,1.000000,321663752369.000000,1137132.000000
521000,3,142171,0.800000,1.000000,0.706391,1.000000,0.000000,1,422440.000000,521000.000000,1.000000,321663752369.000000,1137132.000000
521000,4,142167,0.800000,1.000000,0.620375,1.000000,0.000000,0,0.000000,520964.000000,1.000000,321663752369.000000,1137132.000000
521000,5,142166,0.800000,1.000000,0.640847,1.000000,0.000000,0,0.000000,520932.000000,1.000000,321663752369.000000,1137132.000000
521000,6,142117,0.800000,1.000000,0.689459,1.000000,0.000000,0,0.000000,520642.000000,1.000000,321663752369.000000,1137132.000000
521000,7,142168,0.800000,1.000000,0.607134,1.000000,0.000000,0,0.000000,520992.000000,1.000000,321663752369.000000,1137132.000000
521000,8,138870,0.800000,1.000000,0.610673,1.000000,0.000000,0,0.000000,507494.000000,1.000000,321663752369.000000,1137132.000000
521000,9,142060,0.800000,1.000000,0.465510,1.000000,0.000000,0,0.000000,520525.000000,1.000000,321663752369.000000,1137132.000000
521000,10,142167,0.800000,1.000000,0.602597,1.000000,0.000000,0,0.000000,520945.000000,1.000000,321663752369.000000,1137132.000000
521000,11,139605,0.800000,1.000000,0.705100,1.000000,0.000000,0,0.000000,382426.000000,1.000000,321663752369.000000,1137132.000000
521000,12,142141,0.800000,1.000000,0.704636,1.000000,0.000000,0,0.000000,520660.000000,1.000000,321663752369.000000,1137132.000000
521000,13,142162,0.800000,1.000000,0.594193,1.000000,0.000000,0,0.000000,520891.000000,1.000000,321663752369.000000,1137132.000000
521000,14,142170,0.800000,1.000000,0.562274,1.000000,0.000000,0,0.000000,520993.000000,1.000000,321663752369.000000,1137132.000000
521000,15,142172,0.800000,1.000000,0.767216,1.000000,0.000000,0,0.000000,520999.000000,1.000000,321663752369.000000,1137132.000000
522000,0,142429,0.800000,1.000000,0.710771,1.000000,0.000000,0,0.000000,521993.000000,1.000000,322790785612.000000,1423371.000000
522000,1,142355,0.800000,1.000000,0.500226,1.000000,0.000000,0,0.000000,520225.000000,1.000000,322790785612.000000,1423371.000000
522000,2,142429,0.800000,1.000000,0.707999,1.000000,0.000000,0,0.000000,521998.000000,1.000000,322790785612.000000,1423371.000000
522000,3,142424,0.800000,1.000000,0.686325,1.000000,0.000000,0,0.000000,521978.000000,1.000000,322790785612.000000,1423371.000000
522000,4,142186,0.800000,1.000000,0.613630,1.000000,0.000000,0,0.000000,520964.000000,1.000000,322790785612.000000,1423371.000000
522000,5,142428,0.800000,1.000000,0.473603,1.000000,0.000000,0,0.000000,521970.000000,1.000000,322790785612.000000,1423371.000000
522000,6,142314,0.800000,1.000000,0.493577,1.000000,0.000000,0,0.000000,520642.000000,1.000000,322790785612.000000,1423371.000000
522000,7,142414,0.800000,1.000000,0.521185,1.000000,0.000000,0,0.000000,521085.000000,1.000000,322790785612.000000,1423371.000000
522000,8,139141,0.800000,1.000000,0.687831,1.000000,0.000000,0,0.000000,507494.000000,1.000000,322790785612.000000,1423371.000000
522000,9,142349,0.800000,1.000000,0.660093,1.000000,0.000000,0,0.000000,520525.000000,1.000000,322790785612.000000,1423371.000000
522000,10,142429,0.800000,1.000000,0.673155,1.000000,0.000000,1,420662.000000,522000.000000,1.000000,322790785612.000000,1423371.000000
522000,11,139949,0.800000,1.000000,0.691890,1.000000,0.000000,0,0.000000,382426.000000,1.000000,322790785612.000000,1423371.000000
522000,12,142404,0.800000,1.000000,0.705062,1.000000,0.000000,0,0.000000,521826.000000,1.000000,322790785612.000000,1423371.000000
522000,13,142429,0.800000,1.000000,0.590186,1.000000,0.000000,0,0.000000,521997.000000,1.000000,322790785612.000000,1423371.000000
522000,14,142426,0.800000,1.000000,0.760453,1.000000,0.000000,0,0.000000,521984.000000,1.000000,322790785612.000000,1423371.000000
522000,15,142430,0.800000,1.000000,0.679168,1.000000,0.000000,0,0.000000,521999.000000,1.000000,322790785612.000000,1423371.000000
523000,0,142700,0.800000,1.000000,0.572935,1.000000,0.000000,0,0.000000,522994.000000,1.000000,324149141267.000000,1141064.000000
523000,1,142693,0.800000,1.000000,0.637318,1.000000,0.000000,0,0.000000,522954.000000,1.000000,324149141267.000000,1141064.000000
523000,2,142700,0.800000,1.000000,0.711329,1.000000,0.000000,0,0.000000,522996.000000,1.000000,324149141267.000000,1141064.000000
523000,3,142678,0.800000,1.000000,0.579727,1.000000,0.000000,0,0.000000,522857.000000,1.000000,324149141267.000000,1141064.000000
523000,4,142499,0.800000,1.000000,0.720053,1.000000,0.000000,0,0.000000,520964.000000,1.000000,324149141267.000000,1141064.000000
523000,5,142701,0.800000,1.000000,0.567449,1.000000,0.000000,1,420686.000000,523000.000000,1.000000,324149141267.000000,1141064.000000
523000,6,142631,0.800000,1.000000,0.604025,1.000000,0.000000,0,0.000000,520642.000000,1.000000,324149141267.000000,1141064.000000
523000,7,142643,0.800000,1.000000,0.596962,1.000000,0.000000,0,0.000000,522787.000000,1.000000,324149141267.000000,1141064.000000
523000,8,139587,0.800000,1.000000,0.662524,1.000000,0.000000,0,0.000000,507494.000000,1.000000,324149141267.000000,1141064.000000
523000,9,142702,0.800000,1.000000,0.577988,1.000000,0.000000,0,0.000000,522991.000000,1.000000,324149141267.000000,1141064.000000
523000,10,142692,0.800000,1.000000,0.718860,1.000000,0.000000,0,0.000000,522939.000000,1.000000,324149141267.000000,1141064.000000
523000,11,140298,0.800000,1.000000,0.689100,1.000000,0.000000,0,0.000000,382426.000000,1.000000,324149141267.000000,1141064.000000
523000,12,142692,0.800000,1.000000,0.585919,1.000000,0.000000,0,0.000000,522451.000000,1.000000,324149141267.000000,1141064.000000
523000,13,142697,0.800000,1.000000,0.687274,1.000000,0.000000,0,0.000000,522983.000000,1.000000,324149141267.000000,1141064.000000
523000,14,142702,0.800000,1.000000,0.638684,1.000000,0.000000,0,0.000000,522998.000000,1.000000,324149141267.000000,1141064.000000
523000,15,142702,0.800000,1.000000,0.757421,1.000000,0.000000,0,0.000000,522999.000000,1.000000,324149141267.000000,1141064.000000
524000,0,142948,0.800000,1.000000,0.535804,1.000000,0.000000,0,0.000000,523901.000000,1.000000,325460117147.000000,1429367.000000
524000,1,142970,0.800000,1.000000,0.674897,1.000000,0.000000,0,0.000000,523998.000000,1.000000,325460117147.000000,1429367.000000
524000,2,142970,0.800000,1.000000,0.511121,1.000000,0.000000,0,0.000000,523969.000000,1.000000,325460117147.000000,1429367.000000
524000,3,142968,0.800000,1.000000,0.679158,1.000000,0.000000,0,0.000000,523970.000000,1.000000,325460117147.000000,1429367.000000
524000,4,142835,0.800000,1.000000,0.672631,1.000000,0.000000,0,0.000000,520964.000000,1.000000,325460117147.000000,1429367.000000
524000,5,142951,0.800000,1.000000,0.555591,1.000000,0.000000,0,0.000000,523860.000000,1.000000,325460117147.000000,1429367.000000
524000,6,142971,0.800000,1.000000,0.687770,1.000000,0.000000,0,0.000000,523999.000000,1.000000,325460117147.000000,1429367.000000
524000,7,142954,0.800000,1.000000,0.644110,1.000000,0.000000,0,0.000000,523628.000000,1.000000,325460117147.000000,1429367.000000
524000,8,139859,0.800000,1.000000,0.632969,1.000000,0.000000,0,0.000000,507494.000000,1.000000,325460117147.000000,1429367.000000
524000,9,142961,0.800000,1.000000,0.657548,1.000000,0.000000,0,0.000000,523129.000000,1.000000,325460117147.000000,1429367.000000
524000,10,142971,0.800000,1.000000,0.625385,1.000000,0.000000,1,422370.000000,524000.000000,1.000000,325460117147.000000,1429367.000000
524000,11,140682,0.800000,1.000000,0.669190,1.000000,0.000000,0,0.000000,382426.000000,1.000000,325460117147.000000,1429367.000000
524000,12,142970,0.800000,1.000000,0.665219,1.000000,0.000000,0,0.000000,523992.000000,1.000000,325460117147.000000,1429367.000000
524000,13,142972,0.800000,1.000000,0.569812,1.000000,0.000000,0,0.000000,523995.000000,1.000000,325460117147.000000,1429367.000000
524000,14,142968,0.800000,1.000000,0.503161,1.000000,0.000000,0,0.000000,523982.000000,1.000000,325460117147.000000,1429367.000000
524000,15,142969,0.800000,1.000000,0.606057,1.000000,0.000000,0,0.000000,523943.000000,1.000000,325460117147.000000,1429367.000000
525000,0,143187,0.800000,1.000000,0.575598,1.000000,0.000000,0,0.000000,524628.000000,1.000000,326764529517.000000,1145802.000000
525000,1,143241,0.800000,1.000000,0.573639,1.000000,0.000000,0,0.000000,524990.000000,1.000000,326764529517.000000,1145802.000000
525000,2,143241,0.800000,1.000000,0.628807,1.000000,0.000000,0,0.000000,524997.000000,1.000000,326764529517.000000,1145802.000000
525000,3,143241,0.800000,1.000000,0.681156,1.000000,0.000000,1,425428.000000,525000.000000,1.000000,326764529517.000000,1145802.000000
525000,4,143188,0.800000,1.000000,0.655999,1.000000,0.000000,0,0.000000,520964.000000,1.000000,326764529517.000000,1145802.000000
525000,5,143234,0.800000,1.000000,0.461101,1.000000,0.000000,0,0.000000,524963.000000,1.000000,326764529517.000000,1145802.000000
525000,6,143241,0.800000,1.000000,0.691951,1.000000,0.000000,0,0.000000,524995.000000,1.000000,326764529517.000000,1145802.000000
525000,7,143242,0.800000,1.000000,0.547385,1.000000,0.000000,0,0.000000,524987.000000,1.000000,326764529517.000000,1145802.000000
525000,8,140228,0.800000,1.000000,0.636202,1.000000,0.000000,0,0.000000,507494.000000,1.000000,326764529517.000000,1145802.000000
525000,9,143208,0.800000,1.000000,0.690207,1.000000,0.000000,0,0.000000,524823.000000,1.000000,326764529517.000000,1145802.000000
525000,10,143241,0.800000,1.000000,0.714970,1.000000,0.000000,0,0.000000,524999.000000,1.000000,326764529517.000000,1145802.000000
525000,11,141079,0.800000,1.000000,0.522846,1.000000,0.000000,0,0.000000,382426.000000,1.000000,326764529517.000000,1145802.000000
525000,12,143232,0.800000,1.000000,0.685080,1.000000,0.000000,0,0.000000,524866.000000,1.000000,326764529517.000000,1145802.000000
525000,13,143233,0.800000,1.000000,0.616272,1.000000,0.000000,0,0.000000,524952.000000,1.000000,326764529517.000000,1145802.000000
525000,14,143214,0.800000,1.000000,0.731773,1.000000,0.000000,0,0.000000,524892.000000,1.000000,326764529517.000000,1145802.000000
525000,15,143241,0.800000,1.000000,0.669694,1.000000,0.000000,0,0.000000,524998.000000,1.000000,326764529517.000000,1145802.000000
526000,0,143471,0.800000,1.000000,0.679460,1.000000,0.000000,0,0.000000,525758.000000,1.000000,328123471115.000000,1435281.000000
526000,1,143534,0.800000,1.000000,0.625025,1.000000,0.000000,0,0.000000,525993.000000,1.000000,328123471115.000000,1435281.000000
526000,2,143523,0.800000,1.000000,0.600080,1.000000,0.000000,0,0.000000,525272.000000,1.000000,328123471115.000000,1435281.000000
526000,3,143531,0.800000,1.000000,0.618946,1.000000,0.000000,0,0.000000,525966.000000,1.000000,328123471115.000000,1435281.000000
526000,4,143533,0.800000,1.000000,0.698728,1.000000,0.000000,0,0.000000,525999.000000,1.000000,328123471115.000000,1435281.000000
526000,5,143528,0.800000,1.000000,0.602427,1.000000,0.000000,0,0.000000,525949.000000,1.000000,328123471115.000000,1435281.000000
526000,6,143534,0.800000,1.000000,0.633573,1.000000,0.000000,0,0.000000,525998.000000,1.000000,328123471115.000000,1435281.000000
526000,7,143525,0.800000,1.000000,0.620046,1.000000,0.000000,0,0.000000,525903.000000,1.000000,328123471115.000000,1435281.000000
526000,8,140571,0.800000,1.000000,0.667347,1.000000,0.000000,0,0.000000,507494.000000,1.000000,328123471115.000000,1435281.000000
526000,9,143533,0.800000,1.000000,0.630425,1.000000,0.000000,0,0.000000,525994.000000,1.000000,328123471115.000000,1435281.000000
526000,10,143534,0.800000,1.000000,0.637081,1.000000,0.000000,1,423796.000000,526000.000000,1.000000,328123471115.000000,1435281.000000
526000,11,141329,0.800000,1.000000,0.643470,1.000000,0.000000,0,0.000000,382426.000000,1.000000,328123471115.000000,1435281.000000
526000,12,143521,0.800000,1.000000,0.538831,1.000000,0.000000,0,0.000000,525905.000000,1.000000,328123471115.000000,1435281.000000
526000,13,143534,0.800000,1.000000,0.787014,1.000000,0.000000,0,0.000000,525996.000000,1.000000,328123471115.000000,1435281.000000
526000,14,143515,0.800000,1.000000,0.614237,1.000000,0.000000,0,0.000000,525740.000000,1.000000,328123471115.000000,1435281.000000
526000,15,143525,0.800000,1.000000,0.701994,1.000000,0.000000,0,0.000000,525944.000000,1.000000,328123471115.000000,1435281.000000
527000,0,143663,0.800000,1.000000,0.810879,1.000000,0.000000,0,0.000000,525758.000000,1.000000,329296399537.000000,1721098.000000
527000,1,143814,0.800000,1.000000,0.551515,1.000000,0.000000,1,425814.000000,527000.000000,1.000000,329296399537.000000,1721098.000000
527000,2,143801,0.800000,1.000000,0.692797,1.000000,0.000000,0,0.000000,526152.000000,1.000000,329296399537.000000,1721098.000000
527000,3,143727,0.800000,1.000000,0.605977,1.000000,0.000000,0,0.000000,526011.000000,1.000000,329296399537.000000,1721098.000000
527000,4,143815,0.800000,1.000000,0.691899,1.000000,0.000000,0,0.000000,526999.000000,1.000000,329296399537.000000,1721098.000000
527000,5,143773,0.800000,1.000000,0.755234,1.000000,0.000000,0,0.000000,526770.000000,1.000000,329296399537.000000,1721098.000000
527000,6,143815,0.800000,1.000000,0.644998,1.000000,0.000000,0,0.000000,526995.000000,1.000000,329296399537.000000,1721098.000000
527000,7,143775,0.800000,1.000000,0.611771,1.000000,0.000000,0,0.000000,526809.000000,1.000000,329296399537.000000,1721098.000000
527000,8,140759,0.800000,1.000000,0.657196,1.000000,0.000000,0,0.000000,507494.000000,1.000000,329296399537.000000,1721098.000000
527000,9,143781,0.800000,1.000000,0.579663,1.000000,0.000000,0,0.000000,526749.000000,1.000000,329296399537.000000,1721098.000000
527000,10,143815,0.800000,1.000000,0.652776,1.000000,0.000000,0,0.000000,526997.000000,1.000000,329296399537.000000,1721098.000000
527000,11,141571,0.800000,1.000000,0.688403,1.000000,0.000000,0,0.000000,382426.000000,1.000000,329296399537.000000,1721098.000000
527000,12,143815,0.800000,1.000000,0.727894,1.000000,0.000000,0,0.000000,526998.000000,1.000000,329296399537.000000,1721098.000000
527000,13,143814,0.800000,1.000000,0.718219,1.000000,0.000000,0,0.000000,526892.000000,1.000000,329296399537.000000,1721098.000000
527000,14,143815,0.800000,1.000000,0.646190,1.000000,0.000000,0,0.000000,526994.000000,1.000000,329296399537.000000,1721098.000000
527000,15,143778,0.800000,1.000000,0.787507,1.000000,0.000000,0,0.000000,526590.000000,1.000000,329296399537.000000,1721098.000000
528000,0,143836,0.800000,1.000000,0.675629,1.000000,0.000000,0,0.000000,525758.000000,1.000000,330510883478.000000,2592703.000000
528000,1,144061,0.800000,1.000000,0.582449,1.000000,0.000000,0,0.000000,527942.000000,1.000000,330510883478.000000,2592703.000000
528000,2,144072,0.800000,1.000000,0.630969,1.000000,0.000000,0,0.000000,527989.000000,1.000000,330510883478.000000,2592703.000000
528000,3,144037,0.800000,1.000000,0.661204,1.000000,0.000000,0,0.000000,527638.000000,1.000000,330510883478.000000,2592703.000000
528000,4,144037,0.800000,1.000000,0.531648,1.000000,0.000000,0,0.000000,527872.000000,1.000000,330510883478.000000,2592703.000000
528000,5,144074,0.800000,1.000000,0.651222,1.000000,0.000000,0,0.000000,527991.000000,1.000000,330510883478.000000,2592703.000000
528000,6,144074,0.800000,1.000000,0.681067,1.000000,0.000000,0,0.000000,527998.000000,1.000000,330510883478.000000,2592703.000000
528000,7,144074,0.800000,1.000000,0.688708,1.000000,0.000000,0,0.000000,527996.000000,1.000000,330510883478.000000,2592703.000000
528000,8,140972,0.800000,1.000000,0.609302,1.000000,0.000000,0,0.000000,507494.000000,1.000000,330510883478.000000,2592703.000000
528000,9,144074,0.800000,1.000000,0.698072,1.000000,0.000000,1,420356.000000,528000.000000,1.000000,330510883478.000000,2592703.000000
528000,10,144075,0.800000,1.000000,0.758198,1.000000,0.000000,0,0.000000,527997.000000,1.000000,330510883478.000000,2592703.000000
528000,11,141914,0.800000,1.000000,0.666965,1.000000,0.000000,0,0.000000,382426.000000,1.000000,330510883478.000000,2592703.000000
528000,12,144073,0.800000,1.000000,0.644516,1.000000,0.000000,0,0.000000,527988.000000,1.000000,330510883478.000000,2592703.000000
528000,13,144052,0.800000,1.000000,0.716659,1.000000,0.000000,0,0.000000,527166.000000,1.000000,330510883478.000000,2592703.000000
528000,14,144074,0.800000,1.000000,0.626509,1.000000,0.000000,0,0.000000,527999.000000,1.000000,330510883478.000000,2592703.000000
528000,15,144061,0.800000,1.000000,0.683189,1.000000,0.000000,0,0.000000,527706.000000,1.000000,330510883478.000000,2592703.000000
529000,0,144145,0.800000,1.000000,0.642450,1.000000,0.000000,0,0.000000,525758.000000,1.000000,331706666291.000000,1438927.000000
529000,1,144333,0.800000,1.000000,0.723287,1.000000,0.000000,1,427407.000000,529000.000000,1.000000,331706666291.000000,1438927.000000
529000,2,144271,0.800000,1.000000,0.644092,1.000000,0.000000,0,0.000000,528698.000000,1.000000,331706666291.000000,1438927.000000
529000,3,144314,0.800000,1.000000,0.644390,1.000000,0.000000,0,0.000000,527638.000000,1.000000,331706666291.000000,1438927.000000
529000,4,144326,0.800000,1.000000,0.672199,1.000000,0.000000,0,0.000000,528952.000000,1.000000,331706666291.000000,1438927.000000
529000,5,144332,0.800000,1.000000,0.500440,1.000000,0.000000,0,0.000000,528986.000000,1.000000,331706666291.000000,1438927.000000
529000,6,144329,0.800000,1.000000,0.604483,1.000000,0.000000,0,0.000000,528974.000000,1.000000,331706666291.000000,1438927.000000
529000,7,144334,0.800000,1.000000,0.741406,1.000000,0.000000,0,0.000000,528999.000000,1.000000,331706666291.000000,1438927.000000
529000,8,141273,0.800000,1.000000,0.705836,1.000000,0.000000,0,0.000000,507494.000000,1.000000,331706666291.000000,1438927.000000
529000,9,144333,0.800000,1.000000,0.572878,1.000000,0.000000,0,0.000000,528998.000000,1.000000,331706666291.000000,1438927.000000
529000,10,144318,0.800000,1.000000,0.682946,1.000000,0.000000,0,0.000000,528721.000000,1.000000,331706666291.000000,1438927.000000
529000,11,142159,0.800000,1.000000,0.680707,1.000000,0.000000,0,0.000000,382426.000000,1.000000,331706666291.000000,1438927.000000
529000,12,144308,0.800000,1.000000,0.580543,1.000000,0.000000,0,0.000000,528872.000000,1.000000,331706666291.000000,1438927.000000
529000,13,144326,0.800000,1.000000,0.683305,1.000000,0.000000,0,0.000000,527166.000000,1.000000,331706666291.000000,1438927.000000
529000,14,144334,0.800000,1.000000,0.654462,1.000000,0.000000,0,0.000000,528992.000000,1.000000,331706666291.000000,1438927.000000
529000,15,144282,0.800000,1.000000,0.497997,1.000000,0.000000,0,0.000000,528584.000000,1.000000,331706666291.000000,1438927.000000
530000,0,144504,0.800000,1.000000,0.740513,1.000000,0.000000,0,0.000000,525758.000000,1.000000,333012940466.000000,1150856.000000
530000,1,144588,0.800000,1.000000,0.549404,1.000000,0.000000,0,0.000000,529907.000000,1.000000,333012940466.000000,1150856.000000
530000,2,144593,0.800000,1.000000,0.618312,1.000000,0.000000,0,0.000000,529993.000000,1.000000,333012940466.000000,1150856.000000
530000,3,144593,0.800000,1.000000,0.772973,1.000000,0.000000,0,0.000000,529999.000000,1.000000,333012940466.000000,1150856.000000
530000,4,144593,0.800000,1.000000,0.598780,1.000000,0.000000,0,0.000000,529959.000000,1.000000,333012940466.000000,1150856.000000
530000,5,144593,0.800000,1.000000,0.718291,1.000000,0.000000,1,426004.000000,530000.000000,1.000000,333012940466.000000,1150856.000000
530000,6,144589,0.800000,1.000000,0.690918,1.000000,0.000000,0,0.000000,529984.000000,1.000000,333012940466.000000,1150856.000000
530000,7,144592,0.800000,1.000000,0.720028,1.000000,0.000000,0,0.000000,529989.000000,1.000000,333012940466.000000,1150856.000000
530000,8,141656,0.800000,1.000000,0.733363,1.000000,0.000000,0,0.000000,507494.000000,1.000000,333012940466.000000,1150856.000000
530000,9,144593,0.800000,1.000000,0.701885,1.000000,0.000000,0,0.000000,529998.000000,1.000000,333012940466.000000,1150856.000000
530000,10,144581,0.800000,1.000000,0.608380,1.000000,0.000000,0,0.000000,529095.000000,1.000000,333012940466.000000,1150856.000000
530000,11,142517,0.800000,1.000000,0.653778,1.000000,0.000000,0,0.000000,382426.000000,1.000000,333012940466.000000,1150856.000000
530000,12,144571,0.800000,1.000000,0.727084,1.000000,0.000000,0,0.000000,529835.000000,1.000000,333012940466.000000,1150856.000000
530000,13,144549,0.800000,1.000000,0.546019,1.000000,0.000000,0,0.000000,529806.000000,1.000000,333012940466.000000,1150856.000000
530000,14,144588,0.800000,1.000000,0.697407,1.000000,0.000000,0,0.000000,529985.000000,1.000000,333012940466.000000,1150856.000000
530000,15,144552,0.800000,1.000000,0.582737,1.000000,0.000000,0,0.000000,529688.000000,1.000000,333012940466.000000,1150856.000000
531000,0,144830,0.800000,1.000000,0.700762,1.000000,0.000000,0,0.000000,525758.000000,1.000000,334278842810.000000,2027815.000000
531000,1,144857,0.800000,1.000000,0.622358,1.000000,0.000000,0,0.000000,530962.000000,1.000000,334278842810.000000,2027815.000000
531000,2,144859,0.800000,1.000000,0.636348,1.000000,0.000000,0,0.000000,530998.000000,1.000000,334278842810.000000,2027815.000000
531000,3,144793,0.800000,1.000000,0.562393,1.000000,0.000000,0,0.000000,530532.000000,1.000000,334278842810.000000,2027815.000000
531000,4,144859,0.800000,1.000000,0.687231,1.000000,0.000000,1,426809.000000,531000.000000,1.000000,334278842810.000000,2027815.000000
531000,5,144857,0.800000,1.000000,0.620992,1.000000,0.000000,0,0.000000,530984.000000,1.000000,334278842810.000000,2027815.000000
531000,6,144852,0.800000,1.000000,0.546508,1.000000,0.000000,0,0.000000,530930.000000,1.000000,334278842810.000000,2027815.000000
531000,7,144859,0.800000,1.000000,0.601998,1.000000,0.000000,0,0.000000,530992.000000,1.000000,334278842810.000000,2027815.000000
531000,8,141981,0.800000,1.000000,0.586491,1.000000,0.000000,0,0.000000,507494.000000,1.000000,334278842810.000000,2027815.000000
531000,9,144860,0.800000,1.000000,0.707904,1.000000,0.000000,0,0.000000,530996.000000,1.000000,334278842810.000000,2027815.000000
531000,10,144839,0.800000,1.000000,0.626518,1.000000,0.000000,0,0.000000,530566.000000,1.000000,334278842810.000000,2027815.000000
531000,11,142772,0.800000,1.000000,0.592003,1.000000,0.000000,0,0.000000,382426.000000,1.000000,334278842810.000000,2027815.000000
531000,12,144859,0.800000,1.000000,0.665801,1.000000,0.000000,0,0.000000,530999.000000,1.000000,334278842810.000000,2027815.000000
531000,13,144852,0.800000,1.000000,0.654979,1.000000,0.000000,0,0.000000,530634.000000,1.000000,334278842810.000000,2027815.000000
531000,14,144858,0.800000,1.000000,0.671202,1.000000,0.000000,0,0.000000,530997.000000,1.000000,334278842810.000000,2027815.000000
531000,15,144849,0.800000,1.000000,0.633222,1.000000,0.000000,0,0.000000,529688.000000,1.000000,334278842810.000000,2027815.000000
532000,0,145141,0.800000,1.000000,0.650130,1.000000,0.000000,1,431440.000000,532000.000000,1.000000,335638791174.000000,1157114.000000
532000,1,145142,0.800000,1.000000,0.671518,1.000000,0.000000,0,0.000000,531998.000000,1.000000,335638791174.000000,1157114.000000
532000,2,145140,0.800000,1.000000,0.735668,1.000000,0.000000,0,0.000000,531995.000000,1.000000,335638791174.000000,1157114.000000
532000,3,145124,0.800000,1.000000,0.669759,1.000000,0.000000,0,0.000000,530532.000000,1.000000,335638791174.000000,1157114.000000
532000,4,145132,0.800000,1.000000,0.544130,1.000000,0.000000,0,0.000000,531878.000000,1.000000,335638791174.000000,1157114.000000
532000,5,145116,0.800000,1.000000,0.684032,1.000000,0.000000,0,0.000000,531394.000000,1.000000,335638791174.000000,1157114.000000
532000,6,145140,0.800000,1.000000,0.589595,1.000000,0.000000,0,0.000000,531981.000000,1.000000,335638791174.000000,1157114.000000
532000,7,145103,0.800000,1.000000,0.753375,1.000000,0.000000,0,0.000000,531416.000000,1.000000,335638791174.000000,1157114.000000
532000,8,142333,0.800000,1.000000,0.669731,1.000000,0.000000,0,0.000000,507494.000000,1.000000,335638791174.000000,1157114.000000
532000,9,145141,0.800000,1.000000,0.584924,1.000000,0.000000,0,0.000000,531984.000000,1.000000,335638791174.000000,1157114.000000
532000,10,145134,0.800000,1.000000,0.539759,1.000000,0.000000,0,0.000000,531892.000000,1.000000,335638791174.000000,1157114.000000
532000,11,143153,0.800000,1.000000,0.564483,1.000000,0.000000,0,0.000000,382426.000000,1.000000,335638791174.000000,1157114.000000
532000,12,145139,0.800000,1.000000,0.541342,1.000000,0.000000,0,0.000000,531931.000000,1.000000,335638791174.000000,1157114.000000
532000,13,145138,0.800000,1.000000,0.622565,1.000000,0.000000,0,0.000000,531919.000000,1.000000,335638791174.000000,1157114.000000
532000,14,145142,0.800000,1.000000,0.812140,1.000000,0.000000,0,0.000000,531999.000000,1.000000,335638791174.000000,1157114.000000
532000,15,145120,0.800000,1.000000,0.663893,1.000000,0.000000,0,0.000000,531914.000000,1.000000,335638791174.000000,1157114.000000
533000,0,145408,0.800000,1.000000,0.670202,1.000000,0.000000,1,432133.000000,533000.000000,1.000000,336840501922.000000,872429.000000
533000,1,145404,0.800000,1.000000,0.678788,1.000000,0.000000,0,0.000000,532945.000000,1.000000,336840501922.000000,872429.000000
533000,2,145406,0.800000,1.000000,0.630138,1.000000,0.000000,0,0.000000,532982.000000,1.000000,336840501922.000000,872429.000000
533000,3,145402,0.800000,1.000000,0.742180,1.000000,0.000000,0,0.000000,532892.000000,1.000000,336840501922.000000,872429.000000
533000,4,145407,0.800000,1.000000,0.687982,1.000000,0.000000,0,0.000000,532927.000000,1.000000,336840501922.000000,872429.000000
533000,5,145403,0.800000,1.000000,0.666560,1.000000,0.000000,0,0.000000,532541.000000,1.000000,336840501922.000000,872429.000000
533000,6,145408,0.800000,1.000000,0.759709,1.000000,0.000000,0,0.000000,532997.000000,1.000000,336840501922.000000,872429.000000
533000,7,145103,0.800000,1.000000,0.753375,1.000000,0.000000,0,0.000000,531416.000000,1.000000,336840501922.000000,872429.000000
533000,8,142716,0.800000,1.000000,0.770439,1.000000,0.000000,0,0.000000,507494.000000,1.000000,336840501922.000000,872429.000000
533000,9,145409,0.800000,1.000000,0.579719,1.000000,0.000000,0,0.000000,532954.000000,1.000000,336840501922.000000,872429.000000
533000,10,145409,0.800000,1.000000,0.501028,1.000000,0.000000,0,0.000000,532988.000000,1.000000,336840501922.000000,872429.000000
533000,11,143495,0.800000,1.000000,0.672637,1.000000,0.000000,0,0.000000,382426.000000,1.000000,336840501922.000000,872429.000000
533000,12,145409,0.800000,1.000000,0.725782,1.000000,0.000000,0,0.000000,532998.000000,1.000000,336840501922.000000,872429.000000
533000,13,145407,0.800000,1.000000,0.488738,1.000000,0.000000,0,0.000000,532987.000000,1.000000,336840501922.000000,872429.000000
533000,14,145407,0.800000,1.000000,0.658528,1.000000,0.000000,0,0.000000,532994.000000,1.000000,336840501922.000000,872429.000000
533000,15,145293,0.800000,1.000000,0.467251,1.000000,0.000000,0,0.000000,531914.000000,1.000000,336840501922.000000,872429.000000
534000,0,145678,0.800000,1.000000,0.651462,1.000000,0.000000,0,0.000000,533999.000000,1.000000,338036036946.000000,870263.000000
534000,1,145676,0.800000,1.000000,0.531080,1.000000,0.000000,0,0.000000,533952.000000,1.000000,338036036946.000000,870263.000000
534000,2,145679,0.800000,1.000000,0.579284,1.000000,0.000000,0,0.000000,533872.000000,1.000000,338036036946.000000,870263.000000
534000,3,145679,0.800000,1.000000,0.625615,1.000000,0.000000,0,0.000000,533996.000000,1.000000,338036036946.000000,870263.000000
534000,4,145677,0.800000,1.000000,0.505788,1.000000,0.000000,0,0.000000,533967.000000,1.000000,338036036946.000000,870263.000000
534000,5,145679,0.800000,1.000000,0.692114,1.000000,0.000000,1,429249.000000,534000.000000,1.000000,338036036946.000000,870263.000000
534000,6,145680,0.800000,1.000000,0.622807,1.000000,0.000000,0,0.000000,533991.000000,1.000000,338036036946.000000,870263.000000
534000,7,145103,0.800000,1.000000,0.753375,1.000000,0.000000,0,0.000000,531416.000000,1.000000,338036036946.000000,870263.000000
534000,8,142985,0.800000,1.000000,0.655619,1.000000,0.000000,0,0.000000,507494.000000,1.000000,338036036946.000000,870263.000000
534000,9,145669,0.800000,1.000000,0.585045,1.000000,0.000000,0,0.000000,533742.000000,1.000000,338036036946.000000,870263.000000
534000,10,145678,0.800000,1.000000,0.638645,1.000000,0.000000,0,0.000000,533980.000000,1.000000,338036036946.000000,870263.000000
534000,11,143773,0.800000,1.000000,0.546973,1.000000,0.000000,0,0.000000,382426.000000,1.000000,338036036946.000000,870263.000000
534000,12,145680,0.800000,1.000000,0.674633,1.000000,0.000000,0,0.000000,533997.000000,1.000000,338036036946.000000,870263.000000
534000,13,145668,0.800000,1.000000,0.748748,1.000000,0.000000,0,0.000000,533951.000000,1.000000,338036036946.000000,870263.000000
534000,14,145679,0.800000,1.000000,0.603688,1.000000,0.000000,0,0.000000,533985.000000,1.000000,338036036946.000000,870263.000000
534000,15,145619,0.800000,1.000000,0.740829,1.000000,0.000000,0,0.000000,531914.000000,1.000000,338036036946.000000,870263.000000
535000,0,145961,0.800000,1.000000,0.568076,1.000000,0.000000,0,0.000000,534999.000000,1.000000,339409218279.000000,865839.000000
535000,1,145955,0.800000,1.000000,0.631058,1.000000,0.000000,0,0.000000,534955.000000,1.000000,339409218279.000000,865839.000000
535000,2,145957,0.800000,1.000000,0.615792,1.000000,0.000000,0,0.000000,534941.000000,1.000000,339409218279.000000,865839.000000
535000,3,145959,0.800000,1.000000,0.657081,1.000000,0.000000,0,0.000000,534879.000000,1.000000,339409218279.000000,865839.000000
535000,4,145962,0.800000,1.000000,0.709346,1.000000,0.000000,0,0.000000,534997.000000,1.000000,339409218279.000000,865839.000000
535000,5,145900,0.800000,1.000000,0.665172,1.000000,0.000000,0,0.000000,534750.000000,1.000000,339409218279.000000,865839.000000
535000,6,145962,0.800000,1.000000,0.716105,1.000000,0.000000,0,0.000000,534998.000000,1.000000,339409218279.000000,865839.000000
535000,7,145450,0.800000,1.000000,0.618182,1.000000,0.000000,0,0.000000,531416.000000,1.000000,339409218279.000000,865839.000000
535000,8,143340,0.800000,1.000000,0.579479,1.000000,0.000000,0,0.000000,507494.000000,1.000000,339409218279.000000,865839.000000
535000,9,145960,0.800000,1.000000,0.602756,1.000000,0.000000,0,0.000000,534921.000000,1.000000,339409218279.000000,865839.000000
535000,10,145959,0.800000,1.000000,0.651841,1.000000,0.000000,0,0.000000,534981.000000,1.000000,339409218279.000000,865839.000000
535000,11,144131,0.800000,1.000000,0.532667,1.000000,0.000000,0,0.000000,382426.000000,1.000000,339409218279.000000,865839.000000
535000,12,145962,0.800000,1.000000,0.651721,1.000000,0.000000,0,0.000000,534995.000000,1.000000,339409218279.000000,865839.000000
535000,13,145942,0.800000,1.000000,0.510975,1.000000,0.000000,0,0.000000,533951.000000,1.000000,339409218279.000000,865839.000000
535000,14,145962,0.800000,1.000000,0.628981,1.000000,0.000000,1,425921.000000,535000.000000,1.000000,339409218279.000000,865839.000000
535000,15,145961,0.800000,1.000000,0.713879,1.000000,0.000000,0,0.000000,534988.000000,1.000000,339409218279.000000,865839.000000
536000,0,146217,0.800000,1.000000,0.678121,1.000000,0.000000,0,0.000000,535802.000000,1.000000,340696262846.000000,1458817.000000
536000,1,146232,0.800000,1.000000,0.677924,1.000000,0.000000,0,0.000000,535997.000000,1.000000,340696262846.000000,1458817.000000
536000,2,146233,0.800000,1.000000,0.551286,1.000000,0.000000,0,0.000000,535998.000000,1.000000,340696262846.000000,1458817.000000
536000,3,146233,0.800000,1.000000,0.651362,1.000000,0.000000,0,0.000000,535993.000000,1.000000,340696262846.000000,1458817.000000
536000,4,146232,0.800000,1.000000,0.503359,1.000000,0.000000,0,0.000000,535983.000000,1.000000,340696262846.000000,1458817.000000
536000,5,146091,0.800000,1.000000,0.727667,1.000000,0.000000,0,0.000000,534750.000000,1.000000,340696262846.000000,1458817.000000
536000,6,146233,0.800000,1.000000,0.685325,1.000000,0.000000,0,0.000000,535994.000000,1.000000,340696262846.000000,1458817.000000
536000,7,145805,0.800000,1.000000,0.702145,1.000000,0.000000,0,0.000000,531416.000000,1.000000,340696262846.000000,1458817.000000
536000,8,143713,0.800000,1.000000,0.464848,1.000000,0.000000,0,0.000000,507494.000000,1.000000,340696262846.000000,1458817.000000
536000,9,146232,0.800000,1.000000,0.681657,1.000000,0.000000,0,0.000000,535966.000000,1.000000,340696262846.000000,1458817.000000
536000,10,146223,0.800000,1.000000,0.556479,1.000000,0.000000,0,0.000000,535176.000000,1.000000,340696262846.000000,1458817.000000
536000,11,144480,0.800000,1.000000,0.653672,1.000000,0.000000,0,0.000000,382426.000000,1.000000,340696262846.000000,1458817.000000
536000,12,146232,0.800000,1.000000,0.664503,1.000000,0.000000,0,0.000000,535995.000000,1.000000,340696262846.000000,1458817.000000
536000,13,146225,0.800000,1.000000,0.761199,1.000000,0.000000,0,0.000000,535703.000000,1.000000,340696262846.000000,1458817.000000
536000,14,146233,0.800000,1.000000,0.770395,1.000000,0.000000,1,426435.000000,536000.000000,1.000000,340696262846.000000,1458817.000000
536000,15,146126,0.800000,1.000000,0.703737,1.000000,0.000000,0,0.000000,535499.000000,1.000000,340696262846.000000,1458817.000000
537000,0,146499,0.800000,1.000000,0.630305,1.000000,0.000000,0,0.000000,536424.000000,1.000000,342050512101.000000,292973.000000
537000,1,146505,0.800000,1.000000,0.642625,1.000000,0.000000,0,0.000000,536997.000000,1.000000,342050512101.000000,292973.000000
537000,2,146492,0.800000,1.000000,0.521905,1.000000,0.000000,0,0.000000,536829.000000,1.000000,342050512101.000000,292973.000000
537000,3,146499,0.800000,1.000000,0.523239,1.000000,0.000000,0,0.000000,536913.000000,1.000000,342050512101.000000,292973.000000
537000,4,146506,0.800000,1.000000,0.662541,1.000000,0.000000,0,0.000000,536998.000000,1.000000,342050512101.000000,292973.000000
537000,5,146472,0.800000,1.000000,0.676661,1.000000,0.000000,0,0.000000,534750.000000,1.000000,342050512101.000000,292973.000000
537000,6,146505,0.800000,1.000000,0.596813,1.000000,0.000000,0,0.000000,536973.000000,1.000000,342050512101.000000,292973.000000
537000,7,146105,0.800000,1.000000,0.728305,1.000000,0.000000,0,0.000000,531416.000000,1.000000,342050512101.000000,292973.000000
537000,8,144033,0.800000,1.000000,0.451056,1.000000,0.000000,0,0.000000,507494.000000,1.000000,342050512101.000000,292973.000000
537000,9,146503,0.800000,1.000000,0.643013,1.000000,0.000000,0,0.000000,536988.000000,1.000000,342050512101.000000,292973.000000
537000,10,146487,0.800000,1.000000,0.642943,1.000000,0.000000,0,0.000000,536651.000000,1.000000,342050512101.000000,292973.000000
537000,11,144826,0.800000,1.000000,0.493686,1.000000,0.000000,0,0.000000,382426.000000,1.000000,342050512101.000000,292973.000000
537000,12,146506,0.800000,1.000000,0.595394,1.000000,0.000000,1,425703.000000,537000.000000,1.000000,342050512101.000000,292973.000000
537000,13,146506,0.800000,1.000000,0.690537,1.000000,0.000000,0,0.000000,536999.000000,1.000000,342050512101.000000,292973.000000
537000,14,146507,0.800000,1.000000,0.621480,1.000000,0.000000,0,0.000000,536991.000000,1.000000,342050512101.000000,292973.000000
537000,15,146426,0.800000,1.000000,0.669965,1.000000,0.000000,0,0.000000,535499.000000,1.000000,342050512101.000000,292973.000000
538000,0,146768,0.800000,1.000000,0.649874,1.000000,0.000000,0,0.000000,537996.000000,1.000000,343264709216.000000,880535.000000
538000,1,146767,0.800000,1.000000,0.709499,1.000000,0.000000,0,0.000000,537997.000000,1.000000,343264709216.000000,880535.000000
538000,2,146762,0.800000,1.000000,0.648198,1.000000,0.000000,0,0.000000,537979.000000,1.000000,343264709216.000000,880535.000000
538000,3,146768,0.800000,1.000000,0.682923,1.000000,0.000000,0,0.000000,537999.000000,1.000000,343264709216.000000,880535.000000
538000,4,146748,0.800000,1.000000,0.684246,1.000000,0.000000,0,0.000000,537660.000000,1.000000,343264709216.000000,880535.000000
538000,5,146767,0.800000,1.000000,0.578853,1.000000,0.000000,0,0.000000,537977.000000,1.000000,343264709216.000000,880535.000000
538000,6,146763,0.800000,1.000000,0.472468,1.000000,0.000000,0,0.000000,537556.000000,1.000000,343264709216.000000,880535.000000
538000,7,146159,0.800000,1.000000,0.507709,1.000000,0.000000,0,0.000000,531416.000000,1.000000,343264709216.000000,880535.000000
538000,8,144295,0.800000,1.000000,0.650557,1.000000,0.000000,0,0.000000,507494.000000,1.000000,343264709216.000000,880535.000000
538000,9,146758,0.800000,1.000000,0.725357,1.000000,0.000000,0,0.000000,537883.000000,1.000000,343264709216.000000,880535.000000
538000,10,146734,0.800000,1.000000,0.584154,1.000000,0.000000,0,0.000000,537835.000000,1.000000,343264709216.000000,880535.000000
538000,11,145185,0.800000,1.000000,0.551734,1.000000,0.000000,0,0.000000,382426.000000,1.000000,343264709216.000000,880535.000000
538000,12,146764,0.800000,1.000000,0.591226,1.000000,0.000000,0,0.000000,537985.000000,1.000000,343264709216.000000,880535.000000
538000,13,146769,0.800000,1.000000,0.728071,1.000000,0.000000,1,430843.000000,538000.000000,1.000000,343264709216.000000,880535.000000
538000,14,146766,0.800000,1.000000,0.516992,1.000000,0.000000,0,0.000000,537982.000000,1.000000,343264709216.000000,880535.000000
538000,15,146753,0.800000,1.000000,0.439802,1.000000,0.000000,0,0.000000,535499.000000,1.000000,343264709216.000000,880535.000000
539000,0,147057,0.800000,1.000000,0.701055,1.000000,0.000000,0,0.000000,538996.000000,1.000000,344669505736.000000,2053775.000000
539000,1,147053,0.800000,1.000000,0.739588,1.000000,0.000000,0,0.000000,538933.000000,1.000000,344669505736.000000,2053775.000000
539000,2,147056,0.800000,1.000000,0.652469,1.000000,0.000000,0,0.000000,538997.000000,1.000000,344669505736.000000,2053775.000000
539000,3,147057,0.800000,1.000000,0.673813,1.000000,0.000000,1,436647.000000,539000.000000,1.000000,344669505736.000000,2053775.000000
539000,4,147057,0.800000,1.000000,0.697560,1.000000,0.000000,0,0.000000,538999.000000,1.000000,344669505736.000000,2053775.000000
539000,5,147056,0.800000,1.000000,0.671660,1.000000,0.000000,0,0.000000,538968.000000,1.000000,344669505736.000000,2053775.000000
539000,6,147058,0.800000,1.000000,0.683539,1.000000,0.000000,0,0.000000,538994.000000,1.000000,344669505736.000000,2053775.000000
539000,7,146482,0.800000,1.000000,0.683512,1.000000,0.000000,0,0.000000,531416.000000,1.000000,344669505736.000000,2053775.000000
539000,8,144628,0.800000,1.000000,0.698802,1.000000,0.000000,0,0.000000,507494.000000,1.000000,344669505736.000000,2053775.000000
539000,9,147051,0.800000,1.000000,0.584278,1.000000,0.000000,0,0.000000,538954.000000,1.000000,344669505736.000000,2053775.000000
539000,10,147046,0.800000,1.000000,0.685818,1.000000,0.000000,0,0.000000,538903.000000,1.000000,344669505736.000000,2053775.000000
539000,11,145557,0.800000,1.000000,0.657509,1.000000,0.000000,0,0.000000,382426.000000,1.000000,344669505736.000000,2053775.000000
539000,12,147057,0.800000,1.000000,0.614118,1.000000,0.000000,0,0.000000,538987.000000,1.000000,344669505736.000000,2053775.000000
539000,13,147058,0.800000,1.000000,0.720528,1.000000,0.000000,0,0.000000,538977.000000,1.000000,344669505736.000000,2053775.000000
539000,14,147056,0.800000,1.000000,0.583536,1.000000,0.000000,0,0.000000,538984.000000,1.000000,344669505736.000000,2053775.000000
539000,15,146989,0.800000,1.000000,0.742076,1.000000,0.000000,0,0.000000,538321.000000,1.000000,344669505736.000000,2053775.000000
540000,0,147338,0.800000,1.000000,0.657650,1.000000,0.000000,0,0.000000,539957.000000,1.000000,346031793944.000000,1174034.000000
540000,1,147198,0.800000,1.000000,0.546496,1.000000,0.000000,0,0.000000,539445.000000,1.000000,346031793944.000000,1174034.000000
540000,2,147327,0.800000,1.000000,0.523695,1.000000,0.000000,0,0.000000,539917.000000,1.000000,346031793944.000000,1174034.000000
540000,3,147344,0.800000,1.000000,0.610724,1.000000,0.000000,1,437406.000000,540000.000000,1.000000,346031793944.000000,1174034.000000
540000,4,147341,0.800000,1.000000,0.633290,1.000000,0.000000,0,0.000000,539974.000000,1.000000,346031793944.000000,1174034.000000
540000,5,147345,0.800000,1.000000,0.662832,1.000000,0.000000,0,0.000000,539999.000000,1.000000,346031793944.000000,1174034.000000
540000,6,147344,0.800000,1.000000,0.674476,1.000000,0.000000,0,0.000000,539996.000000,1.000000,346031793944.000000,1174034.000000
540000,7,146785,0.800000,1.000000,0.601209,1.000000,0.000000,0,0.000000,531416.000000,1.000000,346031793944.000000,1174034.000000
540000,8,144989,0.800000,1.000000,0.539580,1.000000,0.000000,0,0.000000,507494.000000,1.000000,346031793944.000000,1174034.000000
540000,9,147345,0.800000,1.000000,0.617703,1.000000,0.000000,0,0.000000,539935.000000,1.000000,346031793944.000000,1174034.000000
540000,10,147344,0.800000,1.000000,0.648175,1.000000,0.000000,0,0.000000,539998.000000,1.000000,346031793944.000000,1174034.000000
540000,11,145900,0.800000,1.000000,0.597227,1.000000,0.000000,0,0.000000,382426.000000,1.000000,346031793944.000000,1174034.000000
540000,12,147341,0.800000,1.000000,0.615370,1.000000,0.000000,0,0.000000,539814.000000,1.000000,346031793944.000000,1174034.000000
540000,13,147344,0.800000,1.000000,0.620047,1.000000,0.000000,0,0.000000,539997.000000,1.000000,346031793944.000000,1174034.000000
540000,14,147344,0.800000,1.000000,0.545110,1.000000,0.000000,0,0.000000,539995.000000,1.000000,346031793944.000000,1174034.000000
540000,15,147327,0.800000,1.000000,0.755737,1.000000,0.000000,0,0.000000,539931.000000,1.000000,346031793944.000000,1174034.000000
541000,0,147572,0.800000,1.000000,0.503089,1.000000,0.000000,0,0.000000,540858.000000,1.000000,347266362697.000000,2648209.000000
541000,1,147586,0.800000,1.000000,0.662591,1.000000,0.000000,0,0.000000,540999.000000,1.000000,347266362697.000000,2648209.000000
541000,2,147546,0.800000,1.000000,0.673024,1.000000,0.000000,0,0.000000,540811.000000,1.000000,347266362697.000000,2648209.000000
541000,3,147585,0.800000,1.000000,0.578577,1.000000,0.000000,0,0.000000,540990.000000,1.000000,347266362697.000000,2648209.000000
541000,4,147585,0.800000,1.000000,0.695517,1.000000,0.000000,0,0.000000,540996.000000,1.000000,347266362697.000000,2648209.000000
541000,5,147438,0.800000,1.000000,0.629520,1.000000,0.000000,0,0.000000,540307.000000,1.000000,347266362697.000000,2648209.000000
541000,6,147586,0.800000,1.000000,0.624017,1.000000,0.000000,1,455333.000000,541000.000000,1.000000,347266362697.000000,2648209.000000
541000,7,147144,0.800000,1.000000,0.649778,1.000000,0.000000,0,0.000000,531416.000000,1.000000,347266362697.000000,2648209.000000
541000,8,145376,0.800000,1.000000,0.560646,1.000000,0.000000,0,0.000000,507494.000000,1.000000,347266362697.000000,2648209.000000
541000,9,147583,0.800000,1.000000,0.563702,1.000000,0.000000,0,0.000000,540986.000000,1.000000,347266362697.000000,2648209.000000
541000,10,147571,0.800000,1.000000,0.543692,1.000000,0.000000,0,0.000000,540666.000000,1.000000,347266362697.000000,2648209.000000
541000,11,146270,0.800000,1.000000,0.622215,1.000000,0.000000,0,0.000000,382426.000000,1.000000,347266362697.000000,2648209.000000
541000,12,147567,0.800000,1.000000,0.496963,1.000000,0.000000,0,0.000000,540399.000000,1.000000,347266362697.000000,2648209.000000
541000,13,147580,0.800000,1.000000,0.716533,1.000000,0.000000,0,0.000000,540925.000000,1.000000,347266362697.000000,2648209.000000
541000,14,147578,0.800000,1.000000,0.649716,1.000000,0.000000,0,0.000000,540931.000000,1.000000,347266362697.000000,2648209.000000
541000,15,147586,0.800000,1.000000,0.740412,1.000000,0.000000,0,0.000000,540997.000000,1.000000,347266362697.000000,2648209.000000
542000,0,147844,0.800000,1.000000,0.534096,1.000000,0.000000,0,0.000000,541966.000000,1.000000,348616980851.000000,1770972.000000
542000,1,147838,0.800000,1.000000,0.655165,1.000000,0.000000,0,0.000000,541963.000000,1.000000,348616980851.000000,1770972.000000
542000,2,147842,0.800000,1.000000,0.653124,1.000000,0.000000,0,0.000000,541974.000000,1.000000,348616980851.000000,1770972.000000
542000,3,147847,0.800000,1.000000,0.625001,1.000000,0.000000,0,0.000000,541970.000000,1.000000,348616980851.000000,1770972.000000
542000,4,147729,0.800000,1.000000,0.580140,1.000000,0.000000,0,0.000000,541277.000000,1.000000,348616980851.000000,1770972.000000
542000,5,147807,0.800000,1.000000,0.675515,1.000000,0.000000,0,0.000000,540307.000000,1.000000,348616980851.000000,1770972.000000
542000,6,147844,0.800000,1.000000,0.682415,1.000000,0.000000,0,0.000000,541979.000000,1.000000,348616980851.000000,1770972.000000
542000,7,147476,0.800000,1.000000,0.657551,1.000000,0.000000,0,0.000000,531416.000000,1.000000,348616980851.000000,1770972.000000
542000,8,145761,0.800000,1.000000,0.602617,1.000000,0.000000,0,0.000000,507494.000000,1.000000,348616980851.000000,1770972.000000
542000,9,147844,0.800000,1.000000,0.685254,1.000000,0.000000,0,0.000000,541992.000000,1.000000,348616980851.000000,1770972.000000
542000,10,147844,0.800000,1.000000,0.610493,1.000000,0.000000,0,0.000000,541984.000000,1.000000,348616980851.000000,1770972.000000
542000,11,146675,0.800000,1.000000,0.745131,1.000000,0.000000,0,0.000000,382426.000000,1.000000,348616980851.000000,1770972.000000
542000,12,147846,0.800000,1.000000,0.730653,1.000000,0.000000,0,0.000000,541998.000000,1.000000,348616980851.000000,1770972.000000
542000,13,147847,0.800000,1.000000,0.747800,1.000000,0.000000,0,0.000000,541999.000000,1.000000,348616980851.000000,1770972.000000
542000,14,147848,0.800000,1.000000,0.568249,1.000000,0.000000,1,430805.000000,542000.000000,1.000000,348616980851.000000,1770972.000000
542000,15,147843,0.800000,1.000000,0.618475,1.000000,0.000000,0,0.000000,541913.000000,1.000000,348616980851.000000,1770972.000000
543000,0,148102,0.800000,1.000000,0.577602,1.000000,0.000000,0,0.000000,542997.000000,1.000000,349947666289.000000,1184184.000000
543000,1,148095,0.800000,1.000000,0.465722,1.000000,0.000000,0,0.000000,542612.000000,1.000000,349947666289.000000,1184184.000000
543000,2,148093,0.800000,1.000000,0.787976,1.000000,0.000000,0,0.000000,542941.000000,1.000000,349947666289.000000,1184184.000000
543000,3,148048,0.800000,1.000000,0.568676,1.000000,0.000000,0,0.000000,542708.000000,1.000000,349947666289.000000,1184184.000000
543000,4,148048,0.800000,1.000000,0.568813,1.000000,0.000000,0,0.000000,541277.000000,1.000000,349947666289.000000,1184184.000000
543000,5,148102,0.800000,1.000000,0.562252,1.000000,0.000000,0,0.000000,542987.000000,1.000000,349947666289.000000,1184184.000000
543000,6,148102,0.800000,1.000000,0.728779,1.000000,0.000000,0,0.000000,542994.000000,1.000000,349947666289.000000,1184184.000000
543000,7,147848,0.800000,1.000000,0.596792,1.000000,0.000000,0,0.000000,531416.000000,1.000000,349947666289.000000,1184184.000000
543000,8,146172,0.800000,1.000000,0.737636,1.000000,0.000000,0,0.000000,507494.000000,1.000000,349947666289.000000,1184184.000000
543000,9,148102,0.800000,1.000000,0.599690,1.000000,0.000000,1,431142.000000,543000.000000,1.000000,349947666289.000000,1184184.000000
543000,10,148078,0.800000,1.000000,0.684526,1.000000,0.000000,0,0.000000,542855.000000,1.000000,349947666289.000000,1184184.000000
543000,11,147073,0.800000,1.000000,0.661964,1.000000,0.000000,0,0.000000,382426.000000,1.000000,349947666289.000000,1184184.000000
543000,12,148074,0.800000,1.000000,0.577814,1.000000,0.000000,0,0.000000,542835.000000,1.000000,349947666289.000000,1184184.000000
543000,13,148099,0.800000,1.000000,0.605473,1.000000,0.000000,0,0.000000,542974.000000,1.000000,349947666289.000000,1184184.000000
543000,14,148102,0.800000,1.000000,0.597487,1.000000,0.000000,0,0.000000,542926.000000,1.000000,349947666289.000000,1184184.000000
543000,15,148103,0.800000,1.000000,0.625823,1.000000,0.000000,0,0.000000,542999.000000,1.000000,349947666289.000000,1184184.000000
544000,0,148374,0.800000,1.000000,0.722151,1.000000,0.000000,0,0.000000,543998.000000,1.000000,351328892161.000000,890119.000000
544000,1,148373,0.800000,1.000000,0.558214,1.000000,0.000000,0,0.000000,543982.000000,1.000000,351328892161.000000,890119.000000
544000,2,148375,0.800000,1.000000,0.737946,1.000000,0.000000,0,0.000000,543999.000000,1.000000,351328892161.000000,890119.000000
544000,3,148375,0.800000,1.000000,0.626796,1.000000,0.000000,0,0.000000,543945.000000,1.000000,351328892161.000000,890119.000000
544000,4,148346,0.800000,1.000000,0.641801,1.000000,0.000000,0,0.000000,543480.000000,1.000000,351328892161.000000,890119.000000
544000,5,148375,0.800000,1.000000,0.627456,1.000000,0.000000,1,438019.000000,544000.000000,1.000000,351328892161.000000,890119.000000
544000,6,148352,0.800000,1.000000,0.663080,1.000000,0.000000,0,0.000000,543922.000000,1.000000,351328892161.000000,890119.000000
544000,7,148225,0.800000,1.000000,0.636667,1.000000,0.000000,0,0.000000,531416.000000,1.000000,351328892161.000000,890119.000000
544000,8,146475,0.800000,1.000000,0.583936,1.000000,0.000000,0,0.000000,507494.000000,1.000000,351328892161.000000,890119.000000
544000,9,148375,0.800000,1.000000,0.624289,1.000000,0.000000,0,0.000000,543990.000000,1.000000,351328892161.000000,890119.000000
544000,10,148311,0.800000,1.000000,0.626501,1.000000,0.000000,0,0.000000,542855.000000,1.000000,351328892161.000000,890119.000000
544000,11,147452,0.800000,1.000000,0.668513,1.000000,0.000000,0,0.000000,382426.000000,1.000000,351328892161.000000,890119.000000
544000,12,148376,0.800000,1.000000,0.709013,1.000000,0.000000,0,0.000000,543994.000000,1.000000,351328892161.000000,890119.000000
544000,13,148375,0.800000,1.000000,0.647414,1.000000,0.000000,0,0.000000,543983.000000,1.000000,351328892161.000000,890119.000000
544000,14,148376,0.800000,1.000000,0.723680,1.000000,0.000000,0,0.000000,543997.000000,1.000000,351328892161.000000,890119.000000
544000,15,148372,0.800000,1.000000,0.557003,1.000000,0.000000,0,0.000000,543972.000000,1.000000,351328892161.000000,890119.000000
545000,0,148670,0.800000,1.000000,0.555785,1.000000,0.000000,0,0.000000,544989.000000,1.000000,352789707756.000000,1485097.000000
545000,1,148671,0.800000,1.000000,0.815878,1.000000,0.000000,0,0.000000,544998.000000,1.000000,352789707756.000000,1485097.000000
545000,2,148666,0.800000,1.000000,0.594486,1.000000,0.000000,0,0.000000,544922.000000,1.000000,352789707756.000000,1485097.000000
545000,3,148671,0.800000,1.000000,0.726478,1.000000,0.000000,0,0.000000,544999.000000,1.000000,352789707756.000000,1485097.000000
545000,4,148672,0.800000,1.000000,0.646628,1.000000,0.000000,0,0.000000,544991.000000,1.000000,352789707756.000000,1485097.000000
545000,5,148666,0.800000,1.000000,0.782409,1.000000,0.000000,0,0.000000,544982.000000,1.000000,352789707756.000000,1485097.000000
545000,6,148643,0.800000,1.000000,0.657337,1.000000,0.000000,0,0.000000,543922.000000,1.000000,352789707756.000000,1485097.000000
545000,7,148595,0.800000,1.000000,0.636034,1.000000,0.000000,0,0.000000,531416.000000,1.000000,352789707756.000000,1485097.000000
545000,8,146796,0.800000,1.000000,0.615392,1.000000,0.000000,0,0.000000,507494.000000,1.000000,352789707756.000000,1485097.000000
545000,9,148548,0.800000,1.000000,0.731963,1.000000,0.000000,0,0.000000,544588.000000,1.000000,352789707756.000000,1485097.000000
545000,10,148664,0.800000,1.000000,0.624323,1.000000,0.000000,0,0.000000,544969.000000,1.000000,352789707756.000000,1485097.000000
545000,11,147902,0.800000,1.000000,0.535013,1.000000,0.000000,0,0.000000,382426.000000,1.000000,352789707756.000000,1485097.000000
545000,12,148654,0.800000,1.000000,0.708553,1.000000,0.000000,0,0.000000,544923.000000,1.000000,352789707756.000000,1485097.000000
545000,13,148670,0.800000,1.000000,0.563739,1.000000,0.000000,0,0.000000,544993.000000,1.000000,352789707756.000000,1485097.000000
545000,14,148672,0.800000,1.000000,0.652413,1.000000,0.000000,0,0.000000,544995.000000,1.000000,352789707756.000000,1485097.000000
545000,15,148672,0.800000,1.000000,0.761759,1.000000,0.000000,1,447874.000000,545000.000000,1.000000,352789707756.000000,1485097.000000
546000,0,148943,0.800000,1.000000,0.689546,1.000000,0.000000,0,0.000000,545999.000000,1.000000,354205450526.000000,1191534.000000
546000,1,148942,0.800000,1.000000,0.596111,1.000000,0.000000,0,0.000000,545953.000000,1.000000,354205450526.000000,1191534.000000
546000,2,148938,0.800000,1.000000,0.658398,1.000000,0.000000,0,0.000000,545950.000000,1.000000,354205450526.000000,1191534.000000
546000,3,148942,0.800000,1.000000,0.685415,1.000000,0.000000,0,0.000000,545997.000000,1.000000,354205450526.000000,1191534.000000
546000,4,148942,0.800000,1.000000,0.701019,1.000000,0.000000,0,0.000000,545961.000000,1.000000,354205450526.000000,1191534.000000
546000,5,148944,0.800000,1.000000,0.726353,1.000000,0.000000,0,0.000000,545998.000000,1.000000,354205450526.000000,1191534.000000
546000,6,148941,0.800000,1.000000,0.559349,1.000000,0.000000,0,0.000000,545892.000000,1.000000,354205450526.000000,1191534.000000
546000,7,148943,0.800000,1.000000,0.608417,1.000000,0.000000,0,0.000000,545986.000000,1.000000,354205450526.000000,1191534.000000
546000,8,147211,0.800000,1.000000,0.674989,1.000000,0.000000,0,0.000000,507494.000000,1.000000,354205450526.000000,1191534.000000
546000,9,148933,0.800000,1.000000,0.540109,1.000000,0.000000,0,0.000000,545914.000000,1.000000,354205450526.000000,1191534.000000
546000,10,148944,0.800000,1.000000,0.602193,1.000000,0.000000,0,0.000000,545893.000000,1.000000,354205450526.000000,1191534.000000
546000,11,148232,0.800000,1.000000,0.563343,1.000000,0.000000,0,0.000000,382426.000000,1.000000,354205450526.000000,1191534.000000
546000,12,148912,0.800000,1.000000,0.471847,1.000000,0.000000,0,0.000000,544923.000000,1.000000,354205450526.000000,1191534.000000
546000,13,148940,0.800000,1.000000,0.696462,1.000000,0.000000,0,0.000000,545988.000000,1.000000,354205450526.000000,1191534.000000
546000,14,148944,0.800000,1.000000,0.668374,1.000000,0.000000,1,433850.000000,546000.000000,1.000000,354205450526.000000,1191534.000000
546000,15,148945,0.800000,1.000000,0.698314,1.000000,0.000000,0,0.000000,545993.000000,1.000000,354205450526.000000,1191534.000000
547000,0,149207,0.800000,1.000000,0.688771,1.000000,0.000000,0,0.000000,546890.000000,1.000000,355521448237.000000,298401.000000
547000,1,149218,0.800000,1.000000,0.633621,1.000000,0.000000,0,0.000000,546949.000000,1.000000,355521448237.000000,298401.000000
547000,2,149219,0.800000,1.000000,0.581375,1.000000,0.000000,0,0.000000,546999.000000,1.000000,355521448237.000000,298401.000000
547000,3,149198,0.800000,1.000000,0.641412,1.000000,0.000000,0,0.000000,546781.000000,1.000000,355521448237.000000,298401.000000
547000,4,149217,0.800000,1.000000,0.532681,1.000000,0.000000,0,0.000000,546926.000000,1.000000,355521448237.000000,298401.000000
547000,5,149201,0.800000,1.000000,0.611510,1.000000,0.000000,0,0.000000,546581.000000,1.000000,355521448237.000000,298401.000000
547000,6,149220,0.800000,1.000000,0.628786,1.000000,0.000000,0,0.000000,546990.000000,1.000000,355521448237.000000,298401.000000
547000,7,149197,0.800000,1.000000,0.640951,1.000000,0.000000,0,0.000000,546599.000000,1.000000,355521448237.000000,298401.000000
547000,8,147525,0.800000,1.000000,0.586770,1.000000,0.000000,0,0.000000,507494.000000,1.000000,355521448237.000000,298401.000000
547000,9,149220,0.800000,1.000000,0.743499,1.000000,0.000000,0,0.000000,546998.000000,1.000000,355521448237.000000,298401.000000
547000,10,149219,0.800000,1.000000,0.652012,1.000000,0.000000,0,0.000000,546994.000000,1.000000,355521448237.000000,298401.000000
547000,11,148567,0.800000,1.000000,0.634801,1.000000,0.000000,0,0.000000,382426.000000,1.000000,355521448237.000000,298401.000000
547000,12,149220,0.800000,1.000000,0.579141,1.000000,0.000000,0,0.000000,546996.000000,1.000000,355521448237.000000,298401.000000
547000,13,149218,0.800000,1.000000,0.596646,1.000000,0.000000,0,0.000000,546776.000000,1.000000,355521448237.000000,298401.000000
547000,14,149149,0.800000,1.000000,0.824702,1.000000,0.000000,0,0.000000,546217.000000,1.000000,355521448237.000000,298401.000000
547000,15,149220,0.800000,1.000000,0.674054,1.000000,0.000000,1,449137.000000,547000.000000,1.000000,355521448237.000000,298401.000000
548000,0,149479,0.800000,1.000000,0.644350,1.000000,0.000000,0,0.000000,547997.000000,1.000000,356770175207.000000,1494459.000000
548000,1,149474,0.800000,1.000000,0.631766,1.000000,0.000000,0,0.000000,547970.000000,1.000000,356770175207.000000,1494459.000000
548000,2,149479,0.800000,1.000000,0.557152,1.000000,0.000000,1,453706.000000,548000.000000,1.000000,356770175207.000000,1494459.000000
548000,3,149476,0.800000,1.000000,0.709249,1.000000,0.000000,0,0.000000,547866.000000,1.000000,356770175207.000000,1494459.000000
548000,4,149358,0.800000,1.000000,0.629251,1.000000,0.000000,0,0.000000,547400.000000,1.000000,356770175207.000000,1494459.000000
548000,5,149479,0.800000,1.000000,0.621897,1.000000,0.000000,0,0.000000,547992.000000,1.000000,356770175207.000000,1494459.000000
548000,6,149479,0.800000,1.000000,0.583066,1.000000,0.000000,0,0.000000,547971.000000,1.000000,356770175207.000000,1494459.000000
548000,7,149458,0.800000,1.000000,0.612061,1.000000,0.000000,0,0.000000,547516.000000,1.000000,356770175207.000000,1494459.000000
548000,8,147904,0.800000,1.000000,0.753047,1.000000,0.000000,0,0.000000,507494.000000,1.000000,356770175207.000000,1494459.000000
548000,9,149480,0.800000,1.000000,0.616498,1.000000,0.000000,0,0.000000,547998.000000,1.000000,356770175207.000000,1494459.000000
548000,10,149434,0.800000,1.000000,0.580704,1.000000,0.000000,0,0.000000,547768.000000,1.000000,356770175207.000000,1494459.000000
548000,11,148795,0.800000,1.000000,0.597533,1.000000,0.000000,0,0.000000,382426.000000,1.000000,356770175207.000000,1494459.000000
548000,12,149480,0.800000,1.000000,0.562132,1.000000,0.000000,0,0.000000,547987.000000,1.000000,356770175207.000000,1494459.000000
548000,13,149480,0.800000,1.000000,0.638251,1.000000,0.000000,0,0.000000,547999.000000,1.000000,356770175207.000000,1494459.000000
548000,14,149471,0.800000,1.000000,0.691562,1.000000,0.000000,0,0.000000,547636.000000,1.000000,356770175207.000000,1494459.000000
548000,15,149475,0.800000,1.000000,0.625560,1.000000,0.000000,0,0.000000,547943.000000,1.000000,356770175207.000000,1494459.000000
549000,0,149710,0.800000,1.000000,0.652704,1.000000,0.000000,0,0.000000,548077.000000,1.000000,358131087700.000000,2092135.000000
549000,1,149754,0.800000,1.000000,0.576271,1.000000,0.000000,0,0.000000,548980.000000,1.000000,358131087700.000000,2092135.000000
549000,2,149752,0.800000,1.000000,0.640220,1.000000,0.000000,0,0.000000,548552.000000,1.000000,358131087700.000000,2092135.000000
549000,3,149755,0.800000,1.000000,0.682942,1.000000,0.000000,0,0.000000,548995.000000,1.000000,358131087700.000000,2092135.000000
549000,4,149755,0.800000,1.000000,0.683066,1.000000,0.000000,1,442002.000000,549000.000000,1.000000,358131087700.000000,2092135.000000
549000,5,149755,0.800000,1.000000,0.523204,1.000000,0.000000,0,0.000000,548994.000000,1.000000,358131087700.000000,2092135.000000
549000,6,149739,0.800000,1.000000,0.611468,1.000000,0.000000,0,0.000000,548939.000000,1.000000,358131087700.000000,2092135.000000
549000,7,149716,0.800000,1.000000,0.737342,1.000000,0.000000,0,0.000000,548644.000000,1.000000,358131087700.000000,2092135.000000
549000,8,148180,0.800000,1.000000,0.673681,1.000000,0.000000,0,0.000000,507494.000000,1.000000,358131087700.000000,2092135.000000
549000,9,149747,0.800000,1.000000,0.830124,1.000000,0.000000,0,0.000000,548960.000000,1.000000,358131087700.000000,2092135.000000
549000,10,149756,0.800000,1.000000,0.589376,1.000000,0.000000,0,0.000000,548999.000000,1.000000,358131087700.000000,2092135.000000
549000,11,149209,0.800000,1.000000,0.675746,1.000000,0.000000,0,0.000000,382426.000000,1.000000,358131087700.000000,2092135.000000
549000,12,149753,0.800000,1.000000,0.550008,1.000000,0.000000,0,0.000000,548877.000000,1.000000,358131087700.000000,2092135.000000
549000,13,149691,0.800000,1.000000,0.626379,1.000000,0.000000,0,0.000000,548521.000000,1.000000,358131087700.000000,2092135.000000
549000,14,149756,0.800000,1.000000,0.624452,1.000000,0.000000,0,0.000000,548997.000000,1.000000,358131087700.000000,2092135.000000
549000,15,149726,0.800000,1.000000,0.674388,1.000000,0.000000,0,0.000000,548439.000000,1.000000,358131087700.000000,2092135.000000
550000,0,150016,0.800000,1.000000,0.556079,1.000000,0.000000,0,0.000000,549996.000000,1.000000,359410088804.000000,1198746.000000
550000,1,150017,0.800000,1.000000,0.698620,1.000000,0.000000,0,0.000000,549998.000000,1.000000,359410088804.000000,1198746.000000
550000,2,150017,0.800000,1.000000,0.624650,1.000000,0.000000,1,455550.000000,550000.000000,1.000000,359410088804.000000,1198746.000000
550000,3,150017,0.800000,1.000000,0.733459,1.000000,0.000000,0,0.000000,549999.000000,1.000000,359410088804.000000,1198746.000000
550000,4,150016,0.800000,1.000000,0.473842,1.000000,0.000000,0,0.000000,549995.000000,1.000000,359410088804.000000,1198746.000000
550000,5,150005,0.800000,1.000000,0.664447,1.000000,0.000000,0,0.000000,549866.000000,1.000000,359410088804.000000,1198746.000000
550000,6,149789,0.800000,1.000000,0.569070,1.000000,0.000000,0,0.000000,548939.000000,1.000000,359410088804.000000,1198746.000000
550000,7,149998,0.800000,1.000000,0.574818,1.000000,0.000000,0,0.000000,548644.000000,1.000000,359410088804.000000,1198746.000000
550000,8,148564,0.800000,1.000000,0.647126,1.000000,0.000000,0,0.000000,507494.000000,1.000000,359410088804.000000,1198746.000000
550000,9,149988,0.800000,1.000000,0.716869,1.000000,0.000000,0,0.000000,549398.000000,1.000000,359410088804.000000,1198746.000000
550000,10,149997,0.800000,1.000000,0.656216,1.000000,0.000000,0,0.000000,549903.000000,1.000000,359410088804.000000,1198746.000000
550000,11,149576,0.800000,1.000000,0.715242,1.000000,0.000000,0,0.000000,382426.000000,1.000000,359410088804.000000,1198746.000000
550000,12,149984,0.800000,1.000000,0.593606,1.000000,0.000000,0,0.000000,549584.000000,1.000000,359410088804.000000,1198746.000000
550000,13,150015,0.800000,1.000000,0.588931,1.000000,0.000000,0,0.000000,549971.000000,1.000000,359410088804.000000,1198746.000000
550000,14,150015,0.800000,1.000000,0.615938,1.000000,0.000000,0,0.000000,549991.000000,1.000000,359410088804.000000,1198746.000000
550000,15,150012,0.800000,1.000000,0.504249,1.000000,0.000000,0,0.000000,549943.000000,1.000000,359410088804.000000,1198746.000000
551000,0,150250,0.800000,1.000000,0.525956,1.000000,0.000000,0,0.000000,550455.000000,1.000000,360776020510.000000,1800750.000000
551000,1,150284,0.800000,1.000000,0.721061,1.000000,0.000000,0,0.000000,550998.000000,1.000000,360776020510.000000,1800750.000000
551000,2,150201,0.800000,1.000000,0.644016,1.000000,0.000000,0,0.000000,550393.000000,1.000000,360776020510.000000,1800750.000000
551000,3,150276,0.800000,1.000000,0.545923,1.000000,0.000000,0,0.000000,550972.000000,1.000000,360776020510.000000,1800750.000000
551000,4,150267,0.800000,1.000000,0.645575,1.000000,0.000000,0,0.000000,550796.000000,1.000000,360776020510.000000,1800750.000000
551000,5,150284,0.800000,1.000000,0.614203,1.000000,0.000000,0,0.000000,550992.000000,1.000000,360776020510.000000,1800750.000000
551000,6,150160,0.800000,1.000000,0.543394,1.000000,0.000000,0,0.000000,548939.000000,1.000000,360776020510.000000,1800750.000000
551000,7,150283,0.800000,1.000000,0.573203,1.000000,0.000000,0,0.000000,550973.000000,1.000000,360776020510.000000,1800750.000000
551000,8,148968,0.800000,1.000000,0.653133,1.000000,0.000000,0,0.000000,507494.000000,1.000000,360776020510.000000,1800750.000000
551000,9,150283,0.800000,1.000000,0.579878,1.000000,0.000000,0,0.000000,550994.000000,1.000000,360776020510.000000,1800750.000000
551000,10,150263,0.800000,1.000000,0.550725,1.000000,0.000000,0,0.000000,550786.000000,1.000000,360776020510.000000,1800750.000000
551000,11,149992,0.800000,1.000000,0.557896,1.000000,0.000000,0,0.000000,382426.000000,1.000000,360776020510.000000,1800750.000000
551000,12,150219,0.800000,1.000000,0.656569,1.000000,0.000000,0,0.000000,550722.000000,1.000000,360776020510.000000,1800750.000000
551000,13,150284,0.800000,1.000000,0.746343,1.000000,0.000000,1,440684.000000,551000.000000,1.000000,360776020510.000000,1800750.000000
551000,14,150282,0.800000,1.000000,0.693512,1.000000,0.000000,0,0.000000,550995.000000,1.000000,360776020510.000000,1800750.000000
551000,15,150284,0.800000,1.000000,0.659074,1.000000,0.000000,0,0.000000,550999.000000,1.000000,360776020510.000000,1800750.000000
552000,0,150542,0.800000,1.000000,0.671284,1.000000,0.000000,0,0.000000,551997.000000,1.000000,362058567354.000000,301075.000000
552000,1,150542,0.800000,1.000000,0.528069,1.000000,0.000000,0,0.000000,551993.000000,1.000000,362058567354.000000,301075.000000
552000,2,150286,0.800000,1.000000,0.641902,1.000000,0.000000,0,0.000000,550393.000000,1.000000,362058567354.000000,301075.000000
552000,3,150542,0.800000,1.000000,0.758842,1.000000,0.000000,0,0.000000,551999.000000,1.000000,362058567354.000000,301075.000000
552000,4,150542,0.800000,1.000000,0.615620,1.000000,0.000000,0,0.000000,551992.000000,1.000000,362058567354.000000,301075.000000
552000,5,150539,0.800000,1.000000,0.642305,1.000000,0.000000,0,0.000000,551984.000000,1.000000,362058567354.000000,301075.000000
552000,6,150539,0.800000,1.000000,0.560307,1.000000,0.000000,0,0.000000,548939.000000,1.000000,362058567354.000000,301075.000000
552000,7,150542,0.800000,1.000000,0.648151,1.000000,0.000000,0,0.000000,551890.000000,1.000000,362058567354.000000,301075.000000
552000,8,149407,0.800000,1.000000,0.765106,1.000000,0.000000,0,0.000000,507494.000000,1.000000,362058567354.000000,301075.000000
552000,9,150537,0.800000,1.000000,0.541275,1.000000,0.000000,0,0.000000,551914.000000,1.000000,362058567354.000000,301075.000000
552000,10,150542,0.800000,1.000000,0.676720,1.000000,0.000000,1,444809.000000,552000.000000,1.000000,362058567354.000000,301075.000000
552000,11,150260,0.800000,1.000000,0.846036,1.000000,0.000000,0,0.000000,382426.000000,1.000000,362058567354.000000,301075.000000
552000,12,150445,0.800000,1.000000,0.748664,1.000000,0.000000,0,0.000000,550722.000000,1.000000,362058567354.000000,301075.000000
552000,13,150539,0.800000,1.000000,0.611653,1.000000,0.000000,0,0.000000,551985.000000,1.000000,362058567354.000000,301075.000000
552000,14,150502,0.800000,1.000000,0.627115,1.000000,0.000000,0,0.000000,550995.000000,1.000000,362058567354.000000,301075.000000
552000,15,150542,0.800000,1.000000,0.607295,1.000000,0.000000,0,0.000000,551996.000000,1.000000,362058567354.000000,301075.000000
553000,0,150795,0.800000,1.000000,0.644101,1.000000,0.000000,0,0.000000,552391.000000,1.000000,363312700399.000000,1809416.000000
553000,1,150809,0.800000,1.000000,0.738994,1.000000,0.000000,0,0.000000,552975.000000,1.000000,363312700399.000000,1809416.000000
553000,2,150688,0.800000,1.000000,0.629552,1.000000,0.000000,0,0.000000,550393.000000,1.000000,363312700399.000000,1809416.000000
553000,3,150809,0.800000,1.000000,0.687285,1.000000,0.000000,1,446752.000000,553000.000000,1.000000,363312700399.000000,1809416.000000
553000,4,150805,0.800000,1.000000,0.624979,1.000000,0.000000,0,0.000000,552954.000000,1.000000,363312700399.000000,1809416.000000
553000,5,150636,0.800000,1.000000,0.665042,1.000000,0.000000,0,0.000000,552177.000000,1.000000,363312700399.000000,1809416.000000
553000,6,150806,0.800000,1.000000,0.581762,1.000000,0.000000,0,0.000000,552986.000000,1.000000,363312700399.000000,1809416.000000
553000,7,150809,0.800000,1.000000,0.611067,1.000000,0.000000,0,0.000000,552979.000000,1.000000,363312700399.000000,1809416.000000
553000,8,149757,0.800000,1.000000,0.661293,1.000000,0.000000,0,0.000000,507494.000000,1.000000,363312700399.000000,1809416.000000
553000,9,150810,0.800000,1.000000,0.612322,1.000000,0.000000,0,0.000000,552995.000000,1.000000,363312700399.000000,1809416.000000
553000,10,150800,0.800000,1.000000,0.614227,1.000000,0.000000,0,0.000000,552706.000000,1.000000,363312700399.000000,1809416.000000
553000,11,150260,0.800000,1.000000,0.846036,1.000000,0.000000,0,0.000000,382426.000000,1.000000,363312700399.000000,1809416.000000
553000,12,150809,0.800000,1.000000,0.658107,1.000000,0.000000,0,0.000000,552990.000000,1.000000,363312700399.000000,1809416.000000
553000,13,150800,0.800000,1.000000,0.673781,1.000000,0.000000,0,0.000000,552905.000000,1.000000,363312700399.000000,1809416.000000
553000,14,150810,0.800000,1.000000,0.598025,1.000000,0.000000,0,0.000000,552981.000000,1.000000,363312700399.000000,1809416.000000
553000,15,150810,0.800000,1.000000,0.650422,1.000000,0.000000,0,0.000000,552998.000000,1.000000,363312700399.000000,1809416.000000
554000,0,151081,0.800000,1.000000,0.612760,1.000000,0.000000,0,0.000000,553992.000000,1.000000,364606044607.000000,601194.000000
554000,1,151082,0.800000,1.000000,0.611208,1.000000,0.000000,0,0.000000,553997.000000,1.000000,364606044607.000000,601194.000000
554000,2,150921,0.800000,1.000000,0.588869,1.000000,0.000000,0,0.000000,550393.000000,1.000000,364606044607.000000,601194.000000
554000,3,151059,0.800000,1.000000,0.516215,1.000000,0.000000,0,0.000000,553798.000000,1.000000,364606044607.000000,601194.000000
554000,4,151023,0.800000,1.000000,0.624846,1.000000,0.000000,0,0.000000,553336.000000,1.000000,364606044607.000000,601194.000000
554000,5,151020,0.800000,1.000000,0.543206,1.000000,0.000000,0,0.000000,552177.000000,1.000000,364606044607.000000,601194.000000
554000,6,151082,0.800000,1.000000,0.646500,1.000000,0.000000,0,0.000000,553977.000000,1.000000,364606044607.000000,601194.000000
554000,7,151081,0.800000,1.000000,0.591130,1.000000,0.000000,0,0.000000,553937.000000,1.000000,364606044607.000000,601194.000000
554000,8,150078,0.800000,1.000000,0.619235,1.000000,0.000000,0,0.000000,507494.000000,1.000000,364606044607.000000,601194.000000
554000,9,151024,0.800000,1.000000,0.617353,1.000000,0.000000,0,0.000000,552995.000000,1.000000,364606044607.000000,601194.000000
554000,10,151082,0.800000,1.000000,0.752533,1.000000,0.000000,0,0.000000,553996.000000,1.000000,364606044607.000000,601194.000000
554000,11,150520,0.800000,1.000000,0.737975,1.000000,0.000000,0,0.000000,382426.000000,1.000000,364606044607.000000,601194.000000
554000,12,151025,0.800000,1.000000,0.719360,1.000000,0.000000,0,0.000000,553781.000000,1.000000,364606044607.000000,601194.000000
554000,13,151082,0.800000,1.000000,0.727600,1.000000,0.000000,0,0.000000,553999.000000,1.000000,364606044607.000000,601194.000000
554000,14,151083,0.800000,1.000000,0.743493,1.000000,0.000000,1,440163.000000,554000.000000,1.000000,364606044607.000000,601194.000000
554000,15,151058,0.800000,1.000000,0.511344,1.000000,0.000000,0,0.000000,553903.000000,1.000000,364606044607.000000,601194.000000
555000,0,151349,0.800000,1.000000,0.648116,1.000000,0.000000,0,0.000000,554997.000000,1.000000,365937415303.000000,1815284.000000
555000,1,151350,0.800000,1.000000,0.632810,1.000000,0.000000,0,0.000000,554999.000000,1.000000,365937415303.000000,1815284.000000
555000,2,151293,0.800000,1.000000,0.597969,1.000000,0.000000,0,0.000000,550393.000000,1.000000,365937415303.000000,1815284.000000
555000,3,151351,0.800000,1.000000,0.604720,1.000000,0.000000,0,0.000000,554995.000000,1.000000,365937415303.000000,1815284.000000
555000,4,151351,0.800000,1.000000,0.664235,1.000000,0.000000,0,0.000000,554998.000000,1.000000,365937415303.000000,1815284.000000
555000,5,151351,0.800000,1.000000,0.635485,1.000000,0.000000,1,446438.000000,555000.000000,1.000000,365937415303.000000,1815284.000000
555000,6,151351,0.800000,1.000000,0.633860,1.000000,0.000000,0,0.000000,554996.000000,1.000000,365937415303.000000,1815284.000000
555000,7,151310,0.800000,1.000000,0.640820,1.000000,0.000000,0,0.000000,554378.000000,1.000000,365937415303.000000,1815284.000000
555000,8,150376,0.800000,1.000000,0.684491,1.000000,0.000000,0,0.000000,507494.000000,1.000000,365937415303.000000,1815284.000000
555000,9,151352,0.800000,1.000000,0.606112,1.000000,0.000000,0,0.000000,554994.000000,1.000000,365937415303.000000,1815284.000000
555000,10,151318,0.800000,1.000000,0.548040,1.000000,0.000000,0,0.000000,554504.000000,1.000000,365937415303.000000,1815284.000000
555000,11,150896,0.800000,1.000000,0.657696,1.000000,0.000000,0,0.000000,382426.000000,1.000000,365937415303.000000,1815284.000000
555000,12,151025,0.800000,1.000000,0.719360,1.000000,0.000000,0,0.000000,553781.000000,1.000000,365937415303.000000,1815284.000000
555000,13,151348,0.800000,1.000000,0.647596,1.000000,0.000000,0,0.000000,554984.000000,1.000000,365937415303.000000,1815284.000000
555000,14,151342,0.800000,1.000000,0.685312,1.000000,0.000000,0,0.000000,554971.000000,1.000000,365937415303.000000,1815284.000000
555000,15,151344,0.800000,1.000000,0.613453,1.000000,0.000000,0,0.000000,554927.000000,1.000000,365937415303.000000,1815284.000000
556000,0,151612,0.800000,1.000000,0.590269,1.000000,0.000000,0,0.000000,555971.000000,1.000000,367293475437.000000,1816354.000000
556000,1,151613,0.800000,1.000000,0.536780,1.000000,0.000000,0,0.000000,555930.000000,1.000000,367293475437.000000,1816354.000000
556000,2,151578,0.800000,1.000000,0.721541,1.000000,0.000000,0,0.000000,555783.000000,1.000000,367293475437.000000,1816354.000000
556000,3,151618,0.800000,1.000000,0.699795,1.000000,0.000000,1,449131.000000,556000.000000,1.000000,367293475437.000000,1816354.000000
556000,4,151609,0.800000,1.000000,0.518158,1.000000,0.000000,0,0.000000,555948.000000,1.000000,367293475437.000000,1816354.000000
556000,5,151569,0.800000,1.000000,0.576107,1.000000,0.000000,0,0.000000,555412.000000,1.000000,367293475437.000000,1816354.000000
556000,6,151619,0.800000,1.000000,0.633650,1.000000,0.000000,0,0.000000,555985.000000,1.000000,367293475437.000000,1816354.000000
556000,7,151613,0.800000,1.000000,0.695965,1.000000,0.000000,0,0.000000,555742.000000,1.000000,367293475437.000000,1816354.000000
556000,8,150718,0.800000,1.000000,0.594026,1.000000,0.000000,0,0.000000,507494.000000,1.000000,367293475437.000000,1816354.000000
556000,9,151503,0.800000,1.000000,0.540098,1.000000,0.000000,0,0.000000,555379.000000,1.000000,367293475437.000000,1816354.000000
556000,10,151618,0.800000,1.000000,0.728935,1.000000,0.000000,0,0.000000,555997.000000,1.000000,367293475437.000000,1816354.000000
556000,11,151296,0.800000,1.000000,0.688102,1.000000,0.000000,0,0.000000,382426.000000,1.000000,367293475437.000000,1816354.000000
556000,12,151369,0.800000,1.000000,0.548600,1.000000,0.000000,0,0.000000,553781.000000,1.000000,367293475437.000000,1816354.000000
556000,13,151615,0.800000,1.000000,0.739062,1.000000,0.000000,0,0.000000,555772.000000,1.000000,367293475437.000000,1816354.000000
556000,14,151619,0.800000,1.000000,0.669279,1.000000,0.000000,0,0.000000,555999.000000,1.000000,367293475437.000000,1816354.000000
556000,15,151618,0.800000,1.000000,0.685546,1.000000,0.000000,0,0.000000,555996.000000,1.000000,367293475437.000000,1816354.000000
557000,0,151855,0.800000,1.000000,0.598062,1.000000,0.000000,0,0.000000,556886.000000,1.000000,368565600512.000000,1822054.000000
557000,1,151796,0.800000,1.000000,0.656838,1.000000,0.000000,0,0.000000,556634.000000,1.000000,368565600512.000000,1822054.000000
557000,2,151838,0.800000,1.000000,0.538444,1.000000,0.000000,0,0.000000,555783.000000,1.000000,368565600512.000000,1822054.000000
557000,3,151872,0.800000,1.000000,0.712528,1.000000,0.000000,0,0.000000,556962.000000,1.000000,368565600512.000000,1822054.000000
557000,4,151842,0.800000,1.000000,0.613211,1.000000,0.000000,0,0.000000,556185.000000,1.000000,368565600512.000000,1822054.000000
557000,5,151882,0.800000,1.000000,0.685886,1.000000,0.000000,0,0.000000,556995.000000,1.000000,368565600512.000000,1822054.000000
557000,6,151882,0.800000,1.000000,0.538271,1.000000,0.000000,1,467912.000000,557000.000000,1.000000,368565600512.000000,1822054.000000
557000,7,151883,0.800000,1.000000,0.567015,1.000000,0.000000,0,0.000000,556996.000000,1.000000,368565600512.000000,1822054.000000
557000,8,151073,0.800000,1.000000,0.745301,1.000000,0.000000,0,0.000000,507494.000000,1.000000,368565600512.000000,1822054.000000
557000,9,151582,0.800000,1.000000,0.536072,1.000000,0.000000,0,0.000000,555379.000000,1.000000,368565600512.000000,1822054.000000
557000,10,151881,0.800000,1.000000,0.440666,1.000000,0.000000,0,0.000000,556948.000000,1.000000,368565600512.000000,1822054.000000
557000,11,151647,0.800000,1.000000,0.700986,1.000000,0.000000,0,0.000000,382426.000000,1.000000,368565600512.000000,1822054.000000
557000,12,151709,0.800000,1.000000,0.657355,1.000000,0.000000,0,0.000000,553781.000000,1.000000,368565600512.000000,1822054.000000
557000,13,151883,0.800000,1.000000,0.681107,1.000000,0.000000,0,0.000000,556999.000000,1.000000,368565600512.000000,1822054.000000
557000,14,151882,0.800000,1.000000,0.680137,1.000000,0.000000,0,0.000000,556998.000000,1.000000,368565600512.000000,1822054.000000
557000,15,151875,0.800000,1.000000,0.536780,1.000000,0.000000,0,0.000000,556951.000000,1.000000,368565600512.000000,1822054.000000
558000,0,152123,0.800000,1.000000,0.576935,1.000000,0.000000,0,0.000000,557993.000000,1.000000,369913585013.000000,1519679.000000
558000,1,152001,0.800000,1.000000,0.558233,1.000000,0.000000,0,0.000000,556634.000000,1.000000,369913585013.000000,1519679.000000
558000,2,152121,0.800000,1.000000,0.569333,1.000000,0.000000,0,0.000000,557957.000000,1.000000,369913585013.000000,1519679.000000
558000,3,152119,0.800000,1.000000,0.667926,1.000000,0.000000,0,0.000000,557959.000000,1.000000,369913585013.000000,1519679.000000
558000,4,152126,0.800000,1.000000,0.687962,1.000000,0.000000,0,0.000000,557998.000000,1.000000,369913585013.000000,1519679.000000
558000,5,152124,0.800000,1.000000,0.589022,1.000000,0.000000,0,0.000000,557982.000000,1.000000,369913585013.000000,1519679.000000
558000,6,152126,0.800000,1.000000,0.611603,1.000000,0.000000,1,468740.000000,558000.000000,1.000000,369913585013.000000,1519679.000000
558000,7,152125,0.800000,1.000000,0.677377,1.000000,0.000000,0,0.000000,557984.000000,1.000000,369913585013.000000,1519679.000000
558000,8,151344,0.800000,1.000000,0.574913,1.000000,0.000000,0,0.000000,507494.000000,1.000000,369913585013.000000,1519679.000000
558000,9,151988,0.800000,1.000000,0.662177,1.000000,0.000000,0,0.000000,555379.000000,1.000000,369913585013.000000,1519679.000000
558000,10,152126,0.800000,1.000000,0.600800,1.000000,0.000000,0,0.000000,557999.000000,1.000000,369913585013.000000,1519679.000000
558000,11,152028,0.800000,1.000000,0.663531,1.000000,0.000000,0,0.000000,382426.000000,1.000000,369913585013.000000,1519679.000000
558000,12,152103,0.800000,1.000000,0.682077,1.000000,0.000000,0,0.000000,553781.000000,1.000000,369913585013.000000,1519679.000000
558000,13,152127,0.800000,1.000000,0.689324,1.000000,0.000000,0,0.000000,557995.000000,1.000000,369913585013.000000,1519679.000000
558000,14,152127,0.800000,1.000000,0.653040,1.000000,0.000000,0,0.000000,557997.000000,1.000000,369913585013.000000,1519679.000000
558000,15,152111,0.800000,1.000000,0.496973,1.000000,0.000000,0,0.000000,557889.000000,1.000000,369913585013.000000,1519679.000000
559000,0,152373,0.800000,1.000000,0.630986,1.000000,0.000000,0,0.000000,558898.000000,1.000000,371266756553.000000,912727.000000
559000,1,152379,0.800000,1.000000,0.712754,1.000000,0.000000,0,0.000000,556634.000000,1.000000,371266756553.000000,912727.000000
559000,2,152390,0.800000,1.000000,0.745856,1.000000,0.000000,1,463781.000000,559000.000000,1.000000,371266756553.000000,912727.000000
559000,3,152390,0.800000,1.000000,0.677440,1.000000,0.000000,0,0.000000,558987.000000,1.000000,371266756553.000000,912727.000000
559000,4,152383,0.800000,1.000000,0.559797,1.000000,0.000000,0,0.000000,558949.000000,1.000000,371266756553.000000,912727.000000
559000,5,152376,0.800000,1.000000,0.561867,1.000000,0.000000,0,0.000000,558586.000000,1.000000,371266756553.000000,912727.000000
559000,6,152389,0.800000,1.000000,0.595020,1.000000,0.000000,0,0.000000,558978.000000,1.000000,371266756553.000000,912727.000000
559000,7,152390,0.800000,1.000000,0.583318,1.000000,0.000000,0,0.000000,558986.000000,1.000000,371266756553.000000,912727.000000
559000,8,151677,0.800000,1.000000,0.641440,1.000000,0.000000,0,0.000000,507494.000000,1.000000,371266756553.000000,912727.000000
559000,9,152301,0.800000,1.000000,0.683736,1.000000,0.000000,0,0.000000,555379.000000,1.000000,371266756553.000000,912727.000000
559000,10,152390,0.800000,1.000000,0.590422,1.000000,0.000000,0,0.000000,558995.000000,1.000000,371266756553.000000,912727.000000
559000,11,152357,0.800000,1.000000,0.732966,1.000000,0.000000,0,0.000000,558845.000000,1.000000,371266756553.000000,912727.000000
559000,12,152387,0.800000,1.000000,0.680437,1.000000,0.000000,0,0.000000,558936.000000,1.000000,371266756553.000000,912727.000000
559000,13,152375,0.800000,1.000000,0.692864,1.000000,0.000000,0,0.000000,558939.000000,1.000000,371266756553.000000,912727.000000
559000,14,152318,0.800000,1.000000,0.672919,1.000000,0.000000,0,0.000000,558270.000000,1.000000,371266756553.000000,912727.000000
559000,15,152390,0.800000,1.000000,0.709674,1.000000,0.000000,0,0.000000,558999.000000,1.000000,371266756553.000000,912727.000000
560000,0,152658,0.800000,1.000000,0.714325,1.000000,0.000000,0,0.000000,559998.000000,1.000000,372512627419.000000,1526511.000000
560000,1,152657,0.800000,1.000000,0.626410,1.000000,0.000000,0,0.000000,559982.000000,1.000000,372512627419.000000,1526511.000000
560000,2,152657,0.800000,1.000000,0.693171,1.000000,0.000000,0,0.000000,559999.000000,1.000000,372512627419.000000,1526511.000000
560000,3,152646,0.800000,1.000000,0.512583,1.000000,0.000000,0,0.000000,559884.000000,1.000000,372512627419.000000,1526511.000000
560000,4,152647,0.800000,1.000000,0.642522,1.000000,0.000000,0,0.000000,559861.000000,1.000000,372512627419.000000,1526511.000000
560000,5,152658,0.800000,1.000000,0.604222,1.000000,0.000000,1,450408.000000,560000.000000,1.000000,372512627419.000000,1526511.000000
560000,6,152618,0.800000,1.000000,0.636284,1.000000,0.000000,0,0.000000,559167.000000,1.000000,372512627419.000000,1526511.000000
560000,7,152652,0.800000,1.000000,0.625574,1.000000,0.000000,0,0.000000,559976.000000,1.000000,372512627419.000000,1526511.000000
560000,8,152005,0.800000,1.000000,0.615830,1.000000,0.000000,0,0.000000,507494.000000,1.000000,372512627419.000000,1526511.000000
560000,9,152644,0.800000,1.000000,0.593603,1.000000,0.000000,0,0.000000,555379.000000,1.000000,372512627419.000000,1526511.000000
560000,10,152631,0.800000,1.000000,0.524794,1.000000,0.000000,0,0.000000,559652.000000,1.000000,372512627419.000000,1526511.000000
560000,11,152658,0.800000,1.000000,0.672596,1.000000,0.000000,0,0.000000,559995.000000,1.000000,372512627419.000000,1526511.000000
560000,12,152641,0.800000,1.000000,0.570054,1.000000,0.000000,0,0.000000,559877.000000,1.000000,372512627419.000000,1526511.000000
560000,13,152596,0.800000,1.000000,0.696905,1.000000,0.000000,0,0.000000,558939.000000,1.000000,372512627419.000000,1526511.000000
560000,14,152324,0.800000,1.000000,0.756151,1.000000,0.000000,0,0.000000,558270.000000,1.000000,372512627419.000000,1526511.000000
560000,15,152659,0.800000,1.000000,0.631194,1.000000,0.000000,0,0.000000,559996.000000,1.000000,372512627419.000000,1526511.000000
561000,0,152953,0.800000,1.000000,0.707263,1.000000,0.000000,0,0.000000,560995.000000,1.000000,373932472015.000000,1528165.000000
561000,1,152921,0.800000,1.000000,0.611150,1.000000,0.000000,0,0.000000,560792.000000,1.000000,373932472015.000000,1528165.000000
561000,2,152942,0.800000,1.000000,0.716631,1.000000,0.000000,0,0.000000,560955.000000,1.000000,373932472015.000000,1528165.000000
561000,3,152943,0.800000,1.000000,0.649406,1.000000,0.000000,0,0.000000,560883.000000,1.000000,373932472015.000000,1528165.000000
561000,4,152953,0.800000,1.000000,0.704617,1.000000,0.000000,1,451529.000000,561000.000000,1.000000,373932472015.000000,1528165.000000
561000,5,152954,0.800000,1.000000,0.710350,1.000000,0.000000,0,0.000000,560993.000000,1.000000,373932472015.000000,1528165.000000
561000,6,152951,0.800000,1.000000,0.496910,1.000000,0.000000,0,0.000000,560981.000000,1.000000,373932472015.000000,1528165.000000
561000,7,152954,0.800000,1.000000,0.679797,1.000000,0.000000,0,0.000000,560999.000000,1.000000,373932472015.000000,1528165.000000
561000,8,152310,0.800000,1.000000,0.617973,1.000000,0.000000,0,0.000000,507494.000000,1.000000,373932472015.000000,1528165.000000
561000,9,152939,0.800000,1.000000,0.508896,1.000000,0.000000,0,0.000000,560916.000000,1.000000,373932472015.000000,1528165.000000
561000,10,152950,0.800000,1.000000,0.556840,1.000000,0.000000,0,0.000000,560968.000000,1.000000,373932472015.000000,1528165.000000
561000,11,152950,0.800000,1.000000,0.566175,1.000000,0.000000,0,0.000000,560812.000000,1.000000,373932472015.000000,1528165.000000
561000,12,152954,0.800000,1.000000,0.635558,1.000000,0.000000,0,0.000000,560902.000000,1.000000,373932472015.000000,1528165.000000
561000,13,152882,0.800000,1.000000,0.721826,1.000000,0.000000,0,0.000000,558939.000000,1.000000,373932472015.000000,1528165.000000
561000,14,152500,0.800000,1.000000,0.594710,1.000000,0.000000,0,0.000000,558270.000000,1.000000,373932472015.000000,1528165.000000
561000,15,152943,0.800000,1.000000,0.595242,1.000000,0.000000,0,0.000000,560936.000000,1.000000,373932472015.000000,1528165.000000
562000,0,153231,0.800000,1.000000,0.693648,1.000000,0.000000,0,0.000000,561981.000000,1.000000,375378399540.000000,612858.000000
562000,1,153232,0.800000,1.000000,0.574167,1.000000,0.000000,0,0.000000,561995.000000,1.000000,375378399540.000000,612858.000000
562000,2,153232,0.800000,1.000000,0.671772,1.000000,0.000000,0,0.000000,561998.000000,1.000000,375378399540.000000,612858.000000
562000,3,153232,0.800000,1.000000,0.726599,1.000000,0.000000,0,0.000000,561999.000000,1.000000,375378399540.000000,612858.000000
562000,4,153203,0.800000,1.000000,0.642541,1.000000,0.000000,0,0.000000,561295.000000,1.000000,375378399540.000000,612858.000000
562000,5,153226,0.800000,1.000000,0.549421,1.000000,0.000000,0,0.000000,561962.000000,1.000000,375378399540.000000,612858.000000
562000,6,153228,0.800000,1.000000,0.672557,1.000000,0.000000,0,0.000000,561945.000000,1.000000,375378399540.000000,612858.000000
562000,7,153232,0.800000,1.000000,0.578881,1.000000,0.000000,0,0.000000,561950.000000,1.000000,375378399540.000000,612858.000000
562000,8,152667,0.800000,1.000000,0.574944,1.000000,0.000000,0,0.000000,507494.000000,1.000000,375378399540.000000,612858.000000
562000,9,153220,0.800000,1.000000,0.656541,1.000000,0.000000,0,0.000000,561946.000000,1.000000,375378399540.000000,612858.000000
562000,10,153232,0.800000,1.000000,0.632896,1.000000,0.000000,0,0.000000,561902.000000,1.000000,375378399540.000000,612858.000000
562000,11,153227,0.800000,1.000000,0.635968,1.000000,0.000000,0,0.000000,561889.000000,1.000000,375378399540.000000,612858.000000
562000,12,153232,0.800000,1.000000,0.711387,1.000000,0.000000,1,446824.000000,562000.000000,1.000000,375378399540.000000,612858.000000
562000,13,153232,0.800000,1.000000,0.696295,1.000000,0.000000,0,0.000000,561877.000000,1.000000,375378399540.000000,612858.000000
562000,14,152868,0.800000,1.000000,0.601136,1.000000,0.000000,0,0.000000,558270.000000,1.000000,375378399540.000000,612858.000000
562000,15,153230,0.800000,1.000000,0.598635,1.000000,0.000000,0,0.000000,561923.000000,1.000000,375378399540.000000,612858.000000
563000,0,153500,0.800000,1.000000,0.676940,1.000000,0.000000,0,0.000000,562791.000000,1.000000,376773146365.000000,-84.000000
563000,1,153521,0.800000,1.000000,0.659738,1.000000,0.000000,0,0.000000,562988.000000,1.000000,376773146365.000000,-84.000000
563000,2,153521,0.800000,1.000000,0.776617,1.000000,0.000000,0,0.000000,562996.000000,1.000000,376773146365.000000,-84.000000
563000,3,153480,0.800000,1.000000,0.658868,1.000000,0.000000,0,0.000000,562187.000000,1.000000,376773146365.000000,-84.000000
563000,4,153517,0.800000,1.000000,0.623195,1.000000,0.000000,0,0.000000,562982.000000,1.000000,376773146365.000000,-84.000000
563000,5,153504,0.800000,1.000000,0.661867,1.000000,0.000000,0,0.000000,562695.000000,1.000000,376773146365.000000,-84.000000
563000,6,153513,0.800000,1.000000,0.699008,1.000000,0.000000,0,0.000000,562893.000000,1.000000,376773146365.000000,-84.000000
563000,7,153516,0.800000,1.000000,0.603040,1.000000,0.000000,0,0.000000,562975.000000,1.000000,376773146365.000000,-84.000000
563000,8,153046,0.800000,1.000000,0.571658,1.000000,0.000000,0,0.000000,507494.000000,1.000000,376773146365.000000,-84.000000
563000,9,153511,0.800000,1.000000,0.691591,1.000000,0.000000,0,0.000000,562752.000000,1.000000,376773146365.000000,-84.000000
563000,10,153521,0.800000,1.000000,0.684964,1.000000,0.000000,1,453529.000000,563000.000000,1.000000,376773146365.000000,-84.000000
563000,11,153519,0.800000,1.000000,0.527437,1.000000,0.000000,0,0.000000,562954.000000,1.000000,376773146365.000000,-84.000000
563000,12,153418,0.800000,1.000000,0.677245,1.000000,0.000000,0,0.000000,562426.000000,1.000000,376773146365.000000,-84.000000
563000,13,153522,0.800000,1.000000,0.728944,1.000000,0.000000,0,0.000000,562999.000000,1.000000,376773146365.000000,-84.000000
563000,14,153155,0.800000,1.000000,0.545557,1.000000,0.000000,0,0.000000,558270.000000,1.000000,376773146365.000000,-84.000000
563000,15,153509,0.800000,1.000000,0.509101,1.000000,0.000000,0,0.000000,562827.000000,1.000000,376773146365.000000,-84.000000
564000,0,153751,0.800000,1.000000,0.600658,1.000000,0.000000,0,0.000000,562791.000000,1.000000,378149252041.000000,306779.000000
564000,1,153791,0.800000,1.000000,0.692463,1.000000,0.000000,0,0.000000,563933.000000,1.000000,378149252041.000000,306779.000000
564000,2,153793,0.800000,1.000000,0.505110,1.000000,0.000000,0,0.000000,563998.000000,1.000000,378149252041.000000,306779.000000
564000,3,153714,0.800000,1.000000,0.686956,1.000000,0.000000,0,0.000000,562187.000000,1.000000,378149252041.000000,306779.000000
564000,4,153794,0.800000,1.000000,0.701581,1.000000,0.000000,0,0.000000,563999.000000,1.000000,378149252041.000000,306779.000000
564000,5,153785,0.800000,1.000000,0.496715,1.000000,0.000000,0,0.000000,563950.000000,1.000000,378149252041.000000,306779.000000
564000,6,153793,0.800000,1.000000,0.663800,1.000000,0.000000,0,0.000000,563992.000000,1.000000,378149252041.000000,306779.000000
564000,7,153794,0.800000,1.000000,0.689298,1.000000,0.000000,1,458493.000000,564000.000000,1.000000,378149252041.000000,306779.000000
564000,8,153418,0.800000,1.000000,0.670040,1.000000,0.000000,0,0.000000,507494.000000,1.000000,378149252041.000000,306779.000000
564000,9,153767,0.800000,1.000000,0.714727,1.000000,0.000000,0,0.000000,563810.000000,1.000000,378149252041.000000,306779.000000
564000,10,153795,0.800000,1.000000,0.672731,1.000000,0.000000,0,0.000000,563993.000000,1.000000,378149252041.000000,306779.000000
564000,11,153782,0.800000,1.000000,0.680552,1.000000,0.000000,0,0.000000,563873.000000,1.000000,378149252041.000000,306779.000000
564000,12,153738,0.800000,1.000000,0.649548,1.000000,0.000000,0,0.000000,562426.000000,1.000000,378149252041.000000,306779.000000
564000,13,153772,0.800000,1.000000,0.552056,1.000000,0.000000,0,0.000000,563855.000000,1.000000,378149252041.000000,306779.000000
564000,14,153473,0.800000,1.000000,0.661017,1.000000,0.000000,0,0.000000,558270.000000,1.000000,378149252041.000000,306779.000000
564000,15,153793,0.800000,1.000000,0.538938,1.000000,0.000000,0,0.000000,563986.000000,1.000000,378149252041.000000,306779.000000
565000,0,154066,0.800000,1.000000,0.758803,1.000000,0.000000,1,452393.000000,565000.000000,1.000000,379557778804.000000,1848132.000000
565000,1,154063,0.800000,1.000000,0.553815,1.000000,0.000000,0,0.000000,564982.000000,1.000000,379557778804.000000,1848132.000000
565000,2,154066,0.800000,1.000000,0.730610,1.000000,0.000000,0,0.000000,564998.000000,1.000000,379557778804.000000,1848132.000000
565000,3,153995,0.800000,1.000000,0.690026,1.000000,0.000000,0,0.000000,562187.000000,1.000000,379557778804.000000,1848132.000000
565000,4,154064,0.800000,1.000000,0.531103,1.000000,0.000000,0,0.000000,564947.000000,1.000000,379557778804.000000,1848132.000000
565000,5,154066,0.800000,1.000000,0.645737,1.000000,0.000000,0,0.000000,564999.000000,1.000000,379557778804.000000,1848132.000000
565000,6,154063,0.800000,1.000000,0.605150,1.000000,0.000000,0,0.000000,564936.000000,1.000000,379557778804.000000,1848132.000000
565000,7,154066,0.800000,1.000000,0.660613,1.000000,0.000000,0,0.000000,564995.000000,1.000000,379557778804.000000,1848132.000000
565000,8,153744,0.800000,1.000000,0.684142,1.000000,0.000000,0,0.000000,507494.000000,1.000000,379557778804.000000,1848132.000000
565000,9,153947,0.800000,1.000000,0.672505,1.000000,0.000000,0,0.000000,564446.000000,1.000000,379557778804.000000,1848132.000000
565000,10,154067,0.800000,1.000000,0.680183,1.000000,0.000000,0,0.000000,564996.000000,1.000000,379557778804.000000,1848132.000000
565000,11,154067,0.800000,1.000000,0.582315,1.000000,0.000000,0,0.000000,564952.000000,1.000000,379557778804.000000,1848132.000000
565000,12,154064,0.800000,1.000000,0.670657,1.000000,0.000000,0,0.000000,564988.000000,1.000000,379557778804.000000,1848132.000000
565000,13,154065,0.800000,1.000000,0.477209,1.000000,0.000000,0,0.000000,564975.000000,1.000000,379557778804.000000,1848132.000000
565000,14,153861,0.800000,1.000000,0.791174,1.000000,0.000000,0,0.000000,558270.000000,1.000000,379557778804.000000,1848132.000000
565000,15,154066,0.800000,1.000000,0.521633,1.000000,0.000000,0,0.000000,564989.000000,1.000000,379557778804.000000,1848132.000000
566000,0,154312,0.800000,1.000000,0.603384,1.000000,0.000000,0,0.000000,565795.000000,1.000000,380807657258.000000,925917.000000
566000,1,154109,0.800000,1.000000,0.768230,1.000000,0.000000,0,0.000000,565167.000000,1.000000,380807657258.000000,925917.000000
566000,2,154325,0.800000,1.000000,0.585362,1.000000,0.000000,0,0.000000,565864.000000,1.000000,380807657258.000000,925917.000000
566000,3,154323,0.800000,1.000000,0.640825,1.000000,0.000000,0,0.000000,565867.000000,1.000000,380807657258.000000,925917.000000
566000,4,154329,0.800000,1.000000,0.694447,1.000000,0.000000,0,0.000000,565997.000000,1.000000,380807657258.000000,925917.000000
566000,5,154288,0.800000,1.000000,0.586109,1.000000,0.000000,0,0.000000,565377.000000,1.000000,380807657258.000000,925917.000000
566000,6,154329,0.800000,1.000000,0.732539,1.000000,0.000000,1,474140.000000,566000.000000,1.000000,380807657258.000000,925917.000000
566000,7,154329,0.800000,1.000000,0.658140,1.000000,0.000000,0,0.000000,565993.000000,1.000000,380807657258.000000,925917.000000
566000,8,153925,0.800000,1.000000,0.713766,1.000000,0.000000,0,0.000000,507494.000000,1.000000,380807657258.000000,925917.000000
566000,9,154290,0.800000,1.000000,0.634798,1.000000,0.000000,0,0.000000,564446.000000,1.000000,380807657258.000000,925917.000000
566000,10,154319,0.800000,1.000000,0.589166,1.000000,0.000000,0,0.000000,565919.000000,1.000000,380807657258.000000,925917.000000
566000,11,154329,0.800000,1.000000,0.691081,1.000000,0.000000,0,0.000000,565998.000000,1.000000,380807657258.000000,925917.000000
566000,12,154326,0.800000,1.000000,0.521054,1.000000,0.000000,0,0.000000,565982.000000,1.000000,380807657258.000000,925917.000000
566000,13,154326,0.800000,1.000000,0.695292,1.000000,0.000000,0,0.000000,565992.000000,1.000000,380807657258.000000,925917.000000
566000,14,154198,0.800000,1.000000,0.631587,1.000000,0.000000,0,0.000000,558270.000000,1.000000,380807657258.000000,925917.000000
566000,15,154327,0.800000,1.000000,0.579470,1.000000,0.000000,0,0.000000,565865.000000,1.000000,380807657258.000000,925917.000000
567000,0,154595,0.800000,1.000000,0.637819,1.000000,0.000000,0,0.000000,566997.000000,1.000000,382217695226.000000,1545049.000000
567000,1,154446,0.800000,1.000000,0.554049,1.000000,0.000000,0,0.000000,565167.000000,1.000000,382217695226.000000,1545049.000000
567000,2,154597,0.800000,1.000000,0.675032,1.000000,0.000000,0,0.000000,566998.000000,1.000000,382217695226.000000,1545049.000000
567000,3,154553,0.800000,1.000000,0.636177,1.000000,0.000000,0,0.000000,566483.000000,1.000000,382217695226.000000,1545049.000000
567000,4,154597,0.800000,1.000000,0.668399,1.000000,0.000000,0,0.000000,566999.000000,1.000000,382217695226.000000,1545049.000000
567000,5,154591,0.800000,1.000000,0.713367,1.000000,0.000000,0,0.000000,565377.000000,1.000000,382217695226.000000,1545049.000000
567000,6,154588,0.800000,1.000000,0.429309,1.000000,0.000000,0,0.000000,566862.000000,1.000000,382217695226.000000,1545049.000000
567000,7,154596,0.800000,1.000000,0.614066,1.000000,0.000000,0,0.000000,566949.000000,1.000000,382217695226.000000,1545049.000000
567000,8,154307,0.800000,1.000000,0.702713,1.000000,0.000000,0,0.000000,507494.000000,1.000000,382217695226.000000,1545049.000000
567000,9,154564,0.800000,1.000000,0.630947,1.000000,0.000000,0,0.000000,566497.000000,1.000000,382217695226.000000,1545049.000000
567000,10,154589,0.800000,1.000000,0.644933,1.000000,0.000000,0,0.000000,566675.000000,1.000000,382217695226.000000,1545049.000000
567000,11,154591,0.800000,1.000000,0.693741,1.000000,0.000000,0,0.000000,566965.000000,1.000000,382217695226.000000,1545049.000000
567000,12,154580,0.800000,1.000000,0.670220,1.000000,0.000000,0,0.000000,566863.000000,1.000000,382217695226.000000,1545049.000000
567000,13,154597,0.800000,1.000000,0.579162,1.000000,0.000000,1,453020.000000,567000.000000,1.000000,382217695226.000000,1545049.000000
567000,14,154565,0.800000,1.000000,0.590285,1.000000,0.000000,0,0.000000,558270.000000,1.000000,382217695226.000000,1545049.000000
567000,15,154594,0.800000,1.000000,0.533363,1.000000,0.000000,0,0.000000,566972.000000,1.000000,382217695226.000000,1545049.000000
568000,0,154883,0.800000,1.000000,0.643525,1.000000,0.000000,0,0.000000,567975.000000,1.000000,383609093789.000000,1548095.000000
568000,1,154729,0.800000,1.000000,0.647010,1.000000,0.000000,0,0.000000,565167.000000,1.000000,383609093789.000000,1548095.000000
568000,2,154884,0.800000,1.000000,0.673768,1.000000,0.000000,0,0.000000,567998.000000,1.000000,383609093789.000000,1548095.000000
568000,3,154870,0.800000,1.000000,0.626332,1.000000,0.000000,0,0.000000,567877.000000,1.000000,383609093789.000000,1548095.000000
568000,4,154883,0.800000,1.000000,0.598557,1.000000,0.000000,0,0.000000,567993.000000,1.000000,383609093789.000000,1548095.000000
568000,5,154884,0.800000,1.000000,0.635173,1.000000,0.000000,0,0.000000,567994.000000,1.000000,383609093789.000000,1548095.000000
568000,6,154845,0.800000,1.000000,0.579982,1.000000,0.000000,0,0.000000,567746.000000,1.000000,383609093789.000000,1548095.000000
568000,7,154883,0.800000,1.000000,0.637924,1.000000,0.000000,0,0.000000,567972.000000,1.000000,383609093789.000000,1548095.000000
568000,8,154574,0.800000,1.000000,0.593316,1.000000,0.000000,0,0.000000,507494.000000,1.000000,383609093789.000000,1548095.000000
568000,9,154883,0.800000,1.000000,0.528682,1.000000,0.000000,0,0.000000,567973.000000,1.000000,383609093789.000000,1548095.000000
568000,10,154882,0.800000,1.000000,0.733146,1.000000,0.000000,0,0.000000,567653.000000,1.000000,383609093789.000000,1548095.000000
568000,11,154884,0.800000,1.000000,0.665137,1.000000,0.000000,1,492723.000000,568000.000000,1.000000,383609093789.000000,1548095.000000
568000,12,154867,0.800000,1.000000,0.617444,1.000000,0.000000,0,0.000000,567698.000000,1.000000,383609093789.000000,1548095.000000
568000,13,154884,0.800000,1.000000,0.622893,1.000000,0.000000,0,0.000000,567997.000000,1.000000,383609093789.000000,1548095.000000
568000,14,154727,0.800000,1.000000,0.712551,1.000000,0.000000,0,0.000000,567238.000000,1.000000,383609093789.000000,1548095.000000
568000,15,154885,0.800000,1.000000,0.606458,1.000000,0.000000,0,0.000000,567989.000000,1.000000,383609093789.000000,1548095.000000
569000,0,155152,0.800000,1.000000,0.534145,1.000000,0.000000,0,0.000000,568814.000000,1.000000,384958587471.000000,1241098.000000
569000,1,155010,0.800000,1.000000,0.623815,1.000000,0.000000,0,0.000000,565167.000000,1.000000,384958587471.000000,1241098.000000
569000,2,155156,0.800000,1.000000,0.768258,1.000000,0.000000,0,0.000000,568999.000000,1.000000,384958587471.000000,1241098.000000
569000,3,155104,0.800000,1.000000,0.655675,1.000000,0.000000,0,0.000000,568175.000000,1.000000,384958587471.000000,1241098.000000
569000,4,155157,0.800000,1.000000,0.627439,1.000000,0.000000,0,0.000000,568990.000000,1.000000,384958587471.000000,1241098.000000
569000,5,155155,0.800000,1.000000,0.638551,1.000000,0.000000,0,0.000000,568996.000000,1.000000,384958587471.000000,1241098.000000
569000,6,155157,0.800000,1.000000,0.761181,1.000000,0.000000,1,476583.000000,569000.000000,1.000000,384958587471.000000,1241098.000000
569000,7,155145,0.800000,1.000000,0.502707,1.000000,0.000000,0,0.000000,568891.000000,1.000000,384958587471.000000,1241098.000000
569000,8,154908,0.800000,1.000000,0.749862,1.000000,0.000000,0,0.000000,507494.000000,1.000000,384958587471.000000,1241098.000000
569000,9,155153,0.800000,1.000000,0.691877,1.000000,0.000000,0,0.000000,568975.000000,1.000000,384958587471.000000,1241098.000000
569000,10,155150,0.800000,1.000000,0.700619,1.000000,0.000000,0,0.000000,568409.000000,1.000000,384958587471.000000,1241098.000000
569000,11,155148,0.800000,1.000000,0.586612,1.000000,0.000000,0,0.000000,568873.000000,1.000000,384958587471.000000,1241098.000000
569000,12,155077,0.800000,1.000000,0.619370,1.000000,0.000000,0,0.000000,567698.000000,1.000000,384958587471.000000,1241098.000000
569000,13,155145,0.800000,1.000000,0.570322,1.000000,0.000000,0,0.000000,568946.000000,1.000000,384958587471.000000,1241098.000000
569000,14,155044,0.800000,1.000000,0.702266,1.000000,0.000000,0,0.000000,567238.000000,1.000000,384958587471.000000,1241098.000000
569000,15,155140,0.800000,1.000000,0.685369,1.000000,0.000000,0,0.000000,568520.000000,1.000000,384958587471.000000,1241098.000000
570000,0,155436,0.800000,1.000000,0.520494,1.000000,0.000000,0,0.000000,569982.000000,1.000000,386494128616.000000,2176019.000000
570000,1,155384,0.800000,1.000000,0.564815,1.000000,0.000000,0,0.000000,565167.000000,1.000000,386494128616.000000,2176019.000000
570000,2,155439,0.800000,1.000000,0.666533,1.000000,0.000000,1,472041.000000,570000.000000,1.000000,386494128616.000000,2176019.000000
570000,3,155439,0.800000,1.000000,0.530689,1.000000,0.000000,0,0.000000,569990.000000,1.000000,386494128616.000000,2176019.000000
570000,4,155439,0.800000,1.000000,0.778766,1.000000,0.000000,0,0.000000,569997.000000,1.000000,386494128616.000000,2176019.000000
570000,5,155429,0.800000,1.000000,0.576434,1.000000,0.000000,0,0.000000,569081.000000,1.000000,386494128616.000000,2176019.000000
570000,6,155439,0.800000,1.000000,0.584059,1.000000,0.000000,0,0.000000,569994.000000,1.000000,386494128616.000000,2176019.000000
570000,7,155437,0.800000,1.000000,0.634681,1.000000,0.000000,0,0.000000,569991.000000,1.000000,386494128616.000000,2176019.000000
570000,8,155286,0.800000,1.000000,0.614812,1.000000,0.000000,0,0.000000,507494.000000,1.000000,386494128616.000000,2176019.000000
570000,9,155437,0.800000,1.000000,0.527639,1.000000,0.000000,0,0.000000,569987.000000,1.000000,386494128616.000000,2176019.000000
570000,10,155440,0.800000,1.000000,0.821730,1.000000,0.000000,0,0.000000,569999.000000,1.000000,386494128616.000000,2176019.000000
570000,11,155436,0.800000,1.000000,0.615844,1.000000,0.000000,0,0.000000,569954.000000,1.000000,386494128616.000000,2176019.000000
570000,12,155440,0.800000,1.000000,0.809347,1.000000,0.000000,0,0.000000,569996.000000,1.000000,386494128616.000000,2176019.000000
570000,13,155438,0.800000,1.000000,0.719454,1.000000,0.000000,0,0.000000,569974.000000,1.000000,386494128616.000000,2176019.000000
570000,14,155388,0.800000,1.000000,0.606479,1.000000,0.000000,0,0.000000,567238.000000,1.000000,386494128616.000000,2176019.000000
570000,15,155439,0.800000,1.000000,0.641412,1.000000,0.000000,0,0.000000,569883.000000,1.000000,386494128616.000000,2176019.000000
571000,0,155703,0.800000,1.000000,0.720550,1.000000,0.000000,0,0.000000,570944.000000,1.000000,387900088015.000000,2491166.000000
571000,1,155710,0.800000,1.000000,0.569612,1.000000,0.000000,0,0.000000,570958.000000,1.000000,387900088015.000000,2491166.000000
571000,2,155713,0.800000,1.000000,0.705192,1.000000,0.000000,0,0.000000,570974.000000,1.000000,387900088015.000000,2491166.000000
571000,3,155718,0.800000,1.000000,0.642877,1.000000,0.000000,1,460514.000000,571000.000000,1.000000,387900088015.000000,2491166.000000
571000,4,155718,0.800000,1.000000,0.714045,1.000000,0.000000,0,0.000000,570998.000000,1.000000,387900088015.000000,2491166.000000
571000,5,155698,0.800000,1.000000,0.669605,1.000000,0.000000,0,0.000000,569081.000000,1.000000,387900088015.000000,2491166.000000
571000,6,155716,0.800000,1.000000,0.654333,1.000000,0.000000,0,0.000000,570993.000000,1.000000,387900088015.000000,2491166.000000
571000,7,155714,0.800000,1.000000,0.681668,1.000000,0.000000,0,0.000000,570963.000000,1.000000,387900088015.000000,2491166.000000
571000,8,155638,0.800000,1.000000,0.741924,1.000000,0.000000,0,0.000000,507494.000000,1.000000,387900088015.000000,2491166.000000
571000,9,155673,0.800000,1.000000,0.630325,1.000000,0.000000,0,0.000000,570461.000000,1.000000,387900088015.000000,2491166.000000
571000,10,155699,0.800000,1.000000,0.657716,1.000000,0.000000,0,0.000000,570193.000000,1.000000,387900088015.000000,2491166.000000
571000,11,155719,0.800000,1.000000,0.646909,1.000000,0.000000,0,0.000000,570999.000000,1.000000,387900088015.000000,2491166.000000
571000,12,155709,0.800000,1.000000,0.558780,1.000000,0.000000,0,0.000000,570929.000000,1.000000,387900088015.000000,2491166.000000
571000,13,155717,0.800000,1.000000,0.503778,1.000000,0.000000,0,0.000000,570935.000000,1.000000,387900088015.000000,2491166.000000
571000,14,155702,0.800000,1.000000,0.630482,1.000000,0.000000,0,0.000000,567238.000000,1.000000,387900088015.000000,2491166.000000
571000,15,155718,0.800000,1.000000,0.560861,1.000000,0.000000,0,0.000000,570981.000000,1.000000,387900088015.000000,2491166.000000
572000,0,155993,0.800000,1.000000,0.630151,1.000000,0.000000,0,0.000000,571879.000000,1.000000,389276486485.000000,2495818.000000
572000,1,155993,0.800000,1.000000,0.700222,1.000000,0.000000,0,0.000000,571996.000000,1.000000,389276486485.000000,2495818.000000
572000,2,155990,0.800000,1.000000,0.779745,1.000000,0.000000,0,0.000000,571803.000000,1.000000,389276486485.000000,2495818.000000
572000,3,155935,0.800000,1.000000,0.645651,1.000000,0.000000,0,0.000000,571157.000000,1.000000,389276486485.000000,2495818.000000
572000,4,155993,0.800000,1.000000,0.694519,1.000000,0.000000,0,0.000000,571999.000000,1.000000,389276486485.000000,2495818.000000
572000,5,155993,0.800000,1.000000,0.647496,1.000000,0.000000,0,0.000000,571997.000000,1.000000,389276486485.000000,2495818.000000
572000,6,155993,0.800000,1.000000,0.608116,1.000000,0.000000,0,0.000000,571976.000000,1.000000,389276486485.000000,2495818.000000
572000,7,155915,0.800000,1.000000,0.562908,1.000000,0.000000,0,0.000000,571676.000000,1.000000,389276486485.000000,2495818.000000
572000,8,155991,0.800000,1.000000,0.538017,1.000000,0.000000,0,0.000000,571981.000000,1.000000,389276486485.000000,2495818.000000
572000,9,155992,0.800000,1.000000,0.660741,1.000000,0.000000,0,0.000000,571993.000000,1.000000,389276486485.000000,2495818.000000
572000,10,155978,0.800000,1.000000,0.572291,1.000000,0.000000,0,0.000000,571756.000000,1.000000,389276486485.000000,2495818.000000
572000,11,155966,0.800000,1.000000,0.506691,1.000000,0.000000,0,0.000000,571262.000000,1.000000,389276486485.000000,2495818.000000
572000,12,155988,0.800000,1.000000,0.719335,1.000000,0.000000,0,0.000000,571977.000000,1.000000,389276486485.000000,2495818.000000
572000,13,155993,0.800000,1.000000,0.646093,1.000000,0.000000,1,456250.000000,572000.000000,1.000000,389276486485.000000,2495818.000000
572000,14,155994,0.800000,1.000000,0.651250,1.000000,0.000000,0,0.000000,571991.000000,1.000000,389276486485.000000,2495818.000000
572000,15,155974,0.800000,1.000000,0.681063,1.000000,0.000000,0,0.000000,571937.000000,1.000000,389276486485.000000,2495818.000000
573000,0,156288,0.800000,1.000000,0.533267,1.000000,0.000000,0,0.000000,572930.000000,1.000000,390818463217.000000,937723.000000
573000,1,156296,0.800000,1.000000,0.741302,1.000000,0.000000,0,0.000000,572991.000000,1.000000,390818463217.000000,937723.000000
573000,2,156297,0.800000,1.000000,0.704775,1.000000,0.000000,0,0.000000,572999.000000,1.000000,390818463217.000000,937723.000000
573000,3,156273,0.800000,1.000000,0.584629,1.000000,0.000000,0,0.000000,572890.000000,1.000000,390818463217.000000,937723.000000
573000,4,156281,0.800000,1.000000,0.712949,1.000000,0.000000,0,0.000000,572373.000000,1.000000,390818463217.000000,937723.000000
573000,5,156296,0.800000,1.000000,0.584943,1.000000,0.000000,0,0.000000,572961.000000,1.000000,390818463217.000000,937723.000000
573000,6,156289,0.800000,1.000000,0.637752,1.000000,0.000000,0,0.000000,572960.000000,1.000000,390818463217.000000,937723.000000
573000,7,156264,0.800000,1.000000,0.689592,1.000000,0.000000,0,0.000000,571676.000000,1.000000,390818463217.000000,937723.000000
573000,8,156297,0.800000,1.000000,0.625979,1.000000,0.000000,0,0.000000,572998.000000,1.000000,390818463217.000000,937723.000000
573000,9,156297,0.800000,1.000000,0.709310,1.000000,0.000000,0,0.000000,572993.000000,1.000000,390818463217.000000,937723.000000
573000,10,156293,0.800000,1.000000,0.618405,1.000000,0.000000,0,0.000000,572942.000000,1.000000,390818463217.000000,937723.000000
573000,11,156297,0.800000,1.000000,0.738107,1.000000,0.000000,0,0.000000,572995.000000,1.000000,390818463217.000000,937723.000000
573000,12,156292,0.800000,1.000000,0.604496,1.000000,0.000000,0,0.000000,572677.000000,1.000000,390818463217.000000,937723.000000
573000,13,156291,0.800000,1.000000,0.622831,1.000000,0.000000,0,0.000000,572897.000000,1.000000,390818463217.000000,937723.000000
573000,14,156270,0.800000,1.000000,0.558144,1.000000,0.000000,0,0.000000,572384.000000,1.000000,390818463217.000000,937723.000000
573000,15,156298,0.800000,1.000000,0.662336,1.000000,0.000000,1,469171.000000,573000.000000,1.000000,390818463217.000000,937723.000000
574000,0,156576,0.800000,1.000000,0.804401,1.000000,0.000000,0,0.000000,573654.000000,1.000000,392288656418.000000,1878826.000000
574000,1,156594,0.800000,1.000000,0.657950,1.000000,0.000000,0,0.000000,573921.000000,1.000000,392288656418.000000,1878826.000000
574000,2,156568,0.800000,1.000000,0.592939,1.000000,0.000000,0,0.000000,573533.000000,1.000000,392288656418.000000,1878826.000000
574000,3,156594,0.800000,1.000000,0.659245,1.000000,0.000000,0,0.000000,573992.000000,1.000000,392288656418.000000,1878826.000000
574000,4,156596,0.800000,1.000000,0.677372,1.000000,0.000000,0,0.000000,573998.000000,1.000000,392288656418.000000,1878826.000000
574000,5,156576,0.800000,1.000000,0.602351,1.000000,0.000000,0,0.000000,573911.000000,1.000000,392288656418.000000,1878826.000000
574000,6,156595,0.800000,1.000000,0.700529,1.000000,0.000000,0,0.000000,573994.000000,1.000000,392288656418.000000,1878826.000000
574000,7,156474,0.800000,1.000000,0.722602,1.000000,0.000000,0,0.000000,571676.000000,1.000000,392288656418.000000,1878826.000000
574000,8,156578,0.800000,1.000000,0.639707,1.000000,0.000000,0,0.000000,573827.000000,1.000000,392288656418.000000,1878826.000000
574000,9,156595,0.800000,1.000000,0.567876,1.000000,0.000000,0,0.000000,573988.000000,1.000000,392288656418.000000,1878826.000000
574000,10,156596,0.800000,1.000000,0.614205,1.000000,0.000000,0,0.000000,573996.000000,1.000000,392288656418.000000,1878826.000000
574000,11,156592,0.800000,1.000000,0.590444,1.000000,0.000000,0,0.000000,573812.000000,1.000000,392288656418.000000,1878826.000000
574000,12,156596,0.800000,1.000000,0.615458,1.000000,0.000000,0,0.000000,573984.000000,1.000000,392288656418.000000,1878826.000000
574000,13,156596,0.800000,1.000000,0.572338,1.000000,0.000000,0,0.000000,573890.000000,1.000000,392288656418.000000,1878826.000000
574000,14,156596,0.800000,1.000000,0.623759,1.000000,0.000000,1,458238.000000,574000.000000,1.000000,392288656418.000000,1878826.000000
574000,15,156596,0.800000,1.000000,0.691512,1.000000,0.000000,0,0.000000,573980.000000,1.000000,392288656418.000000,1878826.000000
575000,0,156880,0.800000,1.000000,0.552401,1.000000,0.000000,0,0.000000,574998.000000,1.000000,393638317960.000000,1882272.000000
575000,1,156769,0.800000,1.000000,0.662127,1.000000,0.000000,0,0.000000,574358.000000,1.000000,393638317960.000000,1882272.000000
575000,2,156840,0.800000,1.000000,0.704412,1.000000,0.000000,0,0.000000,573533.000000,1.000000,393638317960.000000,1882272.000000
575000,3,156878,0.800000,1.000000,0.662552,1.000000,0.000000,0,0.000000,574851.000000,1.000000,393638317960.000000,1882272.000000
575000,4,156872,0.800000,1.000000,0.607106,1.000000,0.000000,0,0.000000,574918.000000,1.000000,393638317960.000000,1882272.000000
575000,5,156876,0.800000,1.000000,0.674006,1.000000,0.000000,0,0.000000,574981.000000,1.000000,393638317960.000000,1882272.000000
575000,6,156828,0.800000,1.000000,0.628843,1.000000,0.000000,0,0.000000,574632.000000,1.000000,393638317960.000000,1882272.000000
575000,7,156729,0.800000,1.000000,0.497011,1.000000,0.000000,0,0.000000,571676.000000,1.000000,393638317960.000000,1882272.000000
575000,8,156842,0.800000,1.000000,0.608149,1.000000,0.000000,0,0.000000,574141.000000,1.000000,393638317960.000000,1882272.000000
575000,9,156880,0.800000,1.000000,0.686919,1.000000,0.000000,0,0.000000,574996.000000,1.000000,393638317960.000000,1882272.000000
575000,10,156858,0.800000,1.000000,0.659109,1.000000,0.000000,0,0.000000,574747.000000,1.000000,393638317960.000000,1882272.000000
575000,11,156854,0.800000,1.000000,0.557931,1.000000,0.000000,0,0.000000,574879.000000,1.000000,393638317960.000000,1882272.000000
575000,12,156880,0.800000,1.000000,0.697217,1.000000,0.000000,1,458127.000000,575000.000000,1.000000,393638317960.000000,1882272.000000
575000,13,156881,0.800000,1.000000,0.719050,1.000000,0.000000,0,0.000000,574999.000000,1.000000,393638317960.000000,1882272.000000
575000,14,156879,0.800000,1.000000,0.535948,1.000000,0.000000,0,0.000000,574974.000000,1.000000,393638317960.000000,1882272.000000
575000,15,156878,0.800000,1.000000,0.618200,1.000000,0.000000,0,0.000000,574987.000000,1.000000,393638317960.000000,1882272.000000
576000,0,157148,0.800000,1.000000,0.573195,1.000000,0.000000,0,0.000000,575974.000000,1.000000,395034892428.000000,314055.000000
576000,1,157085,0.800000,1.000000,0.658792,1.000000,0.000000,0,0.000000,574358.000000,1.000000,395034892428.000000,314055.000000
576000,2,157148,0.800000,1.000000,0.721432,1.000000,0.000000,0,0.000000,575990.000000,1.000000,395034892428.000000,314055.000000
576000,3,157152,0.800000,1.000000,0.665038,1.000000,0.000000,0,0.000000,575995.000000,1.000000,395034892428.000000,314055.000000
576000,4,157125,0.800000,1.000000,0.671995,1.000000,0.000000,0,0.000000,575908.000000,1.000000,395034892428.000000,314055.000000
576000,5,157137,0.800000,1.000000,0.622290,1.000000,0.000000,0,0.000000,575121.000000,1.000000,395034892428.000000,314055.000000
576000,6,157150,0.800000,1.000000,0.508783,1.000000,0.000000,0,0.000000,575983.000000,1.000000,395034892428.000000,314055.000000
576000,7,157045,0.800000,1.000000,0.638163,1.000000,0.000000,0,0.000000,571676.000000,1.000000,395034892428.000000,314055.000000
576000,8,157136,0.800000,1.000000,0.645035,1.000000,0.000000,0,0.000000,575934.000000,1.000000,395034892428.000000,314055.000000
576000,9,157098,0.800000,1.000000,0.705782,1.000000,0.000000,0,0.000000,575798.000000,1.000000,395034892428.000000,314055.000000
576000,10,157153,0.800000,1.000000,0.761276,1.000000,0.000000,0,0.000000,575998.000000,1.000000,395034892428.000000,314055.000000
576000,11,157153,0.800000,1.000000,0.762446,1.000000,0.000000,0,0.000000,575999.000000,1.000000,395034892428.000000,314055.000000
576000,12,157153,0.800000,1.000000,0.598471,1.000000,0.000000,1,458746.000000,576000.000000,1.000000,395034892428.000000,314055.000000
576000,13,157151,0.800000,1.000000,0.774312,1.000000,0.000000,0,0.000000,575994.000000,1.000000,395034892428.000000,314055.000000
576000,14,157150,0.800000,1.000000,0.680905,1.000000,0.000000,0,0.000000,575955.000000,1.000000,395034892428.000000,314055.000000
576000,15,157088,0.800000,1.000000,0.643580,1.000000,0.000000,0,0.000000,575489.000000,1.000000,395034892428.000000,314055.000000
577000,0,157449,0.800000,1.000000,0.655515,1.000000,0.000000,0,0.000000,576961.000000,1.000000,396495071020.000000,629792.000000
577000,1,157381,0.800000,1.000000,0.579137,1.000000,0.000000,0,0.000000,574358.000000,1.000000,396495071020.000000,629792.000000
577000,2,157450,0.800000,1.000000,0.627758,1.000000,0.000000,0,0.000000,576995.000000,1.000000,396495071020.000000,629792.000000
577000,3,157450,0.800000,1.000000,0.613409,1.000000,0.000000,0,0.000000,576999.000000,1.000000,396495071020.000000,629792.000000
577000,4,157450,0.800000,1.000000,0.677880,1.000000,0.000000,1,464041.000000,577000.000000,1.000000,396495071020.000000,629792.000000
577000,5,157447,0.800000,1.000000,0.644474,1.000000,0.000000,0,0.000000,576956.000000,1.000000,396495071020.000000,629792.000000
577000,6,157413,0.800000,1.000000,0.609655,1.000000,0.000000,0,0.000000,576829.000000,1.000000,396495071020.000000,629792.000000
577000,7,157348,0.800000,1.000000,0.692167,1.000000,0.000000,0,0.000000,571676.000000,1.000000,396495071020.000000,629792.000000
577000,8,157432,0.800000,1.000000,0.669252,1.000000,0.000000,0,0.000000,576882.000000,1.000000,396495071020.000000,629792.000000
577000,9,157215,0.800000,1.000000,0.523131,1.000000,0.000000,0,0.000000,575798.000000,1.000000,396495071020.000000,629792.000000
577000,10,157433,0.800000,1.000000,0.645284,1.000000,0.000000,0,0.000000,576935.000000,1.000000,396495071020.000000,629792.000000
577000,11,157444,0.800000,1.000000,0.544845,1.000000,0.000000,0,0.000000,576964.000000,1.000000,396495071020.000000,629792.000000
577000,12,157451,0.800000,1.000000,0.710858,1.000000,0.000000,0,0.000000,576998.000000,1.000000,396495071020.000000,629792.000000
577000,13,157450,0.800000,1.000000,0.609189,1.000000,0.000000,0,0.000000,576996.000000,1.000000,396495071020.000000,629792.000000
577000,14,157451,0.800000,1.000000,0.620375,1.000000,0.000000,0,0.000000,576993.000000,1.000000,396495071020.000000,629792.000000
577000,15,157450,0.800000,1.000000,0.694709,1.000000,0.000000,0,0.000000,576997.000000,1.000000,396495071020.000000,629792.000000
578000,0,157737,0.800000,1.000000,0.658940,1.000000,0.000000,0,0.000000,577975.000000,1.000000,397960714257.000000,1892482.000000
578000,1,157638,0.800000,1.000000,0.691180,1.000000,0.000000,0,0.000000,574358.000000,1.000000,397960714257.000000,1892482.000000
578000,2,157737,0.800000,1.000000,0.676141,1.000000,0.000000,0,0.000000,577970.000000,1.000000,397960714257.000000,1892482.000000
578000,3,157737,0.800000,1.000000,0.615749,1.000000,0.000000,0,0.000000,577984.000000,1.000000,397960714257.000000,1892482.000000
578000,4,157738,0.800000,1.000000,0.696295,1.000000,0.000000,0,0.000000,577999.000000,1.000000,397960714257.000000,1892482.000000
578000,5,157738,0.800000,1.000000,0.595174,1.000000,0.000000,1,464768.000000,578000.000000,1.000000,397960714257.000000,1892482.000000
578000,6,157716,0.800000,1.000000,0.539164,1.000000,0.000000,0,0.000000,577887.000000,1.000000,397960714257.000000,1892482.000000
578000,7,157718,0.800000,1.000000,0.702918,1.000000,0.000000,0,0.000000,571676.000000,1.000000,397960714257.000000,1892482.000000
578000,8,157656,0.800000,1.000000,0.672177,1.000000,0.000000,0,0.000000,577691.000000,1.000000,397960714257.000000,1892482.000000
578000,9,157586,0.800000,1.000000,0.518687,1.000000,0.000000,0,0.000000,575798.000000,1.000000,397960714257.000000,1892482.000000
578000,10,157683,0.800000,1.000000,0.780231,1.000000,0.000000,0,0.000000,577813.000000,1.000000,397960714257.000000,1892482.000000
578000,11,157738,0.800000,1.000000,0.624271,1.000000,0.000000,0,0.000000,577997.000000,1.000000,397960714257.000000,1892482.000000
578000,12,157729,0.800000,1.000000,0.655619,1.000000,0.000000,0,0.000000,577573.000000,1.000000,397960714257.000000,1892482.000000
578000,13,157738,0.800000,1.000000,0.609820,1.000000,0.000000,0,0.000000,577993.000000,1.000000,397960714257.000000,1892482.000000
578000,14,157738,0.800000,1.000000,0.612699,1.000000,0.000000,0,0.000000,577995.000000,1.000000,397960714257.000000,1892482.000000
578000,15,157738,0.800000,1.000000,0.615172,1.000000,0.000000,0,0.000000,577986.000000,1.000000,397960714257.000000,1892482.000000
579000,0,157967,0.800000,1.000000,0.581470,1.000000,0.000000,0,0.000000,578532.000000,1.000000,399412964637.000000,3160066.000000
579000,1,158017,0.800000,1.000000,0.672170,1.000000,0.000000,0,0.000000,578747.000000,1.000000,399412964637.000000,3160066.000000
579000,2,158015,0.800000,1.000000,0.694576,1.000000,0.000000,0,0.000000,578751.000000,1.000000,399412964637.000000,3160066.000000
579000,3,158019,0.800000,1.000000,0.665736,1.000000,0.000000,0,0.000000,578992.000000,1.000000,399412964637.000000,3160066.000000
579000,4,158013,0.800000,1.000000,0.625830,1.000000,0.000000,0,0.000000,578912.000000,1.000000,399412964637.000000,3160066.000000
579000,5,158019,0.800000,1.000000,0.497696,1.000000,0.000000,1,465560.000000,579000.000000,1.000000,399412964637.000000,3160066.000000
579000,6,158020,0.800000,1.000000,0.662550,1.000000,0.000000,0,0.000000,578996.000000,1.000000,399412964637.000000,3160066.000000
579000,7,158020,0.800000,1.000000,0.616945,1.000000,0.000000,0,0.000000,578967.000000,1.000000,399412964637.000000,3160066.000000
579000,8,158018,0.800000,1.000000,0.571088,1.000000,0.000000,0,0.000000,578990.000000,1.000000,399412964637.000000,3160066.000000
579000,9,157874,0.800000,1.000000,0.583131,1.000000,0.000000,0,0.000000,575798.000000,1.000000,399412964637.000000,3160066.000000
579000,10,157983,0.800000,1.000000,0.591088,1.000000,0.000000,0,0.000000,577813.000000,1.000000,399412964637.000000,3160066.000000
579000,11,158003,0.800000,1.000000,0.586376,1.000000,0.000000,0,0.000000,578909.000000,1.000000,399412964637.000000,3160066.000000
579000,12,158018,0.800000,1.000000,0.684108,1.000000,0.000000,0,0.000000,578997.000000,1.000000,399412964637.000000,3160066.000000
579000,13,158020,0.800000,1.000000,0.696847,1.000000,0.000000,0,0.000000,578999.000000,1.000000,399412964637.000000,3160066.000000
579000,14,158020,0.800000,1.000000,0.625455,1.000000,0.000000,0,0.000000,578988.000000,1.000000,399412964637.000000,3160066.000000
579000,15,157939,0.800000,1.000000,0.630272,1.000000,0.000000,0,0.000000,578394.000000,1.000000,399412964637.000000,3160066.000000
580000,0,158294,0.800000,1.000000,0.674881,1.000000,0.000000,0,0.000000,579945.000000,1.000000,400768200284.000000,1899542.000000
580000,1,158296,0.800000,1.000000,0.651234,1.000000,0.000000,0,0.000000,579995.000000,1.000000,400768200284.000000,1899542.000000
580000,2,158296,0.800000,1.000000,0.615544,1.000000,0.000000,0,0.000000,579998.000000,1.000000,400768200284.000000,1899542.000000
580000,3,158295,0.800000,1.000000,0.576736,1.000000,0.000000,0,0.000000,579930.000000,1.000000,400768200284.000000,1899542.000000
580000,4,158294,0.800000,1.000000,0.583347,1.000000,0.000000,0,0.000000,579989.000000,1.000000,400768200284.000000,1899542.000000
580000,5,158270,0.800000,1.000000,0.491377,1.000000,0.000000,0,0.000000,579666.000000,1.000000,400768200284.000000,1899542.000000
580000,6,158296,0.800000,1.000000,0.621889,1.000000,0.000000,1,485959.000000,580000.000000,1.000000,400768200284.000000,1899542.000000
580000,7,158296,0.800000,1.000000,0.702112,1.000000,0.000000,0,0.000000,579997.000000,1.000000,400768200284.000000,1899542.000000
580000,8,158020,0.800000,1.000000,0.542581,1.000000,0.000000,0,0.000000,578990.000000,1.000000,400768200284.000000,1899542.000000
580000,9,158231,0.800000,1.000000,0.673753,1.000000,0.000000,0,0.000000,575798.000000,1.000000,400768200284.000000,1899542.000000
580000,10,158295,0.800000,1.000000,0.613325,1.000000,0.000000,0,0.000000,579990.000000,1.000000,400768200284.000000,1899542.000000
580000,11,158237,0.800000,1.000000,0.555822,1.000000,0.000000,0,0.000000,579765.000000,1.000000,400768200284.000000,1899542.000000
580000,12,158297,0.800000,1.000000,0.645338,1.000000,0.000000,0,0.000000,579999.000000,1.000000,400768200284.000000,1899542.000000
580000,13,158267,0.800000,1.000000,0.564985,1.000000,0.000000,0,0.000000,579884.000000,1.000000,400768200284.000000,1899542.000000
580000,14,158297,0.800000,1.000000,0.536452,1.000000,0.000000,0,0.000000,579993.000000,1.000000,400768200284.000000,1899542.000000
580000,15,158269,0.800000,1.000000,0.528216,1.000000,0.000000,0,0.000000,579857.000000,1.000000,400768200284.000000,1899542.000000
581000,0,158403,0.800000,1.000000,0.785180,1.000000,0.000000,0,0.000000,579945.000000,1.000000,402000428134.000000,1268014.000000
581000,1,158527,0.800000,1.000000,0.640250,1.000000,0.000000,0,0.000000,580892.000000,1.000000,402000428134.000000,1268014.000000
581000,2,158539,0.800000,1.000000,0.599385,1.000000,0.000000,0,0.000000,580989.000000,1.000000,402000428134.000000,1268014.000000
581000,3,158542,0.800000,1.000000,0.538112,1.000000,0.000000,0,0.000000,580981.000000,1.000000,402000428134.000000,1268014.000000
581000,4,158502,0.800000,1.000000,0.631133,1.000000,0.000000,0,0.000000,580828.000000,1.000000,402000428134.000000,1268014.000000
581000,5,158527,0.800000,1.000000,0.589451,1.000000,0.000000,0,0.000000,580174.000000,1.000000,402000428134.000000,1268014.000000
581000,6,158535,0.800000,1.000000,0.668823,1.000000,0.000000,0,0.000000,580975.000000,1.000000,402000428134.000000,1268014.000000
581000,7,158391,0.800000,1.000000,0.627880,1.000000,0.000000,0,0.000000,580381.000000,1.000000,402000428134.000000,1268014.000000
581000,8,158400,0.800000,1.000000,0.659956,1.000000,0.000000,0,0.000000,578990.000000,1.000000,402000428134.000000,1268014.000000
581000,9,158541,0.800000,1.000000,0.595122,1.000000,0.000000,0,0.000000,580967.000000,1.000000,402000428134.000000,1268014.000000
581000,10,158542,0.800000,1.000000,0.545165,1.000000,0.000000,0,0.000000,580999.000000,1.000000,402000428134.000000,1268014.000000
581000,11,158533,0.800000,1.000000,0.645947,1.000000,0.000000,0,0.000000,580795.000000,1.000000,402000428134.000000,1268014.000000
581000,12,158542,0.800000,1.000000,0.699005,1.000000,0.000000,0,0.000000,580997.000000,1.000000,402000428134.000000,1268014.000000
581000,13,158542,0.800000,1.000000,0.683430,1.000000,0.000000,1,463131.000000,581000.000000,1.000000,402000428134.000000,1268014.000000
581000,14,158543,0.800000,1.000000,0.640506,1.000000,0.000000,0,0.000000,580998.000000,1.000000,402000428134.000000,1268014.000000
581000,15,158531,0.800000,1.000000,0.574643,1.000000,0.000000,0,0.000000,580591.000000,1.000000,402000428134.000000,1268014.000000
582000,0,158746,0.800000,1.000000,0.478778,1.000000,0.000000,0,0.000000,579945.000000,1.000000,403367601029.000000,952543.000000
582000,1,158805,0.800000,1.000000,0.666174,1.000000,0.000000,0,0.000000,581996.000000,1.000000,403367601029.000000,952543.000000
582000,2,158806,0.800000,1.000000,0.632833,1.000000,0.000000,1,481828.000000,582000.000000,1.000000,403367601029.000000,952543.000000
582000,3,158802,0.800000,1.000000,0.742288,1.000000,0.000000,0,0.000000,581984.000000,1.000000,403367601029.000000,952543.000000
582000,4,158679,0.800000,1.000000,0.600766,1.000000,0.000000,0,0.000000,580828.000000,1.000000,403367601029.000000,952543.000000
582000,5,158796,0.800000,1.000000,0.649817,1.000000,0.000000,0,0.000000,581967.000000,1.000000,403367601029.000000,952543.000000
582000,6,158796,0.800000,1.000000,0.669144,1.000000,0.000000,0,0.000000,581916.000000,1.000000,403367601029.000000,952543.000000
582000,7,158678,0.800000,1.000000,0.609325,1.000000,0.000000,0,0.000000,580381.000000,1.000000,403367601029.000000,952543.000000
582000,8,158724,0.800000,1.000000,0.623594,1.000000,0.000000,0,0.000000,578990.000000,1.000000,403367601029.000000,952543.000000
582000,9,158806,0.800000,1.000000,0.675140,1.000000,0.000000,0,0.000000,581998.000000,1.000000,403367601029.000000,952543.000000
582000,10,158788,0.800000,1.000000,0.665758,1.000000,0.000000,0,0.000000,581896.000000,1.000000,403367601029.000000,952543.000000
582000,11,158800,0.800000,1.000000,0.625393,1.000000,0.000000,0,0.000000,581947.000000,1.000000,403367601029.000000,952543.000000
582000,12,158805,0.800000,1.000000,0.534950,1.000000,0.000000,0,0.000000,581987.000000,1.000000,403367601029.000000,952543.000000
582000,13,158806,0.800000,1.000000,0.703333,1.000000,0.000000,0,0.000000,581994.000000,1.000000,403367601029.000000,952543.000000
582000,14,158807,0.800000,1.000000,0.594110,1.000000,0.000000,0,0.000000,581999.000000,1.000000,403367601029.000000,952543.000000
582000,15,158805,0.800000,1.000000,0.653173,1.000000,0.000000,0,0.000000,581992.000000,1.000000,403367601029.000000,952543.000000
583000,0,159070,0.800000,1.000000,0.526129,1.000000,0.000000,0,0.000000,582437.000000,1.000000,404956916653.000000,1272778.000000
583000,1,159101,0.800000,1.000000,0.723295,1.000000,0.000000,0,0.000000,582998.000000,1.000000,404956916653.000000,1272778.000000
583000,2,159098,0.800000,1.000000,0.651740,1.000000,0.000000,0,0.000000,582869.000000,1.000000,404956916653.000000,1272778.000000
583000,3,159096,0.800000,1.000000,0.584056,1.000000,0.000000,0,0.000000,582973.000000,1.000000,404956916653.000000,1272778.000000
583000,4,159067,0.800000,1.000000,0.677853,1.000000,0.000000,0,0.000000,580828.000000,1.000000,404956916653.000000,1272778.000000
583000,5,159096,0.800000,1.000000,0.638353,1.000000,0.000000,0,0.000000,582931.000000,1.000000,404956916653.000000,1272778.000000
583000,6,159101,0.800000,1.000000,0.752638,1.000000,0.000000,0,0.000000,582996.000000,1.000000,404956916653.000000,1272778.000000
583000,7,159056,0.800000,1.000000,0.621713,1.000000,0.000000,0,0.000000,580381.000000,1.000000,404956916653.000000,1272778.000000
583000,8,159099,0.800000,1.000000,0.642319,1.000000,0.000000,0,0.000000,582952.000000,1.000000,404956916653.000000,1272778.000000
583000,9,159101,0.800000,1.000000,0.688913,1.000000,0.000000,1,465165.000000,583000.000000,1.000000,404956916653.000000,1272778.000000
583000,10,159090,0.800000,1.000000,0.501444,1.000000,0.000000,0,0.000000,582938.000000,1.000000,404956916653.000000,1272778.000000
583000,11,159099,0.800000,1.000000,0.558013,1.000000,0.000000,0,0.000000,582968.000000,1.000000,404956916653.000000,1272778.000000
583000,12,159072,0.800000,1.000000,0.698962,1.000000,0.000000,0,0.000000,582900.000000,1.000000,404956916653.000000,1272778.000000
583000,13,159101,0.800000,1.000000,0.592397,1.000000,0.000000,0,0.000000,582979.000000,1.000000,404956916653.000000,1272778.000000
583000,14,159101,0.800000,1.000000,0.757225,1.000000,0.000000,0,0.000000,582999.000000,1.000000,404956916653.000000,1272778.000000
583000,15,159101,0.800000,1.000000,0.623666,1.000000,0.000000,0,0.000000,582992.000000,1.000000,404956916653.000000,1272778.000000
584000,0,159394,0.800000,1.000000,0.795656,1.000000,0.000000,0,0.000000,583995.000000,1.000000,406439724739.000000,318653.000000
584000,1,159383,0.800000,1.000000,0.657440,1.000000,0.000000,0,0.000000,583483.000000,1.000000,406439724739.000000,318653.000000
584000,2,159384,0.800000,1.000000,0.674684,1.000000,0.000000,0,0.000000,583697.000000,1.000000,406439724739.000000,318653.000000
584000,3,159395,0.800000,1.000000,0.769769,1.000000,0.000000,0,0.000000,583998.000000,1.000000,406439724739.000000,318653.000000
584000,4,159379,0.800000,1.000000,0.611724,1.000000,0.000000,0,0.000000,583860.000000,1.000000,406439724739.000000,318653.000000
584000,5,159378,0.800000,1.000000,0.572442,1.000000,0.000000,0,0.000000,583897.000000,1.000000,406439724739.000000,318653.000000
584000,6,159395,0.800000,1.000000,0.612598,1.000000,0.000000,0,0.000000,583990.000000,1.000000,406439724739.000000,318653.000000
584000,7,159374,0.800000,1.000000,0.736532,1.000000,0.000000,0,0.000000,580381.000000,1.000000,406439724739.000000,318653.000000
584000,8,159345,0.800000,1.000000,0.623894,1.000000,0.000000,0,0.000000,583704.000000,1.000000,406439724739.000000,318653.000000
584000,9,159331,0.800000,1.000000,0.635871,1.000000,0.000000,0,0.000000,583594.000000,1.000000,406439724739.000000,318653.000000
584000,10,159394,0.800000,1.000000,0.708856,1.000000,0.000000,0,0.000000,583993.000000,1.000000,406439724739.000000,318653.000000
584000,11,159377,0.800000,1.000000,0.657672,1.000000,0.000000,0,0.000000,583883.000000,1.000000,406439724739.000000,318653.000000
584000,12,159391,0.800000,1.000000,0.573268,1.000000,0.000000,0,0.000000,583958.000000,1.000000,406439724739.000000,318653.000000
584000,13,159395,0.800000,1.000000,0.592058,1.000000,0.000000,0,0.000000,583999.000000,1.000000,406439724739.000000,318653.000000
584000,14,159395,0.800000,1.000000,0.692765,1.000000,0.000000,1,465945.000000,584000.000000,1.000000,406439724739.000000,318653.000000
584000,15,159395,0.800000,1.000000,0.561523,1.000000,0.000000,0,0.000000,583983.000000,1.000000,406439724739.000000,318653.000000
585000,0,159662,0.800000,1.000000,0.736576,1.000000,0.000000,0,0.000000,584562.000000,1.000000,407857233552.000000,1277338.000000
585000,1,159676,0.800000,1.000000,0.570150,1.000000,0.000000,0,0.000000,584983.000000,1.000000,407857233552.000000,1277338.000000
585000,2,159581,0.800000,1.000000,0.743796,1.000000,0.000000,0,0.000000,583697.000000,1.000000,407857233552.000000,1277338.000000
585000,3,159677,0.800000,1.000000,0.676225,1.000000,0.000000,0,0.000000,584999.000000,1.000000,407857233552.000000,1277338.000000
585000,4,159641,0.800000,1.000000,0.583786,1.000000,0.000000,0,0.000000,584806.000000,1.000000,407857233552.000000,1277338.000000
585000,5,159670,0.800000,1.000000,0.606137,1.000000,0.000000,0,0.000000,584618.000000,1.000000,407857233552.000000,1277338.000000
585000,6,159665,0.800000,1.000000,0.544761,1.000000,0.000000,0,0.000000,584945.000000,1.000000,407857233552.000000,1277338.000000
585000,7,159678,0.800000,1.000000,0.694047,1.000000,0.000000,0,0.000000,584998.000000,1.000000,407857233552.000000,1277338.000000
585000,8,159677,0.800000,1.000000,0.612389,1.000000,0.000000,0,0.000000,584994.000000,1.000000,407857233552.000000,1277338.000000
585000,9,159672,0.800000,1.000000,0.683667,1.000000,0.000000,0,0.000000,583594.000000,1.000000,407857233552.000000,1277338.000000
585000,10,159675,0.800000,1.000000,0.575301,1.000000,0.000000,0,0.000000,584967.000000,1.000000,407857233552.000000,1277338.000000
585000,11,159579,0.800000,1.000000,0.589650,1.000000,0.000000,0,0.000000,584616.000000,1.000000,407857233552.000000,1277338.000000
585000,12,159678,0.800000,1.000000,0.611420,1.000000,0.000000,0,0.000000,584986.000000,1.000000,407857233552.000000,1277338.000000
585000,13,159678,0.800000,1.000000,0.630686,1.000000,0.000000,0,0.000000,584995.000000,1.000000,407857233552.000000,1277338.000000
585000,14,159661,0.800000,1.000000,0.551475,1.000000,0.000000,0,0.000000,584701.000000,1.000000,407857233552.000000,1277338.000000
585000,15,159678,0.800000,1.000000,0.729999,1.000000,0.000000,1,478173.000000,585000.000000,1.000000,407857233552.000000,1277338.000000
586000,0,159835,0.800000,1.000000,0.690653,1.000000,0.000000,0,0.000000,585573.000000,1.000000,409209394197.000000,319891.000000
586000,1,159923,0.800000,1.000000,0.527046,1.000000,0.000000,0,0.000000,585763.000000,1.000000,409209394197.000000,319891.000000
586000,2,159890,0.800000,1.000000,0.704653,1.000000,0.000000,0,0.000000,583697.000000,1.000000,409209394197.000000,319891.000000
586000,3,159864,0.800000,1.000000,0.594503,1.000000,0.000000,0,0.000000,585457.000000,1.000000,409209394197.000000,319891.000000
586000,4,159935,0.800000,1.000000,0.742611,1.000000,0.000000,0,0.000000,585824.000000,1.000000,409209394197.000000,319891.000000
586000,5,159934,0.800000,1.000000,0.648238,1.000000,0.000000,0,0.000000,585926.000000,1.000000,409209394197.000000,319891.000000
586000,6,159945,0.800000,1.000000,0.552644,1.000000,0.000000,0,0.000000,585932.000000,1.000000,409209394197.000000,319891.000000
586000,7,159946,0.800000,1.000000,0.609787,1.000000,0.000000,0,0.000000,585913.000000,1.000000,409209394197.000000,319891.000000
586000,8,159952,0.800000,1.000000,0.632183,1.000000,0.000000,0,0.000000,585996.000000,1.000000,409209394197.000000,319891.000000
586000,9,159952,0.800000,1.000000,0.707458,1.000000,0.000000,1,467666.000000,586000.000000,1.000000,409209394197.000000,319891.000000
586000,10,159924,0.800000,1.000000,0.688421,1.000000,0.000000,0,0.000000,585131.000000,1.000000,409209394197.000000,319891.000000
586000,11,159873,0.800000,1.000000,0.511707,1.000000,0.000000,0,0.000000,584616.000000,1.000000,409209394197.000000,319891.000000
586000,12,159950,0.800000,1.000000,0.748573,1.000000,0.000000,0,0.000000,585993.000000,1.000000,409209394197.000000,319891.000000
586000,13,159952,0.800000,1.000000,0.662419,1.000000,0.000000,0,0.000000,585998.000000,1.000000,409209394197.000000,319891.000000
586000,14,159952,0.800000,1.000000,0.698094,1.000000,0.000000,0,0.000000,585997.000000,1.000000,409209394197.000000,319891.000000
586000,15,159952,0.800000,1.000000,0.615803,1.000000,0.000000,0,0.000000,585999.000000,1.000000,409209394197.000000,319891.000000
587000,0,159835,0.800000,1.000000,0.690653,1.000000,0.000000,0,0.000000,585573.000000,1.000000,410511053009.000000,961267.000000
587000,1,160221,0.800000,1.000000,0.624103,1.000000,0.000000,0,0.000000,586986.000000,1.000000,410511053009.000000,961267.000000
587000,2,160202,0.800000,1.000000,0.699410,1.000000,0.000000,0,0.000000,583697.000000,1.000000,410511053009.000000,961267.000000
587000,3,160203,0.800000,1.000000,0.618300,1.000000,0.000000,0,0.000000,586900.000000,1.000000,410511053009.000000,961267.000000
587000,4,160221,0.800000,1.000000,0.674842,1.000000,0.000000,0,0.000000,586995.000000,1.000000,410511053009.000000,961267.000000
587000,5,160170,0.800000,1.000000,0.690385,1.000000,0.000000,0,0.000000,586651.000000,1.000000,410511053009.000000,961267.000000
587000,6,160212,0.800000,1.000000,0.616877,1.000000,0.000000,0,0.000000,586272.000000,1.000000,410511053009.000000,961267.000000
587000,7,160067,0.800000,1.000000,0.714887,1.000000,0.000000,0,0.000000,585913.000000,1.000000,410511053009.000000,961267.000000
587000,8,160204,0.800000,1.000000,0.678046,1.000000,0.000000,0,0.000000,586926.000000,1.000000,410511053009.000000,961267.000000
587000,9,160221,0.800000,1.000000,0.536338,1.000000,0.000000,0,0.000000,586998.000000,1.000000,410511053009.000000,961267.000000
587000,10,160207,0.800000,1.000000,0.645241,1.000000,0.000000,0,0.000000,585131.000000,1.000000,410511053009.000000,961267.000000
587000,11,160212,0.800000,1.000000,0.692043,1.000000,0.000000,0,0.000000,584616.000000,1.000000,410511053009.000000,961267.000000
587000,12,160222,0.800000,1.000000,0.685972,1.000000,0.000000,0,0.000000,586999.000000,1.000000,410511053009.000000,961267.000000
587000,13,160203,0.800000,1.000000,0.608303,1.000000,0.000000,0,0.000000,586425.000000,1.000000,410511053009.000000,961267.000000
587000,14,160222,0.800000,1.000000,0.613207,1.000000,0.000000,1,468055.000000,587000.000000,1.000000,410511053009.000000,961267.000000
587000,15,160223,0.800000,1.000000,0.690845,1.000000,0.000000,0,0.000000,586982.000000,1.000000,410511053009.000000,961267.000000
588000,0,160103,0.800000,1.000000,0.688962,1.000000,0.000000,0,0.000000,585573.000000,1.000000,411977981946.000000,1925914.000000
588000,1,160495,0.800000,1.000000,0.604228,1.000000,0.000000,0,0.000000,587996.000000,1.000000,411977981946.000000,1925914.000000
588000,2,160494,0.800000,1.000000,0.662577,1.000000,0.000000,0,0.000000,587977.000000,1.000000,411977981946.000000,1925914.000000
588000,3,160494,0.800000,1.000000,0.626811,1.000000,0.000000,0,0.000000,587745.000000,1.000000,411977981946.000000,1925914.000000
588000,4,160494,0.800000,1.000000,0.560047,1.000000,0.000000,0,0.000000,587981.000000,1.000000,411977981946.000000,1925914.000000
588000,5,160495,0.800000,1.000000,0.648252,1.000000,0.000000,0,0.000000,587999.000000,1.000000,411977981946.000000,1925914.000000
588000,6,160492,0.800000,1.000000,0.737382,1.000000,0.000000,0,0.000000,587976.000000,1.000000,411977981946.000000,1925914.000000
588000,7,160448,0.800000,1.000000,0.703064,1.000000,0.000000,0,0.000000,585913.000000,1.000000,411977981946.000000,1925914.000000
588000,8,160479,0.800000,1.000000,0.695567,1.000000,0.000000,0,0.000000,587706.000000,1.000000,411977981946.000000,1925914.000000
588000,9,160494,0.800000,1.000000,0.675761,1.000000,0.000000,0,0.000000,587997.000000,1.000000,411977981946.000000,1925914.000000
588000,10,160488,0.800000,1.000000,0.633296,1.000000,0.000000,0,0.000000,587876.000000,1.000000,411977981946.000000,1925914.000000
588000,11,160482,0.800000,1.000000,0.712407,1.000000,0.000000,0,0.000000,587582.000000,1.000000,411977981946.000000,1925914.000000
588000,12,160482,0.800000,1.000000,0.725692,1.000000,0.000000,0,0.000000,587942.000000,1.000000,411977981946.000000,1925914.000000
588000,13,160495,0.800000,1.000000,0.647247,1.000000,0.000000,1,468816.000000,588000.000000,1.000000,411977981946.000000,1925914.000000
588000,14,160494,0.800000,1.000000,0.578860,1.000000,0.000000,0,0.000000,587994.000000,1.000000,411977981946.000000,1925914.000000
588000,15,160491,0.800000,1.000000,0.633842,1.000000,0.000000,0,0.000000,587938.000000,1.000000,411977981946.000000,1925914.000000
589000,0,160469,0.800000,1.000000,0.612902,1.000000,0.000000,0,0.000000,585573.000000,1.000000,413478026818.000000,1607725.000000
589000,1,160784,0.800000,1.000000,0.649117,1.000000,0.000000,0,0.000000,588987.000000,1.000000,413478026818.000000,1607725.000000
589000,2,160738,0.800000,1.000000,0.673892,1.000000,0.000000,0,0.000000,588592.000000,1.000000,413478026818.000000,1607725.000000
589000,3,160748,0.800000,1.000000,0.671225,1.000000,0.000000,0,0.000000,588370.000000,1.000000,413478026818.000000,1607725.000000
589000,4,160775,0.800000,1.000000,0.551478,1.000000,0.000000,0,0.000000,588924.000000,1.000000,413478026818.000000,1607725.000000
589000,5,160760,0.800000,1.000000,0.744978,1.000000,0.000000,0,0.000000,588642.000000,1.000000,413478026818.000000,1607725.000000
589000,6,160785,0.800000,1.000000,0.699733,1.000000,0.000000,0,0.000000,588999.000000,1.000000,413478026818.000000,1607725.000000
589000,7,160785,0.800000,1.000000,0.619457,1.000000,0.000000,0,0.000000,588998.000000,1.000000,413478026818.000000,1607725.000000
589000,8,160786,0.800000,1.000000,0.653073,1.000000,0.000000,0,0.000000,588994.000000,1.000000,413478026818.000000,1607725.000000
589000,9,160784,0.800000,1.000000,0.664371,1.000000,0.000000,0,0.000000,588974.000000,1.000000,413478026818.000000,1607725.000000
589000,10,160778,0.800000,1.000000,0.715028,1.000000,0.000000,0,0.000000,588937.000000,1.000000,413478026818.000000,1607725.000000
589000,11,160786,0.800000,1.000000,0.575251,1.000000,0.000000,1,509442.000000,589000.000000,1.000000,413478026818.000000,1607725.000000
589000,12,160755,0.800000,1.000000,0.666642,1.000000,0.000000,0,0.000000,588881.000000,1.000000,413478026818.000000,1607725.000000
589000,13,160786,0.800000,1.000000,0.598931,1.000000,0.000000,0,0.000000,588986.000000,1.000000,413478026818.000000,1607725.000000
589000,14,160787,0.800000,1.000000,0.754068,1.000000,0.000000,0,0.000000,588997.000000,1.000000,413478026818.000000,1607725.000000
589000,15,160784,0.800000,1.000000,0.638362,1.000000,0.000000,0,0.000000,588411.000000,1.000000,413478026818.000000,1607725.000000
590000,0,160802,0.800000,1.000000,0.686204,1.000000,0.000000,0,0.000000,585573.000000,1.000000,414724204309.000000,644138.000000
590000,1,161007,0.800000,1.000000,0.597468,1.000000,0.000000,0,0.000000,589732.000000,1.000000,414724204309.000000,644138.000000
590000,2,161051,0.800000,1.000000,0.741938,1.000000,0.000000,1,488440.000000,590000.000000,1.000000,414724204309.000000,644138.000000
590000,3,161018,0.800000,1.000000,0.544848,1.000000,0.000000,0,0.000000,588370.000000,1.000000,414724204309.000000,644138.000000
590000,4,161050,0.800000,1.000000,0.739172,1.000000,0.000000,0,0.000000,589988.000000,1.000000,414724204309.000000,644138.000000
590000,5,161049,0.800000,1.000000,0.644618,1.000000,0.000000,0,0.000000,589985.000000,1.000000,414724204309.000000,644138.000000
590000,6,161041,0.800000,1.000000,0.715247,1.000000,0.000000,0,0.000000,589905.000000,1.000000,414724204309.000000,644138.000000
590000,7,161051,0.800000,1.000000,0.639329,1.000000,0.000000,0,0.000000,589936.000000,1.000000,414724204309.000000,644138.000000
590000,8,160914,0.800000,1.000000,0.677612,1.000000,0.000000,0,0.000000,589088.000000,1.000000,414724204309.000000,644138.000000
590000,9,161049,0.800000,1.000000,0.630941,1.000000,0.000000,0,0.000000,589982.000000,1.000000,414724204309.000000,644138.000000
590000,10,161023,0.800000,1.000000,0.667255,1.000000,0.000000,0,0.000000,589800.000000,1.000000,414724204309.000000,644138.000000
590000,11,161052,0.800000,1.000000,0.618545,1.000000,0.000000,0,0.000000,589998.000000,1.000000,414724204309.000000,644138.000000
590000,12,160775,0.800000,1.000000,0.564066,1.000000,0.000000,0,0.000000,588881.000000,1.000000,414724204309.000000,644138.000000
590000,13,161003,0.800000,1.000000,0.631481,1.000000,0.000000,0,0.000000,589195.000000,1.000000,414724204309.000000,644138.000000
590000,14,161028,0.800000,1.000000,0.547939,1.000000,0.000000,0,0.000000,589883.000000,1.000000,414724204309.000000,644138.000000
590000,15,161050,0.800000,1.000000,0.529226,1.000000,0.000000,0,0.000000,589975.000000,1.000000,414724204309.000000,644138.000000
591000,0,161105,0.800000,1.000000,0.535692,1.000000,0.000000,0,0.000000,585573.000000,1.000000,416179314662.000000,2257799.000000
591000,1,161333,0.800000,1.000000,0.546643,1.000000,0.000000,0,0.000000,590973.000000,1.000000,416179314662.000000,2257799.000000
591000,2,161334,0.800000,1.000000,0.618108,1.000000,0.000000,1,489146.000000,591000.000000,1.000000,416179314662.000000,2257799.000000
591000,3,161265,0.800000,1.000000,0.697295,1.000000,0.000000,0,0.000000,590749.000000,1.000000,416179314662.000000,2257799.000000
591000,4,161335,0.800000,1.000000,0.597521,1.000000,0.000000,0,0.000000,590998.000000,1.000000,416179314662.000000,2257799.000000
591000,5,161335,0.800000,1.000000,0.592610,1.000000,0.000000,0,0.000000,590997.000000,1.000000,416179314662.000000,2257799.000000
591000,6,161334,0.800000,1.000000,0.578074,1.000000,0.000000,0,0.000000,590991.000000,1.000000,416179314662.000000,2257799.000000
591000,7,161324,0.800000,1.000000,0.566392,1.000000,0.000000,0,0.000000,590877.000000,1.000000,416179314662.000000,2257799.000000
591000,8,161289,0.800000,1.000000,0.669790,1.000000,0.000000,0,0.000000,589088.000000,1.000000,416179314662.000000,2257799.000000
591000,9,161333,0.800000,1.000000,0.569674,1.000000,0.000000,0,0.000000,590934.000000,1.000000,416179314662.000000,2257799.000000
591000,10,161333,0.800000,1.000000,0.736381,1.000000,0.000000,0,0.000000,590996.000000,1.000000,416179314662.000000,2257799.000000
591000,11,161334,0.800000,1.000000,0.508100,1.000000,0.000000,0,0.000000,590999.000000,1.000000,416179314662.000000,2257799.000000
591000,12,161136,0.800000,1.000000,0.623487,1.000000,0.000000,0,0.000000,588881.000000,1.000000,416179314662.000000,2257799.000000
591000,13,161325,0.800000,1.000000,0.635095,1.000000,0.000000,0,0.000000,590951.000000,1.000000,416179314662.000000,2257799.000000
591000,14,161028,0.800000,1.000000,0.547939,1.000000,0.000000,0,0.000000,589883.000000,1.000000,416179314662.000000,2257799.000000
591000,15,161335,0.800000,1.000000,0.645746,1.000000,0.000000,0,0.000000,590995.000000,1.000000,416179314662.000000,2257799.000000
592000,0,161451,0.800000,1.000000,0.630460,1.000000,0.000000,0,0.000000,585573.000000,1.000000,417622041633.000000,1938330.000000
592000,1,161600,0.800000,1.000000,0.672981,1.000000,0.000000,0,0.000000,591867.000000,1.000000,417622041633.000000,1938330.000000
592000,2,161605,0.800000,1.000000,0.675844,1.000000,0.000000,0,0.000000,591952.000000,1.000000,417622041633.000000,1938330.000000
592000,3,161529,0.800000,1.000000,0.748382,1.000000,0.000000,0,0.000000,590749.000000,1.000000,417622041633.000000,1938330.000000
592000,4,161585,0.800000,1.000000,0.584586,1.000000,0.000000,0,0.000000,591899.000000,1.000000,417622041633.000000,1938330.000000
592000,5,161603,0.800000,1.000000,0.689218,1.000000,0.000000,0,0.000000,591945.000000,1.000000,417622041633.000000,1938330.000000
592000,6,161612,0.800000,1.000000,0.698734,1.000000,0.000000,0,0.000000,591995.000000,1.000000,417622041633.000000,1938330.000000
592000,7,161606,0.800000,1.000000,0.717709,1.000000,0.000000,0,0.000000,591846.000000,1.000000,417622041633.000000,1938330.000000
592000,8,161611,0.800000,1.000000,0.681962,1.000000,0.000000,0,0.000000,591996.000000,1.000000,417622041633.000000,1938330.000000
592000,9,161612,0.800000,1.000000,0.665134,1.000000,0.000000,0,0.000000,591997.000000,1.000000,417622041633.000000,1938330.000000
592000,10,161607,0.800000,1.000000,0.672043,1.000000,0.000000,0,0.000000,591970.000000,1.000000,417622041633.000000,1938330.000000
592000,11,161499,0.800000,1.000000,0.602628,1.000000,0.000000,0,0.000000,591433.000000,1.000000,417622041633.000000,1938330.000000
592000,12,161485,0.800000,1.000000,0.606064,1.000000,0.000000,0,0.000000,588881.000000,1.000000,417622041633.000000,1938330.000000
592000,13,161612,0.800000,1.000000,0.697548,1.000000,0.000000,0,0.000000,591999.000000,1.000000,417622041633.000000,1938330.000000
592000,14,161318,0.800000,1.000000,0.634477,1.000000,0.000000,0,0.000000,589883.000000,1.000000,417622041633.000000,1938330.000000
592000,15,161612,0.800000,1.000000,0.796437,1.000000,0.000000,1,483009.000000,592000.000000,1.000000,417622041633.000000,1938330.000000
593000,0,161775,0.800000,1.000000,0.644250,1.000000,0.000000,0,0.000000,585573.000000,1.000000,419159501883.000000,1295092.000000
593000,1,161887,0.800000,1.000000,0.530878,1.000000,0.000000,0,0.000000,592904.000000,1.000000,419159501883.000000,1295092.000000
593000,2,161888,0.800000,1.000000,0.647810,1.000000,0.000000,0,0.000000,592986.000000,1.000000,419159501883.000000,1295092.000000
593000,3,161889,0.800000,1.000000,0.699486,1.000000,0.000000,0,0.000000,592993.000000,1.000000,419159501883.000000,1295092.000000
593000,4,161889,0.800000,1.000000,0.754358,1.000000,0.000000,0,0.000000,592998.000000,1.000000,419159501883.000000,1295092.000000
593000,5,161889,0.800000,1.000000,0.749957,1.000000,0.000000,1,477164.000000,593000.000000,1.000000,419159501883.000000,1295092.000000
593000,6,161848,0.800000,1.000000,0.586382,1.000000,0.000000,0,0.000000,592798.000000,1.000000,419159501883.000000,1295092.000000
593000,7,161888,0.800000,1.000000,0.638429,1.000000,0.000000,0,0.000000,592948.000000,1.000000,419159501883.000000,1295092.000000
593000,8,161888,0.800000,1.000000,0.726884,1.000000,0.000000,0,0.000000,592997.000000,1.000000,419159501883.000000,1295092.000000
593000,9,161879,0.800000,1.000000,0.501958,1.000000,0.000000,0,0.000000,592934.000000,1.000000,419159501883.000000,1295092.000000
593000,10,161873,0.800000,1.000000,0.698550,1.000000,0.000000,0,0.000000,592947.000000,1.000000,419159501883.000000,1295092.000000
593000,11,161865,0.800000,1.000000,0.631960,1.000000,0.000000,0,0.000000,591433.000000,1.000000,419159501883.000000,1295092.000000
593000,12,161763,0.800000,1.000000,0.570862,1.000000,0.000000,0,0.000000,588881.000000,1.000000,419159501883.000000,1295092.000000
593000,13,161884,0.800000,1.000000,0.731669,1.000000,0.000000,0,0.000000,592869.000000,1.000000,419159501883.000000,1295092.000000
593000,14,161707,0.800000,1.000000,0.554042,1.000000,0.000000,0,0.000000,589883.000000,1.000000,419159501883.000000,1295092.000000
593000,15,161889,0.800000,1.000000,0.712035,1.000000,0.000000,0,0.000000,592999.000000,1.000000,419159501883.000000,1295092.000000
594000,0,162165,0.800000,1.000000,0.661086,1.000000,0.000000,0,0.000000,585573.000000,1.000000,420655400194.000000,648672.000000
594000,1,162159,0.800000,1.000000,0.591102,1.000000,0.000000,0,0.000000,593948.000000,1.000000,420655400194.000000,648672.000000
594000,2,162168,0.800000,1.000000,0.587884,1.000000,0.000000,0,0.000000,593998.000000,1.000000,420655400194.000000,648672.000000
594000,3,162154,0.800000,1.000000,0.580296,1.000000,0.000000,0,0.000000,593930.000000,1.000000,420655400194.000000,648672.000000
594000,4,162168,0.800000,1.000000,0.664717,1.000000,0.000000,0,0.000000,593992.000000,1.000000,420655400194.000000,648672.000000
594000,5,162164,0.800000,1.000000,0.605774,1.000000,0.000000,0,0.000000,593984.000000,1.000000,420655400194.000000,648672.000000
594000,6,162148,0.800000,1.000000,0.588770,1.000000,0.000000,0,0.000000,593925.000000,1.000000,420655400194.000000,648672.000000
594000,7,162148,0.800000,1.000000,0.556297,1.000000,0.000000,0,0.000000,593886.000000,1.000000,420655400194.000000,648672.000000
594000,8,162167,0.800000,1.000000,0.575341,1.000000,0.000000,0,0.000000,593985.000000,1.000000,420655400194.000000,648672.000000
594000,9,162164,0.800000,1.000000,0.549713,1.000000,0.000000,0,0.000000,593927.000000,1.000000,420655400194.000000,648672.000000
594000,10,162168,0.800000,1.000000,0.686629,1.000000,0.000000,0,0.000000,593995.000000,1.000000,420655400194.000000,648672.000000
594000,11,162169,0.800000,1.000000,0.731343,1.000000,0.000000,0,0.000000,593999.000000,1.000000,420655400194.000000,648672.000000
594000,12,162003,0.800000,1.000000,0.565436,1.000000,0.000000,0,0.000000,588881.000000,1.000000,420655400194.000000,648672.000000
594000,13,162146,0.800000,1.000000,0.498152,1.000000,0.000000,0,0.000000,593834.000000,1.000000,420655400194.000000,648672.000000
594000,14,162058,0.800000,1.000000,0.603793,1.000000,0.000000,0,0.000000,589883.000000,1.000000,420655400194.000000,648672.000000
594000,15,162169,0.800000,1.000000,0.729318,1.000000,0.000000,1,484457.000000,594000.000000,1.000000,420655400194.000000,648672.000000
595000,0,162439,0.800000,1.000000,0.661167,1.000000,0.000000,0,0.000000,594881.000000,1.000000,422128347968.000000,1623977.000000
595000,1,162455,0.800000,1.000000,0.637309,1.000000,0.000000,0,0.000000,594985.000000,1.000000,422128347968.000000,1623977.000000
595000,2,162458,0.800000,1.000000,0.723330,1.000000,0.000000,0,0.000000,594999.000000,1.000000,422128347968.000000,1623977.000000
595000,3,162439,0.800000,1.000000,0.603725,1.000000,0.000000,0,0.000000,594524.000000,1.000000,422128347968.000000,1623977.000000
595000,4,162445,0.800000,1.000000,0.694508,1.000000,0.000000,0,0.000000,594957.000000,1.000000,422128347968.000000,1623977.000000
595000,5,162445,0.800000,1.000000,0.653963,1.000000,0.000000,0,0.000000,594659.000000,1.000000,422128347968.000000,1623977.000000
595000,6,162447,0.800000,1.000000,0.604711,1.000000,0.000000,0,0.000000,594911.000000,1.000000,422128347968.000000,1623977.000000
595000,7,162396,0.800000,1.000000,0.590471,1.000000,0.000000,0,0.000000,594639.000000,1.000000,422128347968.000000,1623977.000000
595000,8,162457,0.800000,1.000000,0.720634,1.000000,0.000000,0,0.000000,594996.000000,1.000000,422128347968.000000,1623977.000000
595000,9,162444,0.800000,1.000000,0.672776,1.000000,0.000000,0,0.000000,594950.000000,1.000000,422128347968.000000,1623977.000000
595000,10,162457,0.800000,1.000000,0.683483,1.000000,0.000000,0,0.000000,594997.000000,1.000000,422128347968.000000,1623977.000000
595000,11,162459,0.800000,1.000000,0.627822,1.000000,0.000000,0,0.000000,594983.000000,1.000000,422128347968.000000,1623977.000000
595000,12,162189,0.800000,1.000000,0.664003,1.000000,0.000000,0,0.000000,588881.000000,1.000000,422128347968.000000,1623977.000000
595000,13,162459,0.800000,1.000000,0.721427,1.000000,0.000000,1,474191.000000,595000.000000,1.000000,422128347968.000000,1623977.000000
595000,14,162408,0.800000,1.000000,0.523354,1.000000,0.000000,0,0.000000,589883.000000,1.000000,422128347968.000000,1623977.000000
595000,15,162459,0.800000,1.000000,0.640086,1.000000,0.000000,0,0.000000,594998.000000,1.000000,422128347968.000000,1623977.000000
596000,0,162740,0.800000,1.000000,0.708957,1.000000,0.000000,1,478662.000000,596000.000000,1.000000,423527412849.000000,1952230.000000
596000,1,162735,0.800000,1.000000,0.608407,1.000000,0.000000,0,0.000000,595944.000000,1.000000,423527412849.000000,1952230.000000
596000,2,162737,0.800000,1.000000,0.543099,1.000000,0.000000,0,0.000000,595830.000000,1.000000,423527412849.000000,1952230.000000
596000,3,162713,0.800000,1.000000,0.615856,1.000000,0.000000,0,0.000000,595651.000000,1.000000,423527412849.000000,1952230.000000
596000,4,162700,0.800000,1.000000,0.682446,1.000000,0.000000,0,0.000000,594957.000000,1.000000,423527412849.000000,1952230.000000
596000,5,162741,0.800000,1.000000,0.659109,1.000000,0.000000,0,0.000000,595996.000000,1.000000,423527412849.000000,1952230.000000
596000,6,162505,0.800000,1.000000,0.616527,1.000000,0.000000,0,0.000000,594911.000000,1.000000,423527412849.000000,1952230.000000
596000,7,162740,0.800000,1.000000,0.653024,1.000000,0.000000,0,0.000000,595999.000000,1.000000,423527412849.000000,1952230.000000
596000,8,162718,0.800000,1.000000,0.704147,1.000000,0.000000,0,0.000000,595798.000000,1.000000,423527412849.000000,1952230.000000
596000,9,162741,0.800000,1.000000,0.624346,1.000000,0.000000,0,0.000000,595976.000000,1.000000,423527412849.000000,1952230.000000
596000,10,162740,0.800000,1.000000,0.733384,1.000000,0.000000,0,0.000000,595998.000000,1.000000,423527412849.000000,1952230.000000
596000,11,162729,0.800000,1.000000,0.521249,1.000000,0.000000,0,0.000000,595864.000000,1.000000,423527412849.000000,1952230.000000
596000,12,162454,0.800000,1.000000,0.627719,1.000000,0.000000,0,0.000000,588881.000000,1.000000,423527412849.000000,1952230.000000
596000,13,162741,0.800000,1.000000,0.562674,1.000000,0.000000,0,0.000000,595990.000000,1.000000,423527412849.000000,1952230.000000
596000,14,162741,0.800000,1.000000,0.531836,1.000000,0.000000,0,0.000000,595986.000000,1.000000,423527412849.000000,1952230.000000
596000,15,162684,0.800000,1.000000,0.610216,1.000000,0.000000,0,0.000000,595315.000000,1.000000,423527412849.000000,1952230.000000
597000,0,163015,0.800000,1.000000,0.631735,1.000000,0.000000,0,0.000000,596926.000000,1.000000,425075073185.000000,1304176.000000
597000,1,163028,0.800000,1.000000,0.695049,1.000000,0.000000,0,0.000000,596997.000000,1.000000,425075073185.000000,1304176.000000
597000,2,163024,0.800000,1.000000,0.645077,1.000000,0.000000,0,0.000000,596986.000000,1.000000,425075073185.000000,1304176.000000
597000,3,163027,0.800000,1.000000,0.621540,1.000000,0.000000,0,0.000000,596720.000000,1.000000,425075073185.000000,1304176.000000
597000,4,163027,0.800000,1.000000,0.602254,1.000000,0.000000,0,0.000000,596955.000000,1.000000,425075073185.000000,1304176.000000
597000,5,163020,0.800000,1.000000,0.585075,1.000000,0.000000,0,0.000000,596889.000000,1.000000,425075073185.000000,1304176.000000
597000,6,162907,0.800000,1.000000,0.662470,1.000000,0.000000,0,0.000000,594911.000000,1.000000,425075073185.000000,1304176.000000
597000,7,163027,0.800000,1.000000,0.644210,1.000000,0.000000,0,0.000000,596999.000000,1.000000,425075073185.000000,1304176.000000
597000,8,163025,0.800000,1.000000,0.580099,1.000000,0.000000,0,0.000000,596982.000000,1.000000,425075073185.000000,1304176.000000
597000,9,163009,0.800000,1.000000,0.586494,1.000000,0.000000,0,0.000000,596909.000000,1.000000,425075073185.000000,1304176.000000
597000,10,162951,0.800000,1.000000,0.781363,1.000000,0.000000,0,0.000000,596718.000000,1.000000,425075073185.000000,1304176.000000
597000,11,163028,0.800000,1.000000,0.648576,1.000000,0.000000,0,0.000000,596993.000000,1.000000,425075073185.000000,1304176.000000
597000,12,162739,0.800000,1.000000,0.715479,1.000000,0.000000,0,0.000000,588881.000000,1.000000,425075073185.000000,1304176.000000
597000,13,163028,0.800000,1.000000,0.660511,1.000000,0.000000,1,475485.000000,597000.000000,1.000000,425075073185.000000,1304176.000000
597000,14,163028,0.800000,1.000000,0.597865,1.000000,0.000000,0,0.000000,596994.000000,1.000000,425075073185.000000,1304176.000000
597000,15,163028,0.800000,1.000000,0.588244,1.000000,0.000000,0,0.000000,596956.000000,1.000000,425075073185.000000,1304176.000000
598000,0,163314,0.800000,1.000000,0.670763,1.000000,0.000000,0,0.000000,597998.000000,1.000000,426450303986.000000,979199.000000
598000,1,163314,0.800000,1.000000,0.637500,1.000000,0.000000,1,483035.000000,598000.000000,1.000000,426450303986.000000,979199.000000
598000,2,163315,0.800000,1.000000,0.592701,1.000000,0.000000,0,0.000000,597993.000000,1.000000,426450303986.000000,979199.000000
598000,3,163296,0.800000,1.000000,0.602566,1.000000,0.000000,0,0.000000,597920.000000,1.000000,426450303986.000000,979199.000000
598000,4,163280,0.800000,1.000000,0.545912,1.000000,0.000000,0,0.000000,597522.000000,1.000000,426450303986.000000,979199.000000
598000,5,163304,0.800000,1.000000,0.648528,1.000000,0.000000,0,0.000000,597913.000000,1.000000,426450303986.000000,979199.000000
598000,6,163224,0.800000,1.000000,0.541075,1.000000,0.000000,0,0.000000,594911.000000,1.000000,426450303986.000000,979199.000000
598000,7,163313,0.800000,1.000000,0.567002,1.000000,0.000000,0,0.000000,597994.000000,1.000000,426450303986.000000,979199.000000
598000,8,163308,0.800000,1.000000,0.682898,1.000000,0.000000,0,0.000000,597956.000000,1.000000,426450303986.000000,979199.000000
598000,9,163312,0.800000,1.000000,0.689537,1.000000,0.000000,0,0.000000,597983.000000,1.000000,426450303986.000000,979199.000000
598000,10,162951,0.800000,1.000000,0.781363,1.000000,0.000000,0,0.000000,596718.000000,1.000000,426450303986.000000,979199.000000
598000,11,163311,0.800000,1.000000,0.615180,1.000000,0.000000,0,0.000000,597968.000000,1.000000,426450303986.000000,979199.000000
598000,12,163063,0.800000,1.000000,0.518193,1.000000,0.000000,0,0.000000,588881.000000,1.000000,426450303986.000000,979199.000000
598000,13,163288,0.800000,1.000000,0.589657,1.000000,0.000000,0,0.000000,597650.000000,1.000000,426450303986.000000,979199.000000
598000,14,163218,0.800000,1.000000,0.699397,1.000000,0.000000,0,0.000000,597517.000000,1.000000,426450303986.000000,979199.000000
598000,15,163315,0.800000,1.000000,0.564789,1.000000,0.000000,0,0.000000,597988.000000,1.000000,426450303986.000000,979199.000000
599000,0,163590,0.800000,1.000000,0.728022,1.000000,0.000000,0,0.000000,598927.000000,1.000000,427905096269.000000,1308334.000000
599000,1,163582,0.800000,1.000000,0.647359,1.000000,0.000000,0,0.000000,598709.000000,1.000000,427905096269.000000,1308334.000000
599000,2,163587,0.800000,1.000000,0.746760,1.000000,0.000000,0,0.000000,598987.000000,1.000000,427905096269.000000,1308334.000000
599000,3,163591,0.800000,1.000000,0.737572,1.000000,0.000000,0,0.000000,598997.000000,1.000000,427905096269.000000,1308334.000000
599000,4,163591,0.800000,1.000000,0.674332,1.000000,0.000000,0,0.000000,598970.000000,1.000000,427905096269.000000,1308334.000000
599000,5,163591,0.800000,1.000000,0.602094,1.000000,0.000000,0,0.000000,598998.000000,1.000000,427905096269.000000,1308334.000000
599000,6,163577,0.800000,1.000000,0.702931,1.000000,0.000000,0,0.000000,594911.000000,1.000000,427905096269.000000,1308334.000000
599000,7,163592,0.800000,1.000000,0.572180,1.000000,0.000000,0,0.000000,598995.000000,1.000000,427905096269.000000,1308334.000000
599000,8,163591,0.800000,1.000000,0.680087,1.000000,0.000000,0,0.000000,598974.000000,1.000000,427905096269.000000,1308334.000000
599000,9,163590,0.800000,1.000000,0.697092,1.000000,0.000000,0,0.000000,598961.000000,1.000000,427905096269.000000,1308334.000000
599000,10,162951,0.800000,1.000000,0.781363,1.000000,0.000000,0,0.000000,596718.000000,1.000000,427905096269.000000,1308334.000000
599000,11,163589,0.800000,1.000000,0.572219,1.000000,0.000000,0,0.000000,598945.000000,1.000000,427905096269.000000,1308334.000000
599000,12,163406,0.800000,1.000000,0.640187,1.000000,0.000000,0,0.000000,588881.000000,1.000000,427905096269.000000,1308334.000000
599000,13,163591,0.800000,1.000000,0.748159,1.000000,0.000000,0,0.000000,598994.000000,1.000000,427905096269.000000,1308334.000000
599000,14,163566,0.800000,1.000000,0.724453,1.000000,0.000000,0,0.000000,597517.000000,1.000000,427905096269.000000,1308334.000000
599000,15,163592,0.800000,1.000000,0.661859,1.000000,0.000000,1,488325.000000,599000.000000,1.000000,427905096269.000000,1308334.000000
600000,0,163880,0.800000,1.000000,0.641305,1.000000,0.000000,0,0.000000,599999.000000,1.000000,429469195771.000000,1965146.000000
600000,1,163859,0.800000,1.000000,0.679715,1.000000,0.000000,0,0.000000,599789.000000,1.000000,429469195771.000000,1965146.000000
600000,2,163880,0.800000,1.000000,0.639535,1.000000,0.000000,1,496237.000000,600000.000000,1.000000,429469195771.000000,1965146.000000
600000,3,163879,0.800000,1.000000,0.661927,1.000000,0.000000,0,0.000000,599981.000000,1.000000,429469195771.000000,1965146.000000
600000,4,163881,0.800000,1.000000,0.633373,1.000000,0.000000,0,0.000000,599997.000000,1.000000,429469195771.000000,1965146.000000
600000,5,163878,0.800000,1.000000,0.609634,1.000000,0.000000,0,0.000000,599949.000000,1.000000,429469195771.000000,1965146.000000
600000,6,163872,0.800000,1.000000,0.790488,1.000000,0.000000,0,0.000000,599622.000000,1.000000,429469195771.000000,1965146.000000
600000,7,163881,0.800000,1.000000,0.634066,1.000000,0.000000,0,0.000000,599998.000000,1.000000,429469195771.000000,1965146.000000
600000,8,163881,0.800000,1.000000,0.757675,1.000000,0.000000,0,0.000000,599991.000000,1.000000,429469195771.000000,1965146.000000
600000,9,163877,0.800000,1.000000,0.613258,1.000000,0.000000,0,0.000000,599903.000000,1.000000,429469195771.000000,1965146.000000
600000,10,163293,0.800000,1.000000,0.528921,1.000000,0.000000,0,0.000000,596718.000000,1.000000,429469195771.000000,1965146.000000
600000,11,163869,0.800000,1.000000,0.673507,1.000000,0.000000,0,0.000000,599666.000000,1.000000,429469195771.000000,1965146.000000
600000,12,163803,0.800000,1.000000,0.620117,1.000000,0.000000,0,0.000000,588881.000000,1.000000,429469195771.000000,1965146.000000
600000,13,163879,0.800000,1.000000,0.500997,1.000000,0.000000,0,0.000000,599921.000000,1.000000,429469195771.000000,1965146.000000
600000,14,163865,0.800000,1.000000,0.544365,1.000000,0.000000,0,0.000000,599732.000000,1.000000,429469195771.000000,1965146.000000
600000,15,163878,0.800000,1.000000,0.631947,1.000000,0.000000,0,0.000000,599971.000000,1.000000,429469195771.000000,1965146.000000
601000,0,164167,0.800000,1.000000,0.696833,1.000000,0.000000,0,0.000000,600995.000000,1.000000,430906553136.000000,328337.000000
601000,1,164161,0.800000,1.000000,0.713801,1.000000,0.000000,0,0.000000,600973.000000,1.000000,430906553136.000000,328337.000000
601000,2,164146,0.800000,1.000000,0.707993,1.000000,0.000000,0,0.000000,600726.000000,1.000000,430906553136.000000,328337.000000
601000,3,164140,0.800000,1.000000,0.570141,1.000000,0.000000,0,0.000000,600334.000000,1.000000,430906553136.000000,328337.000000
601000,4,164168,0.800000,1.000000,0.692706,1.000000,0.000000,0,0.000000,600999.000000,1.000000,430906553136.000000,328337.000000
601000,5,164169,0.800000,1.000000,0.694281,1.000000,0.000000,1,483114.000000,601000.000000,1.000000,430906553136.000000,328337.000000
601000,6,164157,0.800000,1.000000,0.560930,1.000000,0.000000,0,0.000000,600878.000000,1.000000,430906553136.000000,328337.000000
601000,7,164169,0.800000,1.000000,0.722634,1.000000,0.000000,0,0.000000,600998.000000,1.000000,430906553136.000000,328337.000000
601000,8,164169,0.800000,1.000000,0.673514,1.000000,0.000000,0,0.000000,600996.000000,1.000000,430906553136.000000,328337.000000
601000,9,164098,0.800000,1.000000,0.707323,1.000000,0.000000,0,0.000000,600643.000000,1.000000,430906553136.000000,328337.000000
601000,10,163652,0.800000,1.000000,0.652043,1.000000,0.000000,0,0.000000,596718.000000,1.000000,430906553136.000000,328337.000000
601000,11,164169,0.800000,1.000000,0.671876,1.000000,0.000000,0,0.000000,600997.000000,1.000000,430906553136.000000,328337.000000
601000,12,164161,0.800000,1.000000,0.530269,1.000000,0.000000,0,0.000000,600885.000000,1.000000,430906553136.000000,328337.000000
601000,13,164166,0.800000,1.000000,0.667249,1.000000,0.000000,0,0.000000,600989.000000,1.000000,430906553136.000000,328337.000000
601000,14,164168,0.800000,1.000000,0.742378,1.000000,0.000000,0,0.000000,600992.000000,1.000000,430906553136.000000,328337.000000
601000,15,163878,0.800000,1.000000,0.631947,1.000000,0.000000,0,0.000000,599971.000000,1.000000,430906553136.000000,328337.000000
602000,0,164455,0.800000,1.000000,0.686263,1.000000,0.000000,0,0.000000,601992.000000,1.000000,432301460554.000000,657668.000000
602000,1,164391,0.800000,1.000000,0.629828,1.000000,0.000000,0,0.000000,601496.000000,1.000000,432301460554.000000,657668.000000
602000,2,164449,0.800000,1.000000,0.527450,1.000000,0.000000,0,0.000000,601885.000000,1.000000,432301460554.000000,657668.000000
602000,3,164455,0.800000,1.000000,0.574267,1.000000,0.000000,0,0.000000,601986.000000,1.000000,432301460554.000000,657668.000000
602000,4,164455,0.800000,1.000000,0.657940,1.000000,0.000000,0,0.000000,601995.000000,1.000000,432301460554.000000,657668.000000
602000,5,164339,0.800000,1.000000,0.567850,1.000000,0.000000,0,0.000000,601565.000000,1.000000,432301460554.000000,657668.000000
602000,6,164441,0.800000,1.000000,0.570286,1.000000,0.000000,0,0.000000,601900.000000,1.000000,432301460554.000000,657668.000000
602000,7,164448,0.800000,1.000000,0.642400,1.000000,0.000000,0,0.000000,601320.000000,1.000000,432301460554.000000,657668.000000
602000,8,164455,0.800000,1.000000,0.525729,1.000000,0.000000,0,0.000000,601988.000000,1.000000,432301460554.000000,657668.000000
602000,9,164444,0.800000,1.000000,0.543820,1.000000,0.000000,0,0.000000,601826.000000,1.000000,432301460554.000000,657668.000000
602000,10,163982,0.800000,1.000000,0.670083,1.000000,0.000000,0,0.000000,596718.000000,1.000000,432301460554.000000,657668.000000
602000,11,164455,0.800000,1.000000,0.637168,1.000000,0.000000,0,0.000000,601998.000000,1.000000,432301460554.000000,657668.000000
602000,12,164456,0.800000,1.000000,0.683923,1.000000,0.000000,0,0.000000,601999.000000,1.000000,432301460554.000000,657668.000000
602000,13,164425,0.800000,1.000000,0.671104,1.000000,0.000000,0,0.000000,601873.000000,1.000000,432301460554.000000,657668.000000
602000,14,164456,0.800000,1.000000,0.543319,1.000000,0.000000,1,481518.000000,602000.000000,1.000000,432301460554.000000,657668.000000
602000,15,163878,0.800000,1.000000,0.631947,1.000000,0.000000,0,0.000000,599971.000000,1.000000,432301460554.000000,657668.000000
603000,0,164726,0.800000,1.000000,0.583335,1.000000,0.000000,0,0.000000,602994.000000,1.000000,433614405934.000000,658866.000000
603000,1,164708,0.800000,1.000000,0.654293,1.000000,0.000000,0,0.000000,602851.000000,1.000000,433614405934.000000,658866.000000
603000,2,164716,0.800000,1.000000,0.631997,1.000000,0.000000,0,0.000000,602957.000000,1.000000,433614405934.000000,658866.000000
603000,3,164720,0.800000,1.000000,0.712395,1.000000,0.000000,0,0.000000,602817.000000,1.000000,433614405934.000000,658866.000000
603000,4,164726,0.800000,1.000000,0.708331,1.000000,0.000000,0,0.000000,602934.000000,1.000000,433614405934.000000,658866.000000
603000,5,164588,0.800000,1.000000,0.640562,1.000000,0.000000,0,0.000000,601565.000000,1.000000,433614405934.000000,658866.000000
603000,6,164676,0.800000,1.000000,0.603982,1.000000,0.000000,0,0.000000,601900.000000,1.000000,433614405934.000000,658866.000000
603000,7,164726,0.800000,1.000000,0.749801,1.000000,0.000000,0,0.000000,602993.000000,1.000000,433614405934.000000,658866.000000
603000,8,164703,0.800000,1.000000,0.684145,1.000000,0.000000,0,0.000000,602754.000000,1.000000,433614405934.000000,658866.000000
603000,9,164723,0.800000,1.000000,0.583732,1.000000,0.000000,0,0.000000,602982.000000,1.000000,433614405934.000000,658866.000000
603000,10,164029,0.800000,1.000000,0.532408,1.000000,0.000000,0,0.000000,596718.000000,1.000000,433614405934.000000,658866.000000
603000,11,164725,0.800000,1.000000,0.722975,1.000000,0.000000,0,0.000000,602986.000000,1.000000,433614405934.000000,658866.000000
603000,12,164636,0.800000,1.000000,0.711531,1.000000,0.000000,0,0.000000,602676.000000,1.000000,433614405934.000000,658866.000000
603000,13,164726,0.800000,1.000000,0.713527,1.000000,0.000000,1,480276.000000,603000.000000,1.000000,433614405934.000000,658866.000000
603000,14,164727,0.800000,1.000000,0.706146,1.000000,0.000000,0,0.000000,602998.000000,1.000000,433614405934.000000,658866.000000
603000,15,164119,0.800000,1.000000,0.626545,1.000000,0.000000,0,0.000000,599971.000000,1.000000,433614405934.000000,658866.000000
604000,0,164998,0.800000,1.000000,0.673353,1.000000,0.000000,1,484710.000000,604000.000000,1.000000,435040778749.000000,659406.000000
604000,1,164997,0.800000,1.000000,0.875781,1.000000,0.000000,0,0.000000,603975.000000,1.000000,435040778749.000000,659406.000000
604000,2,164985,0.800000,1.000000,0.595077,1.000000,0.000000,0,0.000000,603892.000000,1.000000,435040778749.000000,659406.000000
604000,3,164990,0.800000,1.000000,0.608426,1.000000,0.000000,0,0.000000,603957.000000,1.000000,435040778749.000000,659406.000000
604000,4,164999,0.800000,1.000000,0.654896,1.000000,0.000000,0,0.000000,603998.000000,1.000000,435040778749.000000,659406.000000
604000,5,164995,0.800000,1.000000,0.561918,1.000000,0.000000,0,0.000000,601565.000000,1.000000,435040778749.000000,659406.000000
604000,6,164940,0.800000,1.000000,0.696869,1.000000,0.000000,0,0.000000,601900.000000,1.000000,435040778749.000000,659406.000000
604000,7,164998,0.800000,1.000000,0.668260,1.000000,0.000000,0,0.000000,603964.000000,1.000000,435040778749.000000,659406.000000
604000,8,164778,0.800000,1.000000,0.519191,1.000000,0.000000,0,0.000000,602754.000000,1.000000,435040778749.000000,659406.000000
604000,9,164998,0.800000,1.000000,0.606446,1.000000,0.000000,0,0.000000,603978.000000,1.000000,435040778749.000000,659406.000000
604000,10,164419,0.800000,1.000000,0.584423,1.000000,0.000000,0,0.000000,596718.000000,1.000000,435040778749.000000,659406.000000
604000,11,164999,0.800000,1.000000,0.612959,1.000000,0.000000,0,0.000000,603999.000000,1.000000,435040778749.000000,659406.000000
604000,12,164845,0.800000,1.000000,0.647901,1.000000,0.000000,0,0.000000,602676.000000,1.000000,435040778749.000000,659406.000000
604000,13,164976,0.800000,1.000000,0.583321,1.000000,0.000000,0,0.000000,603808.000000,1.000000,435040778749.000000,659406.000000
604000,14,164997,0.800000,1.000000,0.665939,1.000000,0.000000,0,0.000000,603953.000000,1.000000,435040778749.000000,659406.000000
604000,15,164389,0.800000,1.000000,0.570852,1.000000,0.000000,0,0.000000,599971.000000,1.000000,435040778749.000000,659406.000000
605000,0,165254,0.800000,1.000000,0.719475,1.000000,0.000000,0,0.000000,604947.000000,1.000000,436459519908.000000,0.000000
605000,1,165260,0.800000,1.000000,0.670284,1.000000,0.000000,0,0.000000,604996.000000,1.000000,436459519908.000000,0.000000
605000,2,165144,0.800000,1.000000,0.759543,1.000000,0.000000,0,0.000000,604230.000000,1.000000,436459519908.000000,0.000000
605000,3,165260,0.800000,1.000000,0.644910,1.000000,0.000000,0,0.000000,604992.000000,1.000000,436459519908.000000,0.000000
605000,4,165256,0.800000,1.000000,0.500483,1.000000,0.000000,0,0.000000,604972.000000,1.000000,436459519908.000000,0.000000
605000,5,165260,0.800000,1.000000,0.674733,1.000000,0.000000,0,0.000000,604919.000000,1.000000,436459519908.000000,0.000000
605000,6,165260,0.800000,1.000000,0.670768,1.000000,0.000000,0,0.000000,604998.000000,1.000000,436459519908.000000,0.000000
605000,7,165260,0.800000,1.000000,0.605169,1.000000,0.000000,0,0.000000,604982.000000,1.000000,436459519908.000000,0.000000
605000,8,165099,0.800000,1.000000,0.644304,1.000000,0.000000,0,0.000000,602754.000000,1.000000,436459519908.000000,0.000000
605000,9,165237,0.800000,1.000000,0.727843,1.000000,0.000000,0,0.000000,604526.000000,1.000000,436459519908.000000,0.000000
605000,10,164789,0.800000,1.000000,0.638912,1.000000,0.000000,0,0.000000,596718.000000,1.000000,436459519908.000000,0.000000
605000,11,165260,0.800000,1.000000,0.589395,1.000000,0.000000,1,521913.000000,605000.000000,1.000000,436459519908.000000,0.000000
605000,12,165052,0.800000,1.000000,0.535877,1.000000,0.000000,0,0.000000,602676.000000,1.000000,436459519908.000000,0.000000
605000,13,165222,0.800000,1.000000,0.659499,1.000000,0.000000,0,0.000000,604798.000000,1.000000,436459519908.000000,0.000000
605000,14,165260,0.800000,1.000000,0.774434,1.000000,0.000000,0,0.000000,604999.000000,1.000000,436459519908.000000,0.000000
605000,15,164729,0.800000,1.000000,0.682996,1.000000,0.000000,0,0.000000,599971.000000,1.000000,436459519908.000000,0.000000
606000,0,165492,0.800000,1.000000,0.663835,1.000000,0.000000,0,0.000000,605993.000000,1.000000,437863654680.000000,1654547.000000
606000,1,165420,0.800000,1.000000,0.576182,1.000000,0.000000,0,0.000000,605650.000000,1.000000,437863654680.000000,1654547.000000
606000,2,165468,0.800000,1.000000,0.592288,1.000000,0.000000,0,0.000000,604230.000000,1.000000,437863654680.000000,1654547.000000
606000,3,165491,0.800000,1.000000,0.607389,1.000000,0.000000,0,0.000000,605989.000000,1.000000,437863654680.000000,1654547.000000
606000,4,165492,0.800000,1.000000,0.600937,1.000000,0.000000,0,0.000000,605995.000000,1.000000,437863654680.000000,1654547.000000
606000,5,165492,0.800000,1.000000,0.595992,1.000000,0.000000,0,0.000000,605999.000000,1.000000,437863654680.000000,1654547.000000
606000,6,165490,0.800000,1.000000,0.653794,1.000000,0.000000,0,0.000000,605974.000000,1.000000,437863654680.000000,1654547.000000
606000,7,165480,0.800000,1.000000,0.514942,1.000000,0.000000,0,0.000000,605342.000000,1.000000,437863654680.000000,1654547.000000
606000,8,165480,0.800000,1.000000,0.542802,1.000000,0.000000,0,0.000000,602754.000000,1.000000,437863654680.000000,1654547.000000
606000,9,165482,0.800000,1.000000,0.654167,1.000000,0.000000,0,0.000000,605791.000000,1.000000,437863654680.000000,1654547.000000
606000,10,165203,0.800000,1.000000,0.691761,1.000000,0.000000,0,0.000000,596718.000000,1.000000,437863654680.000000,1654547.000000
606000,11,165492,0.800000,1.000000,0.654931,1.000000,0.000000,0,0.000000,605998.000000,1.000000,437863654680.000000,1654547.000000
606000,12,165345,0.800000,1.000000,0.673976,1.000000,0.000000,0,0.000000,602676.000000,1.000000,437863654680.000000,1654547.000000
606000,13,165493,0.800000,1.000000,0.640758,1.000000,0.000000,1,482906.000000,606000.000000,1.000000,437863654680.000000,1654547.000000
606000,14,165456,0.800000,1.000000,0.587739,1.000000,0.000000,0,0.000000,605764.000000,1.000000,437863654680.000000,1654547.000000
606000,15,165074,0.800000,1.000000,0.737911,1.000000,0.000000,0,0.000000,599971.000000,1.000000,437863654680.000000,1654547.000000
607000,0,165770,0.800000,1.000000,0.820636,1.000000,0.000000,0,0.000000,606997.000000,1.000000,439421348132.000000,994613.000000
607000,1,165666,0.800000,1.000000,0.503908,1.000000,0.000000,0,0.000000,605650.000000,1.000000,439421348132.000000,994613.000000
607000,2,165768,0.800000,1.000000,0.700915,1.000000,0.000000,0,0.000000,606958.000000,1.000000,439421348132.000000,994613.000000
607000,3,165770,0.800000,1.000000,0.700304,1.000000,0.000000,0,0.000000,606998.000000,1.000000,439421348132.000000,994613.000000
607000,4,165770,0.800000,1.000000,0.662680,1.000000,0.000000,0,0.000000,606986.000000,1.000000,439421348132.000000,994613.000000
607000,5,165767,0.800000,1.000000,0.630193,1.000000,0.000000,0,0.000000,606980.000000,1.000000,439421348132.000000,994613.000000
607000,6,165759,0.800000,1.000000,0.664839,1.000000,0.000000,0,0.000000,606922.000000,1.000000,439421348132.000000,994613.000000
607000,7,165770,0.800000,1.000000,0.675316,1.000000,0.000000,1,490453.000000,607000.000000,1.000000,439421348132.000000,994613.000000
607000,8,165770,0.800000,1.000000,0.680698,1.000000,0.000000,0,0.000000,606987.000000,1.000000,439421348132.000000,994613.000000
607000,9,165767,0.800000,1.000000,0.503640,1.000000,0.000000,0,0.000000,606966.000000,1.000000,439421348132.000000,994613.000000
607000,10,165569,0.800000,1.000000,0.769529,1.000000,0.000000,0,0.000000,596718.000000,1.000000,439421348132.000000,994613.000000
607000,11,165770,0.800000,1.000000,0.629012,1.000000,0.000000,0,0.000000,606989.000000,1.000000,439421348132.000000,994613.000000
607000,12,165737,0.800000,1.000000,0.697223,1.000000,0.000000,0,0.000000,602676.000000,1.000000,439421348132.000000,994613.000000
607000,13,165771,0.800000,1.000000,0.633380,1.000000,0.000000,0,0.000000,606977.000000,1.000000,439421348132.000000,994613.000000
607000,14,165771,0.800000,1.000000,0.678094,1.000000,0.000000,0,0.000000,606999.000000,1.000000,439421348132.000000,994613.000000
607000,15,165359,0.800000,1.000000,0.634672,1.000000,0.000000,0,0.000000,599971.000000,1.000000,439421348132.000000,994613.000000
608000,0,166034,0.800000,1.000000,0.569800,1.000000,0.000000,0,0.000000,607851.000000,1.000000,440873191037.000000,995989.000000
608000,1,166036,0.800000,1.000000,0.670367,1.000000,0.000000,0,0.000000,607992.000000,1.000000,440873191037.000000,995989.000000
608000,2,166026,0.800000,1.000000,0.548710,1.000000,0.000000,0,0.000000,607945.000000,1.000000,440873191037.000000,995989.000000
608000,3,166020,0.800000,1.000000,0.606773,1.000000,0.000000,0,0.000000,607918.000000,1.000000,440873191037.000000,995989.000000
608000,4,166038,0.800000,1.000000,0.739796,1.000000,0.000000,1,488211.000000,608000.000000,1.000000,440873191037.000000,995989.000000
608000,5,166038,0.800000,1.000000,0.700319,1.000000,0.000000,0,0.000000,607986.000000,1.000000,440873191037.000000,995989.000000
608000,6,165880,0.800000,1.000000,0.627986,1.000000,0.000000,0,0.000000,607367.000000,1.000000,440873191037.000000,995989.000000
608000,7,166038,0.800000,1.000000,0.601009,1.000000,0.000000,0,0.000000,607994.000000,1.000000,440873191037.000000,995989.000000
608000,8,166039,0.800000,1.000000,0.698458,1.000000,0.000000,0,0.000000,607997.000000,1.000000,440873191037.000000,995989.000000
608000,9,166029,0.800000,1.000000,0.627200,1.000000,0.000000,0,0.000000,606966.000000,1.000000,440873191037.000000,995989.000000
608000,10,165926,0.800000,1.000000,0.592376,1.000000,0.000000,0,0.000000,596718.000000,1.000000,440873191037.000000,995989.000000
608000,11,166031,0.800000,1.000000,0.571017,1.000000,0.000000,0,0.000000,607964.000000,1.000000,440873191037.000000,995989.000000
608000,12,166029,0.800000,1.000000,0.779332,1.000000,0.000000,0,0.000000,607321.000000,1.000000,440873191037.000000,995989.000000
608000,13,166032,0.800000,1.000000,0.618697,1.000000,0.000000,0,0.000000,607933.000000,1.000000,440873191037.000000,995989.000000
608000,14,165992,0.800000,1.000000,0.521739,1.000000,0.000000,0,0.000000,607150.000000,1.000000,440873191037.000000,995989.000000
608000,15,165743,0.800000,1.000000,0.677854,1.000000,0.000000,0,0.000000,599971.000000,1.000000,440873191037.000000,995989.000000
609000,0,166318,0.800000,1.000000,0.561933,1.000000,0.000000,0,0.000000,608969.000000,1.000000,442404293213.000000,997643.000000
609000,1,166236,0.800000,1.000000,0.464152,1.000000,0.000000,0,0.000000,608659.000000,1.000000,442404293213.000000,997643.000000
609000,2,166267,0.800000,1.000000,0.658447,1.000000,0.000000,0,0.000000,608820.000000,1.000000,442404293213.000000,997643.000000
609000,3,166318,0.800000,1.000000,0.787469,1.000000,0.000000,0,0.000000,608982.000000,1.000000,442404293213.000000,997643.000000
609000,4,166273,0.800000,1.000000,0.614432,1.000000,0.000000,0,0.000000,608391.000000,1.000000,442404293213.000000,997643.000000
609000,5,166321,0.800000,1.000000,0.786948,1.000000,0.000000,0,0.000000,608999.000000,1.000000,442404293213.000000,997643.000000
609000,6,166182,0.800000,1.000000,0.622563,1.000000,0.000000,0,0.000000,607367.000000,1.000000,442404293213.000000,997643.000000
609000,7,166319,0.800000,1.000000,0.631430,1.000000,0.000000,0,0.000000,608963.000000,1.000000,442404293213.000000,997643.000000
609000,8,166322,0.800000,1.000000,0.601840,1.000000,0.000000,1,509274.000000,609000.000000,1.000000,442404293213.000000,997643.000000
609000,9,166321,0.800000,1.000000,0.572914,1.000000,0.000000,0,0.000000,608983.000000,1.000000,442404293213.000000,997643.000000
609000,10,166285,0.800000,1.000000,0.607862,1.000000,0.000000,0,0.000000,596718.000000,1.000000,442404293213.000000,997643.000000
609000,11,166319,0.800000,1.000000,0.574515,1.000000,0.000000,0,0.000000,608959.000000,1.000000,442404293213.000000,997643.000000
609000,12,166319,0.800000,1.000000,0.684183,1.000000,0.000000,0,0.000000,608898.000000,1.000000,442404293213.000000,997643.000000
609000,13,166322,0.800000,1.000000,0.626373,1.000000,0.000000,0,0.000000,608998.000000,1.000000,442404293213.000000,997643.000000
609000,14,166312,0.800000,1.000000,0.586290,1.000000,0.000000,0,0.000000,608933.000000,1.000000,442404293213.000000,997643.000000
609000,15,166105,0.800000,1.000000,0.724329,1.000000,0.000000,0,0.000000,599971.000000,1.000000,442404293213.000000,997643.000000
610000,0,166495,0.800000,1.000000,0.488167,1.000000,0.000000,0,0.000000,609045.000000,1.000000,443719545051.000000,2331661.000000
610000,1,166552,0.800000,1.000000,0.606472,1.000000,0.000000,0,0.000000,609899.000000,1.000000,443719545051.000000,2331661.000000
610000,2,166557,0.800000,1.000000,0.626081,1.000000,0.000000,0,0.000000,609978.000000,1.000000,443719545051.000000,2331661.000000
610000,3,166557,0.800000,1.000000,0.598806,1.000000,0.000000,0,0.000000,609980.000000,1.000000,443719545051.000000,2331661.000000
610000,4,166560,0.800000,1.000000,0.769450,1.000000,0.000000,0,0.000000,609998.000000,1.000000,443719545051.000000,2331661.000000
610000,5,166559,0.800000,1.000000,0.702389,1.000000,0.000000,0,0.000000,609999.000000,1.000000,443719545051.000000,2331661.000000
610000,6,166547,0.800000,1.000000,0.669187,1.000000,0.000000,0,0.000000,607367.000000,1.000000,443719545051.000000,2331661.000000
610000,7,166541,0.800000,1.000000,0.713329,1.000000,0.000000,0,0.000000,609824.000000,1.000000,443719545051.000000,2331661.000000
610000,8,166522,0.800000,1.000000,0.755287,1.000000,0.000000,0,0.000000,609626.000000,1.000000,443719545051.000000,2331661.000000
610000,9,166560,0.800000,1.000000,0.701180,1.000000,0.000000,1,487067.000000,610000.000000,1.000000,443719545051.000000,2331661.000000
610000,10,166559,0.800000,1.000000,0.648788,1.000000,0.000000,0,0.000000,609985.000000,1.000000,443719545051.000000,2331661.000000
610000,11,166457,0.800000,1.000000,0.674039,1.000000,0.000000,0,0.000000,609271.000000,1.000000,443719545051.000000,2331661.000000
610000,12,166557,0.800000,1.000000,0.565853,1.000000,0.000000,0,0.000000,609935.000000,1.000000,443719545051.000000,2331661.000000
610000,13,166555,0.800000,1.000000,0.577687,1.000000,0.000000,0,0.000000,609953.000000,1.000000,443719545051.000000,2331661.000000
610000,14,166491,0.800000,1.000000,0.650179,1.000000,0.000000,0,0.000000,609288.000000,1.000000,443719545051.000000,2331661.000000
610000,15,166422,0.800000,1.000000,0.641236,1.000000,0.000000,0,0.000000,599971.000000,1.000000,443719545051.000000,2331661.000000
611000,0,166770,0.800000,1.000000,0.528102,1.000000,0.000000,0,0.000000,609045.000000,1.000000,445319999222.000000,2002150.000000
611000,1,166847,0.800000,1.000000,0.616395,1.000000,0.000000,0,0.000000,610989.000000,1.000000,445319999222.000000,2002150.000000
611000,2,166849,0.800000,1.000000,0.719472,1.000000,0.000000,0,0.000000,610999.000000,1.000000,445319999222.000000,2002150.000000
611000,3,166849,0.800000,1.000000,0.615786,1.000000,0.000000,0,0.000000,610994.000000,1.000000,445319999222.000000,2002150.000000
611000,4,166849,0.800000,1.000000,0.653655,1.000000,0.000000,1,490777.000000,611000.000000,1.000000,445319999222.000000,2002150.000000
611000,5,166847,0.800000,1.000000,0.575649,1.000000,0.000000,0,0.000000,610992.000000,1.000000,445319999222.000000,2002150.000000
611000,6,166845,0.800000,1.000000,0.619671,1.000000,0.000000,0,0.000000,610985.000000,1.000000,445319999222.000000,2002150.000000
611000,7,166818,0.800000,1.000000,0.512134,1.000000,0.000000,0,0.000000,610317.000000,1.000000,445319999222.000000,2002150.000000
611000,8,166843,0.800000,1.000000,0.633007,1.000000,0.000000,0,0.000000,610897.000000,1.000000,445319999222.000000,2002150.000000
611000,9,166844,0.800000,1.000000,0.669488,1.000000,0.000000,0,0.000000,610982.000000,1.000000,445319999222.000000,2002150.000000
611000,10,166850,0.800000,1.000000,0.728662,1.000000,0.000000,0,0.000000,610998.000000,1.000000,445319999222.000000,2002150.000000
611000,11,166832,0.800000,1.000000,0.615706,1.000000,0.000000,0,0.000000,609271.000000,1.000000,445319999222.000000,2002150.000000
611000,12,166848,0.800000,1.000000,0.628473,1.000000,0.000000,0,0.000000,610987.000000,1.000000,445319999222.000000,2002150.000000
611000,13,166841,0.800000,1.000000,0.659263,1.000000,0.000000,0,0.000000,610966.000000,1.000000,445319999222.000000,2002150.000000
611000,14,166757,0.800000,1.000000,0.663143,1.000000,0.000000,0,0.000000,609288.000000,1.000000,445319999222.000000,2002150.000000
611000,15,166803,0.800000,1.000000,0.736418,1.000000,0.000000,0,0.000000,599971.000000,1.000000,445319999222.000000,2002150.000000
612000,0,167128,0.800000,1.000000,0.487141,1.000000,0.000000,0,0.000000,609045.000000,1.000000,446930692315.000000,1337122.000000
612000,1,167140,0.800000,1.000000,0.697007,1.000000,0.000000,0,0.000000,611994.000000,1.000000,446930692315.000000,1337122.000000
612000,2,167131,0.800000,1.000000,0.677667,1.000000,0.000000,0,0.000000,611636.000000,1.000000,446930692315.000000,1337122.000000
612000,3,167099,0.800000,1.000000,0.561242,1.000000,0.000000,0,0.000000,611536.000000,1.000000,446930692315.000000,1337122.000000
612000,4,167141,0.800000,1.000000,0.701238,1.000000,0.000000,0,0.000000,611992.000000,1.000000,446930692315.000000,1337122.000000
612000,5,167141,0.800000,1.000000,0.631879,1.000000,0.000000,1,491102.000000,612000.000000,1.000000,446930692315.000000,1337122.000000
612000,6,167125,0.800000,1.000000,0.751699,1.000000,0.000000,0,0.000000,611867.000000,1.000000,446930692315.000000,1337122.000000
612000,7,167133,0.800000,1.000000,0.781468,1.000000,0.000000,0,0.000000,610317.000000,1.000000,446930692315.000000,1337122.000000
612000,8,167142,0.800000,1.000000,0.675636,1.000000,0.000000,0,0.000000,611999.000000,1.000000,446930692315.000000,1337122.000000
612000,9,167142,0.800000,1.000000,0.611825,1.000000,0.000000,0,0.000000,611990.000000,1.000000,446930692315.000000,1337122.000000
612000,10,167142,0.800000,1.000000,0.687179,1.000000,0.000000,0,0.000000,611995.000000,1.000000,446930692315.000000,1337122.000000
612000,11,167140,0.800000,1.000000,0.671685,1.000000,0.000000,0,0.000000,611988.000000,1.000000,446930692315.000000,1337122.000000
612000,12,167128,0.800000,1.000000,0.635893,1.000000,0.000000,0,0.000000,611930.000000,1.000000,446930692315.000000,1337122.000000
612000,13,167142,0.800000,1.000000,0.697542,1.000000,0.000000,0,0.000000,611998.000000,1.000000,446930692315.000000,1337122.000000
612000,14,167103,0.800000,1.000000,0.645005,1.000000,0.000000,0,0.000000,609288.000000,1.000000,446930692315.000000,1337122.000000
612000,15,167138,0.800000,1.000000,0.705099,1.000000,0.000000,0,0.000000,611749.000000,1.000000,446930692315.000000,1337122.000000
613000,0,167420,0.800000,1.000000,0.669067,1.000000,0.000000,0,0.000000,612829.000000,1.000000,448393297983.000000,-2.000000
613000,1,167352,0.800000,1.000000,0.550326,1.000000,0.000000,0,0.000000,612485.000000,1.000000,448393297983.000000,-2.000000
613000,2,167418,0.800000,1.000000,0.534534,1.000000,0.000000,0,0.000000,612991.000000,1.000000,448393297983.000000,-2.000000
613000,3,167416,0.800000,1.000000,0.572860,1.000000,0.000000,0,0.000000,612766.000000,1.000000,448393297983.000000,-2.000000
613000,4,167420,0.800000,1.000000,0.674865,1.000000,0.000000,1,492436.000000,613000.000000,1.000000,448393297983.000000,-2.000000
613000,5,167420,0.800000,1.000000,0.731912,1.000000,0.000000,0,0.000000,612471.000000,1.000000,448393297983.000000,-2.000000
613000,6,167414,0.800000,1.000000,0.646219,1.000000,0.000000,0,0.000000,612968.000000,1.000000,448393297983.000000,-2.000000
613000,7,167385,0.800000,1.000000,0.739524,1.000000,0.000000,0,0.000000,612851.000000,1.000000,448393297983.000000,-2.000000
613000,8,167393,0.800000,1.000000,0.586041,1.000000,0.000000,0,0.000000,612878.000000,1.000000,448393297983.000000,-2.000000
613000,9,167410,0.800000,1.000000,0.604435,1.000000,0.000000,0,0.000000,612621.000000,1.000000,448393297983.000000,-2.000000
613000,10,167418,0.800000,1.000000,0.690826,1.000000,0.000000,0,0.000000,612983.000000,1.000000,448393297983.000000,-2.000000
613000,11,167339,0.800000,1.000000,0.665684,1.000000,0.000000,0,0.000000,612394.000000,1.000000,448393297983.000000,-2.000000
613000,12,167421,0.800000,1.000000,0.661763,1.000000,0.000000,0,0.000000,612998.000000,1.000000,448393297983.000000,-2.000000
613000,13,167419,0.800000,1.000000,0.627679,1.000000,0.000000,0,0.000000,612958.000000,1.000000,448393297983.000000,-2.000000
613000,14,167421,0.800000,1.000000,0.678692,1.000000,0.000000,0,0.000000,612997.000000,1.000000,448393297983.000000,-2.000000
613000,15,167421,0.800000,1.000000,0.746555,1.000000,0.000000,0,0.000000,612999.000000,1.000000,448393297983.000000,-2.000000
614000,0,167693,0.800000,1.000000,0.610869,1.000000,0.000000,0,0.000000,613999.000000,1.000000,449796659893.000000,1006155.000000
614000,1,167691,0.800000,1.000000,0.602699,1.000000,0.000000,0,0.000000,613987.000000,1.000000,449796659893.000000,1006155.000000
614000,2,167693,0.800000,1.000000,0.679270,1.000000,0.000000,0,0.000000,613995.000000,1.000000,449796659893.000000,1006155.000000
614000,3,167689,0.800000,1.000000,0.781721,1.000000,0.000000,0,0.000000,613764.000000,1.000000,449796659893.000000,1006155.000000
614000,4,167694,0.800000,1.000000,0.651494,1.000000,0.000000,0,0.000000,613998.000000,1.000000,449796659893.000000,1006155.000000
614000,5,167694,0.800000,1.000000,0.709240,1.000000,0.000000,0,0.000000,613997.000000,1.000000,449796659893.000000,1006155.000000
614000,6,167694,0.800000,1.000000,0.609508,1.000000,0.000000,1,514714.000000,614000.000000,1.000000,449796659893.000000,1006155.000000
614000,7,167385,0.800000,1.000000,0.739524,1.000000,0.000000,0,0.000000,612851.000000,1.000000,449796659893.000000,1006155.000000
614000,8,167645,0.800000,1.000000,0.569075,1.000000,0.000000,0,0.000000,612878.000000,1.000000,449796659893.000000,1006155.000000
614000,9,167671,0.800000,1.000000,0.614815,1.000000,0.000000,0,0.000000,613806.000000,1.000000,449796659893.000000,1006155.000000
614000,10,167685,0.800000,1.000000,0.601337,1.000000,0.000000,0,0.000000,613885.000000,1.000000,449796659893.000000,1006155.000000
614000,11,167694,0.800000,1.000000,0.650953,1.000000,0.000000,0,0.000000,613996.000000,1.000000,449796659893.000000,1006155.000000
614000,12,167694,0.800000,1.000000,0.755275,1.000000,0.000000,0,0.000000,613993.000000,1.000000,449796659893.000000,1006155.000000
614000,13,167669,0.800000,1.000000,0.643014,1.000000,0.000000,0,0.000000,613818.000000,1.000000,449796659893.000000,1006155.000000
614000,14,167694,0.800000,1.000000,0.717739,1.000000,0.000000,0,0.000000,613966.000000,1.000000,449796659893.000000,1006155.000000
614000,15,167690,0.800000,1.000000,0.559486,1.000000,0.000000,0,0.000000,613978.000000,1.000000,449796659893.000000,1006155.000000
615000,0,167998,0.800000,1.000000,0.716492,1.000000,0.000000,0,0.000000,614992.000000,1.000000,451331709000.000000,1007955.000000
615000,1,167994,0.800000,1.000000,0.663009,1.000000,0.000000,0,0.000000,614880.000000,1.000000,451331709000.000000,1007955.000000
615000,2,167981,0.800000,1.000000,0.590916,1.000000,0.000000,0,0.000000,614751.000000,1.000000,451331709000.000000,1007955.000000
615000,3,168000,0.800000,1.000000,0.693736,1.000000,0.000000,0,0.000000,614996.000000,1.000000,451331709000.000000,1007955.000000
615000,4,167999,0.800000,1.000000,0.648465,1.000000,0.000000,0,0.000000,614991.000000,1.000000,451331709000.000000,1007955.000000
615000,5,167991,0.800000,1.000000,0.618265,1.000000,0.000000,0,0.000000,614971.000000,1.000000,451331709000.000000,1007955.000000
615000,6,167995,0.800000,1.000000,0.710052,1.000000,0.000000,0,0.000000,614885.000000,1.000000,451331709000.000000,1007955.000000
615000,7,167385,0.800000,1.000000,0.739524,1.000000,0.000000,0,0.000000,612851.000000,1.000000,451331709000.000000,1007955.000000
615000,8,167965,0.800000,1.000000,0.708021,1.000000,0.000000,0,0.000000,612878.000000,1.000000,451331709000.000000,1007955.000000
615000,9,167985,0.800000,1.000000,0.587848,1.000000,0.000000,0,0.000000,614937.000000,1.000000,451331709000.000000,1007955.000000
615000,10,167998,0.800000,1.000000,0.573424,1.000000,0.000000,0,0.000000,614982.000000,1.000000,451331709000.000000,1007955.000000
615000,11,167999,0.800000,1.000000,0.747381,1.000000,0.000000,0,0.000000,614998.000000,1.000000,451331709000.000000,1007955.000000
615000,12,168000,0.800000,1.000000,0.664037,1.000000,0.000000,1,491562.000000,615000.000000,1.000000,451331709000.000000,1007955.000000
615000,13,167994,0.800000,1.000000,0.566985,1.000000,0.000000,0,0.000000,614968.000000,1.000000,451331709000.000000,1007955.000000
615000,14,167974,0.800000,1.000000,0.595358,1.000000,0.000000,0,0.000000,614629.000000,1.000000,451331709000.000000,1007955.000000
615000,15,167990,0.800000,1.000000,0.587739,1.000000,0.000000,0,0.000000,614927.000000,1.000000,451331709000.000000,1007955.000000
616000,0,168294,0.800000,1.000000,0.731701,1.000000,0.000000,0,0.000000,615991.000000,1.000000,452933775625.000000,1344990.000000
616000,1,168291,0.800000,1.000000,0.571934,1.000000,0.000000,0,0.000000,615922.000000,1.000000,452933775625.000000,1344990.000000
616000,2,168297,0.800000,1.000000,0.633099,1.000000,0.000000,1,509709.000000,616000.000000,1.000000,452933775625.000000,1344990.000000
616000,3,168297,0.800000,1.000000,0.738044,1.000000,0.000000,0,0.000000,615999.000000,1.000000,452933775625.000000,1344990.000000
616000,4,168292,0.800000,1.000000,0.647087,1.000000,0.000000,0,0.000000,615977.000000,1.000000,452933775625.000000,1344990.000000
616000,5,168297,0.800000,1.000000,0.743543,1.000000,0.000000,0,0.000000,615995.000000,1.000000,452933775625.000000,1344990.000000
616000,6,168276,0.800000,1.000000,0.646862,1.000000,0.000000,0,0.000000,615665.000000,1.000000,452933775625.000000,1344990.000000
616000,7,167638,0.800000,1.000000,0.668837,1.000000,0.000000,0,0.000000,612851.000000,1.000000,452933775625.000000,1344990.000000
616000,8,168292,0.800000,1.000000,0.727476,1.000000,0.000000,0,0.000000,615984.000000,1.000000,452933775625.000000,1344990.000000
616000,9,168298,0.800000,1.000000,0.584855,1.000000,0.000000,0,0.000000,615992.000000,1.000000,452933775625.000000,1344990.000000
616000,10,168289,0.800000,1.000000,0.667364,1.000000,0.000000,0,0.000000,615814.000000,1.000000,452933775625.000000,1344990.000000
616000,11,168281,0.800000,1.000000,0.717813,1.000000,0.000000,0,0.000000,615868.000000,1.000000,452933775625.000000,1344990.000000
616000,12,168297,0.800000,1.000000,0.684669,1.000000,0.000000,0,0.000000,615994.000000,1.000000,452933775625.000000,1344990.000000
616000,13,168289,0.800000,1.000000,0.591452,1.000000,0.000000,0,0.000000,615364.000000,1.000000,452933775625.000000,1344990.000000
616000,14,168291,0.800000,1.000000,0.613559,1.000000,0.000000,0,0.000000,615748.000000,1.000000,452933775625.000000,1344990.000000
616000,15,168294,0.800000,1.000000,0.663347,1.000000,0.000000,0,0.000000,615985.000000,1.000000,452933775625.000000,1344990.000000
617000,0,168575,0.800000,1.000000,0.600535,1.000000,0.000000,0,0.000000,616969.000000,1.000000,454405695902.000000,1684683.000000
617000,1,168564,0.800000,1.000000,0.544586,1.000000,0.000000,0,0.000000,616756.000000,1.000000,454405695902.000000,1684683.000000
617000,2,168455,0.800000,1.000000,0.643691,1.000000,0.000000,0,0.000000,616076.000000,1.000000,454405695902.000000,1684683.000000
617000,3,168576,0.800000,1.000000,0.636071,1.000000,0.000000,0,0.000000,616947.000000,1.000000,454405695902.000000,1684683.000000
617000,4,168578,0.800000,1.000000,0.599313,1.000000,0.000000,0,0.000000,616971.000000,1.000000,454405695902.000000,1684683.000000
617000,5,168577,0.800000,1.000000,0.664604,1.000000,0.000000,0,0.000000,616964.000000,1.000000,454405695902.000000,1684683.000000
617000,6,168579,0.800000,1.000000,0.728076,1.000000,0.000000,0,0.000000,616996.000000,1.000000,454405695902.000000,1684683.000000
617000,7,168043,0.800000,1.000000,0.726743,1.000000,0.000000,0,0.000000,612851.000000,1.000000,454405695902.000000,1684683.000000
617000,8,168427,0.800000,1.000000,0.589796,1.000000,0.000000,0,0.000000,616396.000000,1.000000,454405695902.000000,1684683.000000
617000,9,168580,0.800000,1.000000,0.773594,1.000000,0.000000,0,0.000000,616999.000000,1.000000,454405695902.000000,1684683.000000
617000,10,168561,0.800000,1.000000,0.558391,1.000000,0.000000,0,0.000000,616862.000000,1.000000,454405695902.000000,1684683.000000
617000,11,168552,0.800000,1.000000,0.671096,1.000000,0.000000,0,0.000000,616901.000000,1.000000,454405695902.000000,1684683.000000
617000,12,168579,0.800000,1.000000,0.681171,1.000000,0.000000,0,0.000000,616988.000000,1.000000,454405695902.000000,1684683.000000
617000,13,168579,0.800000,1.000000,0.685569,1.000000,0.000000,0,0.000000,616991.000000,1.000000,454405695902.000000,1684683.000000
617000,14,168579,0.800000,1.000000,0.563503,1.000000,0.000000,0,0.000000,616983.000000,1.000000,454405695902.000000,1684683.000000
617000,15,168580,0.800000,1.000000,0.732129,1.000000,0.000000,1,504870.000000,617000.000000,1.000000,454405695902.000000,1684683.000000
618000,0,168848,0.800000,1.000000,0.727697,1.000000,0.000000,0,0.000000,617999.000000,1.000000,455758296786.000000,2024874.000000
618000,1,168847,0.800000,1.000000,0.613327,1.000000,0.000000,0,0.000000,617998.000000,1.000000,455758296786.000000,2024874.000000
618000,2,168455,0.800000,1.000000,0.643691,1.000000,0.000000,0,0.000000,616076.000000,1.000000,455758296786.000000,2024874.000000
618000,3,168847,0.800000,1.000000,0.673588,1.000000,0.000000,0,0.000000,617739.000000,1.000000,455758296786.000000,2024874.000000
618000,4,168848,0.800000,1.000000,0.625926,1.000000,0.000000,1,496113.000000,618000.000000,1.000000,455758296786.000000,2024874.000000
618000,5,168848,0.800000,1.000000,0.563698,1.000000,0.000000,0,0.000000,617962.000000,1.000000,455758296786.000000,2024874.000000
618000,6,168813,0.800000,1.000000,0.494399,1.000000,0.000000,0,0.000000,617862.000000,1.000000,455758296786.000000,2024874.000000
618000,7,168403,0.800000,1.000000,0.673720,1.000000,0.000000,0,0.000000,612851.000000,1.000000,455758296786.000000,2024874.000000
618000,8,168791,0.800000,1.000000,0.605722,1.000000,0.000000,0,0.000000,616396.000000,1.000000,455758296786.000000,2024874.000000
618000,9,168834,0.800000,1.000000,0.644482,1.000000,0.000000,0,0.000000,617909.000000,1.000000,455758296786.000000,2024874.000000
618000,10,168646,0.800000,1.000000,0.486842,1.000000,0.000000,0,0.000000,616862.000000,1.000000,455758296786.000000,2024874.000000
618000,11,168834,0.800000,1.000000,0.680845,1.000000,0.000000,0,0.000000,616901.000000,1.000000,455758296786.000000,2024874.000000
618000,12,168840,0.800000,1.000000,0.679314,1.000000,0.000000,0,0.000000,617976.000000,1.000000,455758296786.000000,2024874.000000
618000,13,168848,0.800000,1.000000,0.675479,1.000000,0.000000,0,0.000000,617982.000000,1.000000,455758296786.000000,2024874.000000
618000,14,168844,0.800000,1.000000,0.609170,1.000000,0.000000,0,0.000000,617955.000000,1.000000,455758296786.000000,2024874.000000
618000,15,168848,0.800000,1.000000,0.722651,1.000000,0.000000,0,0.000000,617997.000000,1.000000,455758296786.000000,2024874.000000
619000,0,169101,0.800000,1.000000,0.566079,1.000000,0.000000,0,0.000000,618865.000000,1.000000,457198592241.000000,1352994.000000
619000,1,169124,0.800000,1.000000,0.649677,1.000000,0.000000,0,0.000000,618943.000000,1.000000,457198592241.000000,1352994.000000
619000,2,168455,0.800000,1.000000,0.643691,1.000000,0.000000,0,0.000000,616076.000000,1.000000,457198592241.000000,1352994.000000
619000,3,169125,0.800000,1.000000,0.724479,1.000000,0.000000,0,0.000000,618996.000000,1.000000,457198592241.000000,1352994.000000
619000,4,169119,0.800000,1.000000,0.719365,1.000000,0.000000,0,0.000000,618857.000000,1.000000,457198592241.000000,1352994.000000
619000,5,169111,0.800000,1.000000,0.626383,1.000000,0.000000,0,0.000000,618386.000000,1.000000,457198592241.000000,1352994.000000
619000,6,169126,0.800000,1.000000,0.711682,1.000000,0.000000,0,0.000000,618997.000000,1.000000,457198592241.000000,1352994.000000
619000,7,168757,0.800000,1.000000,0.675162,1.000000,0.000000,0,0.000000,612851.000000,1.000000,457198592241.000000,1352994.000000
619000,8,169118,0.800000,1.000000,0.557557,1.000000,0.000000,0,0.000000,618969.000000,1.000000,457198592241.000000,1352994.000000
619000,9,169127,0.800000,1.000000,0.575978,1.000000,0.000000,0,0.000000,618984.000000,1.000000,457198592241.000000,1352994.000000
619000,10,169016,0.800000,1.000000,0.554512,1.000000,0.000000,0,0.000000,616862.000000,1.000000,457198592241.000000,1352994.000000
619000,11,169126,0.800000,1.000000,0.572458,1.000000,0.000000,0,0.000000,618993.000000,1.000000,457198592241.000000,1352994.000000
619000,12,169127,0.800000,1.000000,0.723630,1.000000,0.000000,0,0.000000,618999.000000,1.000000,457198592241.000000,1352994.000000
619000,13,169127,0.800000,1.000000,0.666908,1.000000,0.000000,1,492853.000000,619000.000000,1.000000,457198592241.000000,1352994.000000
619000,14,169008,0.800000,1.000000,0.595395,1.000000,0.000000,0,0.000000,618314.000000,1.000000,457198592241.000000,1352994.000000
619000,15,169090,0.800000,1.000000,0.628630,1.000000,0.000000,0,0.000000,618807.000000,1.000000,457198592241.000000,1352994.000000
620000,0,169378,0.800000,1.000000,0.466282,1.000000,0.000000,0,0.000000,619854.000000,1.000000,458452877527.000000,1355096.000000
620000,1,169389,0.800000,1.000000,0.637957,1.000000,0.000000,0,0.000000,619991.000000,1.000000,458452877527.000000,1355096.000000
620000,2,168455,0.800000,1.000000,0.643691,1.000000,0.000000,0,0.000000,616076.000000,1.000000,458452877527.000000,1355096.000000
620000,3,169390,0.800000,1.000000,0.523062,1.000000,0.000000,0,0.000000,619994.000000,1.000000,458452877527.000000,1355096.000000
620000,4,169344,0.800000,1.000000,0.540848,1.000000,0.000000,0,0.000000,619585.000000,1.000000,458452877527.000000,1355096.000000
620000,5,169391,0.800000,1.000000,0.665827,1.000000,0.000000,0,0.000000,619999.000000,1.000000,458452877527.000000,1355096.000000
620000,6,169381,0.800000,1.000000,0.564754,1.000000,0.000000,0,0.000000,619903.000000,1.000000,458452877527.000000,1355096.000000
620000,7,168954,0.800000,1.000000,0.573298,1.000000,0.000000,0,0.000000,612851.000000,1.000000,458452877527.000000,1355096.000000
620000,8,169391,0.800000,1.000000,0.671935,1.000000,0.000000,1,518621.000000,620000.000000,1.000000,458452877527.000000,1355096.000000
620000,9,169391,0.800000,1.000000,0.710926,1.000000,0.000000,0,0.000000,619998.000000,1.000000,458452877527.000000,1355096.000000
620000,10,169390,0.800000,1.000000,0.711806,1.000000,0.000000,0,0.000000,619993.000000,1.000000,458452877527.000000,1355096.000000
620000,11,169389,0.800000,1.000000,0.588418,1.000000,0.000000,0,0.000000,619990.000000,1.000000,458452877527.000000,1355096.000000
620000,12,169384,0.800000,1.000000,0.692921,1.000000,0.000000,0,0.000000,619446.000000,1.000000,458452877527.000000,1355096.000000
620000,13,169362,0.800000,1.000000,0.627331,1.000000,0.000000,0,0.000000,619697.000000,1.000000,458452877527.000000,1355096.000000
620000,14,169008,0.800000,1.000000,0.595395,1.000000,0.000000,0,0.000000,618314.000000,1.000000,458452877527.000000,1355096.000000
620000,15,169366,0.800000,1.000000,0.677254,1.000000,0.000000,0,0.000000,619897.000000,1.000000,458452877527.000000,1355096.000000
621000,0,169666,0.800000,1.000000,0.628885,1.000000,0.000000,0,0.000000,620997.000000,1.000000,459834112057.000000,2711592.000000
621000,1,169578,0.800000,1.000000,0.678308,1.000000,0.000000,0,0.000000,620492.000000,1.000000,459834112057.000000,2711592.000000
621000,2,168722,0.800000,1.000000,0.745858,1.000000,0.000000,0,0.000000,616076.000000,1.000000,459834112057.000000,2711592.000000
621000,3,169661,0.800000,1.000000,0.654019,1.000000,0.000000,0,0.000000,620857.000000,1.000000,459834112057.000000,2711592.000000
621000,4,169649,0.800000,1.000000,0.545126,1.000000,0.000000,0,0.000000,619585.000000,1.000000,459834112057.000000,2711592.000000
621000,5,169667,0.800000,1.000000,0.595915,1.000000,0.000000,0,0.000000,620916.000000,1.000000,459834112057.000000,2711592.000000
621000,6,169667,0.800000,1.000000,0.709705,1.000000,0.000000,0,0.000000,620994.000000,1.000000,459834112057.000000,2711592.000000
621000,7,168999,0.800000,1.000000,0.731362,1.000000,0.000000,0,0.000000,612851.000000,1.000000,459834112057.000000,2711592.000000
621000,8,169666,0.800000,1.000000,0.670285,1.000000,0.000000,0,0.000000,620998.000000,1.000000,459834112057.000000,2711592.000000
621000,9,169667,0.800000,1.000000,0.804088,1.000000,0.000000,1,495693.000000,621000.000000,1.000000,459834112057.000000,2711592.000000
621000,10,169659,0.800000,1.000000,0.656944,1.000000,0.000000,0,0.000000,620972.000000,1.000000,459834112057.000000,2711592.000000
621000,11,169664,0.800000,1.000000,0.586706,1.000000,0.000000,0,0.000000,620948.000000,1.000000,459834112057.000000,2711592.000000
621000,12,169666,0.800000,1.000000,0.707670,1.000000,0.000000,0,0.000000,620841.000000,1.000000,459834112057.000000,2711592.000000
621000,13,169667,0.800000,1.000000,0.578685,1.000000,0.000000,0,0.000000,620987.000000,1.000000,459834112057.000000,2711592.000000
621000,14,169174,0.800000,1.000000,0.629636,1.000000,0.000000,0,0.000000,618314.000000,1.000000,459834112057.000000,2711592.000000
621000,15,169667,0.800000,1.000000,0.647372,1.000000,0.000000,0,0.000000,620985.000000,1.000000,459834112057.000000,2711592.000000
622000,0,169727,0.800000,1.000000,0.549747,1.000000,0.000000,0,0.000000,621009.000000,1.000000,461270802930.000000,1357804.000000
622000,1,169920,0.800000,1.000000,0.604795,1.000000,0.000000,1,502875.000000,622000.000000,1.000000,461270802930.000000,1357804.000000
622000,2,169096,0.800000,1.000000,0.625859,1.000000,0.000000,0,0.000000,616076.000000,1.000000,461270802930.000000,1357804.000000
622000,3,169911,0.800000,1.000000,0.620208,1.000000,0.000000,0,0.000000,621920.000000,1.000000,461270802930.000000,1357804.000000
622000,4,169919,0.800000,1.000000,0.572261,1.000000,0.000000,0,0.000000,621990.000000,1.000000,461270802930.000000,1357804.000000
622000,5,169920,0.800000,1.000000,0.558411,1.000000,0.000000,0,0.000000,621998.000000,1.000000,461270802930.000000,1357804.000000
622000,6,169920,0.800000,1.000000,0.768159,1.000000,0.000000,0,0.000000,621999.000000,1.000000,461270802930.000000,1357804.000000
622000,7,169362,0.800000,1.000000,0.736302,1.000000,0.000000,0,0.000000,612851.000000,1.000000,461270802930.000000,1357804.000000
622000,8,169916,0.800000,1.000000,0.593905,1.000000,0.000000,0,0.000000,621692.000000,1.000000,461270802930.000000,1357804.000000
622000,9,169918,0.800000,1.000000,0.624953,1.000000,0.000000,0,0.000000,621858.000000,1.000000,461270802930.000000,1357804.000000
622000,10,169921,0.800000,1.000000,0.628009,1.000000,0.000000,0,0.000000,621991.000000,1.000000,461270802930.000000,1357804.000000
622000,11,169919,0.800000,1.000000,0.644908,1.000000,0.000000,0,0.000000,621794.000000,1.000000,461270802930.000000,1357804.000000
622000,12,169920,0.800000,1.000000,0.598549,1.000000,0.000000,0,0.000000,621996.000000,1.000000,461270802930.000000,1357804.000000
622000,13,169896,0.800000,1.000000,0.599099,1.000000,0.000000,0,0.000000,621738.000000,1.000000,461270802930.000000,1357804.000000
622000,14,169490,0.800000,1.000000,0.670002,1.000000,0.000000,0,0.000000,618314.000000,1.000000,461270802930.000000,1357804.000000
622000,15,169919,0.800000,1.000000,0.763782,1.000000,0.000000,0,0.000000,621993.000000,1.000000,461270802930.000000,1357804.000000
623000,0,170113,0.800000,1.000000,0.537151,1.000000,0.000000,0,0.000000,621009.000000,1.000000,462760116859.000000,1360412.000000
623000,1,170161,0.800000,1.000000,0.692668,1.000000,0.000000,0,0.000000,622961.000000,1.000000,462760116859.000000,1360412.000000
623000,2,169425,0.800000,1.000000,0.531864,1.000000,0.000000,0,0.000000,616076.000000,1.000000,462760116859.000000,1360412.000000
623000,3,170152,0.800000,1.000000,0.499286,1.000000,0.000000,0,0.000000,622946.000000,1.000000,462760116859.000000,1360412.000000
623000,4,170163,0.800000,1.000000,0.647141,1.000000,0.000000,1,500344.000000,623000.000000,1.000000,462760116859.000000,1360412.000000
623000,5,170164,0.800000,1.000000,0.666057,1.000000,0.000000,0,0.000000,622991.000000,1.000000,462760116859.000000,1360412.000000
623000,6,170164,0.800000,1.000000,0.549288,1.000000,0.000000,0,0.000000,622977.000000,1.000000,462760116859.000000,1360412.000000
623000,7,169729,0.800000,1.000000,0.654528,1.000000,0.000000,0,0.000000,612851.000000,1.000000,462760116859.000000,1360412.000000
623000,8,170163,0.800000,1.000000,0.591000,1.000000,0.000000,0,0.000000,622992.000000,1.000000,462760116859.000000,1360412.000000
623000,9,170157,0.800000,1.000000,0.665770,1.000000,0.000000,0,0.000000,622973.000000,1.000000,462760116859.000000,1360412.000000
623000,10,170164,0.800000,1.000000,0.659863,1.000000,0.000000,0,0.000000,622999.000000,1.000000,462760116859.000000,1360412.000000
623000,11,170156,0.800000,1.000000,0.635197,1.000000,0.000000,0,0.000000,622968.000000,1.000000,462760116859.000000,1360412.000000
623000,12,170162,0.800000,1.000000,0.635667,1.000000,0.000000,0,0.000000,622957.000000,1.000000,462760116859.000000,1360412.000000
623000,13,170142,0.800000,1.000000,0.609785,1.000000,0.000000,0,0.000000,622517.000000,1.000000,462760116859.000000,1360412.000000
623000,14,169878,0.800000,1.000000,0.718368,1.000000,0.000000,0,0.000000,618314.000000,1.000000,462760116859.000000,1360412.000000
623000,15,170164,0.800000,1.000000,0.736272,1.000000,0.000000,0,0.000000,622997.000000,1.000000,462760116859.000000,1360412.000000
624000,0,170448,0.800000,1.000000,0.638919,1.000000,0.000000,0,0.000000,623958.000000,1.000000,464430072997.000000,1703215.000000
624000,1,170452,0.800000,1.000000,0.779510,1.000000,0.000000,0,0.000000,623999.000000,1.000000,464430072997.000000,1703215.000000
624000,2,169842,0.800000,1.000000,0.655663,1.000000,0.000000,0,0.000000,616076.000000,1.000000,464430072997.000000,1703215.000000
624000,3,170452,0.800000,1.000000,0.732455,1.000000,0.000000,1,502087.000000,624000.000000,1.000000,464430072997.000000,1703215.000000
624000,4,170451,0.800000,1.000000,0.663213,1.000000,0.000000,0,0.000000,623985.000000,1.000000,464430072997.000000,1703215.000000
624000,5,170452,0.800000,1.000000,0.671269,1.000000,0.000000,0,0.000000,623993.000000,1.000000,464430072997.000000,1703215.000000
624000,6,170418,0.800000,1.000000,0.536056,1.000000,0.000000,0,0.000000,623523.000000,1.000000,464430072997.000000,1703215.000000
624000,7,170107,0.800000,1.000000,0.607041,1.000000,0.000000,0,0.000000,612851.000000,1.000000,464430072997.000000,1703215.000000
624000,8,170426,0.800000,1.000000,0.606250,1.000000,0.000000,0,0.000000,623917.000000,1.000000,464430072997.000000,1703215.000000
624000,9,170449,0.800000,1.000000,0.652498,1.000000,0.000000,0,0.000000,623957.000000,1.000000,464430072997.000000,1703215.000000
624000,10,170446,0.800000,1.000000,0.547675,1.000000,0.000000,0,0.000000,623968.000000,1.000000,464430072997.000000,1703215.000000
624000,11,170433,0.800000,1.000000,0.611556,1.000000,0.000000,0,0.000000,623941.000000,1.000000,464430072997.000000,1703215.000000
624000,12,170426,0.800000,1.000000,0.659259,1.000000,0.000000,0,0.000000,623864.000000,1.000000,464430072997.000000,1703215.000000
624000,13,170450,0.800000,1.000000,0.691026,1.000000,0.000000,0,0.000000,623983.000000,1.000000,464430072997.000000,1703215.000000
624000,14,170259,0.800000,1.000000,0.577685,1.000000,0.000000,0,0.000000,618314.000000,1.000000,464430072997.000000,1703215.000000
624000,15,170452,0.800000,1.000000,0.679121,1.000000,0.000000,0,0.000000,623994.000000,1.000000,464430072997.000000,1703215.000000
625000,0,170699,0.800000,1.000000,0.678150,1.000000,0.000000,0,0.000000,624870.000000,1.000000,465902502361.000000,1364078.000000
625000,1,170715,0.800000,1.000000,0.647783,1.000000,0.000000,0,0.000000,624899.000000,1.000000,465902502361.000000,1364078.000000
625000,2,170175,0.800000,1.000000,0.774148,1.000000,0.000000,0,0.000000,616076.000000,1.000000,465902502361.000000,1364078.000000
625000,3,170712,0.800000,1.000000,0.489072,1.000000,0.000000,0,0.000000,624962.000000,1.000000,465902502361.000000,1364078.000000
625000,4,170713,0.800000,1.000000,0.650554,1.000000,0.000000,0,0.000000,624995.000000,1.000000,465902502361.000000,1364078.000000
625000,5,170715,0.800000,1.000000,0.618711,1.000000,0.000000,0,0.000000,624999.000000,1.000000,465902502361.000000,1364078.000000
625000,6,170677,0.800000,1.000000,0.499999,1.000000,0.000000,0,0.000000,624817.000000,1.000000,465902502361.000000,1364078.000000
625000,7,170454,0.800000,1.000000,0.724142,1.000000,0.000000,0,0.000000,612851.000000,1.000000,465902502361.000000,1364078.000000
625000,8,170698,0.800000,1.000000,0.580051,1.000000,0.000000,0,0.000000,624864.000000,1.000000,465902502361.000000,1364078.000000
625000,9,170713,0.800000,1.000000,0.592273,1.000000,0.000000,0,0.000000,624958.000000,1.000000,465902502361.000000,1364078.000000
625000,10,170714,0.800000,1.000000,0.613263,1.000000,0.000000,0,0.000000,624959.000000,1.000000,465902502361.000000,1364078.000000
625000,11,170715,0.800000,1.000000,0.712295,1.000000,0.000000,1,537846.000000,625000.000000,1.000000,465902502361.000000,1364078.000000
625000,12,170714,0.800000,1.000000,0.712041,1.000000,0.000000,0,0.000000,624996.000000,1.000000,465902502361.000000,1364078.000000
625000,13,170716,0.800000,1.000000,0.559402,1.000000,0.000000,0,0.000000,624997.000000,1.000000,465902502361.000000,1364078.000000
625000,14,170435,0.800000,1.000000,0.658604,1.000000,0.000000,0,0.000000,618314.000000,1.000000,465902502361.000000,1364078.000000
625000,15,170716,0.800000,1.000000,0.659236,1.000000,0.000000,0,0.000000,624998.000000,1.000000,465902502361.000000,1364078.000000
626000,0,170994,0.800000,1.000000,0.732333,1.000000,0.000000,0,0.000000,625982.000000,1.000000,467512582427.000000,1367822.000000
626000,1,170975,0.800000,1.000000,0.627055,1.000000,0.000000,0,0.000000,625117.000000,1.000000,467512582427.000000,1367822.000000
626000,2,170552,0.800000,1.000000,0.671551,1.000000,0.000000,0,0.000000,616076.000000,1.000000,467512582427.000000,1367822.000000
626000,3,170997,0.800000,1.000000,0.613771,1.000000,0.000000,1,503431.000000,626000.000000,1.000000,467512582427.000000,1367822.000000
626000,4,170984,0.800000,1.000000,0.544300,1.000000,0.000000,0,0.000000,625957.000000,1.000000,467512582427.000000,1367822.000000
626000,5,170950,0.800000,1.000000,0.731173,1.000000,0.000000,0,0.000000,625779.000000,1.000000,467512582427.000000,1367822.000000
626000,6,170996,0.800000,1.000000,0.655402,1.000000,0.000000,0,0.000000,625998.000000,1.000000,467512582427.000000,1367822.000000
626000,7,170839,0.800000,1.000000,0.802470,1.000000,0.000000,0,0.000000,612851.000000,1.000000,467512582427.000000,1367822.000000
626000,8,170997,0.800000,1.000000,0.631826,1.000000,0.000000,0,0.000000,625999.000000,1.000000,467512582427.000000,1367822.000000
626000,9,170996,0.800000,1.000000,0.720798,1.000000,0.000000,0,0.000000,625996.000000,1.000000,467512582427.000000,1367822.000000
626000,10,170990,0.800000,1.000000,0.505883,1.000000,0.000000,0,0.000000,625943.000000,1.000000,467512582427.000000,1367822.000000
626000,11,170997,0.800000,1.000000,0.598930,1.000000,0.000000,0,0.000000,625993.000000,1.000000,467512582427.000000,1367822.000000
626000,12,170998,0.800000,1.000000,0.682705,1.000000,0.000000,0,0.000000,625997.000000,1.000000,467512582427.000000,1367822.000000
626000,13,170989,0.800000,1.000000,0.710555,1.000000,0.000000,0,0.000000,625345.000000,1.000000,467512582427.000000,1367822.000000
626000,14,170751,0.800000,1.000000,0.622009,1.000000,0.000000,0,0.000000,618314.000000,1.000000,467512582427.000000,1367822.000000
626000,15,170990,0.800000,1.000000,0.631852,1.000000,0.000000,0,0.000000,625972.000000,1.000000,467512582427.000000,1367822.000000
627000,0,171287,0.800000,1.000000,0.642644,1.000000,0.000000,1,502928.000000,627000.000000,1.000000,469180962755.000000,684768.000000
627000,1,171272,0.800000,1.000000,0.556624,1.000000,0.000000,0,0.000000,626564.000000,1.000000,469180962755.000000,684768.000000
627000,2,170919,0.800000,1.000000,0.634978,1.000000,0.000000,0,0.000000,616076.000000,1.000000,469180962755.000000,684768.000000
627000,3,171283,0.800000,1.000000,0.497674,1.000000,0.000000,0,0.000000,626827.000000,1.000000,469180962755.000000,684768.000000
627000,4,171285,0.800000,1.000000,0.609543,1.000000,0.000000,0,0.000000,626886.000000,1.000000,469180962755.000000,684768.000000
627000,5,171286,0.800000,1.000000,0.797453,1.000000,0.000000,0,0.000000,626992.000000,1.000000,469180962755.000000,684768.000000
627000,6,171287,0.800000,1.000000,0.569669,1.000000,0.000000,0,0.000000,626990.000000,1.000000,469180962755.000000,684768.000000
627000,7,171183,0.800000,1.000000,0.525148,1.000000,0.000000,0,0.000000,612851.000000,1.000000,469180962755.000000,684768.000000
627000,8,171283,0.800000,1.000000,0.767079,1.000000,0.000000,0,0.000000,626985.000000,1.000000,469180962755.000000,684768.000000
627000,9,171269,0.800000,1.000000,0.678853,1.000000,0.000000,0,0.000000,626727.000000,1.000000,469180962755.000000,684768.000000
627000,10,171287,0.800000,1.000000,0.695139,1.000000,0.000000,0,0.000000,626998.000000,1.000000,469180962755.000000,684768.000000
627000,11,171288,0.800000,1.000000,0.678350,1.000000,0.000000,0,0.000000,626999.000000,1.000000,469180962755.000000,684768.000000
627000,12,171266,0.800000,1.000000,0.723126,1.000000,0.000000,0,0.000000,626688.000000,1.000000,469180962755.000000,684768.000000
627000,13,171273,0.800000,1.000000,0.644277,1.000000,0.000000,0,0.000000,626937.000000,1.000000,469180962755.000000,684768.000000
627000,14,171116,0.800000,1.000000,0.669311,1.000000,0.000000,0,0.000000,618314.000000,1.000000,469180962755.000000,684768.000000
627000,15,171287,0.800000,1.000000,0.619566,1.000000,0.000000,0,0.000000,626995.000000,1.000000,469180962755.000000,684768.000000
628000,0,171557,0.800000,1.000000,0.635816,1.000000,0.000000,0,0.000000,627764.000000,1.000000,470805990722.000000,1715643.000000
628000,1,171559,0.800000,1.000000,0.573896,1.000000,0.000000,0,0.000000,627833.000000,1.000000,470805990722.000000,1715643.000000
628000,2,171353,0.800000,1.000000,0.737694,1.000000,0.000000,0,0.000000,616076.000000,1.000000,470805990722.000000,1715643.000000
628000,3,171550,0.800000,1.000000,0.621644,1.000000,0.000000,0,0.000000,626827.000000,1.000000,470805990722.000000,1715643.000000
628000,4,171572,0.800000,1.000000,0.525728,1.000000,0.000000,0,0.000000,627984.000000,1.000000,470805990722.000000,1715643.000000
628000,5,171570,0.800000,1.000000,0.598546,1.000000,0.000000,0,0.000000,627979.000000,1.000000,470805990722.000000,1715643.000000
628000,6,171539,0.800000,1.000000,0.632423,1.000000,0.000000,0,0.000000,627876.000000,1.000000,470805990722.000000,1715643.000000
628000,7,171524,0.800000,1.000000,0.620101,1.000000,0.000000,0,0.000000,612851.000000,1.000000,470805990722.000000,1715643.000000
628000,8,171574,0.800000,1.000000,0.668416,1.000000,0.000000,0,0.000000,627997.000000,1.000000,470805990722.000000,1715643.000000
628000,9,171571,0.800000,1.000000,0.597830,1.000000,0.000000,0,0.000000,627987.000000,1.000000,470805990722.000000,1715643.000000
628000,10,171571,0.800000,1.000000,0.574809,1.000000,0.000000,0,0.000000,627946.000000,1.000000,470805990722.000000,1715643.000000
628000,11,171563,0.800000,1.000000,0.531858,1.000000,0.000000,0,0.000000,627950.000000,1.000000,470805990722.000000,1715643.000000
628000,12,171573,0.800000,1.000000,0.774392,1.000000,0.000000,0,0.000000,627998.000000,1.000000,470805990722.000000,1715643.000000
628000,13,171463,0.800000,1.000000,0.649704,1.000000,0.000000,0,0.000000,626937.000000,1.000000,470805990722.000000,1715643.000000
628000,14,171499,0.800000,1.000000,0.602530,1.000000,0.000000,0,0.000000,618314.000000,1.000000,470805990722.000000,1715643.000000
628000,15,171574,0.800000,1.000000,0.753861,1.000000,0.000000,1,513165.000000,628000.000000,1.000000,470805990722.000000,1715643.000000
629000,0,171840,0.800000,1.000000,0.708673,1.000000,0.000000,0,0.000000,628842.000000,1.000000,472335283540.000000,687202.000000
629000,1,171844,0.800000,1.000000,0.626581,1.000000,0.000000,1,508306.000000,629000.000000,1.000000,472335283540.000000,687202.000000
629000,2,171705,0.800000,1.000000,0.512130,1.000000,0.000000,0,0.000000,616076.000000,1.000000,472335283540.000000,687202.000000
629000,3,171829,0.800000,1.000000,0.706780,1.000000,0.000000,0,0.000000,628810.000000,1.000000,472335283540.000000,687202.000000
629000,4,171842,0.800000,1.000000,0.591147,1.000000,0.000000,0,0.000000,628971.000000,1.000000,472335283540.000000,687202.000000
629000,5,171680,0.800000,1.000000,0.701669,1.000000,0.000000,0,0.000000,628388.000000,1.000000,472335283540.000000,687202.000000
629000,6,171824,0.800000,1.000000,0.690182,1.000000,0.000000,0,0.000000,628910.000000,1.000000,472335283540.000000,687202.000000
629000,7,171845,0.800000,1.000000,0.635039,1.000000,0.000000,0,0.000000,628998.000000,1.000000,472335283540.000000,687202.000000
629000,8,171837,0.800000,1.000000,0.616319,1.000000,0.000000,0,0.000000,628843.000000,1.000000,472335283540.000000,687202.000000
629000,9,171844,0.800000,1.000000,0.628539,1.000000,0.000000,0,0.000000,628996.000000,1.000000,472335283540.000000,687202.000000
629000,10,171844,0.800000,1.000000,0.727030,1.000000,0.000000,0,0.000000,628987.000000,1.000000,472335283540.000000,687202.000000
629000,11,171839,0.800000,1.000000,0.565117,1.000000,0.000000,0,0.000000,628944.000000,1.000000,472335283540.000000,687202.000000
629000,12,171841,0.800000,1.000000,0.712474,1.000000,0.000000,0,0.000000,628629.000000,1.000000,472335283540.000000,687202.000000
629000,13,171763,0.800000,1.000000,0.631981,1.000000,0.000000,0,0.000000,626937.000000,1.000000,472335283540.000000,687202.000000
629000,14,171845,0.800000,1.000000,0.640445,1.000000,0.000000,0,0.000000,628999.000000,1.000000,472335283540.000000,687202.000000
629000,15,171844,0.800000,1.000000,0.548723,1.000000,0.000000,0,0.000000,628942.000000,1.000000,472335283540.000000,687202.000000
630000,0,172115,0.800000,1.000000,0.642059,1.000000,0.000000,0,0.000000,629906.000000,1.000000,473790392297.000000,2753072.000000
630000,1,172124,0.800000,1.000000,0.664716,1.000000,0.000000,0,0.000000,629994.000000,1.000000,473790392297.000000,2753072.000000
630000,2,172036,0.800000,1.000000,0.628471,1.000000,0.000000,0,0.000000,616076.000000,1.000000,473790392297.000000,2753072.000000
630000,3,172123,0.800000,1.000000,0.658925,1.000000,0.000000,0,0.000000,629999.000000,1.000000,473790392297.000000,2753072.000000
630000,4,172101,0.800000,1.000000,0.598815,1.000000,0.000000,0,0.000000,629529.000000,1.000000,473790392297.000000,2753072.000000
630000,5,171811,0.800000,1.000000,0.628102,1.000000,0.000000,0,0.000000,628388.000000,1.000000,473790392297.000000,2753072.000000
630000,6,171920,0.800000,1.000000,0.623782,1.000000,0.000000,0,0.000000,628910.000000,1.000000,473790392297.000000,2753072.000000
630000,7,172124,0.800000,1.000000,0.784947,1.000000,0.000000,1,511818.000000,630000.000000,1.000000,473790392297.000000,2753072.000000
630000,8,172117,0.800000,1.000000,0.597643,1.000000,0.000000,0,0.000000,629939.000000,1.000000,473790392297.000000,2753072.000000
630000,9,172123,0.800000,1.000000,0.699895,1.000000,0.000000,0,0.000000,629998.000000,1.000000,473790392297.000000,2753072.000000
630000,10,172123,0.800000,1.000000,0.527796,1.000000,0.000000,0,0.000000,629982.000000,1.000000,473790392297.000000,2753072.000000
630000,11,172120,0.800000,1.000000,0.654733,1.000000,0.000000,0,0.000000,629981.000000,1.000000,473790392297.000000,2753072.000000
630000,12,172125,0.800000,1.000000,0.568155,1.000000,0.000000,0,0.000000,629996.000000,1.000000,473790392297.000000,2753072.000000
630000,13,172106,0.800000,1.000000,0.702554,1.000000,0.000000,0,0.000000,629664.000000,1.000000,473790392297.000000,2753072.000000
630000,14,172123,0.800000,1.000000,0.597756,1.000000,0.000000,0,0.000000,629997.000000,1.000000,473790392297.000000,2753072.000000
630000,15,172106,0.800000,1.000000,0.633454,1.000000,0.000000,0,0.000000,629393.000000,1.000000,473790392297.000000,2753072.000000
631000,0,172406,0.800000,1.000000,0.690267,1.000000,0.000000,0,0.000000,630968.000000,1.000000,475407555106.000000,2068296.000000
631000,1,172383,0.800000,1.000000,0.717729,1.000000,0.000000,0,0.000000,630748.000000,1.000000,475407555106.000000,2068296.000000
631000,2,172392,0.800000,1.000000,0.670466,1.000000,0.000000,0,0.000000,616076.000000,1.000000,475407555106.000000,2068296.000000
631000,3,172400,0.800000,1.000000,0.548274,1.000000,0.000000,0,0.000000,630907.000000,1.000000,475407555106.000000,2068296.000000
631000,4,172348,0.800000,1.000000,0.565717,1.000000,0.000000,0,0.000000,630625.000000,1.000000,475407555106.000000,2068296.000000
631000,5,172157,0.800000,1.000000,0.625223,1.000000,0.000000,0,0.000000,628388.000000,1.000000,475407555106.000000,2068296.000000
631000,6,172302,0.800000,1.000000,0.692388,1.000000,0.000000,0,0.000000,628910.000000,1.000000,475407555106.000000,2068296.000000
631000,7,172402,0.800000,1.000000,0.534768,1.000000,0.000000,0,0.000000,630963.000000,1.000000,475407555106.000000,2068296.000000
631000,8,172398,0.800000,1.000000,0.540689,1.000000,0.000000,0,0.000000,630956.000000,1.000000,475407555106.000000,2068296.000000
631000,9,172407,0.800000,1.000000,0.716068,1.000000,0.000000,0,0.000000,630997.000000,1.000000,475407555106.000000,2068296.000000
631000,10,172405,0.800000,1.000000,0.633008,1.000000,0.000000,0,0.000000,630981.000000,1.000000,475407555106.000000,2068296.000000
631000,11,172408,0.800000,1.000000,0.623839,1.000000,0.000000,0,0.000000,630995.000000,1.000000,475407555106.000000,2068296.000000
631000,12,172405,0.800000,1.000000,0.619111,1.000000,0.000000,0,0.000000,630975.000000,1.000000,475407555106.000000,2068296.000000
631000,13,172408,0.800000,1.000000,0.803395,1.000000,0.000000,1,502962.000000,631000.000000,1.000000,475407555106.000000,2068296.000000
631000,14,172362,0.800000,1.000000,0.584740,1.000000,0.000000,0,0.000000,630561.000000,1.000000,475407555106.000000,2068296.000000
631000,15,172409,0.800000,1.000000,0.693645,1.000000,0.000000,0,0.000000,630992.000000,1.000000,475407555106.000000,2068296.000000
632000,0,172684,0.800000,1.000000,0.696408,1.000000,0.000000,0,0.000000,631995.000000,1.000000,476985720130.000000,2071692.000000
632000,1,172681,0.800000,1.000000,0.613022,1.000000,0.000000,0,0.000000,631985.000000,1.000000,476985720130.000000,2071692.000000
632000,2,172663,0.800000,1.000000,0.612801,1.000000,0.000000,0,0.000000,631656.000000,1.000000,476985720130.000000,2071692.000000
632000,3,172682,0.800000,1.000000,0.620730,1.000000,0.000000,0,0.000000,631983.000000,1.000000,476985720130.000000,2071692.000000
632000,4,172679,0.800000,1.000000,0.626145,1.000000,0.000000,0,0.000000,631907.000000,1.000000,476985720130.000000,2071692.000000
632000,5,172484,0.800000,1.000000,0.693673,1.000000,0.000000,0,0.000000,628388.000000,1.000000,476985720130.000000,2071692.000000
632000,6,172608,0.800000,1.000000,0.646604,1.000000,0.000000,0,0.000000,628910.000000,1.000000,476985720130.000000,2071692.000000
632000,7,172678,0.800000,1.000000,0.644878,1.000000,0.000000,0,0.000000,631979.000000,1.000000,476985720130.000000,2071692.000000
632000,8,172683,0.800000,1.000000,0.667447,1.000000,0.000000,0,0.000000,631997.000000,1.000000,476985720130.000000,2071692.000000
632000,9,172676,0.800000,1.000000,0.679148,1.000000,0.000000,0,0.000000,631954.000000,1.000000,476985720130.000000,2071692.000000
632000,10,172683,0.800000,1.000000,0.779570,1.000000,0.000000,0,0.000000,631999.000000,1.000000,476985720130.000000,2071692.000000
632000,11,172655,0.800000,1.000000,0.563826,1.000000,0.000000,0,0.000000,631343.000000,1.000000,476985720130.000000,2071692.000000
632000,12,172684,0.800000,1.000000,0.754479,1.000000,0.000000,1,503611.000000,632000.000000,1.000000,476985720130.000000,2071692.000000
632000,13,172670,0.800000,1.000000,0.614967,1.000000,0.000000,0,0.000000,631953.000000,1.000000,476985720130.000000,2071692.000000
632000,14,172684,0.800000,1.000000,0.656639,1.000000,0.000000,0,0.000000,631905.000000,1.000000,476985720130.000000,2071692.000000
632000,15,172672,0.800000,1.000000,0.528420,1.000000,0.000000,0,0.000000,631878.000000,1.000000,476985720130.000000,2071692.000000
633000,0,172977,0.800000,1.000000,0.569499,1.000000,0.000000,0,0.000000,632978.000000,1.000000,478637762628.000000,1729333.000000
633000,1,172946,0.800000,1.000000,0.639035,1.000000,0.000000,0,0.000000,632562.000000,1.000000,478637762628.000000,1729333.000000
633000,2,172973,0.800000,1.000000,0.756134,1.000000,0.000000,0,0.000000,632983.000000,1.000000,478637762628.000000,1729333.000000
633000,3,172890,0.800000,1.000000,0.737171,1.000000,0.000000,0,0.000000,632655.000000,1.000000,478637762628.000000,1729333.000000
633000,4,172978,0.800000,1.000000,0.643467,1.000000,0.000000,0,0.000000,632997.000000,1.000000,478637762628.000000,1729333.000000
633000,5,172851,0.800000,1.000000,0.571344,1.000000,0.000000,0,0.000000,628388.000000,1.000000,478637762628.000000,1729333.000000
633000,6,172959,0.800000,1.000000,0.720084,1.000000,0.000000,0,0.000000,628910.000000,1.000000,478637762628.000000,1729333.000000
633000,7,172973,0.800000,1.000000,0.655262,1.000000,0.000000,0,0.000000,632953.000000,1.000000,478637762628.000000,1729333.000000
633000,8,172978,0.800000,1.000000,0.737049,1.000000,0.000000,0,0.000000,632992.000000,1.000000,478637762628.000000,1729333.000000
633000,9,172971,0.800000,1.000000,0.607665,1.000000,0.000000,0,0.000000,632852.000000,1.000000,478637762628.000000,1729333.000000
633000,10,172980,0.800000,1.000000,0.750478,1.000000,0.000000,1,512275.000000,633000.000000,1.000000,478637762628.000000,1729333.000000
633000,11,172967,0.800000,1.000000,0.655678,1.000000,0.000000,0,0.000000,632934.000000,1.000000,478637762628.000000,1729333.000000
633000,12,172980,0.800000,1.000000,0.683845,1.000000,0.000000,0,0.000000,632995.000000,1.000000,478637762628.000000,1729333.000000
633000,13,172981,0.800000,1.000000,0.707366,1.000000,0.000000,0,0.000000,632999.000000,1.000000,478637762628.000000,1729333.000000
633000,14,172972,0.800000,1.000000,0.647667,1.000000,0.000000,0,0.000000,632754.000000,1.000000,478637762628.000000,1729333.000000
633000,15,172970,0.800000,1.000000,0.666353,1.000000,0.000000,0,0.000000,632958.000000,1.000000,478637762628.000000,1729333.000000
634000,0,173274,0.800000,1.000000,0.609964,1.000000,0.000000,0,0.000000,633999.000000,1.000000,480296134142.000000,1039621.000000
634000,1,173261,0.800000,1.000000,0.525882,1.000000,0.000000,0,0.000000,633890.000000,1.000000,480296134142.000000,1039621.000000
634000,2,173273,0.800000,1.000000,0.635334,1.000000,0.000000,0,0.000000,633994.000000,1.000000,480296134142.000000,1039621.000000
634000,3,173273,0.800000,1.000000,0.667542,1.000000,0.000000,0,0.000000,633980.000000,1.000000,480296134142.000000,1039621.000000
634000,4,173275,0.800000,1.000000,0.758675,1.000000,0.000000,1,508878.000000,634000.000000,1.000000,480296134142.000000,1039621.000000
634000,5,173267,0.800000,1.000000,0.659772,1.000000,0.000000,0,0.000000,628388.000000,1.000000,480296134142.000000,1039621.000000
634000,6,173275,0.800000,1.000000,0.685175,1.000000,0.000000,0,0.000000,633997.000000,1.000000,480296134142.000000,1039621.000000
634000,7,173275,0.800000,1.000000,0.647047,1.000000,0.000000,0,0.000000,633989.000000,1.000000,480296134142.000000,1039621.000000
634000,8,173263,0.800000,1.000000,0.586019,1.000000,0.000000,0,0.000000,633786.000000,1.000000,480296134142.000000,1039621.000000
634000,9,173212,0.800000,1.000000,0.568879,1.000000,0.000000,0,0.000000,633714.000000,1.000000,480296134142.000000,1039621.000000
634000,10,173217,0.800000,1.000000,0.670071,1.000000,0.000000,0,0.000000,633523.000000,1.000000,480296134142.000000,1039621.000000
634000,11,173274,0.800000,1.000000,0.561872,1.000000,0.000000,0,0.000000,633976.000000,1.000000,480296134142.000000,1039621.000000
634000,12,173210,0.800000,1.000000,0.652416,1.000000,0.000000,0,0.000000,633778.000000,1.000000,480296134142.000000,1039621.000000
634000,13,173238,0.800000,1.000000,0.625843,1.000000,0.000000,0,0.000000,633408.000000,1.000000,480296134142.000000,1039621.000000
634000,14,173275,0.800000,1.000000,0.717108,1.000000,0.000000,0,0.000000,633983.000000,1.000000,480296134142.000000,1039621.000000
634000,15,173274,0.800000,1.000000,0.589271,1.000000,0.000000,0,0.000000,633973.000000,1.000000,480296134142.000000,1039621.000000
635000,0,173564,0.800000,1.000000,0.687198,1.000000,0.000000,0,0.000000,634989.000000,1.000000,481948008725.000000,1388462.000000
635000,1,173523,0.800000,1.000000,0.681777,1.000000,0.000000,0,0.000000,633890.000000,1.000000,481948008725.000000,1388462.000000
635000,2,173559,0.800000,1.000000,0.680822,1.000000,0.000000,0,0.000000,634671.000000,1.000000,481948008725.000000,1388462.000000
635000,3,173510,0.800000,1.000000,0.680014,1.000000,0.000000,0,0.000000,634676.000000,1.000000,481948008725.000000,1388462.000000
635000,4,173527,0.800000,1.000000,0.446961,1.000000,0.000000,0,0.000000,634800.000000,1.000000,481948008725.000000,1388462.000000
635000,5,173568,0.800000,1.000000,0.636113,1.000000,0.000000,0,0.000000,634995.000000,1.000000,481948008725.000000,1388462.000000
635000,6,173568,0.800000,1.000000,0.601639,1.000000,0.000000,0,0.000000,634988.000000,1.000000,481948008725.000000,1388462.000000
635000,7,173558,0.800000,1.000000,0.561803,1.000000,0.000000,0,0.000000,634205.000000,1.000000,481948008725.000000,1388462.000000
635000,8,173566,0.800000,1.000000,0.692963,1.000000,0.000000,0,0.000000,634870.000000,1.000000,481948008725.000000,1388462.000000
635000,9,173568,0.800000,1.000000,0.682675,1.000000,0.000000,1,506501.000000,635000.000000,1.000000,481948008725.000000,1388462.000000
635000,10,173558,0.800000,1.000000,0.624097,1.000000,0.000000,0,0.000000,633523.000000,1.000000,481948008725.000000,1388462.000000
635000,11,173562,0.800000,1.000000,0.617097,1.000000,0.000000,0,0.000000,634868.000000,1.000000,481948008725.000000,1388462.000000
635000,12,173569,0.800000,1.000000,0.762438,1.000000,0.000000,0,0.000000,634992.000000,1.000000,481948008725.000000,1388462.000000
635000,13,173562,0.800000,1.000000,0.576625,1.000000,0.000000,0,0.000000,634950.000000,1.000000,481948008725.000000,1388462.000000
635000,14,173569,0.800000,1.000000,0.618369,1.000000,0.000000,0,0.000000,634998.000000,1.000000,481948008725.000000,1388462.000000
635000,15,173568,0.800000,1.000000,0.604126,1.000000,0.000000,0,0.000000,634999.000000,1.000000,481948008725.000000,1388462.000000
636000,0,173858,0.800000,1.000000,0.681075,1.000000,0.000000,0,0.000000,635770.000000,1.000000,483531115176.000000,2433729.000000
636000,1,173859,0.800000,1.000000,0.700769,1.000000,0.000000,0,0.000000,635987.000000,1.000000,483531115176.000000,2433729.000000
636000,2,173862,0.800000,1.000000,0.602702,1.000000,0.000000,1,528564.000000,636000.000000,1.000000,483531115176.000000,2433729.000000
636000,3,173808,0.800000,1.000000,0.679387,1.000000,0.000000,0,0.000000,634676.000000,1.000000,483531115176.000000,2433729.000000
636000,4,173861,0.800000,1.000000,0.706305,1.000000,0.000000,0,0.000000,635996.000000,1.000000,483531115176.000000,2433729.000000
636000,5,173863,0.800000,1.000000,0.625045,1.000000,0.000000,0,0.000000,635997.000000,1.000000,483531115176.000000,2433729.000000
636000,6,173729,0.800000,1.000000,0.753925,1.000000,0.000000,0,0.000000,635073.000000,1.000000,483531115176.000000,2433729.000000
636000,7,173862,0.800000,1.000000,0.644333,1.000000,0.000000,0,0.000000,635998.000000,1.000000,483531115176.000000,2433729.000000
636000,8,173862,0.800000,1.000000,0.662845,1.000000,0.000000,0,0.000000,635999.000000,1.000000,483531115176.000000,2433729.000000
636000,9,173835,0.800000,1.000000,0.609736,1.000000,0.000000,0,0.000000,635837.000000,1.000000,483531115176.000000,2433729.000000
636000,10,173837,0.800000,1.000000,0.659144,1.000000,0.000000,0,0.000000,635530.000000,1.000000,483531115176.000000,2433729.000000
636000,11,173863,0.800000,1.000000,0.693097,1.000000,0.000000,0,0.000000,635984.000000,1.000000,483531115176.000000,2433729.000000
636000,12,173860,0.800000,1.000000,0.594902,1.000000,0.000000,0,0.000000,635916.000000,1.000000,483531115176.000000,2433729.000000
636000,13,173862,0.800000,1.000000,0.485731,1.000000,0.000000,0,0.000000,635986.000000,1.000000,483531115176.000000,2433729.000000
636000,14,173861,0.800000,1.000000,0.664857,1.000000,0.000000,0,0.000000,635932.000000,1.000000,483531115176.000000,2433729.000000
636000,15,173774,0.800000,1.000000,0.595838,1.000000,0.000000,0,0.000000,635437.000000,1.000000,483531115176.000000,2433729.000000
637000,0,174134,0.800000,1.000000,0.686597,1.000000,0.000000,0,0.000000,636997.000000,1.000000,485102851677.000000,348267.000000
637000,1,174134,0.800000,1.000000,0.601493,1.000000,0.000000,1,514315.000000,637000.000000,1.000000,485102851677.000000,348267.000000
637000,2,174131,0.800000,1.000000,0.691319,1.000000,0.000000,0,0.000000,636830.000000,1.000000,485102851677.000000,348267.000000
637000,3,174087,0.800000,1.000000,0.722216,1.000000,0.000000,0,0.000000,634676.000000,1.000000,485102851677.000000,348267.000000
637000,4,174135,0.800000,1.000000,0.737932,1.000000,0.000000,0,0.000000,636998.000000,1.000000,485102851677.000000,348267.000000
637000,5,174135,0.800000,1.000000,0.664331,1.000000,0.000000,0,0.000000,636999.000000,1.000000,485102851677.000000,348267.000000
637000,6,174096,0.800000,1.000000,0.603532,1.000000,0.000000,0,0.000000,635073.000000,1.000000,485102851677.000000,348267.000000
637000,7,174132,0.800000,1.000000,0.629219,1.000000,0.000000,0,0.000000,636926.000000,1.000000,485102851677.000000,348267.000000
637000,8,174133,0.800000,1.000000,0.709496,1.000000,0.000000,0,0.000000,636986.000000,1.000000,485102851677.000000,348267.000000
637000,9,174092,0.800000,1.000000,0.550023,1.000000,0.000000,0,0.000000,636386.000000,1.000000,485102851677.000000,348267.000000
637000,10,174131,0.800000,1.000000,0.654842,1.000000,0.000000,0,0.000000,636783.000000,1.000000,485102851677.000000,348267.000000
637000,11,174134,0.800000,1.000000,0.698031,1.000000,0.000000,0,0.000000,636872.000000,1.000000,485102851677.000000,348267.000000
637000,12,174125,0.800000,1.000000,0.713297,1.000000,0.000000,0,0.000000,636947.000000,1.000000,485102851677.000000,348267.000000
637000,13,174131,0.800000,1.000000,0.634309,1.000000,0.000000,0,0.000000,636963.000000,1.000000,485102851677.000000,348267.000000
637000,14,174135,0.800000,1.000000,0.590262,1.000000,0.000000,0,0.000000,636996.000000,1.000000,485102851677.000000,348267.000000
637000,15,174108,0.800000,1.000000,0.585816,1.000000,0.000000,0,0.000000,636706.000000,1.000000,485102851677.000000,348267.000000
638000,0,174414,0.800000,1.000000,0.759549,1.000000,0.000000,0,0.000000,637981.000000,1.000000,486593122881.000000,2441399.000000
638000,1,174416,0.800000,1.000000,0.748492,1.000000,0.000000,0,0.000000,637999.000000,1.000000,486593122881.000000,2441399.000000
638000,2,174414,0.800000,1.000000,0.696828,1.000000,0.000000,0,0.000000,637846.000000,1.000000,486593122881.000000,2441399.000000
638000,3,174387,0.800000,1.000000,0.610637,1.000000,0.000000,0,0.000000,634676.000000,1.000000,486593122881.000000,2441399.000000
638000,4,174257,0.800000,1.000000,0.554713,1.000000,0.000000,0,0.000000,637411.000000,1.000000,486593122881.000000,2441399.000000
638000,5,174410,0.800000,1.000000,0.666966,1.000000,0.000000,0,0.000000,637867.000000,1.000000,486593122881.000000,2441399.000000
638000,6,174416,0.800000,1.000000,0.676302,1.000000,0.000000,0,0.000000,637994.000000,1.000000,486593122881.000000,2441399.000000
638000,7,174416,0.800000,1.000000,0.611941,1.000000,0.000000,0,0.000000,637987.000000,1.000000,486593122881.000000,2441399.000000
638000,8,174416,0.800000,1.000000,0.674891,1.000000,0.000000,0,0.000000,637991.000000,1.000000,486593122881.000000,2441399.000000
638000,9,174416,0.800000,1.000000,0.719107,1.000000,0.000000,1,509121.000000,638000.000000,1.000000,486593122881.000000,2441399.000000
638000,10,174417,0.800000,1.000000,0.669692,1.000000,0.000000,0,0.000000,637996.000000,1.000000,486593122881.000000,2441399.000000
638000,11,174356,0.800000,1.000000,0.656092,1.000000,0.000000,0,0.000000,637217.000000,1.000000,486593122881.000000,2441399.000000
638000,12,174316,0.800000,1.000000,0.650750,1.000000,0.000000,0,0.000000,636947.000000,1.000000,486593122881.000000,2441399.000000
638000,13,174400,0.800000,1.000000,0.518423,1.000000,0.000000,0,0.000000,637940.000000,1.000000,486593122881.000000,2441399.000000
638000,14,174397,0.800000,1.000000,0.774037,1.000000,0.000000,0,0.000000,637734.000000,1.000000,486593122881.000000,2441399.000000
638000,15,174401,0.800000,1.000000,0.485379,1.000000,0.000000,0,0.000000,637829.000000,1.000000,486593122881.000000,2441399.000000
639000,0,174545,0.800000,1.000000,0.566935,1.000000,0.000000,0,0.000000,638096.000000,1.000000,487935600035.000000,1745725.000000
639000,1,174622,0.800000,1.000000,0.578480,1.000000,0.000000,0,0.000000,638649.000000,1.000000,487935600035.000000,1745725.000000
639000,2,174673,0.800000,1.000000,0.618543,1.000000,0.000000,0,0.000000,638599.000000,1.000000,487935600035.000000,1745725.000000
639000,3,174687,0.800000,1.000000,0.722043,1.000000,0.000000,0,0.000000,638996.000000,1.000000,487935600035.000000,1745725.000000
639000,4,174268,0.800000,1.000000,0.631043,1.000000,0.000000,0,0.000000,637411.000000,1.000000,487935600035.000000,1745725.000000
639000,5,174658,0.800000,1.000000,0.602672,1.000000,0.000000,0,0.000000,638817.000000,1.000000,487935600035.000000,1745725.000000
639000,6,174567,0.800000,1.000000,0.700426,1.000000,0.000000,0,0.000000,638526.000000,1.000000,487935600035.000000,1745725.000000
639000,7,174670,0.800000,1.000000,0.563332,1.000000,0.000000,0,0.000000,638450.000000,1.000000,487935600035.000000,1745725.000000
639000,8,174679,0.800000,1.000000,0.651094,1.000000,0.000000,0,0.000000,638841.000000,1.000000,487935600035.000000,1745725.000000
639000,9,174678,0.800000,1.000000,0.579218,1.000000,0.000000,0,0.000000,638820.000000,1.000000,487935600035.000000,1745725.000000
639000,10,174687,0.800000,1.000000,0.828375,1.000000,0.000000,1,517396.000000,639000.000000,1.000000,487935600035.000000,1745725.000000
639000,11,174687,0.800000,1.000000,0.708640,1.000000,0.000000,0,0.000000,638992.000000,1.000000,487935600035.000000,1745725.000000
639000,12,174615,0.800000,1.000000,0.518315,1.000000,0.000000,0,0.000000,636947.000000,1.000000,487935600035.000000,1745725.000000
639000,13,174687,0.800000,1.000000,0.562541,1.000000,0.000000,0,0.000000,638987.000000,1.000000,487935600035.000000,1745725.000000
639000,14,174687,0.800000,1.000000,0.655888,1.000000,0.000000,0,0.000000,638976.000000,1.000000,487935600035.000000,1745725.000000
639000,15,174685,0.800000,1.000000,0.551901,1.000000,0.000000,0,0.000000,638961.000000,1.000000,487935600035.000000,1745725.000000
640000,0,174931,0.800000,1.000000,0.536495,1.000000,0.000000,0,0.000000,638096.000000,1.000000,489347006505.000000,1049407.000000
640000,1,174811,0.800000,1.000000,0.609226,1.000000,0.000000,0,0.000000,638649.000000,1.000000,489347006505.000000,1049407.000000
640000,2,174954,0.800000,1.000000,0.617667,1.000000,0.000000,0,0.000000,639997.000000,1.000000,489347006505.000000,1049407.000000
640000,3,174954,0.800000,1.000000,0.619884,1.000000,0.000000,0,0.000000,639984.000000,1.000000,489347006505.000000,1049407.000000
640000,4,174461,0.800000,1.000000,0.699939,1.000000,0.000000,0,0.000000,637411.000000,1.000000,489347006505.000000,1049407.000000
640000,5,174954,0.800000,1.000000,0.775909,1.000000,0.000000,1,514440.000000,640000.000000,1.000000,489347006505.000000,1049407.000000
640000,6,174769,0.800000,1.000000,0.659671,1.000000,0.000000,0,0.000000,638526.000000,1.000000,489347006505.000000,1049407.000000
640000,7,174954,0.800000,1.000000,0.648115,1.000000,0.000000,0,0.000000,639998.000000,1.000000,489347006505.000000,1049407.000000
640000,8,174890,0.800000,1.000000,0.624849,1.000000,0.000000,0,0.000000,639652.000000,1.000000,489347006505.000000,1049407.000000
640000,9,174952,0.800000,1.000000,0.649136,1.000000,0.000000,0,0.000000,639941.000000,1.000000,489347006505.000000,1049407.000000
640000,10,174885,0.800000,1.000000,0.630793,1.000000,0.000000,0,0.000000,639392.000000,1.000000,489347006505.000000,1049407.000000
640000,11,174954,0.800000,1.000000,0.616569,1.000000,0.000000,0,0.000000,639999.000000,1.000000,489347006505.000000,1049407.000000
640000,12,174901,0.800000,1.000000,0.660855,1.000000,0.000000,0,0.000000,636947.000000,1.000000,489347006505.000000,1049407.000000
640000,13,174953,0.800000,1.000000,0.515400,1.000000,0.000000,0,0.000000,639953.000000,1.000000,489347006505.000000,1049407.000000
640000,14,174949,0.800000,1.000000,0.719637,1.000000,0.000000,0,0.000000,639957.000000,1.000000,489347006505.000000,1049407.000000
640000,15,174861,0.800000,1.000000,0.673687,1.000000,0.000000,0,0.000000,639284.000000,1.000000,489347006505.000000,1049407.000000
641000,0,175222,0.800000,1.000000,0.685212,1.000000,0.000000,0,0.000000,640941.000000,1.000000,490995447648.000000,1752239.000000
641000,1,175149,0.800000,1.000000,0.657617,1.000000,0.000000,0,0.000000,638649.000000,1.000000,490995447648.000000,1752239.000000
641000,2,175228,0.800000,1.000000,0.515394,1.000000,0.000000,0,0.000000,640948.000000,1.000000,490995447648.000000,1752239.000000
641000,3,175227,0.800000,1.000000,0.502778,1.000000,0.000000,0,0.000000,640979.000000,1.000000,490995447648.000000,1752239.000000
641000,4,174715,0.800000,1.000000,0.663065,1.000000,0.000000,0,0.000000,637411.000000,1.000000,490995447648.000000,1752239.000000
641000,5,175228,0.800000,1.000000,0.590463,1.000000,0.000000,1,515227.000000,641000.000000,1.000000,490995447648.000000,1752239.000000
641000,6,175146,0.800000,1.000000,0.658696,1.000000,0.000000,0,0.000000,638526.000000,1.000000,490995447648.000000,1752239.000000
641000,7,175229,0.800000,1.000000,0.664789,1.000000,0.000000,0,0.000000,640999.000000,1.000000,490995447648.000000,1752239.000000
641000,8,175225,0.800000,1.000000,0.688313,1.000000,0.000000,0,0.000000,640978.000000,1.000000,490995447648.000000,1752239.000000
641000,9,175229,0.800000,1.000000,0.763513,1.000000,0.000000,0,0.000000,640997.000000,1.000000,490995447648.000000,1752239.000000
641000,10,175212,0.800000,1.000000,0.649393,1.000000,0.000000,0,0.000000,640916.000000,1.000000,490995447648.000000,1752239.000000
641000,11,175229,0.800000,1.000000,0.668306,1.000000,0.000000,0,0.000000,640993.000000,1.000000,490995447648.000000,1752239.000000
641000,12,175228,0.800000,1.000000,0.621496,1.000000,0.000000,0,0.000000,640886.000000,1.000000,490995447648.000000,1752239.000000
641000,13,175223,0.800000,1.000000,0.639787,1.000000,0.000000,0,0.000000,640890.000000,1.000000,490995447648.000000,1752239.000000
641000,14,175204,0.800000,1.000000,0.735696,1.000000,0.000000,0,0.000000,640567.000000,1.000000,490995447648.000000,1752239.000000
641000,15,175148,0.800000,1.000000,0.584266,1.000000,0.000000,0,0.000000,639284.000000,1.000000,490995447648.000000,1752239.000000
642000,0,175499,0.800000,1.000000,0.582948,1.000000,0.000000,0,0.000000,641831.000000,1.000000,492604455047.000000,1403160.000000
642000,1,175469,0.800000,1.000000,0.706053,1.000000,0.000000,0,0.000000,638649.000000,1.000000,492604455047.000000,1403160.000000
642000,2,175504,0.800000,1.000000,0.722761,1.000000,0.000000,0,0.000000,641998.000000,1.000000,492604455047.000000,1403160.000000
642000,3,175503,0.800000,1.000000,0.593750,1.000000,0.000000,0,0.000000,641996.000000,1.000000,492604455047.000000,1403160.000000
642000,4,175098,0.800000,1.000000,0.759510,1.000000,0.000000,0,0.000000,637411.000000,1.000000,492604455047.000000,1403160.000000
642000,5,175475,0.800000,1.000000,0.511417,1.000000,0.000000,0,0.000000,641778.000000,1.000000,492604455047.000000,1403160.000000
642000,6,175491,0.800000,1.000000,0.569600,1.000000,0.000000,0,0.000000,641945.000000,1.000000,492604455047.000000,1403160.000000
642000,7,175504,0.800000,1.000000,0.753974,1.000000,0.000000,1,520645.000000,642000.000000,1.000000,492604455047.000000,1403160.000000
642000,8,175497,0.800000,1.000000,0.741842,1.000000,0.000000,0,0.000000,641964.000000,1.000000,492604455047.000000,1403160.000000
642000,9,175503,0.800000,1.000000,0.592149,1.000000,0.000000,0,0.000000,641982.000000,1.000000,492604455047.000000,1403160.000000
642000,10,175503,0.800000,1.000000,0.593242,1.000000,0.000000,0,0.000000,641992.000000,1.000000,492604455047.000000,1403160.000000
642000,11,175503,0.800000,1.000000,0.555261,1.000000,0.000000,0,0.000000,641994.000000,1.000000,492604455047.000000,1403160.000000
642000,12,175398,0.800000,1.000000,0.549261,1.000000,0.000000,0,0.000000,641475.000000,1.000000,492604455047.000000,1403160.000000
642000,13,175502,0.800000,1.000000,0.559361,1.000000,0.000000,0,0.000000,641663.000000,1.000000,492604455047.000000,1403160.000000
642000,14,175499,0.800000,1.000000,0.663013,1.000000,0.000000,0,0.000000,641905.000000,1.000000,492604455047.000000,1403160.000000
642000,15,175483,0.800000,1.000000,0.518340,1.000000,0.000000,0,0.000000,639284.000000,1.000000,492604455047.000000,1403160.000000
643000,0,175767,0.800000,1.000000,0.498821,1.000000,0.000000,0,0.000000,642965.000000,1.000000,494167626614.000000,351455.000000
643000,1,175740,0.800000,1.000000,0.660678,1.000000,0.000000,0,0.000000,642390.000000,1.000000,494167626614.000000,351455.000000
643000,2,175770,0.800000,1.000000,0.597859,1.000000,0.000000,0,0.000000,642985.000000,1.000000,494167626614.000000,351455.000000
643000,3,175772,0.800000,1.000000,0.661801,1.000000,0.000000,0,0.000000,642995.000000,1.000000,494167626614.000000,351455.000000
643000,4,175437,0.800000,1.000000,0.527525,1.000000,0.000000,0,0.000000,637411.000000,1.000000,494167626614.000000,351455.000000
643000,5,175772,0.800000,1.000000,0.675445,1.000000,0.000000,0,0.000000,642999.000000,1.000000,494167626614.000000,351455.000000
643000,6,175772,0.800000,1.000000,0.589837,1.000000,0.000000,1,538995.000000,643000.000000,1.000000,494167626614.000000,351455.000000
643000,7,175770,0.800000,1.000000,0.689001,1.000000,0.000000,0,0.000000,642581.000000,1.000000,494167626614.000000,351455.000000
643000,8,175773,0.800000,1.000000,0.640918,1.000000,0.000000,0,0.000000,642990.000000,1.000000,494167626614.000000,351455.000000
643000,9,175769,0.800000,1.000000,0.548745,1.000000,0.000000,0,0.000000,642904.000000,1.000000,494167626614.000000,351455.000000
643000,10,175730,0.800000,1.000000,0.743708,1.000000,0.000000,0,0.000000,642067.000000,1.000000,494167626614.000000,351455.000000
643000,11,175771,0.800000,1.000000,0.723970,1.000000,0.000000,0,0.000000,642825.000000,1.000000,494167626614.000000,351455.000000
643000,12,175773,0.800000,1.000000,0.694070,1.000000,0.000000,0,0.000000,642998.000000,1.000000,494167626614.000000,351455.000000
643000,13,175736,0.800000,1.000000,0.573535,1.000000,0.000000,0,0.000000,642386.000000,1.000000,494167626614.000000,351455.000000
643000,14,175758,0.800000,1.000000,0.685453,1.000000,0.000000,0,0.000000,642948.000000,1.000000,494167626614.000000,351455.000000
643000,15,175772,0.800000,1.000000,0.589105,1.000000,0.000000,0,0.000000,642960.000000,1.000000,494167626614.000000,351455.000000
644000,0,176018,0.800000,1.000000,0.665638,1.000000,0.000000,0,0.000000,643878.000000,1.000000,495743195539.000000,352095.000000
644000,1,176054,0.800000,1.000000,0.464183,1.000000,0.000000,0,0.000000,643982.000000,1.000000,495743195539.000000,352095.000000
644000,2,176041,0.800000,1.000000,0.513501,1.000000,0.000000,0,0.000000,643666.000000,1.000000,495743195539.000000,352095.000000
644000,3,176055,0.800000,1.000000,0.782765,1.000000,0.000000,0,0.000000,643999.000000,1.000000,495743195539.000000,352095.000000
644000,4,175704,0.800000,1.000000,0.643670,1.000000,0.000000,0,0.000000,637411.000000,1.000000,495743195539.000000,352095.000000
644000,5,176056,0.800000,1.000000,0.569106,1.000000,0.000000,0,0.000000,643984.000000,1.000000,495743195539.000000,352095.000000
644000,6,175972,0.800000,1.000000,0.597192,1.000000,0.000000,0,0.000000,643684.000000,1.000000,495743195539.000000,352095.000000
644000,7,176055,0.800000,1.000000,0.746020,1.000000,0.000000,0,0.000000,643994.000000,1.000000,495743195539.000000,352095.000000
644000,8,176049,0.800000,1.000000,0.644191,1.000000,0.000000,0,0.000000,643159.000000,1.000000,495743195539.000000,352095.000000
644000,9,176048,0.800000,1.000000,0.683581,1.000000,0.000000,0,0.000000,643373.000000,1.000000,495743195539.000000,352095.000000
644000,10,176056,0.800000,1.000000,0.711160,1.000000,0.000000,0,0.000000,643997.000000,1.000000,495743195539.000000,352095.000000
644000,11,176054,0.800000,1.000000,0.691473,1.000000,0.000000,0,0.000000,643993.000000,1.000000,495743195539.000000,352095.000000
644000,12,176055,0.800000,1.000000,0.692080,1.000000,0.000000,0,0.000000,643972.000000,1.000000,495743195539.000000,352095.000000
644000,13,176056,0.800000,1.000000,0.663902,1.000000,0.000000,1,512975.000000,644000.000000,1.000000,495743195539.000000,352095.000000
644000,14,176033,0.800000,1.000000,0.627245,1.000000,0.000000,0,0.000000,643917.000000,1.000000,495743195539.000000,352095.000000
644000,15,176055,0.800000,1.000000,0.710874,1.000000,0.000000,0,0.000000,643990.000000,1.000000,495743195539.000000,352095.000000
645000,0,176277,0.800000,1.000000,0.627746,1.000000,0.000000,0,0.000000,644978.000000,1.000000,496842248757.000000,1057559.000000
645000,1,176281,0.800000,1.000000,0.542313,1.000000,0.000000,0,0.000000,644999.000000,1.000000,496842248757.000000,1057559.000000
645000,2,176278,0.800000,1.000000,0.588774,1.000000,0.000000,0,0.000000,644983.000000,1.000000,496842248757.000000,1057559.000000
645000,3,176282,0.800000,1.000000,0.552727,1.000000,0.000000,1,518351.000000,645000.000000,1.000000,496842248757.000000,1057559.000000
645000,4,175998,0.800000,1.000000,0.662755,1.000000,0.000000,0,0.000000,637411.000000,1.000000,496842248757.000000,1057559.000000
645000,5,176280,0.800000,1.000000,0.538984,1.000000,0.000000,0,0.000000,644991.000000,1.000000,496842248757.000000,1057559.000000
645000,6,175972,0.800000,1.000000,0.597192,1.000000,0.000000,0,0.000000,643684.000000,1.000000,496842248757.000000,1057559.000000
645000,7,176281,0.800000,1.000000,0.587993,1.000000,0.000000,0,0.000000,644995.000000,1.000000,496842248757.000000,1057559.000000
645000,8,176262,0.800000,1.000000,0.655730,1.000000,0.000000,0,0.000000,644474.000000,1.000000,496842248757.000000,1057559.000000
645000,9,176283,0.800000,1.000000,0.624919,1.000000,0.000000,0,0.000000,644998.000000,1.000000,496842248757.000000,1057559.000000
645000,10,176263,0.800000,1.000000,0.569844,1.000000,0.000000,0,0.000000,644227.000000,1.000000,496842248757.000000,1057559.000000
645000,11,176282,0.800000,1.000000,0.657762,1.000000,0.000000,0,0.000000,644994.000000,1.000000,496842248757.000000,1057559.000000
645000,12,176233,0.800000,1.000000,0.590981,1.000000,0.000000,0,0.000000,644777.000000,1.000000,496842248757.000000,1057559.000000
645000,13,176235,0.800000,1.000000,0.645383,1.000000,0.000000,0,0.000000,644582.000000,1.000000,496842248757.000000,1057559.000000
645000,14,176033,0.800000,1.000000,0.627245,1.000000,0.000000,0,0.000000,643917.000000,1.000000,496842248757.000000,1057559.000000
645000,15,176241,0.800000,1.000000,0.683192,1.000000,0.000000,0,0.000000,643990.000000,1.000000,496842248757.000000,1057559.000000
646000,0,176562,0.800000,1.000000,0.731689,1.000000,0.000000,0,0.000000,645980.000000,1.000000,498397512572.000000,706260.000000
646000,1,176543,0.800000,1.000000,0.684736,1.000000,0.000000,0,0.000000,645232.000000,1.000000,498397512572.000000,706260.000000
646000,2,176565,0.800000,1.000000,0.719164,1.000000,0.000000,1,535886.000000,646000.000000,1.000000,498397512572.000000,706260.000000
646000,3,176563,0.800000,1.000000,0.688625,1.000000,0.000000,0,0.000000,645997.000000,1.000000,498397512572.000000,706260.000000
646000,4,176277,0.800000,1.000000,0.632760,1.000000,0.000000,0,0.000000,637411.000000,1.000000,498397512572.000000,706260.000000
646000,5,176563,0.800000,1.000000,0.677576,1.000000,0.000000,0,0.000000,645991.000000,1.000000,498397512572.000000,706260.000000
646000,6,176026,0.800000,1.000000,0.729136,1.000000,0.000000,0,0.000000,643684.000000,1.000000,498397512572.000000,706260.000000
646000,7,176565,0.800000,1.000000,0.704304,1.000000,0.000000,0,0.000000,645998.000000,1.000000,498397512572.000000,706260.000000
646000,8,176565,0.800000,1.000000,0.600476,1.000000,0.000000,0,0.000000,645993.000000,1.000000,498397512572.000000,706260.000000
646000,9,176565,0.800000,1.000000,0.702581,1.000000,0.000000,0,0.000000,645999.000000,1.000000,498397512572.000000,706260.000000
646000,10,176549,0.800000,1.000000,0.498873,1.000000,0.000000,0,0.000000,645924.000000,1.000000,498397512572.000000,706260.000000
646000,11,176566,0.800000,1.000000,0.638229,1.000000,0.000000,0,0.000000,645962.000000,1.000000,498397512572.000000,706260.000000
646000,12,176526,0.800000,1.000000,0.519041,1.000000,0.000000,0,0.000000,644777.000000,1.000000,498397512572.000000,706260.000000
646000,13,176547,0.800000,1.000000,0.593647,1.000000,0.000000,0,0.000000,645775.000000,1.000000,498397512572.000000,706260.000000
646000,14,176345,0.800000,1.000000,0.693275,1.000000,0.000000,0,0.000000,643917.000000,1.000000,498397512572.000000,706260.000000
646000,15,176563,0.800000,1.000000,0.683943,1.000000,0.000000,0,0.000000,645530.000000,1.000000,498397512572.000000,706260.000000
647000,0,176781,0.800000,1.000000,0.683512,1.000000,0.000000,0,0.000000,646870.000000,1.000000,499731097045.000000,1767793.000000
647000,1,176804,0.800000,1.000000,0.721753,1.000000,0.000000,0,0.000000,646994.000000,1.000000,499731097045.000000,1767793.000000
647000,2,176803,0.800000,1.000000,0.626794,1.000000,0.000000,0,0.000000,646931.000000,1.000000,499731097045.000000,1767793.000000
647000,3,176803,0.800000,1.000000,0.516872,1.000000,0.000000,0,0.000000,646975.000000,1.000000,499731097045.000000,1767793.000000
647000,4,176616,0.800000,1.000000,0.557573,1.000000,0.000000,0,0.000000,637411.000000,1.000000,499731097045.000000,1767793.000000
647000,5,176806,0.800000,1.000000,0.716763,1.000000,0.000000,0,0.000000,646999.000000,1.000000,499731097045.000000,1767793.000000
647000,6,176065,0.800000,1.000000,0.594211,1.000000,0.000000,0,0.000000,643684.000000,1.000000,499731097045.000000,1767793.000000
647000,7,176805,0.800000,1.000000,0.615658,1.000000,0.000000,0,0.000000,646997.000000,1.000000,499731097045.000000,1767793.000000
647000,8,176749,0.800000,1.000000,0.642178,1.000000,0.000000,0,0.000000,645993.000000,1.000000,499731097045.000000,1767793.000000
647000,9,176804,0.800000,1.000000,0.658052,1.000000,0.000000,0,0.000000,646946.000000,1.000000,499731097045.000000,1767793.000000
647000,10,176801,0.800000,1.000000,0.477518,1.000000,0.000000,0,0.000000,646849.000000,1.000000,499731097045.000000,1767793.000000
647000,11,176806,0.800000,1.000000,0.544940,1.000000,0.000000,0,0.000000,646998.000000,1.000000,499731097045.000000,1767793.000000
647000,12,176806,0.800000,1.000000,0.573280,1.000000,0.000000,1,516462.000000,647000.000000,1.000000,499731097045.000000,1767793.000000
647000,13,176788,0.800000,1.000000,0.665869,1.000000,0.000000,0,0.000000,645775.000000,1.000000,499731097045.000000,1767793.000000
647000,14,176693,0.800000,1.000000,0.643287,1.000000,0.000000,0,0.000000,643917.000000,1.000000,499731097045.000000,1767793.000000
647000,15,176735,0.800000,1.000000,0.749521,1.000000,0.000000,0,0.000000,645530.000000,1.000000,499731097045.000000,1767793.000000
648000,0,177053,0.800000,1.000000,0.700471,1.000000,0.000000,0,0.000000,646870.000000,1.000000,501298725041.000000,1415086.000000
648000,1,177057,0.800000,1.000000,0.680324,1.000000,0.000000,0,0.000000,647987.000000,1.000000,501298725041.000000,1415086.000000
648000,2,177062,0.800000,1.000000,0.776512,1.000000,0.000000,0,0.000000,647997.000000,1.000000,501298725041.000000,1415086.000000
648000,3,177059,0.800000,1.000000,0.672468,1.000000,0.000000,0,0.000000,647991.000000,1.000000,501298725041.000000,1415086.000000
648000,4,176952,0.800000,1.000000,0.697408,1.000000,0.000000,0,0.000000,637411.000000,1.000000,501298725041.000000,1415086.000000
648000,5,177061,0.800000,1.000000,0.700967,1.000000,0.000000,0,0.000000,647999.000000,1.000000,501298725041.000000,1415086.000000
648000,6,176413,0.800000,1.000000,0.715239,1.000000,0.000000,0,0.000000,643684.000000,1.000000,501298725041.000000,1415086.000000
648000,7,177062,0.800000,1.000000,0.632020,1.000000,0.000000,1,525213.000000,648000.000000,1.000000,501298725041.000000,1415086.000000
648000,8,177017,0.800000,1.000000,0.655014,1.000000,0.000000,0,0.000000,647680.000000,1.000000,501298725041.000000,1415086.000000
648000,9,177042,0.800000,1.000000,0.649914,1.000000,0.000000,0,0.000000,647770.000000,1.000000,501298725041.000000,1415086.000000
648000,10,177056,0.800000,1.000000,0.581149,1.000000,0.000000,0,0.000000,647869.000000,1.000000,501298725041.000000,1415086.000000
648000,11,177045,0.800000,1.000000,0.588782,1.000000,0.000000,0,0.000000,647769.000000,1.000000,501298725041.000000,1415086.000000
648000,12,177052,0.800000,1.000000,0.582583,1.000000,0.000000,0,0.000000,647919.000000,1.000000,501298725041.000000,1415086.000000
648000,13,177057,0.800000,1.000000,0.613369,1.000000,0.000000,0,0.000000,647898.000000,1.000000,501298725041.000000,1415086.000000
648000,14,177062,0.800000,1.000000,0.727771,1.000000,0.000000,0,0.000000,647998.000000,1.000000,501298725041.000000,1415086.000000
648000,15,177047,0.800000,1.000000,0.568496,1.000000,0.000000,0,0.000000,645530.000000,1.000000,501298725041.000000,1415086.000000
649000,0,177322,0.800000,1.000000,0.490624,1.000000,0.000000,0,0.000000,648616.000000,1.000000,502964901894.000000,-354691.000000
649000,1,177342,0.800000,1.000000,0.655047,1.000000,0.000000,0,0.000000,648966.000000,1.000000,502964901894.000000,-354691.000000
649000,2,177345,0.800000,1.000000,0.625523,1.000000,0.000000,0,0.000000,648992.000000,1.000000,502964901894.000000,-354691.000000
649000,3,177322,0.800000,1.000000,0.730058,1.000000,0.000000,0,0.000000,648726.000000,1.000000,502964901894.000000,-354691.000000
649000,4,177300,0.800000,1.000000,0.665612,1.000000,0.000000,0,0.000000,648773.000000,1.000000,502964901894.000000,-354691.000000
649000,5,177345,0.800000,1.000000,0.747565,1.000000,0.000000,0,0.000000,648993.000000,1.000000,502964901894.000000,-354691.000000
649000,6,176807,0.800000,1.000000,0.604169,1.000000,0.000000,0,0.000000,643684.000000,1.000000,502964901894.000000,-354691.000000
649000,7,177333,0.800000,1.000000,0.683098,1.000000,0.000000,0,0.000000,648659.000000,1.000000,502964901894.000000,-354691.000000
649000,8,177343,0.800000,1.000000,0.716395,1.000000,0.000000,0,0.000000,648983.000000,1.000000,502964901894.000000,-354691.000000
649000,9,177345,0.800000,1.000000,0.678468,1.000000,0.000000,0,0.000000,648999.000000,1.000000,502964901894.000000,-354691.000000
649000,10,177345,0.800000,1.000000,0.697502,1.000000,0.000000,1,525622.000000,649000.000000,1.000000,502964901894.000000,-354691.000000
649000,11,177343,0.800000,1.000000,0.603053,1.000000,0.000000,0,0.000000,648987.000000,1.000000,502964901894.000000,-354691.000000
649000,12,177319,0.800000,1.000000,0.661480,1.000000,0.000000,0,0.000000,648838.000000,1.000000,502964901894.000000,-354691.000000
649000,13,177320,0.800000,1.000000,0.561190,1.000000,0.000000,0,0.000000,648866.000000,1.000000,502964901894.000000,-354691.000000
649000,14,177341,0.800000,1.000000,0.780365,1.000000,0.000000,0,0.000000,648975.000000,1.000000,502964901894.000000,-354691.000000
649000,15,177328,0.800000,1.000000,0.693665,1.000000,0.000000,0,0.000000,648933.000000,1.000000,502964901894.000000,-354691.000000
650000,0,177614,0.800000,1.000000,0.645307,1.000000,0.000000,1,521664.000000,650000.000000,1.000000,504449256833.000000,1776095.000000
650000,1,177615,0.800000,1.000000,0.683162,1.000000,0.000000,0,0.000000,649997.000000,1.000000,504449256833.000000,1776095.000000
650000,2,177614,0.800000,1.000000,0.637254,1.000000,0.000000,0,0.000000,649999.000000,1.000000,504449256833.000000,1776095.000000
650000,3,177590,0.800000,1.000000,0.487053,1.000000,0.000000,0,0.000000,649864.000000,1.000000,504449256833.000000,1776095.000000
650000,4,177559,0.800000,1.000000,0.537655,1.000000,0.000000,0,0.000000,648773.000000,1.000000,504449256833.000000,1776095.000000
650000,5,177615,0.800000,1.000000,0.625004,1.000000,0.000000,0,0.000000,649989.000000,1.000000,504449256833.000000,1776095.000000
650000,6,177108,0.800000,1.000000,0.599840,1.000000,0.000000,0,0.000000,643684.000000,1.000000,504449256833.000000,1776095.000000
650000,7,177615,0.800000,1.000000,0.671043,1.000000,0.000000,0,0.000000,649995.000000,1.000000,504449256833.000000,1776095.000000
650000,8,177571,0.800000,1.000000,0.573951,1.000000,0.000000,0,0.000000,649844.000000,1.000000,504449256833.000000,1776095.000000
650000,9,177540,0.800000,1.000000,0.542135,1.000000,0.000000,0,0.000000,649620.000000,1.000000,504449256833.000000,1776095.000000
650000,10,177591,0.800000,1.000000,0.490297,1.000000,0.000000,0,0.000000,649799.000000,1.000000,504449256833.000000,1776095.000000
650000,11,177526,0.800000,1.000000,0.622638,1.000000,0.000000,0,0.000000,649083.000000,1.000000,504449256833.000000,1776095.000000
650000,12,177597,0.800000,1.000000,0.769588,1.000000,0.000000,0,0.000000,648838.000000,1.000000,504449256833.000000,1776095.000000
650000,13,177605,0.800000,1.000000,0.630711,1.000000,0.000000,0,0.000000,649968.000000,1.000000,504449256833.000000,1776095.000000
650000,14,177608,0.800000,1.000000,0.670441,1.000000,0.000000,0,0.000000,648975.000000,1.000000,504449256833.000000,1776095.000000
650000,15,177615,0.800000,1.000000,0.668202,1.000000,0.000000,0,0.000000,649998.000000,1.000000,504449256833.000000,1776095.000000
651000,0,177887,0.800000,1.000000,0.713150,1.000000,0.000000,0,0.000000,650999.000000,1.000000,506100804530.000000,1067247.000000
651000,1,177887,0.800000,1.000000,0.616580,1.000000,0.000000,0,0.000000,650990.000000,1.000000,506100804530.000000,1067247.000000
651000,2,177867,0.800000,1.000000,0.632056,1.000000,0.000000,0,0.000000,650800.000000,1.000000,506100804530.000000,1067247.000000
651000,3,177888,0.800000,1.000000,0.782045,1.000000,0.000000,0,0.000000,650998.000000,1.000000,506100804530.000000,1067247.000000
651000,4,177887,0.800000,1.000000,0.669762,1.000000,0.000000,0,0.000000,650989.000000,1.000000,506100804530.000000,1067247.000000
651000,5,177875,0.800000,1.000000,0.768988,1.000000,0.000000,0,0.000000,650078.000000,1.000000,506100804530.000000,1067247.000000
651000,6,177451,0.800000,1.000000,0.639556,1.000000,0.000000,0,0.000000,643684.000000,1.000000,506100804530.000000,1067247.000000
651000,7,177886,0.800000,1.000000,0.607036,1.000000,0.000000,0,0.000000,650993.000000,1.000000,506100804530.000000,1067247.000000
651000,8,177858,0.800000,1.000000,0.623955,1.000000,0.000000,0,0.000000,649844.000000,1.000000,506100804530.000000,1067247.000000
651000,9,177888,0.800000,1.000000,0.680293,1.000000,0.000000,0,0.000000,650992.000000,1.000000,506100804530.000000,1067247.000000
651000,10,177887,0.800000,1.000000,0.627453,1.000000,0.000000,0,0.000000,650944.000000,1.000000,506100804530.000000,1067247.000000
651000,11,177887,0.800000,1.000000,0.622245,1.000000,0.000000,0,0.000000,650997.000000,1.000000,506100804530.000000,1067247.000000
651000,12,177857,0.800000,1.000000,0.778409,1.000000,0.000000,0,0.000000,650890.000000,1.000000,506100804530.000000,1067247.000000
651000,13,177877,0.800000,1.000000,0.598365,1.000000,0.000000,0,0.000000,650945.000000,1.000000,506100804530.000000,1067247.000000
651000,14,177860,0.800000,1.000000,0.651165,1.000000,0.000000,0,0.000000,650874.000000,1.000000,506100804530.000000,1067247.000000
651000,15,177888,0.800000,1.000000,0.699907,1.000000,0.000000,1,533032.000000,651000.000000,1.000000,506100804530.000000,1067247.000000
652000,0,178172,0.800000,1.000000,0.714140,1.000000,0.000000,0,0.000000,651956.000000,1.000000,507717678966.000000,1068893.000000
652000,1,178155,0.800000,1.000000,0.632629,1.000000,0.000000,0,0.000000,651471.000000,1.000000,507717678966.000000,1068893.000000
652000,2,178173,0.800000,1.000000,0.729554,1.000000,0.000000,0,0.000000,651999.000000,1.000000,507717678966.000000,1068893.000000
652000,3,178173,0.800000,1.000000,0.621468,1.000000,0.000000,0,0.000000,651989.000000,1.000000,507717678966.000000,1068893.000000
652000,4,178143,0.800000,1.000000,0.626144,1.000000,0.000000,0,0.000000,651732.000000,1.000000,507717678966.000000,1068893.000000
652000,5,178127,0.800000,1.000000,0.495475,1.000000,0.000000,0,0.000000,651594.000000,1.000000,507717678966.000000,1068893.000000
652000,6,177762,0.800000,1.000000,0.683998,1.000000,0.000000,0,0.000000,643684.000000,1.000000,507717678966.000000,1068893.000000
652000,7,178156,0.800000,1.000000,0.719183,1.000000,0.000000,0,0.000000,651396.000000,1.000000,507717678966.000000,1068893.000000
652000,8,178169,0.800000,1.000000,0.671607,1.000000,0.000000,0,0.000000,651864.000000,1.000000,507717678966.000000,1068893.000000
652000,9,178171,0.800000,1.000000,0.573174,1.000000,0.000000,0,0.000000,651566.000000,1.000000,507717678966.000000,1068893.000000
652000,10,178140,0.800000,1.000000,0.597257,1.000000,0.000000,0,0.000000,651754.000000,1.000000,507717678966.000000,1068893.000000
652000,11,178149,0.800000,1.000000,0.716010,1.000000,0.000000,0,0.000000,651664.000000,1.000000,507717678966.000000,1068893.000000
652000,12,178174,0.800000,1.000000,0.694173,1.000000,0.000000,0,0.000000,651996.000000,1.000000,507717678966.000000,1068893.000000
652000,13,178169,0.800000,1.000000,0.652180,1.000000,0.000000,0,0.000000,651974.000000,1.000000,507717678966.000000,1068893.000000
652000,14,178165,0.800000,1.000000,0.626637,1.000000,0.000000,0,0.000000,651946.000000,1.000000,507717678966.000000,1068893.000000
652000,15,178174,0.800000,1.000000,0.694795,1.000000,0.000000,1,533830.000000,652000.000000,1.000000,507717678966.000000,1068893.000000
653000,0,178462,0.800000,1.000000,0.631981,1.000000,0.000000,0,0.000000,652700.000000,1.000000,509483093445.000000,1070075.000000
653000,1,178473,0.800000,1.000000,0.827389,1.000000,0.000000,0,0.000000,652997.000000,1.000000,509483093445.000000,1070075.000000
653000,2,178469,0.800000,1.000000,0.578508,1.000000,0.000000,0,0.000000,652976.000000,1.000000,509483093445.000000,1070075.000000
653000,3,178473,0.800000,1.000000,0.570735,1.000000,0.000000,0,0.000000,652954.000000,1.000000,509483093445.000000,1070075.000000
653000,4,178470,0.800000,1.000000,0.558324,1.000000,0.000000,0,0.000000,652782.000000,1.000000,509483093445.000000,1070075.000000
653000,5,178474,0.800000,1.000000,0.676977,1.000000,0.000000,1,524226.000000,653000.000000,1.000000,509483093445.000000,1070075.000000
653000,6,178092,0.800000,1.000000,0.583071,1.000000,0.000000,0,0.000000,643684.000000,1.000000,509483093445.000000,1070075.000000
653000,7,178474,0.800000,1.000000,0.594327,1.000000,0.000000,0,0.000000,652999.000000,1.000000,509483093445.000000,1070075.000000
653000,8,178468,0.800000,1.000000,0.601289,1.000000,0.000000,0,0.000000,652857.000000,1.000000,509483093445.000000,1070075.000000
653000,9,178474,0.800000,1.000000,0.552836,1.000000,0.000000,0,0.000000,652987.000000,1.000000,509483093445.000000,1070075.000000
653000,10,178436,0.800000,1.000000,0.625351,1.000000,0.000000,0,0.000000,652832.000000,1.000000,509483093445.000000,1070075.000000
653000,11,178474,0.800000,1.000000,0.642087,1.000000,0.000000,0,0.000000,652952.000000,1.000000,509483093445.000000,1070075.000000
653000,12,178475,0.800000,1.000000,0.557692,1.000000,0.000000,0,0.000000,652998.000000,1.000000,509483093445.000000,1070075.000000
653000,13,178472,0.800000,1.000000,0.676415,1.000000,0.000000,0,0.000000,652887.000000,1.000000,509483093445.000000,1070075.000000
653000,14,178468,0.800000,1.000000,0.563017,1.000000,0.000000,0,0.000000,652963.000000,1.000000,509483093445.000000,1070075.000000
653000,15,178469,0.800000,1.000000,0.679166,1.000000,0.000000,0,0.000000,652899.000000,1.000000,509483093445.000000,1070075.000000
654000,0,178747,0.800000,1.000000,0.750946,1.000000,0.000000,0,0.000000,653998.000000,1.000000,510967780704.000000,1787453.000000
654000,1,178523,0.800000,1.000000,0.617810,1.000000,0.000000,0,0.000000,653106.000000,1.000000,510967780704.000000,1787453.000000
654000,2,178748,0.800000,1.000000,0.711471,1.000000,0.000000,0,0.000000,653999.000000,1.000000,510967780704.000000,1787453.000000
654000,3,178735,0.800000,1.000000,0.552005,1.000000,0.000000,0,0.000000,653939.000000,1.000000,510967780704.000000,1787453.000000
654000,4,178739,0.800000,1.000000,0.597805,1.000000,0.000000,0,0.000000,653968.000000,1.000000,510967780704.000000,1787453.000000
654000,5,178747,0.800000,1.000000,0.633197,1.000000,0.000000,0,0.000000,653997.000000,1.000000,510967780704.000000,1787453.000000
654000,6,178396,0.800000,1.000000,0.540851,1.000000,0.000000,0,0.000000,643684.000000,1.000000,510967780704.000000,1787453.000000
654000,7,178697,0.800000,1.000000,0.615470,1.000000,0.000000,0,0.000000,653819.000000,1.000000,510967780704.000000,1787453.000000
654000,8,178747,0.800000,1.000000,0.635275,1.000000,0.000000,0,0.000000,653980.000000,1.000000,510967780704.000000,1787453.000000
654000,9,178747,0.800000,1.000000,0.612398,1.000000,0.000000,0,0.000000,653986.000000,1.000000,510967780704.000000,1787453.000000
654000,10,178747,0.800000,1.000000,0.685386,1.000000,0.000000,0,0.000000,653992.000000,1.000000,510967780704.000000,1787453.000000
654000,11,178745,0.800000,1.000000,0.708264,1.000000,0.000000,0,0.000000,653988.000000,1.000000,510967780704.000000,1787453.000000
654000,12,178748,0.800000,1.000000,0.682626,1.000000,0.000000,1,522179.000000,654000.000000,1.000000,510967780704.000000,1787453.000000
654000,13,178741,0.800000,1.000000,0.619025,1.000000,0.000000,0,0.000000,653884.000000,1.000000,510967780704.000000,1787453.000000
654000,14,178746,0.800000,1.000000,0.528881,1.000000,0.000000,0,0.000000,653873.000000,1.000000,510967780704.000000,1787453.000000
654000,15,178727,0.800000,1.000000,0.570238,1.000000,0.000000,0,0.000000,653897.000000,1.000000,510967780704.000000,1787453.000000
655000,0,179022,0.800000,1.000000,0.533829,1.000000,0.000000,0,0.000000,654981.000000,1.000000,512481229463.000000,2148264.000000
655000,1,178523,0.800000,1.000000,0.617810,1.000000,0.000000,0,0.000000,653106.000000,1.000000,512481229463.000000,2148264.000000
655000,2,179018,0.800000,1.000000,0.489834,1.000000,0.000000,0,0.000000,654968.000000,1.000000,512481229463.000000,2148264.000000
655000,3,179022,0.800000,1.000000,0.631835,1.000000,0.000000,0,0.000000,654955.000000,1.000000,512481229463.000000,2148264.000000
655000,4,179024,0.800000,1.000000,0.711341,1.000000,0.000000,0,0.000000,654999.000000,1.000000,512481229463.000000,2148264.000000
655000,5,179012,0.800000,1.000000,0.603116,1.000000,0.000000,0,0.000000,654596.000000,1.000000,512481229463.000000,2148264.000000
655000,6,178759,0.800000,1.000000,0.607107,1.000000,0.000000,0,0.000000,643684.000000,1.000000,512481229463.000000,2148264.000000
655000,7,178976,0.800000,1.000000,0.594177,1.000000,0.000000,0,0.000000,653819.000000,1.000000,512481229463.000000,2148264.000000
655000,8,179023,0.800000,1.000000,0.690227,1.000000,0.000000,0,0.000000,654957.000000,1.000000,512481229463.000000,2148264.000000
655000,9,179024,0.800000,1.000000,0.773098,1.000000,0.000000,0,0.000000,654997.000000,1.000000,512481229463.000000,2148264.000000
655000,10,179012,0.800000,1.000000,0.647182,1.000000,0.000000,0,0.000000,654296.000000,1.000000,512481229463.000000,2148264.000000
655000,11,179020,0.800000,1.000000,0.549543,1.000000,0.000000,0,0.000000,654900.000000,1.000000,512481229463.000000,2148264.000000
655000,12,179008,0.800000,1.000000,0.540080,1.000000,0.000000,0,0.000000,654855.000000,1.000000,512481229463.000000,2148264.000000
655000,13,179024,0.800000,1.000000,0.775084,1.000000,0.000000,1,522334.000000,655000.000000,1.000000,512481229463.000000,2148264.000000
655000,14,179020,0.800000,1.000000,0.536623,1.000000,0.000000,0,0.000000,654927.000000,1.000000,512481229463.000000,2148264.000000
655000,15,179024,0.800000,1.000000,0.714777,1.000000,0.000000,0,0.000000,654994.000000,1.000000,512481229463.000000,2148264.000000
656000,0,179299,0.800000,1.000000,0.631855,1.000000,0.000000,0,0.000000,655996.000000,1.000000,514038785039.000000,1433158.000000
656000,1,178708,0.800000,1.000000,0.626547,1.000000,0.000000,0,0.000000,653106.000000,1.000000,514038785039.000000,1433158.000000
656000,2,179300,0.800000,1.000000,0.555970,1.000000,0.000000,0,0.000000,655986.000000,1.000000,514038785039.000000,1433158.000000
656000,3,179243,0.800000,1.000000,0.574460,1.000000,0.000000,0,0.000000,655382.000000,1.000000,514038785039.000000,1433158.000000
656000,4,179300,0.800000,1.000000,0.696113,1.000000,0.000000,0,0.000000,655957.000000,1.000000,514038785039.000000,1433158.000000
656000,5,179268,0.800000,1.000000,0.767241,1.000000,0.000000,0,0.000000,655868.000000,1.000000,514038785039.000000,1433158.000000
656000,6,179125,0.800000,1.000000,0.598404,1.000000,0.000000,0,0.000000,643684.000000,1.000000,514038785039.000000,1433158.000000
656000,7,179270,0.800000,1.000000,0.572139,1.000000,0.000000,0,0.000000,653819.000000,1.000000,514038785039.000000,1433158.000000
656000,8,179300,0.800000,1.000000,0.706721,1.000000,0.000000,0,0.000000,655998.000000,1.000000,514038785039.000000,1433158.000000
656000,9,179276,0.800000,1.000000,0.638400,1.000000,0.000000,0,0.000000,655763.000000,1.000000,514038785039.000000,1433158.000000
656000,10,179301,0.800000,1.000000,0.640799,1.000000,0.000000,0,0.000000,655999.000000,1.000000,514038785039.000000,1433158.000000
656000,11,179297,0.800000,1.000000,0.485154,1.000000,0.000000,0,0.000000,655895.000000,1.000000,514038785039.000000,1433158.000000
656000,12,179301,0.800000,1.000000,0.658722,1.000000,0.000000,0,0.000000,655995.000000,1.000000,514038785039.000000,1433158.000000
656000,13,179298,0.800000,1.000000,0.650369,1.000000,0.000000,0,0.000000,655943.000000,1.000000,514038785039.000000,1433158.000000
656000,14,179272,0.800000,1.000000,0.580323,1.000000,0.000000,0,0.000000,655374.000000,1.000000,514038785039.000000,1433158.000000
656000,15,179301,0.800000,1.000000,0.630312,1.000000,0.000000,1,537031.000000,656000.000000,1.000000,514038785039.000000,1433158.000000
657000,0,179572,0.800000,1.000000,0.585304,1.000000,0.000000,0,0.000000,656920.000000,1.000000,515666479020.000000,1795285.000000
657000,1,179037,0.800000,1.000000,0.652949,1.000000,0.000000,0,0.000000,653106.000000,1.000000,515666479020.000000,1795285.000000
657000,2,179578,0.800000,1.000000,0.750110,1.000000,0.000000,0,0.000000,656999.000000,1.000000,515666479020.000000,1795285.000000
657000,3,179575,0.800000,1.000000,0.569301,1.000000,0.000000,0,0.000000,656984.000000,1.000000,515666479020.000000,1795285.000000
657000,4,179578,0.800000,1.000000,0.609195,1.000000,0.000000,0,0.000000,656980.000000,1.000000,515666479020.000000,1795285.000000
657000,5,179576,0.800000,1.000000,0.706224,1.000000,0.000000,0,0.000000,656990.000000,1.000000,515666479020.000000,1795285.000000
657000,6,179340,0.800000,1.000000,0.566940,1.000000,0.000000,0,0.000000,643684.000000,1.000000,515666479020.000000,1795285.000000
657000,7,179576,0.800000,1.000000,0.651657,1.000000,0.000000,0,0.000000,656988.000000,1.000000,515666479020.000000,1795285.000000
657000,8,179572,0.800000,1.000000,0.569496,1.000000,0.000000,0,0.000000,656655.000000,1.000000,515666479020.000000,1795285.000000
657000,9,179578,0.800000,1.000000,0.680984,1.000000,0.000000,1,523332.000000,657000.000000,1.000000,515666479020.000000,1795285.000000
657000,10,179573,0.800000,1.000000,0.660698,1.000000,0.000000,0,0.000000,656945.000000,1.000000,515666479020.000000,1795285.000000
657000,11,179575,0.800000,1.000000,0.558130,1.000000,0.000000,0,0.000000,656970.000000,1.000000,515666479020.000000,1795285.000000
657000,12,179574,0.800000,1.000000,0.722226,1.000000,0.000000,0,0.000000,656866.000000,1.000000,515666479020.000000,1795285.000000
657000,13,179546,0.800000,1.000000,0.669672,1.000000,0.000000,0,0.000000,656877.000000,1.000000,515666479020.000000,1795285.000000
657000,14,179568,0.800000,1.000000,0.553655,1.000000,0.000000,0,0.000000,656957.000000,1.000000,515666479020.000000,1795285.000000
657000,15,179578,0.800000,1.000000,0.522456,1.000000,0.000000,0,0.000000,656995.000000,1.000000,515666479020.000000,1795285.000000
658000,0,179846,0.800000,1.000000,0.554572,1.000000,0.000000,0,0.000000,657984.000000,1.000000,517278337668.000000,2516899.000000
658000,1,179382,0.800000,1.000000,0.779318,1.000000,0.000000,0,0.000000,653106.000000,1.000000,517278337668.000000,2516899.000000
658000,2,179848,0.800000,1.000000,0.720954,1.000000,0.000000,1,544490.000000,658000.000000,1.000000,517278337668.000000,2516899.000000
658000,3,179843,0.800000,1.000000,0.526617,1.000000,0.000000,0,0.000000,657724.000000,1.000000,517278337668.000000,2516899.000000
658000,4,179842,0.800000,1.000000,0.637250,1.000000,0.000000,0,0.000000,657969.000000,1.000000,517278337668.000000,2516899.000000
658000,5,179831,0.800000,1.000000,0.543917,1.000000,0.000000,0,0.000000,657915.000000,1.000000,517278337668.000000,2516899.000000
658000,6,179703,0.800000,1.000000,0.599526,1.000000,0.000000,0,0.000000,643684.000000,1.000000,517278337668.000000,2516899.000000
658000,7,179848,0.800000,1.000000,0.602981,1.000000,0.000000,0,0.000000,657994.000000,1.000000,517278337668.000000,2516899.000000
658000,8,179848,0.800000,1.000000,0.622779,1.000000,0.000000,0,0.000000,657998.000000,1.000000,517278337668.000000,2516899.000000
658000,9,179849,0.800000,1.000000,0.554774,1.000000,0.000000,0,0.000000,657996.000000,1.000000,517278337668.000000,2516899.000000
658000,10,179849,0.800000,1.000000,0.617271,1.000000,0.000000,0,0.000000,657997.000000,1.000000,517278337668.000000,2516899.000000
658000,11,179847,0.800000,1.000000,0.616772,1.000000,0.000000,0,0.000000,657961.000000,1.000000,517278337668.000000,2516899.000000
658000,12,179841,0.800000,1.000000,0.736123,1.000000,0.000000,0,0.000000,657420.000000,1.000000,517278337668.000000,2516899.000000
658000,13,179821,0.800000,1.000000,0.680454,1.000000,0.000000,0,0.000000,656877.000000,1.000000,517278337668.000000,2516899.000000
658000,14,179848,0.800000,1.000000,0.599564,1.000000,0.000000,0,0.000000,657992.000000,1.000000,517278337668.000000,2516899.000000
658000,15,179836,0.800000,1.000000,0.743305,1.000000,0.000000,0,0.000000,657002.000000,1.000000,517278337668.000000,2516899.000000
659000,0,180132,0.800000,1.000000,0.788890,1.000000,0.000000,0,0.000000,658998.000000,1.000000,518969110648.000000,2881094.000000
659000,1,179728,0.800000,1.000000,0.654666,1.000000,0.000000,0,0.000000,653106.000000,1.000000,518969110648.000000,2881094.000000
659000,2,180128,0.800000,1.000000,0.628182,1.000000,0.000000,0,0.000000,658893.000000,1.000000,518969110648.000000,2881094.000000
659000,3,180127,0.800000,1.000000,0.600397,1.000000,0.000000,0,0.000000,658929.000000,1.000000,518969110648.000000,2881094.000000
659000,4,180131,0.800000,1.000000,0.609251,1.000000,0.000000,0,0.000000,658775.000000,1.000000,518969110648.000000,2881094.000000
659000,5,180130,0.800000,1.000000,0.539118,1.000000,0.000000,0,0.000000,658926.000000,1.000000,518969110648.000000,2881094.000000
659000,6,180039,0.800000,1.000000,0.751035,1.000000,0.000000,0,0.000000,643684.000000,1.000000,518969110648.000000,2881094.000000
659000,7,180131,0.800000,1.000000,0.716653,1.000000,0.000000,0,0.000000,658991.000000,1.000000,518969110648.000000,2881094.000000
659000,8,180124,0.800000,1.000000,0.705877,1.000000,0.000000,0,0.000000,658858.000000,1.000000,518969110648.000000,2881094.000000
659000,9,180133,0.800000,1.000000,0.569718,1.000000,0.000000,1,524738.000000,659000.000000,1.000000,518969110648.000000,2881094.000000
659000,10,180133,0.800000,1.000000,0.643493,1.000000,0.000000,0,0.000000,658994.000000,1.000000,518969110648.000000,2881094.000000
659000,11,180114,0.800000,1.000000,0.636001,1.000000,0.000000,0,0.000000,658910.000000,1.000000,518969110648.000000,2881094.000000
659000,12,180134,0.800000,1.000000,0.704291,1.000000,0.000000,0,0.000000,658999.000000,1.000000,518969110648.000000,2881094.000000
659000,13,180131,0.800000,1.000000,0.619078,1.000000,0.000000,0,0.000000,658977.000000,1.000000,518969110648.000000,2881094.000000
659000,14,180131,0.800000,1.000000,0.678660,1.000000,0.000000,0,0.000000,658961.000000,1.000000,518969110648.000000,2881094.000000
659000,15,180134,0.800000,1.000000,0.613259,1.000000,0.000000,0,0.000000,658997.000000,1.000000,518969110648.000000,2881094.000000
660000,0,180434,0.800000,1.000000,0.572807,1.000000,0.000000,0,0.000000,659977.000000,1.000000,520626411617.000000,1804153.000000
660000,1,179859,0.800000,1.000000,0.634463,1.000000,0.000000,0,0.000000,653106.000000,1.000000,520626411617.000000,1804153.000000
660000,2,180336,0.800000,1.000000,0.642936,1.000000,0.000000,0,0.000000,659059.000000,1.000000,520626411617.000000,1804153.000000
660000,3,180425,0.800000,1.000000,0.641707,1.000000,0.000000,0,0.000000,659942.000000,1.000000,520626411617.000000,1804153.000000
660000,4,180436,0.800000,1.000000,0.691924,1.000000,0.000000,1,532173.000000,660000.000000,1.000000,520626411617.000000,1804153.000000
660000,5,180435,0.800000,1.000000,0.586898,1.000000,0.000000,0,0.000000,659954.000000,1.000000,520626411617.000000,1804153.000000
660000,6,180407,0.800000,1.000000,0.700467,1.000000,0.000000,0,0.000000,643684.000000,1.000000,520626411617.000000,1804153.000000
660000,7,180437,0.800000,1.000000,0.664305,1.000000,0.000000,0,0.000000,659996.000000,1.000000,520626411617.000000,1804153.000000
660000,8,180414,0.800000,1.000000,0.523145,1.000000,0.000000,0,0.000000,659894.000000,1.000000,520626411617.000000,1804153.000000
660000,9,180436,0.800000,1.000000,0.700998,1.000000,0.000000,0,0.000000,659988.000000,1.000000,520626411617.000000,1804153.000000
660000,10,180437,0.800000,1.000000,0.717072,1.000000,0.000000,0,0.000000,659997.000000,1.000000,520626411617.000000,1804153.000000
660000,11,180436,0.800000,1.000000,0.542637,1.000000,0.000000,0,0.000000,659999.000000,1.000000,520626411617.000000,1804153.000000
660000,12,180435,0.800000,1.000000,0.578695,1.000000,0.000000,0,0.000000,659924.000000,1.000000,520626411617.000000,1804153.000000
660000,13,180437,0.800000,1.000000,0.647026,1.000000,0.000000,0,0.000000,659992.000000,1.000000,520626411617.000000,1804153.000000
660000,14,180425,0.800000,1.000000,0.785734,1.000000,0.000000,0,0.000000,659790.000000,1.000000,520626411617.000000,1804153.000000
660000,15,180388,0.800000,1.000000,0.669576,1.000000,0.000000,0,0.000000,659655.000000,1.000000,520626411617.000000,1804153.000000
661000,0,180720,0.800000,1.000000,0.666196,1.000000,0.000000,0,0.000000,660994.000000,1.000000,522181429967.000000,1084309.000000
661000,1,179859,0.800000,1.000000,0.634463,1.000000,0.000000,0,0.000000,653106.000000,1.000000,522181429967.000000,1084309.000000
661000,2,180703,0.800000,1.000000,0.663624,1.000000,0.000000,0,0.000000,659059.000000,1.000000,522181429967.000000,1084309.000000
661000,3,180720,0.800000,1.000000,0.664179,1.000000,0.000000,0,0.000000,660999.000000,1.000000,522181429967.000000,1084309.000000
661000,4,180712,0.800000,1.000000,0.691850,1.000000,0.000000,0,0.000000,660903.000000,1.000000,522181429967.000000,1084309.000000
661000,5,180719,0.800000,1.000000,0.517381,1.000000,0.000000,0,0.000000,660996.000000,1.000000,522181429967.000000,1084309.000000
661000,6,180713,0.800000,1.000000,0.568506,1.000000,0.000000,0,0.000000,660972.000000,1.000000,522181429967.000000,1084309.000000
661000,7,180687,0.800000,1.000000,0.497274,1.000000,0.000000,0,0.000000,660859.000000,1.000000,522181429967.000000,1084309.000000
661000,8,180720,0.800000,1.000000,0.659942,1.000000,0.000000,0,0.000000,660991.000000,1.000000,522181429967.000000,1084309.000000
661000,9,180720,0.800000,1.000000,0.631682,1.000000,0.000000,1,525953.000000,661000.000000,1.000000,522181429967.000000,1084309.000000
661000,10,180649,0.800000,1.000000,0.628791,1.000000,0.000000,0,0.000000,660731.000000,1.000000,522181429967.000000,1084309.000000
661000,11,180689,0.800000,1.000000,0.549443,1.000000,0.000000,0,0.000000,660864.000000,1.000000,522181429967.000000,1084309.000000
661000,12,180716,0.800000,1.000000,0.751593,1.000000,0.000000,0,0.000000,660977.000000,1.000000,522181429967.000000,1084309.000000
661000,13,180716,0.800000,1.000000,0.690378,1.000000,0.000000,0,0.000000,660985.000000,1.000000,522181429967.000000,1084309.000000
661000,14,180720,0.800000,1.000000,0.771468,1.000000,0.000000,0,0.000000,660997.000000,1.000000,522181429967.000000,1084309.000000
661000,15,180720,0.800000,1.000000,0.660694,1.000000,0.000000,0,0.000000,660998.000000,1.000000,522181429967.000000,1084309.000000
662000,0,180985,0.800000,1.000000,0.677975,1.000000,0.000000,0,0.000000,661958.000000,1.000000,523571768103.000000,1809407.000000
662000,1,179859,0.800000,1.000000,0.634463,1.000000,0.000000,0,0.000000,653106.000000,1.000000,523571768103.000000,1809407.000000
662000,2,180863,0.800000,1.000000,0.624896,1.000000,0.000000,0,0.000000,661501.000000,1.000000,523571768103.000000,1809407.000000
662000,3,180995,0.800000,1.000000,0.618042,1.000000,0.000000,0,0.000000,661999.000000,1.000000,523571768103.000000,1809407.000000
662000,4,180982,0.800000,1.000000,0.738384,1.000000,0.000000,0,0.000000,661951.000000,1.000000,523571768103.000000,1809407.000000
662000,5,180996,0.800000,1.000000,0.651410,1.000000,0.000000,0,0.000000,661996.000000,1.000000,523571768103.000000,1809407.000000
662000,6,180992,0.800000,1.000000,0.592396,1.000000,0.000000,0,0.000000,661959.000000,1.000000,523571768103.000000,1809407.000000
662000,7,180732,0.800000,1.000000,0.481553,1.000000,0.000000,0,0.000000,660859.000000,1.000000,523571768103.000000,1809407.000000
662000,8,180993,0.800000,1.000000,0.480793,1.000000,0.000000,0,0.000000,661237.000000,1.000000,523571768103.000000,1809407.000000
662000,9,180996,0.800000,1.000000,0.662253,1.000000,0.000000,0,0.000000,661984.000000,1.000000,523571768103.000000,1809407.000000
662000,10,180982,0.800000,1.000000,0.566456,1.000000,0.000000,0,0.000000,661873.000000,1.000000,523571768103.000000,1809407.000000
662000,11,180989,0.800000,1.000000,0.609350,1.000000,0.000000,0,0.000000,661961.000000,1.000000,523571768103.000000,1809407.000000
662000,12,180983,0.800000,1.000000,0.628132,1.000000,0.000000,0,0.000000,661947.000000,1.000000,523571768103.000000,1809407.000000
662000,13,180988,0.800000,1.000000,0.576426,1.000000,0.000000,0,0.000000,661968.000000,1.000000,523571768103.000000,1809407.000000
662000,14,180996,0.800000,1.000000,0.768148,1.000000,0.000000,0,0.000000,661998.000000,1.000000,523571768103.000000,1809407.000000
662000,15,180996,0.800000,1.000000,0.621910,1.000000,0.000000,1,541761.000000,662000.000000,1.000000,523571768103.000000,1809407.000000
663000,0,181264,0.800000,1.000000,0.673779,1.000000,0.000000,0,0.000000,662997.000000,1.000000,524916401412.000000,1811889.000000
663000,1,179915,0.800000,1.000000,0.588959,1.000000,0.000000,0,0.000000,653106.000000,1.000000,524916401412.000000,1811889.000000
663000,2,181164,0.800000,1.000000,0.690816,1.000000,0.000000,0,0.000000,661501.000000,1.000000,524916401412.000000,1811889.000000
663000,3,181250,0.800000,1.000000,0.578032,1.000000,0.000000,0,0.000000,662884.000000,1.000000,524916401412.000000,1811889.000000
663000,4,181264,0.800000,1.000000,0.659127,1.000000,0.000000,1,534234.000000,663000.000000,1.000000,524916401412.000000,1811889.000000
663000,5,181247,0.800000,1.000000,0.552143,1.000000,0.000000,0,0.000000,662883.000000,1.000000,524916401412.000000,1811889.000000
663000,6,181040,0.800000,1.000000,0.642706,1.000000,0.000000,0,0.000000,662139.000000,1.000000,524916401412.000000,1811889.000000
663000,7,181145,0.800000,1.000000,0.631392,1.000000,0.000000,0,0.000000,660859.000000,1.000000,524916401412.000000,1811889.000000
663000,8,181263,0.800000,1.000000,0.645697,1.000000,0.000000,0,0.000000,662975.000000,1.000000,524916401412.000000,1811889.000000
663000,9,181085,0.800000,1.000000,0.639803,1.000000,0.000000,0,0.000000,662244.000000,1.000000,524916401412.000000,1811889.000000
663000,10,181263,0.800000,1.000000,0.578301,1.000000,0.000000,0,0.000000,662965.000000,1.000000,524916401412.000000,1811889.000000
663000,11,181264,0.800000,1.000000,0.641086,1.000000,0.000000,0,0.000000,662998.000000,1.000000,524916401412.000000,1811889.000000
663000,12,181083,0.800000,1.000000,0.676203,1.000000,0.000000,0,0.000000,661947.000000,1.000000,524916401412.000000,1811889.000000
663000,13,181265,0.800000,1.000000,0.604278,1.000000,0.000000,0,0.000000,662929.000000,1.000000,524916401412.000000,1811889.000000
663000,14,181264,0.800000,1.000000,0.635501,1.000000,0.000000,0,0.000000,662996.000000,1.000000,524916401412.000000,1811889.000000
663000,15,181264,0.800000,1.000000,0.656046,1.000000,0.000000,0,0.000000,662999.000000,1.000000,524916401412.000000,1811889.000000
664000,0,181515,0.800000,1.000000,0.552780,1.000000,0.000000,0,0.000000,663964.000000,1.000000,526472823420.000000,2901030.000000
664000,1,180302,0.800000,1.000000,0.699386,1.000000,0.000000,0,0.000000,653106.000000,1.000000,526472823420.000000,2901030.000000
664000,2,181454,0.800000,1.000000,0.683527,1.000000,0.000000,0,0.000000,661501.000000,1.000000,526472823420.000000,2901030.000000
664000,3,181520,0.800000,1.000000,0.715754,1.000000,0.000000,0,0.000000,663998.000000,1.000000,526472823420.000000,2901030.000000
664000,4,181519,0.800000,1.000000,0.621564,1.000000,0.000000,0,0.000000,663991.000000,1.000000,526472823420.000000,2901030.000000
664000,5,181517,0.800000,1.000000,0.543396,1.000000,0.000000,0,0.000000,663944.000000,1.000000,526472823420.000000,2901030.000000
664000,6,181161,0.800000,1.000000,0.647187,1.000000,0.000000,0,0.000000,662139.000000,1.000000,526472823420.000000,2901030.000000
664000,7,181520,0.800000,1.000000,0.707584,1.000000,0.000000,0,0.000000,663999.000000,1.000000,526472823420.000000,2901030.000000
664000,8,181519,0.800000,1.000000,0.631541,1.000000,0.000000,0,0.000000,663997.000000,1.000000,526472823420.000000,2901030.000000
664000,9,181373,0.800000,1.000000,0.686122,1.000000,0.000000,0,0.000000,662244.000000,1.000000,526472823420.000000,2901030.000000
664000,10,181520,0.800000,1.000000,0.545542,1.000000,0.000000,1,537502.000000,664000.000000,1.000000,526472823420.000000,2901030.000000
664000,11,181521,0.800000,1.000000,0.603728,1.000000,0.000000,0,0.000000,663962.000000,1.000000,526472823420.000000,2901030.000000
664000,12,181463,0.800000,1.000000,0.623437,1.000000,0.000000,0,0.000000,661947.000000,1.000000,526472823420.000000,2901030.000000
664000,13,181408,0.800000,1.000000,0.630068,1.000000,0.000000,0,0.000000,663478.000000,1.000000,526472823420.000000,2901030.000000
664000,14,181518,0.800000,1.000000,0.627331,1.000000,0.000000,0,0.000000,663979.000000,1.000000,526472823420.000000,2901030.000000
664000,15,181504,0.800000,1.000000,0.636337,1.000000,0.000000,0,0.000000,663868.000000,1.000000,526472823420.000000,2901030.000000
665000,0,181781,0.800000,1.000000,0.595361,1.000000,0.000000,0,0.000000,664650.000000,1.000000,528208912912.000000,363539.000000
665000,1,180707,0.800000,1.000000,0.620779,1.000000,0.000000,0,0.000000,653106.000000,1.000000,528208912912.000000,363539.000000
665000,2,181804,0.800000,1.000000,0.552603,1.000000,0.000000,0,0.000000,664988.000000,1.000000,528208912912.000000,363539.000000
665000,3,181805,0.800000,1.000000,0.706298,1.000000,0.000000,0,0.000000,664999.000000,1.000000,528208912912.000000,363539.000000
665000,4,181806,0.800000,1.000000,0.710238,1.000000,0.000000,1,535481.000000,665000.000000,1.000000,528208912912.000000,363539.000000
665000,5,181772,0.800000,1.000000,0.579206,1.000000,0.000000,0,0.000000,663944.000000,1.000000,528208912912.000000,363539.000000
665000,6,181396,0.800000,1.000000,0.593402,1.000000,0.000000,0,0.000000,662139.000000,1.000000,528208912912.000000,363539.000000
665000,7,181793,0.800000,1.000000,0.553584,1.000000,0.000000,0,0.000000,664908.000000,1.000000,528208912912.000000,363539.000000
665000,8,181805,0.800000,1.000000,0.648359,1.000000,0.000000,0,0.000000,664994.000000,1.000000,528208912912.000000,363539.000000
665000,9,181678,0.800000,1.000000,0.584599,1.000000,0.000000,0,0.000000,662244.000000,1.000000,528208912912.000000,363539.000000
665000,10,181801,0.800000,1.000000,0.605224,1.000000,0.000000,0,0.000000,664839.000000,1.000000,528208912912.000000,363539.000000
665000,11,181783,0.800000,1.000000,0.614220,1.000000,0.000000,0,0.000000,664844.000000,1.000000,528208912912.000000,363539.000000
665000,12,181804,0.800000,1.000000,0.606015,1.000000,0.000000,0,0.000000,664986.000000,1.000000,528208912912.000000,363539.000000
665000,13,181770,0.800000,1.000000,0.558405,1.000000,0.000000,0,0.000000,663478.000000,1.000000,528208912912.000000,363539.000000
665000,14,181805,0.800000,1.000000,0.673588,1.000000,0.000000,0,0.000000,664998.000000,1.000000,528208912912.000000,363539.000000
665000,15,181806,0.800000,1.000000,0.646841,1.000000,0.000000,0,0.000000,664996.000000,1.000000,528208912912.000000,363539.000000
666000,0,182046,0.800000,1.000000,0.711047,1.000000,0.000000,1,534389.000000,666000.000000,1.000000,529739569344.000000,1456302.000000
666000,1,181090,0.800000,1.000000,0.607551,1.000000,0.000000,0,0.000000,653106.000000,1.000000,529739569344.000000,1456302.000000
666000,2,182018,0.800000,1.000000,0.645649,1.000000,0.000000,0,0.000000,665802.000000,1.000000,529739569344.000000,1456302.000000
666000,3,182047,0.800000,1.000000,0.573842,1.000000,0.000000,0,0.000000,665994.000000,1.000000,529739569344.000000,1456302.000000
666000,4,182011,0.800000,1.000000,0.669231,1.000000,0.000000,0,0.000000,665265.000000,1.000000,529739569344.000000,1456302.000000
666000,5,182037,0.800000,1.000000,0.690499,1.000000,0.000000,0,0.000000,665966.000000,1.000000,529739569344.000000,1456302.000000
666000,6,181762,0.800000,1.000000,0.756508,1.000000,0.000000,0,0.000000,662139.000000,1.000000,529739569344.000000,1456302.000000
666000,7,182043,0.800000,1.000000,0.519478,1.000000,0.000000,0,0.000000,665986.000000,1.000000,529739569344.000000,1456302.000000
666000,8,182044,0.800000,1.000000,0.531559,1.000000,0.000000,0,0.000000,665855.000000,1.000000,529739569344.000000,1456302.000000
666000,9,181983,0.800000,1.000000,0.560523,1.000000,0.000000,0,0.000000,662244.000000,1.000000,529739569344.000000,1456302.000000
666000,10,182046,0.800000,1.000000,0.825502,1.000000,0.000000,0,0.000000,665995.000000,1.000000,529739569344.000000,1456302.000000
666000,11,182036,0.800000,1.000000,0.592676,1.000000,0.000000,0,0.000000,665913.000000,1.000000,529739569344.000000,1456302.000000
666000,12,182025,0.800000,1.000000,0.661965,1.000000,0.000000,0,0.000000,665061.000000,1.000000,529739569344.000000,1456302.000000
666000,13,182045,0.800000,1.000000,0.522127,1.000000,0.000000,0,0.000000,665976.000000,1.000000,529739569344.000000,1456302.000000
666000,14,182046,0.800000,1.000000,0.683504,1.000000,0.000000,0,0.000000,665467.000000,1.000000,529739569344.000000,1456302.000000
666000,15,182047,0.800000,1.000000,0.715527,1.000000,0.000000,0,0.000000,665998.000000,1.000000,529739569344.000000,1456302.000000
667000,0,182278,0.800000,1.000000,0.680271,1.000000,0.000000,0,0.000000,666406.000000,1.000000,531450393776.000000,1093869.000000
667000,1,181506,0.800000,1.000000,0.704648,1.000000,0.000000,0,0.000000,653106.000000,1.000000,531450393776.000000,1093869.000000
667000,2,182332,0.800000,1.000000,0.749882,1.000000,0.000000,0,0.000000,666999.000000,1.000000,531450393776.000000,1093869.000000
667000,3,182324,0.800000,1.000000,0.638997,1.000000,0.000000,0,0.000000,666976.000000,1.000000,531450393776.000000,1093869.000000
667000,4,182266,0.800000,1.000000,0.630686,1.000000,0.000000,0,0.000000,666305.000000,1.000000,531450393776.000000,1093869.000000
667000,5,182331,0.800000,1.000000,0.624840,1.000000,0.000000,0,0.000000,666950.000000,1.000000,531450393776.000000,1093869.000000
667000,6,182093,0.800000,1.000000,0.585259,1.000000,0.000000,0,0.000000,662139.000000,1.000000,531450393776.000000,1093869.000000
667000,7,182292,0.800000,1.000000,0.612148,1.000000,0.000000,0,0.000000,666803.000000,1.000000,531450393776.000000,1093869.000000
667000,8,182331,0.800000,1.000000,0.746877,1.000000,0.000000,0,0.000000,666996.000000,1.000000,531450393776.000000,1093869.000000
667000,9,182332,0.800000,1.000000,0.680413,1.000000,0.000000,0,0.000000,666995.000000,1.000000,531450393776.000000,1093869.000000
667000,10,182332,0.800000,1.000000,0.628759,1.000000,0.000000,0,0.000000,666997.000000,1.000000,531450393776.000000,1093869.000000
667000,11,182312,0.800000,1.000000,0.571667,1.000000,0.000000,0,0.000000,666901.000000,1.000000,531450393776.000000,1093869.000000
667000,12,182332,0.800000,1.000000,0.638876,1.000000,0.000000,0,0.000000,666998.000000,1.000000,531450393776.000000,1093869.000000
667000,13,182324,0.800000,1.000000,0.696878,1.000000,0.000000,0,0.000000,666969.000000,1.000000,531450393776.000000,1093869.000000
667000,14,182307,0.800000,1.000000,0.699873,1.000000,0.000000,0,0.000000,666049.000000,1.000000,531450393776.000000,1093869.000000
667000,15,182332,0.800000,1.000000,0.678071,1.000000,0.000000,1,545620.000000,667000.000000,1.000000,531450393776.000000,1093869.000000
668000,0,182592,0.800000,1.000000,0.610881,1.000000,0.000000,0,0.000000,667982.000000,1.000000,533051583440.000000,1825879.000000
668000,1,181879,0.800000,1.000000,0.598871,1.000000,0.000000,0,0.000000,653106.000000,1.000000,533051583440.000000,1825879.000000
668000,2,182572,0.800000,1.000000,0.687654,1.000000,0.000000,0,0.000000,667934.000000,1.000000,533051583440.000000,1825879.000000
668000,3,182592,0.800000,1.000000,0.560737,1.000000,0.000000,0,0.000000,667899.000000,1.000000,533051583440.000000,1825879.000000
668000,4,182587,0.800000,1.000000,0.797983,1.000000,0.000000,0,0.000000,667986.000000,1.000000,533051583440.000000,1825879.000000
668000,5,182578,0.800000,1.000000,0.651183,1.000000,0.000000,0,0.000000,667852.000000,1.000000,533051583440.000000,1825879.000000
668000,6,182480,0.800000,1.000000,0.709457,1.000000,0.000000,0,0.000000,662139.000000,1.000000,533051583440.000000,1825879.000000
668000,7,182575,0.800000,1.000000,0.524227,1.000000,0.000000,0,0.000000,667938.000000,1.000000,533051583440.000000,1825879.000000
668000,8,182558,0.800000,1.000000,0.560233,1.000000,0.000000,0,0.000000,667861.000000,1.000000,533051583440.000000,1825879.000000
668000,9,182511,0.800000,1.000000,0.590978,1.000000,0.000000,0,0.000000,667545.000000,1.000000,533051583440.000000,1825879.000000
668000,10,182536,0.800000,1.000000,0.637620,1.000000,0.000000,0,0.000000,667556.000000,1.000000,533051583440.000000,1825879.000000
668000,11,182591,0.800000,1.000000,0.746672,1.000000,0.000000,0,0.000000,667999.000000,1.000000,533051583440.000000,1825879.000000
668000,12,182591,0.800000,1.000000,0.613315,1.000000,0.000000,0,0.000000,667974.000000,1.000000,533051583440.000000,1825879.000000
668000,13,182591,0.800000,1.000000,0.760175,1.000000,0.000000,0,0.000000,667998.000000,1.000000,533051583440.000000,1825879.000000
668000,14,182589,0.800000,1.000000,0.611036,1.000000,0.000000,0,0.000000,667978.000000,1.000000,533051583440.000000,1825879.000000
668000,15,182592,0.800000,1.000000,0.658077,1.000000,0.000000,1,546433.000000,668000.000000,1.000000,533051583440.000000,1825879.000000
669000,0,182845,0.800000,1.000000,0.597231,1.000000,0.000000,1,536986.000000,669000.000000,1.000000,534504676806.000000,1097041.000000
669000,1,182241,0.800000,1.000000,0.599848,1.000000,0.000000,0,0.000000,653106.000000,1.000000,534504676806.000000,1097041.000000
669000,2,182846,0.800000,1.000000,0.700892,1.000000,0.000000,0,0.000000,668996.000000,1.000000,534504676806.000000,1097041.000000
669000,3,182845,0.800000,1.000000,0.780922,1.000000,0.000000,0,0.000000,668999.000000,1.000000,534504676806.000000,1097041.000000
669000,4,182840,0.800000,1.000000,0.660654,1.000000,0.000000,0,0.000000,668965.000000,1.000000,534504676806.000000,1097041.000000
669000,5,182833,0.800000,1.000000,0.667982,1.000000,0.000000,0,0.000000,668955.000000,1.000000,534504676806.000000,1097041.000000
669000,6,182844,0.800000,1.000000,0.763981,1.000000,0.000000,0,0.000000,668992.000000,1.000000,534504676806.000000,1097041.000000
669000,7,182767,0.800000,1.000000,0.694933,1.000000,0.000000,0,0.000000,667938.000000,1.000000,534504676806.000000,1097041.000000
669000,8,182830,0.800000,1.000000,0.636055,1.000000,0.000000,0,0.000000,667861.000000,1.000000,534504676806.000000,1097041.000000
669000,9,182836,0.800000,1.000000,0.669687,1.000000,0.000000,0,0.000000,668896.000000,1.000000,534504676806.000000,1097041.000000
669000,10,182536,0.800000,1.000000,0.637620,1.000000,0.000000,0,0.000000,667556.000000,1.000000,534504676806.000000,1097041.000000
669000,11,182844,0.800000,1.000000,0.764579,1.000000,0.000000,0,0.000000,668987.000000,1.000000,534504676806.000000,1097041.000000
669000,12,182802,0.800000,1.000000,0.552009,1.000000,0.000000,0,0.000000,668336.000000,1.000000,534504676806.000000,1097041.000000
669000,13,182836,0.800000,1.000000,0.655670,1.000000,0.000000,0,0.000000,668735.000000,1.000000,534504676806.000000,1097041.000000
669000,14,182801,0.800000,1.000000,0.590357,1.000000,0.000000,0,0.000000,668846.000000,1.000000,534504676806.000000,1097041.000000
669000,15,182846,0.800000,1.000000,0.648452,1.000000,0.000000,0,0.000000,668985.000000,1.000000,534504676806.000000,1097041.000000
670000,0,183099,0.800000,1.000000,0.577572,1.000000,0.000000,0,0.000000,669416.000000,1.000000,536196293232.000000,1463914.000000
670000,1,182602,0.800000,1.000000,0.678842,1.000000,0.000000,0,0.000000,653106.000000,1.000000,536196293232.000000,1463914.000000
670000,2,183130,0.800000,1.000000,0.637191,1.000000,0.000000,0,0.000000,669995.000000,1.000000,536196293232.000000,1463914.000000
670000,3,183110,0.800000,1.000000,0.437034,1.000000,0.000000,0,0.000000,669884.000000,1.000000,536196293232.000000,1463914.000000
670000,4,183130,0.800000,1.000000,0.617749,1.000000,0.000000,0,0.000000,669996.000000,1.000000,536196293232.000000,1463914.000000
670000,5,183130,0.800000,1.000000,0.600095,1.000000,0.000000,0,0.000000,669985.000000,1.000000,536196293232.000000,1463914.000000
670000,6,183131,0.800000,1.000000,0.742053,1.000000,0.000000,0,0.000000,669998.000000,1.000000,536196293232.000000,1463914.000000
670000,7,183087,0.800000,1.000000,0.757453,1.000000,0.000000,0,0.000000,667938.000000,1.000000,536196293232.000000,1463914.000000
670000,8,183106,0.800000,1.000000,0.686453,1.000000,0.000000,0,0.000000,669282.000000,1.000000,536196293232.000000,1463914.000000
670000,9,183128,0.800000,1.000000,0.526431,1.000000,0.000000,0,0.000000,669939.000000,1.000000,536196293232.000000,1463914.000000
670000,10,182729,0.800000,1.000000,0.600143,1.000000,0.000000,0,0.000000,667556.000000,1.000000,536196293232.000000,1463914.000000
670000,11,183123,0.800000,1.000000,0.692236,1.000000,0.000000,0,0.000000,669967.000000,1.000000,536196293232.000000,1463914.000000
670000,12,183127,0.800000,1.000000,0.611806,1.000000,0.000000,0,0.000000,669880.000000,1.000000,536196293232.000000,1463914.000000
670000,13,183124,0.800000,1.000000,0.632341,1.000000,0.000000,0,0.000000,669765.000000,1.000000,536196293232.000000,1463914.000000
670000,14,183131,0.800000,1.000000,0.807803,1.000000,0.000000,1,537698.000000,670000.000000,1.000000,536196293232.000000,1463914.000000
670000,15,183129,0.800000,1.000000,0.669706,1.000000,0.000000,0,0.000000,669991.000000,1.000000,536196293232.000000,1463914.000000
671000,0,183402,0.800000,1.000000,0.664185,1.000000,0.000000,0,0.000000,670406.000000,1.000000,537947304147.000000,1833247.000000
671000,1,182992,0.800000,1.000000,0.611723,1.000000,0.000000,0,0.000000,653106.000000,1.000000,537947304147.000000,1833247.000000
671000,2,183417,0.800000,1.000000,0.653136,1.000000,0.000000,0,0.000000,670992.000000,1.000000,537947304147.000000,1833247.000000
671000,3,183419,0.800000,1.000000,0.660684,1.000000,0.000000,0,0.000000,670998.000000,1.000000,537947304147.000000,1833247.000000
671000,4,183398,0.800000,1.000000,0.588100,1.000000,0.000000,0,0.000000,670862.000000,1.000000,537947304147.000000,1833247.000000
671000,5,183388,0.800000,1.000000,0.661379,1.000000,0.000000,0,0.000000,670832.000000,1.000000,537947304147.000000,1833247.000000
671000,6,183413,0.800000,1.000000,0.677149,1.000000,0.000000,0,0.000000,670916.000000,1.000000,537947304147.000000,1833247.000000
671000,7,183391,0.800000,1.000000,0.545349,1.000000,0.000000,0,0.000000,670883.000000,1.000000,537947304147.000000,1833247.000000
671000,8,183406,0.800000,1.000000,0.551136,1.000000,0.000000,0,0.000000,669282.000000,1.000000,537947304147.000000,1833247.000000
671000,9,183414,0.800000,1.000000,0.626997,1.000000,0.000000,0,0.000000,670879.000000,1.000000,537947304147.000000,1833247.000000
671000,10,183102,0.800000,1.000000,0.550547,1.000000,0.000000,0,0.000000,667556.000000,1.000000,537947304147.000000,1833247.000000
671000,11,183382,0.800000,1.000000,0.760876,1.000000,0.000000,0,0.000000,669967.000000,1.000000,537947304147.000000,1833247.000000
671000,12,183415,0.800000,1.000000,0.533547,1.000000,0.000000,0,0.000000,670898.000000,1.000000,537947304147.000000,1833247.000000
671000,13,183418,0.800000,1.000000,0.646903,1.000000,0.000000,0,0.000000,670999.000000,1.000000,537947304147.000000,1833247.000000
671000,14,183419,0.800000,1.000000,0.691913,1.000000,0.000000,1,538464.000000,671000.000000,1.000000,537947304147.000000,1833247.000000
671000,15,183419,0.800000,1.000000,0.692698,1.000000,0.000000,0,0.000000,670996.000000,1.000000,537947304147.000000,1833247.000000
672000,0,183682,0.800000,1.000000,0.640699,1.000000,0.000000,0,0.000000,671977.000000,1.000000,539613038074.000000,2203162.000000
672000,1,183397,0.800000,1.000000,0.599398,1.000000,0.000000,0,0.000000,653106.000000,1.000000,539613038074.000000,2203162.000000
672000,2,183688,0.800000,1.000000,0.618174,1.000000,0.000000,0,0.000000,671998.000000,1.000000,539613038074.000000,2203162.000000
672000,3,183688,0.800000,1.000000,0.635649,1.000000,0.000000,0,0.000000,671957.000000,1.000000,539613038074.000000,2203162.000000
672000,4,183685,0.800000,1.000000,0.583294,1.000000,0.000000,0,0.000000,671892.000000,1.000000,539613038074.000000,2203162.000000
672000,5,183688,0.800000,1.000000,0.666249,1.000000,0.000000,0,0.000000,671999.000000,1.000000,539613038074.000000,2203162.000000
672000,6,183683,0.800000,1.000000,0.671168,1.000000,0.000000,0,0.000000,671483.000000,1.000000,539613038074.000000,2203162.000000
672000,7,183673,0.800000,1.000000,0.721890,1.000000,0.000000,0,0.000000,671375.000000,1.000000,539613038074.000000,2203162.000000
672000,8,183684,0.800000,1.000000,0.608827,1.000000,0.000000,0,0.000000,671934.000000,1.000000,539613038074.000000,2203162.000000
672000,9,183689,0.800000,1.000000,0.695615,1.000000,0.000000,0,0.000000,671995.000000,1.000000,539613038074.000000,2203162.000000
672000,10,183460,0.800000,1.000000,0.628423,1.000000,0.000000,0,0.000000,667556.000000,1.000000,539613038074.000000,2203162.000000
672000,11,183584,0.800000,1.000000,0.572129,1.000000,0.000000,0,0.000000,669967.000000,1.000000,539613038074.000000,2203162.000000
672000,12,183689,0.800000,1.000000,0.680894,1.000000,0.000000,1,537047.000000,672000.000000,1.000000,539613038074.000000,2203162.000000
672000,13,183678,0.800000,1.000000,0.486434,1.000000,0.000000,0,0.000000,671832.000000,1.000000,539613038074.000000,2203162.000000
672000,14,183678,0.800000,1.000000,0.678814,1.000000,0.000000,0,0.000000,671955.000000,1.000000,539613038074.000000,2203162.000000
672000,15,183688,0.800000,1.000000,0.615367,1.000000,0.000000,0,0.000000,671984.000000,1.000000,539613038074.000000,2203162.000000
673000,0,183974,0.800000,1.000000,0.785882,1.000000,0.000000,0,0.000000,672994.000000,1.000000,541311600541.000000,1471780.000000
673000,1,183781,0.800000,1.000000,0.772694,1.000000,0.000000,0,0.000000,653106.000000,1.000000,541311600541.000000,1471780.000000
673000,2,183974,0.800000,1.000000,0.532120,1.000000,0.000000,0,0.000000,672969.000000,1.000000,541311600541.000000,1471780.000000
673000,3,183935,0.800000,1.000000,0.644448,1.000000,0.000000,0,0.000000,672748.000000,1.000000,541311600541.000000,1471780.000000
673000,4,183975,0.800000,1.000000,0.744966,1.000000,0.000000,0,0.000000,672999.000000,1.000000,541311600541.000000,1471780.000000
673000,5,183976,0.800000,1.000000,0.607867,1.000000,0.000000,0,0.000000,672995.000000,1.000000,541311600541.000000,1471780.000000
673000,6,183975,0.800000,1.000000,0.583405,1.000000,0.000000,0,0.000000,672982.000000,1.000000,541311600541.000000,1471780.000000
673000,7,183971,0.800000,1.000000,0.745510,1.000000,0.000000,0,0.000000,672653.000000,1.000000,541311600541.000000,1471780.000000
673000,8,183970,0.800000,1.000000,0.631153,1.000000,0.000000,0,0.000000,672914.000000,1.000000,541311600541.000000,1471780.000000
673000,9,183973,0.800000,1.000000,0.683705,1.000000,0.000000,0,0.000000,672981.000000,1.000000,541311600541.000000,1471780.000000
673000,10,183818,0.800000,1.000000,0.631318,1.000000,0.000000,0,0.000000,667556.000000,1.000000,541311600541.000000,1471780.000000
673000,11,183975,0.800000,1.000000,0.613176,1.000000,0.000000,0,0.000000,672998.000000,1.000000,541311600541.000000,1471780.000000
673000,12,183967,0.800000,1.000000,0.584894,1.000000,0.000000,0,0.000000,672718.000000,1.000000,541311600541.000000,1471780.000000
673000,13,183742,0.800000,1.000000,0.528602,1.000000,0.000000,0,0.000000,672093.000000,1.000000,541311600541.000000,1471780.000000
673000,14,183973,0.800000,1.000000,0.519835,1.000000,0.000000,0,0.000000,672853.000000,1.000000,541311600541.000000,1471780.000000
673000,15,183976,0.800000,1.000000,0.697025,1.000000,0.000000,1,549921.000000,673000.000000,1.000000,541311600541.000000,1471780.000000
674000,0,184265,0.800000,1.000000,0.622324,1.000000,0.000000,0,0.000000,673997.000000,1.000000,542994081715.000000,1474102.000000
674000,1,183998,0.800000,1.000000,0.600380,1.000000,0.000000,0,0.000000,653106.000000,1.000000,542994081715.000000,1474102.000000
674000,2,184214,0.800000,1.000000,0.650839,1.000000,0.000000,0,0.000000,673784.000000,1.000000,542994081715.000000,1474102.000000
674000,3,184265,0.800000,1.000000,0.615465,1.000000,0.000000,0,0.000000,673995.000000,1.000000,542994081715.000000,1474102.000000
674000,4,184259,0.800000,1.000000,0.703170,1.000000,0.000000,0,0.000000,673959.000000,1.000000,542994081715.000000,1474102.000000
674000,5,184266,0.800000,1.000000,0.662588,1.000000,0.000000,0,0.000000,673984.000000,1.000000,542994081715.000000,1474102.000000
674000,6,184266,0.800000,1.000000,0.721775,1.000000,0.000000,0,0.000000,673998.000000,1.000000,542994081715.000000,1474102.000000
674000,7,184266,0.800000,1.000000,0.706074,1.000000,0.000000,0,0.000000,673999.000000,1.000000,542994081715.000000,1474102.000000
674000,8,184260,0.800000,1.000000,0.577177,1.000000,0.000000,0,0.000000,673978.000000,1.000000,542994081715.000000,1474102.000000
674000,9,184263,0.800000,1.000000,0.690885,1.000000,0.000000,0,0.000000,673966.000000,1.000000,542994081715.000000,1474102.000000
674000,10,184229,0.800000,1.000000,0.681394,1.000000,0.000000,0,0.000000,667556.000000,1.000000,542994081715.000000,1474102.000000
674000,11,184242,0.800000,1.000000,0.738904,1.000000,0.000000,0,0.000000,673570.000000,1.000000,542994081715.000000,1474102.000000
674000,12,184263,0.800000,1.000000,0.673799,1.000000,0.000000,0,0.000000,673826.000000,1.000000,542994081715.000000,1474102.000000
674000,13,184039,0.800000,1.000000,0.571949,1.000000,0.000000,0,0.000000,672093.000000,1.000000,542994081715.000000,1474102.000000
674000,14,184164,0.800000,1.000000,0.628160,1.000000,0.000000,0,0.000000,673648.000000,1.000000,542994081715.000000,1474102.000000
674000,15,184266,0.800000,1.000000,0.629127,1.000000,0.000000,1,550513.000000,674000.000000,1.000000,542994081715.000000,1474102.000000
675000,0,184525,0.800000,1.000000,0.635392,1.000000,0.000000,0,0.000000,674997.000000,1.000000,544505336690.000000,1106357.000000
675000,1,184412,0.800000,1.000000,0.746474,1.000000,0.000000,0,0.000000,653106.000000,1.000000,544505336690.000000,1106357.000000
675000,2,184506,0.800000,1.000000,0.554858,1.000000,0.000000,0,0.000000,674888.000000,1.000000,544505336690.000000,1106357.000000
675000,3,184525,0.800000,1.000000,0.691786,1.000000,0.000000,1,540363.000000,675000.000000,1.000000,544505336690.000000,1106357.000000
675000,4,184487,0.800000,1.000000,0.747562,1.000000,0.000000,0,0.000000,674512.000000,1.000000,544505336690.000000,1106357.000000
675000,5,184470,0.800000,1.000000,0.560904,1.000000,0.000000,0,0.000000,674794.000000,1.000000,544505336690.000000,1106357.000000
675000,6,184525,0.800000,1.000000,0.723485,1.000000,0.000000,0,0.000000,674994.000000,1.000000,544505336690.000000,1106357.000000
675000,7,184521,0.800000,1.000000,0.651263,1.000000,0.000000,0,0.000000,674973.000000,1.000000,544505336690.000000,1106357.000000
675000,8,184521,0.800000,1.000000,0.652729,1.000000,0.000000,0,0.000000,674987.000000,1.000000,544505336690.000000,1106357.000000
675000,9,184524,0.800000,1.000000,0.606750,1.000000,0.000000,0,0.000000,674768.000000,1.000000,544505336690.000000,1106357.000000
675000,10,184522,0.800000,1.000000,0.647954,1.000000,0.000000,0,0.000000,674984.000000,1.000000,544505336690.000000,1106357.000000
675000,11,184299,0.800000,1.000000,0.562434,1.000000,0.000000,0,0.000000,673570.000000,1.000000,544505336690.000000,1106357.000000
675000,12,184494,0.800000,1.000000,0.708465,1.000000,0.000000,0,0.000000,674062.000000,1.000000,544505336690.000000,1106357.000000
675000,13,184389,0.800000,1.000000,0.574450,1.000000,0.000000,0,0.000000,672093.000000,1.000000,544505336690.000000,1106357.000000
675000,14,184379,0.800000,1.000000,0.770308,1.000000,0.000000,0,0.000000,673648.000000,1.000000,544505336690.000000,1106357.000000
675000,15,184525,0.800000,1.000000,0.719634,1.000000,0.000000,0,0.000000,674999.000000,1.000000,544505336690.000000,1106357.000000
676000,0,184791,0.800000,1.000000,0.606175,1.000000,0.000000,0,0.000000,675993.000000,1.000000,546036635023.000000,2217056.000000
676000,1,184787,0.800000,1.000000,0.767651,1.000000,0.000000,0,0.000000,675941.000000,1.000000,546036635023.000000,2217056.000000
676000,2,184771,0.800000,1.000000,0.638464,1.000000,0.000000,0,0.000000,675182.000000,1.000000,546036635023.000000,2217056.000000
676000,3,184791,0.800000,1.000000,0.591347,1.000000,0.000000,0,0.000000,675988.000000,1.000000,546036635023.000000,2217056.000000
676000,4,184753,0.800000,1.000000,0.604598,1.000000,0.000000,0,0.000000,674512.000000,1.000000,546036635023.000000,2217056.000000
676000,5,184791,0.800000,1.000000,0.672701,1.000000,0.000000,0,0.000000,675997.000000,1.000000,546036635023.000000,2217056.000000
676000,6,184790,0.800000,1.000000,0.690741,1.000000,0.000000,0,0.000000,675994.000000,1.000000,546036635023.000000,2217056.000000
676000,7,184791,0.800000,1.000000,0.580876,1.000000,0.000000,0,0.000000,675999.000000,1.000000,546036635023.000000,2217056.000000
676000,8,184580,0.800000,1.000000,0.667696,1.000000,0.000000,0,0.000000,674987.000000,1.000000,546036635023.000000,2217056.000000
676000,9,184792,0.800000,1.000000,0.645676,1.000000,0.000000,0,0.000000,675986.000000,1.000000,546036635023.000000,2217056.000000
676000,10,184792,0.800000,1.000000,0.676639,1.000000,0.000000,1,547912.000000,676000.000000,1.000000,546036635023.000000,2217056.000000
676000,11,184299,0.800000,1.000000,0.562434,1.000000,0.000000,0,0.000000,673570.000000,1.000000,546036635023.000000,2217056.000000
676000,12,184784,0.800000,1.000000,0.508001,1.000000,0.000000,0,0.000000,675917.000000,1.000000,546036635023.000000,2217056.000000
676000,13,184711,0.800000,1.000000,0.647476,1.000000,0.000000,0,0.000000,672093.000000,1.000000,546036635023.000000,2217056.000000
676000,14,184755,0.800000,1.000000,0.715281,1.000000,0.000000,0,0.000000,673648.000000,1.000000,546036635023.000000,2217056.000000
676000,15,184793,0.800000,1.000000,0.647787,1.000000,0.000000,0,0.000000,675540.000000,1.000000,546036635023.000000,2217056.000000
677000,0,185086,0.800000,1.000000,0.582026,1.000000,0.000000,0,0.000000,676986.000000,1.000000,547754136251.000000,370167.000000
677000,1,185086,0.800000,1.000000,0.672266,1.000000,0.000000,0,0.000000,676992.000000,1.000000,547754136251.000000,370167.000000
677000,2,185084,0.800000,1.000000,0.519731,1.000000,0.000000,0,0.000000,676969.000000,1.000000,547754136251.000000,370167.000000
677000,3,185076,0.800000,1.000000,0.680170,1.000000,0.000000,0,0.000000,676904.000000,1.000000,547754136251.000000,370167.000000
677000,4,185084,0.800000,1.000000,0.676601,1.000000,0.000000,0,0.000000,676968.000000,1.000000,547754136251.000000,370167.000000
677000,5,185085,0.800000,1.000000,0.704248,1.000000,0.000000,0,0.000000,676988.000000,1.000000,547754136251.000000,370167.000000
677000,6,185081,0.800000,1.000000,0.633625,1.000000,0.000000,0,0.000000,676878.000000,1.000000,547754136251.000000,370167.000000
677000,7,185084,0.800000,1.000000,0.781821,1.000000,0.000000,0,0.000000,676994.000000,1.000000,547754136251.000000,370167.000000
677000,8,184971,0.800000,1.000000,0.642194,1.000000,0.000000,0,0.000000,674987.000000,1.000000,547754136251.000000,370167.000000
677000,9,185079,0.800000,1.000000,0.570396,1.000000,0.000000,0,0.000000,676971.000000,1.000000,547754136251.000000,370167.000000
677000,10,185086,0.800000,1.000000,0.661452,1.000000,0.000000,0,0.000000,676998.000000,1.000000,547754136251.000000,370167.000000
677000,11,184299,0.800000,1.000000,0.562434,1.000000,0.000000,0,0.000000,673570.000000,1.000000,547754136251.000000,370167.000000
677000,12,185070,0.800000,1.000000,0.661058,1.000000,0.000000,0,0.000000,676450.000000,1.000000,547754136251.000000,370167.000000
677000,13,185085,0.800000,1.000000,0.573071,1.000000,0.000000,0,0.000000,676949.000000,1.000000,547754136251.000000,370167.000000
677000,14,185073,0.800000,1.000000,0.578652,1.000000,0.000000,0,0.000000,676733.000000,1.000000,547754136251.000000,370167.000000
677000,15,185086,0.800000,1.000000,0.767061,1.000000,0.000000,1,552903.000000,677000.000000,1.000000,547754136251.000000,370167.000000
678000,0,185376,0.800000,1.000000,0.598903,1.000000,0.000000,0,0.000000,677892.000000,1.000000,549427117068.000000,2964194.000000
678000,1,185375,0.800000,1.000000,0.505605,1.000000,0.000000,0,0.000000,677980.000000,1.000000,549427117068.000000,2964194.000000
678000,2,185365,0.800000,1.000000,0.619460,1.000000,0.000000,0,0.000000,677437.000000,1.000000,549427117068.000000,2964194.000000
678000,3,185353,0.800000,1.000000,0.686508,1.000000,0.000000,0,0.000000,677910.000000,1.000000,549427117068.000000,2964194.000000
678000,4,185377,0.800000,1.000000,0.756327,1.000000,0.000000,0,0.000000,677998.000000,1.000000,549427117068.000000,2964194.000000
678000,5,185376,0.800000,1.000000,0.696911,1.000000,0.000000,0,0.000000,677991.000000,1.000000,549427117068.000000,2964194.000000
678000,6,185332,0.800000,1.000000,0.602149,1.000000,0.000000,0,0.000000,677325.000000,1.000000,549427117068.000000,2964194.000000
678000,7,185378,0.800000,1.000000,0.716015,1.000000,0.000000,0,0.000000,677944.000000,1.000000,549427117068.000000,2964194.000000
678000,8,185310,0.800000,1.000000,0.737335,1.000000,0.000000,0,0.000000,674987.000000,1.000000,549427117068.000000,2964194.000000
678000,9,185378,0.800000,1.000000,0.647556,1.000000,0.000000,1,539428.000000,678000.000000,1.000000,549427117068.000000,2964194.000000
678000,10,185379,0.800000,1.000000,0.704301,1.000000,0.000000,0,0.000000,677987.000000,1.000000,549427117068.000000,2964194.000000
678000,11,184470,0.800000,1.000000,0.561141,1.000000,0.000000,0,0.000000,673570.000000,1.000000,549427117068.000000,2964194.000000
678000,12,185378,0.800000,1.000000,0.730666,1.000000,0.000000,0,0.000000,677996.000000,1.000000,549427117068.000000,2964194.000000
678000,13,185327,0.800000,1.000000,0.591880,1.000000,0.000000,0,0.000000,677609.000000,1.000000,549427117068.000000,2964194.000000
678000,14,185379,0.800000,1.000000,0.737379,1.000000,0.000000,0,0.000000,677999.000000,1.000000,549427117068.000000,2964194.000000
678000,15,185379,0.800000,1.000000,0.658353,1.000000,0.000000,0,0.000000,677997.000000,1.000000,549427117068.000000,2964194.000000
679000,0,185657,0.800000,1.000000,0.607260,1.000000,0.000000,0,0.000000,678999.000000,1.000000,551069552042.000000,1485250.000000
679000,1,185536,0.800000,1.000000,0.561025,1.000000,0.000000,0,0.000000,678080.000000,1.000000,551069552042.000000,1485250.000000
679000,2,185657,0.800000,1.000000,0.719681,1.000000,0.000000,0,0.000000,678997.000000,1.000000,551069552042.000000,1485250.000000
679000,3,185656,0.800000,1.000000,0.684907,1.000000,0.000000,0,0.000000,678906.000000,1.000000,551069552042.000000,1485250.000000
679000,4,185652,0.800000,1.000000,0.700854,1.000000,0.000000,0,0.000000,678947.000000,1.000000,551069552042.000000,1485250.000000
679000,5,185655,0.800000,1.000000,0.598790,1.000000,0.000000,0,0.000000,678954.000000,1.000000,551069552042.000000,1485250.000000
679000,6,185658,0.800000,1.000000,0.643687,1.000000,0.000000,0,0.000000,678989.000000,1.000000,551069552042.000000,1485250.000000
679000,7,185656,0.800000,1.000000,0.524385,1.000000,0.000000,0,0.000000,678970.000000,1.000000,551069552042.000000,1485250.000000
679000,8,185656,0.800000,1.000000,0.644977,1.000000,0.000000,0,0.000000,678969.000000,1.000000,551069552042.000000,1485250.000000
679000,9,185658,0.800000,1.000000,0.653011,1.000000,0.000000,0,0.000000,678915.000000,1.000000,551069552042.000000,1485250.000000
679000,10,185647,0.800000,1.000000,0.565007,1.000000,0.000000,0,0.000000,678881.000000,1.000000,551069552042.000000,1485250.000000
679000,11,184686,0.800000,1.000000,0.541484,1.000000,0.000000,0,0.000000,673570.000000,1.000000,551069552042.000000,1485250.000000
679000,12,185658,0.800000,1.000000,0.672119,1.000000,0.000000,0,0.000000,678998.000000,1.000000,551069552042.000000,1485250.000000
679000,13,185615,0.800000,1.000000,0.682591,1.000000,0.000000,0,0.000000,677609.000000,1.000000,551069552042.000000,1485250.000000
679000,14,185655,0.800000,1.000000,0.735095,1.000000,0.000000,0,0.000000,678883.000000,1.000000,551069552042.000000,1485250.000000
679000,15,185658,0.800000,1.000000,0.729740,1.000000,0.000000,1,554351.000000,679000.000000,1.000000,551069552042.000000,1485250.000000
680000,0,185924,0.800000,1.000000,0.571908,1.000000,0.000000,0,0.000000,679103.000000,1.000000,552703312041.000000,371857.000000
680000,1,185900,0.800000,1.000000,0.623505,1.000000,0.000000,0,0.000000,678080.000000,1.000000,552703312041.000000,371857.000000
680000,2,185916,0.800000,1.000000,0.645718,1.000000,0.000000,0,0.000000,679712.000000,1.000000,552703312041.000000,371857.000000
680000,3,185887,0.800000,1.000000,0.824115,1.000000,0.000000,0,0.000000,679214.000000,1.000000,552703312041.000000,371857.000000
680000,4,185926,0.800000,1.000000,0.583810,1.000000,0.000000,0,0.000000,679970.000000,1.000000,552703312041.000000,371857.000000
680000,5,185905,0.800000,1.000000,0.569270,1.000000,0.000000,0,0.000000,679871.000000,1.000000,552703312041.000000,371857.000000
680000,6,185925,0.800000,1.000000,0.555744,1.000000,0.000000,0,0.000000,679935.000000,1.000000,552703312041.000000,371857.000000
680000,7,185927,0.800000,1.000000,0.605481,1.000000,0.000000,0,0.000000,679993.000000,1.000000,552703312041.000000,371857.000000
680000,8,185923,0.800000,1.000000,0.581898,1.000000,0.000000,0,0.000000,679899.000000,1.000000,552703312041.000000,371857.000000
680000,9,185883,0.800000,1.000000,0.655657,1.000000,0.000000,0,0.000000,679775.000000,1.000000,552703312041.000000,371857.000000
680000,10,185846,0.800000,1.000000,0.610777,1.000000,0.000000,0,0.000000,679515.000000,1.000000,552703312041.000000,371857.000000
680000,11,185084,0.800000,1.000000,0.710915,1.000000,0.000000,0,0.000000,673570.000000,1.000000,552703312041.000000,371857.000000
680000,12,185927,0.800000,1.000000,0.647425,1.000000,0.000000,0,0.000000,679987.000000,1.000000,552703312041.000000,371857.000000
680000,13,185928,0.800000,1.000000,0.611542,1.000000,0.000000,1,543353.000000,680000.000000,1.000000,552703312041.000000,371857.000000
680000,14,185929,0.800000,1.000000,0.602490,1.000000,0.000000,0,0.000000,679999.000000,1.000000,552703312041.000000,371857.000000
680000,15,185929,0.800000,1.000000,0.625592,1.000000,0.000000,0,0.000000,679995.000000,1.000000,552703312041.000000,371857.000000
681000,0,186175,0.800000,1.000000,0.598478,1.000000,0.000000,0,0.000000,680935.000000,1.000000,554143756404.000000,1115393.000000
681000,1,186176,0.800000,1.000000,0.598054,1.000000,0.000000,0,0.000000,680999.000000,1.000000,554143756404.000000,1115393.000000
681000,2,186067,0.800000,1.000000,0.541537,1.000000,0.000000,0,0.000000,680525.000000,1.000000,554143756404.000000,1115393.000000
681000,3,186176,0.800000,1.000000,0.619923,1.000000,0.000000,1,545375.000000,681000.000000,1.000000,554143756404.000000,1115393.000000
681000,4,186176,0.800000,1.000000,0.592715,1.000000,0.000000,0,0.000000,680995.000000,1.000000,554143756404.000000,1115393.000000
681000,5,186176,0.800000,1.000000,0.694511,1.000000,0.000000,0,0.000000,680989.000000,1.000000,554143756404.000000,1115393.000000
681000,6,186169,0.800000,1.000000,0.540870,1.000000,0.000000,0,0.000000,680939.000000,1.000000,554143756404.000000,1115393.000000
681000,7,186134,0.800000,1.000000,0.601881,1.000000,0.000000,0,0.000000,680772.000000,1.000000,554143756404.000000,1115393.000000
681000,8,186075,0.800000,1.000000,0.607344,1.000000,0.000000,0,0.000000,679899.000000,1.000000,554143756404.000000,1115393.000000
681000,9,185992,0.800000,1.000000,0.484219,1.000000,0.000000,0,0.000000,679775.000000,1.000000,554143756404.000000,1115393.000000
681000,10,186177,0.800000,1.000000,0.512464,1.000000,0.000000,0,0.000000,680994.000000,1.000000,554143756404.000000,1115393.000000
681000,11,185458,0.800000,1.000000,0.613084,1.000000,0.000000,0,0.000000,673570.000000,1.000000,554143756404.000000,1115393.000000
681000,12,186177,0.800000,1.000000,0.586179,1.000000,0.000000,0,0.000000,680998.000000,1.000000,554143756404.000000,1115393.000000
681000,13,186162,0.800000,1.000000,0.626372,1.000000,0.000000,0,0.000000,680929.000000,1.000000,554143756404.000000,1115393.000000
681000,14,186167,0.800000,1.000000,0.613538,1.000000,0.000000,0,0.000000,680598.000000,1.000000,554143756404.000000,1115393.000000
681000,15,186175,0.800000,1.000000,0.651384,1.000000,0.000000,0,0.000000,680917.000000,1.000000,554143756404.000000,1115393.000000
682000,0,186420,0.800000,1.000000,0.635465,1.000000,0.000000,0,0.000000,681728.000000,1.000000,555775453917.000000,1490376.000000
682000,1,186448,0.800000,1.000000,0.641468,1.000000,0.000000,0,0.000000,681995.000000,1.000000,555775453917.000000,1490376.000000
682000,2,186226,0.800000,1.000000,0.620445,1.000000,0.000000,0,0.000000,680525.000000,1.000000,555775453917.000000,1490376.000000
682000,3,186448,0.800000,1.000000,0.619750,1.000000,0.000000,0,0.000000,681998.000000,1.000000,555775453917.000000,1490376.000000
682000,4,186448,0.800000,1.000000,0.629662,1.000000,0.000000,1,548056.000000,682000.000000,1.000000,555775453917.000000,1490376.000000
682000,5,186415,0.800000,1.000000,0.688307,1.000000,0.000000,0,0.000000,681297.000000,1.000000,555775453917.000000,1490376.000000
682000,6,186447,0.800000,1.000000,0.599759,1.000000,0.000000,0,0.000000,681987.000000,1.000000,555775453917.000000,1490376.000000
682000,7,186440,0.800000,1.000000,0.597132,1.000000,0.000000,0,0.000000,681825.000000,1.000000,555775453917.000000,1490376.000000
682000,8,186354,0.800000,1.000000,0.598329,1.000000,0.000000,0,0.000000,679899.000000,1.000000,555775453917.000000,1490376.000000
682000,9,186290,0.800000,1.000000,0.555060,1.000000,0.000000,0,0.000000,679775.000000,1.000000,555775453917.000000,1490376.000000
682000,10,186449,0.800000,1.000000,0.646151,1.000000,0.000000,0,0.000000,681965.000000,1.000000,555775453917.000000,1490376.000000
682000,11,185851,0.800000,1.000000,0.733320,1.000000,0.000000,0,0.000000,673570.000000,1.000000,555775453917.000000,1490376.000000
682000,12,186440,0.800000,1.000000,0.591560,1.000000,0.000000,0,0.000000,681755.000000,1.000000,555775453917.000000,1490376.000000
682000,13,186448,0.800000,1.000000,0.666236,1.000000,0.000000,0,0.000000,681999.000000,1.000000,555775453917.000000,1490376.000000
682000,14,186442,0.800000,1.000000,0.678191,1.000000,0.000000,0,0.000000,681908.000000,1.000000,555775453917.000000,1490376.000000
682000,15,186447,0.800000,1.000000,0.517675,1.000000,0.000000,0,0.000000,681945.000000,1.000000,555775453917.000000,1490376.000000
683000,0,186698,0.800000,1.000000,0.667141,1.000000,0.000000,0,0.000000,682999.000000,1.000000,557414401323.000000,746784.000000
683000,1,186699,0.800000,1.000000,0.760606,1.000000,0.000000,1,555901.000000,683000.000000,1.000000,557414401323.000000,746784.000000
683000,2,186582,0.800000,1.000000,0.657422,1.000000,0.000000,0,0.000000,680525.000000,1.000000,557414401323.000000,746784.000000
683000,3,186694,0.800000,1.000000,0.742671,1.000000,0.000000,0,0.000000,682338.000000,1.000000,557414401323.000000,746784.000000
683000,4,186641,0.800000,1.000000,0.687927,1.000000,0.000000,0,0.000000,682701.000000,1.000000,557414401323.000000,746784.000000
683000,5,186684,0.800000,1.000000,0.568995,1.000000,0.000000,0,0.000000,682935.000000,1.000000,557414401323.000000,746784.000000
683000,6,186681,0.800000,1.000000,0.548671,1.000000,0.000000,0,0.000000,682827.000000,1.000000,557414401323.000000,746784.000000
683000,7,186688,0.800000,1.000000,0.645548,1.000000,0.000000,0,0.000000,682652.000000,1.000000,557414401323.000000,746784.000000
683000,8,186699,0.800000,1.000000,0.637173,1.000000,0.000000,0,0.000000,682984.000000,1.000000,557414401323.000000,746784.000000
683000,9,186671,0.800000,1.000000,0.668916,1.000000,0.000000,0,0.000000,679775.000000,1.000000,557414401323.000000,746784.000000
683000,10,186698,0.800000,1.000000,0.613565,1.000000,0.000000,0,0.000000,682994.000000,1.000000,557414401323.000000,746784.000000
683000,11,186202,0.800000,1.000000,0.501781,1.000000,0.000000,0,0.000000,673570.000000,1.000000,557414401323.000000,746784.000000
683000,12,186680,0.800000,1.000000,0.711502,1.000000,0.000000,0,0.000000,682909.000000,1.000000,557414401323.000000,746784.000000
683000,13,186692,0.800000,1.000000,0.586497,1.000000,0.000000,0,0.000000,682978.000000,1.000000,557414401323.000000,746784.000000
683000,14,186699,0.800000,1.000000,0.761432,1.000000,0.000000,0,0.000000,682997.000000,1.000000,557414401323.000000,746784.000000
683000,15,186699,0.800000,1.000000,0.590421,1.000000,0.000000,0,0.000000,682995.000000,1.000000,557414401323.000000,746784.000000
684000,0,186956,0.800000,1.000000,0.603334,1.000000,0.000000,0,0.000000,683988.000000,1.000000,558922377606.000000,0.000000
684000,1,186956,0.800000,1.000000,0.657251,1.000000,0.000000,0,0.000000,683995.000000,1.000000,558922377606.000000,0.000000
684000,2,186850,0.800000,1.000000,0.584639,1.000000,0.000000,0,0.000000,680525.000000,1.000000,558922377606.000000,0.000000
684000,3,186955,0.800000,1.000000,0.567022,1.000000,0.000000,0,0.000000,683993.000000,1.000000,558922377606.000000,0.000000
684000,4,186805,0.800000,1.000000,0.647589,1.000000,0.000000,0,0.000000,682701.000000,1.000000,558922377606.000000,0.000000
684000,5,186955,0.800000,1.000000,0.688891,1.000000,0.000000,0,0.000000,683996.000000,1.000000,558922377606.000000,0.000000
684000,6,186955,0.800000,1.000000,0.626582,1.000000,0.000000,0,0.000000,683891.000000,1.000000,558922377606.000000,0.000000
684000,7,186876,0.800000,1.000000,0.608822,1.000000,0.000000,0,0.000000,683059.000000,1.000000,558922377606.000000,0.000000
684000,8,186956,0.800000,1.000000,0.742638,1.000000,0.000000,0,0.000000,683998.000000,1.000000,558922377606.000000,0.000000
684000,9,186937,0.800000,1.000000,0.603168,1.000000,0.000000,0,0.000000,683879.000000,1.000000,558922377606.000000,0.000000
684000,10,186956,0.800000,1.000000,0.586967,1.000000,0.000000,1,554069.000000,684000.000000,1.000000,558922377606.000000,0.000000
684000,11,186541,0.800000,1.000000,0.722926,1.000000,0.000000,0,0.000000,673570.000000,1.000000,558922377606.000000,0.000000
684000,12,186950,0.800000,1.000000,0.382123,1.000000,0.000000,0,0.000000,683959.000000,1.000000,558922377606.000000,0.000000
684000,13,186908,0.800000,1.000000,0.719284,1.000000,0.000000,0,0.000000,683719.000000,1.000000,558922377606.000000,0.000000
684000,14,186944,0.800000,1.000000,0.598922,1.000000,0.000000,0,0.000000,683939.000000,1.000000,558922377606.000000,0.000000
684000,15,186944,0.800000,1.000000,0.518606,1.000000,0.000000,0,0.000000,683832.000000,1.000000,558922377606.000000,0.000000
685000,0,187258,0.800000,1.000000,0.654723,1.000000,0.000000,0,0.000000,684998.000000,1.000000,560787032520.000000,1872315.000000
685000,1,187244,0.800000,1.000000,0.610356,1.000000,0.000000,0,0.000000,684940.000000,1.000000,560787032520.000000,1872315.000000
685000,2,187240,0.800000,1.000000,0.677200,1.000000,0.000000,0,0.000000,680525.000000,1.000000,560787032520.000000,1872315.000000
685000,3,187253,0.800000,1.000000,0.683831,1.000000,0.000000,0,0.000000,684805.000000,1.000000,560787032520.000000,1872315.000000
685000,4,187211,0.800000,1.000000,0.631076,1.000000,0.000000,0,0.000000,682701.000000,1.000000,560787032520.000000,1872315.000000
685000,5,187259,0.800000,1.000000,0.557072,1.000000,0.000000,0,0.000000,684977.000000,1.000000,560787032520.000000,1872315.000000
685000,6,187259,0.800000,1.000000,0.732154,1.000000,0.000000,0,0.000000,684999.000000,1.000000,560787032520.000000,1872315.000000
685000,7,187242,0.800000,1.000000,0.580507,1.000000,0.000000,0,0.000000,683059.000000,1.000000,560787032520.000000,1872315.000000
685000,8,187252,0.800000,1.000000,0.674265,1.000000,0.000000,0,0.000000,684654.000000,1.000000,560787032520.000000,1872315.000000
685000,9,187259,0.800000,1.000000,0.633133,1.000000,0.000000,1,545772.000000,685000.000000,1.000000,560787032520.000000,1872315.000000
685000,10,187245,0.800000,1.000000,0.618403,1.000000,0.000000,0,0.000000,684417.000000,1.000000,560787032520.000000,1872315.000000
685000,11,186759,0.800000,1.000000,0.657221,1.000000,0.000000,0,0.000000,673570.000000,1.000000,560787032520.000000,1872315.000000
685000,12,187260,0.800000,1.000000,0.631594,1.000000,0.000000,0,0.000000,684991.000000,1.000000,560787032520.000000,1872315.000000
685000,13,187194,0.800000,1.000000,0.581447,1.000000,0.000000,0,0.000000,683719.000000,1.000000,560787032520.000000,1872315.000000
685000,14,187254,0.800000,1.000000,0.656336,1.000000,0.000000,0,0.000000,684974.000000,1.000000,560787032520.000000,1872315.000000
685000,15,187239,0.800000,1.000000,0.709560,1.000000,0.000000,0,0.000000,684510.000000,1.000000,560787032520.000000,1872315.000000
686000,0,187504,0.800000,1.000000,0.668362,1.000000,0.000000,0,0.000000,685890.000000,1.000000,562284117275.000000,1125111.000000
686000,1,187533,0.800000,1.000000,0.685842,1.000000,0.000000,0,0.000000,685996.000000,1.000000,562284117275.000000,1125111.000000
686000,2,187533,0.800000,1.000000,0.692986,1.000000,0.000000,0,0.000000,685999.000000,1.000000,562284117275.000000,1125111.000000
686000,3,187527,0.800000,1.000000,0.615661,1.000000,0.000000,0,0.000000,685948.000000,1.000000,562284117275.000000,1125111.000000
686000,4,187496,0.800000,1.000000,0.635435,1.000000,0.000000,0,0.000000,685719.000000,1.000000,562284117275.000000,1125111.000000
686000,5,187534,0.800000,1.000000,0.546408,1.000000,0.000000,1,549562.000000,686000.000000,1.000000,562284117275.000000,1125111.000000
686000,6,187523,0.800000,1.000000,0.610120,1.000000,0.000000,0,0.000000,685331.000000,1.000000,562284117275.000000,1125111.000000
686000,7,187534,0.800000,1.000000,0.662950,1.000000,0.000000,0,0.000000,685995.000000,1.000000,562284117275.000000,1125111.000000
686000,8,187285,0.800000,1.000000,0.584906,1.000000,0.000000,0,0.000000,685095.000000,1.000000,562284117275.000000,1125111.000000
686000,9,187510,0.800000,1.000000,0.573531,1.000000,0.000000,0,0.000000,685819.000000,1.000000,562284117275.000000,1125111.000000
686000,10,187534,0.800000,1.000000,0.651097,1.000000,0.000000,0,0.000000,685997.000000,1.000000,562284117275.000000,1125111.000000
686000,11,186840,0.800000,1.000000,0.723960,1.000000,0.000000,0,0.000000,673570.000000,1.000000,562284117275.000000,1125111.000000
686000,12,187477,0.800000,1.000000,0.499332,1.000000,0.000000,0,0.000000,685481.000000,1.000000,562284117275.000000,1125111.000000
686000,13,187531,0.800000,1.000000,0.620768,1.000000,0.000000,0,0.000000,685986.000000,1.000000,562284117275.000000,1125111.000000
686000,14,187532,0.800000,1.000000,0.617504,1.000000,0.000000,0,0.000000,685987.000000,1.000000,562284117275.000000,1125111.000000
686000,15,187530,0.800000,1.000000,0.661863,1.000000,0.000000,0,0.000000,685981.000000,1.000000,562284117275.000000,1125111.000000
687000,0,187781,0.800000,1.000000,0.683603,1.000000,0.000000,0,0.000000,685890.000000,1.000000,563950120101.000000,3003858.000000
687000,1,187813,0.800000,1.000000,0.638434,1.000000,0.000000,0,0.000000,686878.000000,1.000000,563950120101.000000,3003858.000000
687000,2,187812,0.800000,1.000000,0.562801,1.000000,0.000000,0,0.000000,686886.000000,1.000000,563950120101.000000,3003858.000000
687000,3,187818,0.800000,1.000000,0.656358,1.000000,0.000000,0,0.000000,686998.000000,1.000000,563950120101.000000,3003858.000000
687000,4,187817,0.800000,1.000000,0.671202,1.000000,0.000000,0,0.000000,686993.000000,1.000000,563950120101.000000,3003858.000000
687000,5,187816,0.800000,1.000000,0.540512,1.000000,0.000000,0,0.000000,686979.000000,1.000000,563950120101.000000,3003858.000000
687000,6,187818,0.800000,1.000000,0.558038,1.000000,0.000000,1,578332.000000,687000.000000,1.000000,563950120101.000000,3003858.000000
687000,7,187818,0.800000,1.000000,0.612491,1.000000,0.000000,0,0.000000,686994.000000,1.000000,563950120101.000000,3003858.000000
687000,8,187285,0.800000,1.000000,0.584906,1.000000,0.000000,0,0.000000,685095.000000,1.000000,563950120101.000000,3003858.000000
687000,9,187818,0.800000,1.000000,0.685390,1.000000,0.000000,0,0.000000,686887.000000,1.000000,563950120101.000000,3003858.000000
687000,10,187819,0.800000,1.000000,0.724013,1.000000,0.000000,0,0.000000,686997.000000,1.000000,563950120101.000000,3003858.000000
687000,11,187210,0.800000,1.000000,0.611951,1.000000,0.000000,0,0.000000,673570.000000,1.000000,563950120101.000000,3003858.000000
687000,12,187786,0.800000,1.000000,0.707383,1.000000,0.000000,0,0.000000,685481.000000,1.000000,563950120101.000000,3003858.000000
687000,13,187816,0.800000,1.000000,0.487999,1.000000,0.000000,0,0.000000,686947.000000,1.000000,563950120101.000000,3003858.000000
687000,14,187818,0.800000,1.000000,0.707165,1.000000,0.000000,0,0.000000,686999.000000,1.000000,563950120101.000000,3003858.000000
687000,15,187818,0.800000,1.000000,0.695681,1.000000,0.000000,0,0.000000,686988.000000,1.000000,563950120101.000000,3003858.000000
688000,0,188086,0.800000,1.000000,0.767774,1.000000,0.000000,0,0.000000,687883.000000,1.000000,565489754878.000000,3009366.000000
688000,1,188093,0.800000,1.000000,0.681927,1.000000,0.000000,1,559486.000000,688000.000000,1.000000,565489754878.000000,3009366.000000
688000,2,188038,0.800000,1.000000,0.590731,1.000000,0.000000,0,0.000000,687452.000000,1.000000,565489754878.000000,3009366.000000
688000,3,188094,0.800000,1.000000,0.656252,1.000000,0.000000,0,0.000000,687990.000000,1.000000,565489754878.000000,3009366.000000
688000,4,188094,0.800000,1.000000,0.605782,1.000000,0.000000,0,0.000000,687998.000000,1.000000,565489754878.000000,3009366.000000
688000,5,188027,0.800000,1.000000,0.656354,1.000000,0.000000,0,0.000000,687432.000000,1.000000,565489754878.000000,3009366.000000
688000,6,188089,0.800000,1.000000,0.704410,1.000000,0.000000,0,0.000000,687928.000000,1.000000,565489754878.000000,3009366.000000
688000,7,188094,0.800000,1.000000,0.658705,1.000000,0.000000,0,0.000000,687994.000000,1.000000,565489754878.000000,3009366.000000
688000,8,187285,0.800000,1.000000,0.584906,1.000000,0.000000,0,0.000000,685095.000000,1.000000,565489754878.000000,3009366.000000
688000,9,188093,0.800000,1.000000,0.618500,1.000000,0.000000,0,0.000000,687999.000000,1.000000,565489754878.000000,3009366.000000
688000,10,188092,0.800000,1.000000,0.497173,1.000000,0.000000,0,0.000000,687980.000000,1.000000,565489754878.000000,3009366.000000
688000,11,187566,0.800000,1.000000,0.523275,1.000000,0.000000,0,0.000000,673570.000000,1.000000,565489754878.000000,3009366.000000
688000,12,188094,0.800000,1.000000,0.679103,1.000000,0.000000,0,0.000000,687996.000000,1.000000,565489754878.000000,3009366.000000
688000,13,188077,0.800000,1.000000,0.654556,1.000000,0.000000,0,0.000000,687879.000000,1.000000,565489754878.000000,3009366.000000
688000,14,188094,0.800000,1.000000,0.637994,1.000000,0.000000,0,0.000000,687997.000000,1.000000,565489754878.000000,3009366.000000
688000,15,188044,0.800000,1.000000,0.552166,1.000000,0.000000,0,0.000000,687192.000000,1.000000,565489754878.000000,3009366.000000
689000,0,188362,0.800000,1.000000,0.722624,1.000000,0.000000,1,552274.000000,689000.000000,1.000000,567041803508.000000,1883543.000000
689000,1,188331,0.800000,1.000000,0.674862,1.000000,0.000000,0,0.000000,688607.000000,1.000000,567041803508.000000,1883543.000000
689000,2,188354,0.800000,1.000000,0.487536,1.000000,0.000000,0,0.000000,688960.000000,1.000000,567041803508.000000,1883543.000000
689000,3,188338,0.800000,1.000000,0.579144,1.000000,0.000000,0,0.000000,688836.000000,1.000000,567041803508.000000,1883543.000000
689000,4,188362,0.800000,1.000000,0.575908,1.000000,0.000000,0,0.000000,688962.000000,1.000000,567041803508.000000,1883543.000000
689000,5,188358,0.800000,1.000000,0.496951,1.000000,0.000000,0,0.000000,688957.000000,1.000000,567041803508.000000,1883543.000000
689000,6,188360,0.800000,1.000000,0.683901,1.000000,0.000000,0,0.000000,688789.000000,1.000000,567041803508.000000,1883543.000000
689000,7,188363,0.800000,1.000000,0.760140,1.000000,0.000000,0,0.000000,688997.000000,1.000000,567041803508.000000,1883543.000000
689000,8,187285,0.800000,1.000000,0.584906,1.000000,0.000000,0,0.000000,685095.000000,1.000000,567041803508.000000,1883543.000000
689000,9,188362,0.800000,1.000000,0.698732,1.000000,0.000000,0,0.000000,688999.000000,1.000000,567041803508.000000,1883543.000000
689000,10,188355,0.800000,1.000000,0.491593,1.000000,0.000000,0,0.000000,688915.000000,1.000000,567041803508.000000,1883543.000000
689000,11,187926,0.800000,1.000000,0.625068,1.000000,0.000000,0,0.000000,673570.000000,1.000000,567041803508.000000,1883543.000000
689000,12,188355,0.800000,1.000000,0.735379,1.000000,0.000000,0,0.000000,688968.000000,1.000000,567041803508.000000,1883543.000000
689000,13,188363,0.800000,1.000000,0.671430,1.000000,0.000000,0,0.000000,688996.000000,1.000000,567041803508.000000,1883543.000000
689000,14,188281,0.800000,1.000000,0.616000,1.000000,0.000000,0,0.000000,688487.000000,1.000000,567041803508.000000,1883543.000000
689000,15,188329,0.800000,1.000000,0.614382,1.000000,0.000000,0,0.000000,688887.000000,1.000000,567041803508.000000,1883543.000000
690000,0,188639,0.800000,1.000000,0.764840,1.000000,0.000000,0,0.000000,689996.000000,1.000000,568722963754.000000,1508974.000000
690000,1,188623,0.800000,1.000000,0.705927,1.000000,0.000000,0,0.000000,689937.000000,1.000000,568722963754.000000,1508974.000000
690000,2,188633,0.800000,1.000000,0.649302,1.000000,0.000000,0,0.000000,689969.000000,1.000000,568722963754.000000,1508974.000000
690000,3,188601,0.800000,1.000000,0.728037,1.000000,0.000000,0,0.000000,689207.000000,1.000000,568722963754.000000,1508974.000000
690000,4,188640,0.800000,1.000000,0.662610,1.000000,0.000000,0,0.000000,689998.000000,1.000000,568722963754.000000,1508974.000000
690000,5,188579,0.800000,1.000000,0.653043,1.000000,0.000000,0,0.000000,689687.000000,1.000000,568722963754.000000,1508974.000000
690000,6,188640,0.800000,1.000000,0.645679,1.000000,0.000000,0,0.000000,689987.000000,1.000000,568722963754.000000,1508974.000000
690000,7,188638,0.800000,1.000000,0.709760,1.000000,0.000000,0,0.000000,689995.000000,1.000000,568722963754.000000,1508974.000000
690000,8,187586,0.800000,1.000000,0.654491,1.000000,0.000000,0,0.000000,685095.000000,1.000000,568722963754.000000,1508974.000000
690000,9,188640,0.800000,1.000000,0.680846,1.000000,0.000000,0,0.000000,689999.000000,1.000000,568722963754.000000,1508974.000000
690000,10,188594,0.800000,1.000000,0.599081,1.000000,0.000000,0,0.000000,689414.000000,1.000000,568722963754.000000,1508974.000000
690000,11,188240,0.800000,1.000000,0.563426,1.000000,0.000000,0,0.000000,673570.000000,1.000000,568722963754.000000,1508974.000000
690000,12,188640,0.800000,1.000000,0.659280,1.000000,0.000000,1,551264.000000,690000.000000,1.000000,568722963754.000000,1508974.000000
690000,13,188638,0.800000,1.000000,0.608497,1.000000,0.000000,0,0.000000,689986.000000,1.000000,568722963754.000000,1508974.000000
690000,14,188578,0.800000,1.000000,0.710941,1.000000,0.000000,0,0.000000,688487.000000,1.000000,568722963754.000000,1508974.000000
690000,15,188637,0.800000,1.000000,0.589059,1.000000,0.000000,0,0.000000,689959.000000,1.000000,568722963754.000000,1508974.000000
691000,0,188908,0.800000,1.000000,0.682020,1.000000,0.000000,0,0.000000,690901.000000,1.000000,570449954745.000000,2264928.000000
691000,1,188913,0.800000,1.000000,0.653682,1.000000,0.000000,0,0.000000,690999.000000,1.000000,570449954745.000000,2264928.000000
691000,2,188902,0.800000,1.000000,0.731129,1.000000,0.000000,0,0.000000,690778.000000,1.000000,570449954745.000000,2264928.000000
691000,3,188909,0.800000,1.000000,0.657064,1.000000,0.000000,0,0.000000,690961.000000,1.000000,570449954745.000000,2264928.000000
691000,4,188911,0.800000,1.000000,0.632883,1.000000,0.000000,0,0.000000,690963.000000,1.000000,570449954745.000000,2264928.000000
691000,5,188908,0.800000,1.000000,0.653319,1.000000,0.000000,0,0.000000,690972.000000,1.000000,570449954745.000000,2264928.000000
691000,6,188913,0.800000,1.000000,0.656186,1.000000,0.000000,1,581837.000000,691000.000000,1.000000,570449954745.000000,2264928.000000
691000,7,188890,0.800000,1.000000,0.571684,1.000000,0.000000,0,0.000000,690764.000000,1.000000,570449954745.000000,2264928.000000
691000,8,187939,0.800000,1.000000,0.701671,1.000000,0.000000,0,0.000000,685095.000000,1.000000,570449954745.000000,2264928.000000
691000,9,188914,0.800000,1.000000,0.669038,1.000000,0.000000,0,0.000000,690993.000000,1.000000,570449954745.000000,2264928.000000
691000,10,188879,0.800000,1.000000,0.724466,1.000000,0.000000,0,0.000000,689414.000000,1.000000,570449954745.000000,2264928.000000
691000,11,188555,0.800000,1.000000,0.590938,1.000000,0.000000,0,0.000000,673570.000000,1.000000,570449954745.000000,2264928.000000
691000,12,188914,0.800000,1.000000,0.711177,1.000000,0.000000,0,0.000000,690998.000000,1.000000,570449954745.000000,2264928.000000
691000,13,188913,0.800000,1.000000,0.600297,1.000000,0.000000,0,0.000000,690995.000000,1.000000,570449954745.000000,2264928.000000
691000,14,188875,0.800000,1.000000,0.654570,1.000000,0.000000,0,0.000000,690837.000000,1.000000,570449954745.000000,2264928.000000
691000,15,188880,0.800000,1.000000,0.616212,1.000000,0.000000,0,0.000000,690378.000000,1.000000,570449954745.000000,2264928.000000
692000,0,189199,0.800000,1.000000,0.714460,1.000000,0.000000,0,0.000000,691993.000000,1.000000,572266613552.000000,2270364.000000
692000,1,189195,0.800000,1.000000,0.525142,1.000000,0.000000,0,0.000000,691949.000000,1.000000,572266613552.000000,2270364.000000
692000,2,189196,0.800000,1.000000,0.528420,1.000000,0.000000,0,0.000000,691973.000000,1.000000,572266613552.000000,2270364.000000
692000,3,189199,0.800000,1.000000,0.778502,1.000000,0.000000,1,553512.000000,692000.000000,1.000000,572266613552.000000,2270364.000000
692000,4,189200,0.800000,1.000000,0.694010,1.000000,0.000000,0,0.000000,691998.000000,1.000000,572266613552.000000,2270364.000000
692000,5,189199,0.800000,1.000000,0.645140,1.000000,0.000000,0,0.000000,691866.000000,1.000000,572266613552.000000,2270364.000000
692000,6,189179,0.800000,1.000000,0.544577,1.000000,0.000000,0,0.000000,691924.000000,1.000000,572266613552.000000,2270364.000000
692000,7,189170,0.800000,1.000000,0.631009,1.000000,0.000000,0,0.000000,690764.000000,1.000000,572266613552.000000,2270364.000000
692000,8,188257,0.800000,1.000000,0.682432,1.000000,0.000000,0,0.000000,685095.000000,1.000000,572266613552.000000,2270364.000000
692000,9,189200,0.800000,1.000000,0.670549,1.000000,0.000000,0,0.000000,691997.000000,1.000000,572266613552.000000,2270364.000000
692000,10,189175,0.800000,1.000000,0.589315,1.000000,0.000000,0,0.000000,691537.000000,1.000000,572266613552.000000,2270364.000000
692000,11,188976,0.800000,1.000000,0.602638,1.000000,0.000000,0,0.000000,673570.000000,1.000000,572266613552.000000,2270364.000000
692000,12,189190,0.800000,1.000000,0.583773,1.000000,0.000000,0,0.000000,691544.000000,1.000000,572266613552.000000,2270364.000000
692000,13,189200,0.800000,1.000000,0.579429,1.000000,0.000000,0,0.000000,691999.000000,1.000000,572266613552.000000,2270364.000000
692000,14,189196,0.800000,1.000000,0.620331,1.000000,0.000000,0,0.000000,691948.000000,1.000000,572266613552.000000,2270364.000000
692000,15,189199,0.800000,1.000000,0.586423,1.000000,0.000000,0,0.000000,691984.000000,1.000000,572266613552.000000,2270364.000000
693000,0,189482,0.800000,1.000000,0.540175,1.000000,0.000000,0,0.000000,692983.000000,1.000000,574042593122.000000,3029872.000000
693000,1,189479,0.800000,1.000000,0.607408,1.000000,0.000000,0,0.000000,692873.000000,1.000000,574042593122.000000,3029872.000000
693000,2,189480,0.800000,1.000000,0.630395,1.000000,0.000000,0,0.000000,692986.000000,1.000000,574042593122.000000,3029872.000000
693000,3,189478,0.800000,1.000000,0.727102,1.000000,0.000000,0,0.000000,692970.000000,1.000000,574042593122.000000,3029872.000000
693000,4,189481,0.800000,1.000000,0.686027,1.000000,0.000000,0,0.000000,692997.000000,1.000000,574042593122.000000,3029872.000000
693000,5,189480,0.800000,1.000000,0.532925,1.000000,0.000000,0,0.000000,692991.000000,1.000000,574042593122.000000,3029872.000000
693000,6,189482,0.800000,1.000000,0.710697,1.000000,0.000000,1,583117.000000,693000.000000,1.000000,574042593122.000000,3029872.000000
693000,7,189465,0.800000,1.000000,0.616118,1.000000,0.000000,0,0.000000,692410.000000,1.000000,574042593122.000000,3029872.000000
693000,8,188594,0.800000,1.000000,0.569276,1.000000,0.000000,0,0.000000,685095.000000,1.000000,574042593122.000000,3029872.000000
693000,9,189482,0.800000,1.000000,0.550260,1.000000,0.000000,0,0.000000,692985.000000,1.000000,574042593122.000000,3029872.000000
693000,10,189483,0.800000,1.000000,0.644852,1.000000,0.000000,0,0.000000,692999.000000,1.000000,574042593122.000000,3029872.000000
693000,11,189335,0.800000,1.000000,0.554095,1.000000,0.000000,0,0.000000,673570.000000,1.000000,574042593122.000000,3029872.000000
693000,12,189472,0.800000,1.000000,0.526678,1.000000,0.000000,0,0.000000,692931.000000,1.000000,574042593122.000000,3029872.000000
693000,13,189480,0.800000,1.000000,0.606031,1.000000,0.000000,0,0.000000,692905.000000,1.000000,574042593122.000000,3029872.000000
693000,14,189476,0.800000,1.000000,0.679130,1.000000,0.000000,0,0.000000,692962.000000,1.000000,574042593122.000000,3029872.000000
693000,15,189473,0.800000,1.000000,0.544560,1.000000,0.000000,0,0.000000,692259.000000,1.000000,574042593122.000000,3029872.000000
694000,0,189763,0.800000,1.000000,0.626922,1.000000,0.000000,0,0.000000,693947.000000,1.000000,575775780204.000000,2277164.000000
694000,1,189711,0.800000,1.000000,0.661471,1.000000,0.000000,0,0.000000,693751.000000,1.000000,575775780204.000000,2277164.000000
694000,2,189775,0.800000,1.000000,0.585809,1.000000,0.000000,0,0.000000,693979.000000,1.000000,575775780204.000000,2277164.000000
694000,3,189775,0.800000,1.000000,0.672650,1.000000,0.000000,0,0.000000,693996.000000,1.000000,575775780204.000000,2277164.000000
694000,4,189775,0.800000,1.000000,0.682707,1.000000,0.000000,1,557870.000000,694000.000000,1.000000,575775780204.000000,2277164.000000
694000,5,189758,0.800000,1.000000,0.525333,1.000000,0.000000,0,0.000000,693460.000000,1.000000,575775780204.000000,2277164.000000
694000,6,189729,0.800000,1.000000,0.642563,1.000000,0.000000,0,0.000000,693206.000000,1.000000,575775780204.000000,2277164.000000
694000,7,189740,0.800000,1.000000,0.626316,1.000000,0.000000,0,0.000000,693840.000000,1.000000,575775780204.000000,2277164.000000
694000,8,188953,0.800000,1.000000,0.625933,1.000000,0.000000,0,0.000000,685095.000000,1.000000,575775780204.000000,2277164.000000
694000,9,189775,0.800000,1.000000,0.563163,1.000000,0.000000,0,0.000000,693974.000000,1.000000,575775780204.000000,2277164.000000
694000,10,189636,0.800000,1.000000,0.731906,1.000000,0.000000,0,0.000000,693348.000000,1.000000,575775780204.000000,2277164.000000
694000,11,189707,0.800000,1.000000,0.835735,1.000000,0.000000,0,0.000000,673570.000000,1.000000,575775780204.000000,2277164.000000
694000,12,189773,0.800000,1.000000,0.592113,1.000000,0.000000,0,0.000000,693854.000000,1.000000,575775780204.000000,2277164.000000
694000,13,189775,0.800000,1.000000,0.772064,1.000000,0.000000,0,0.000000,693999.000000,1.000000,575775780204.000000,2277164.000000
694000,14,189774,0.800000,1.000000,0.610127,1.000000,0.000000,0,0.000000,693978.000000,1.000000,575775780204.000000,2277164.000000
694000,15,189775,0.800000,1.000000,0.634936,1.000000,0.000000,0,0.000000,693993.000000,1.000000,575775780204.000000,2277164.000000
695000,0,190020,0.800000,1.000000,0.512239,1.000000,0.000000,0,0.000000,694581.000000,1.000000,577342254818.000000,1900263.000000
695000,1,189711,0.800000,1.000000,0.661471,1.000000,0.000000,0,0.000000,693751.000000,1.000000,577342254818.000000,1900263.000000
695000,2,190023,0.800000,1.000000,0.688429,1.000000,0.000000,0,0.000000,694317.000000,1.000000,577342254818.000000,1900263.000000
695000,3,190038,0.800000,1.000000,0.695320,1.000000,0.000000,0,0.000000,694999.000000,1.000000,577342254818.000000,1900263.000000
695000,4,190038,0.800000,1.000000,0.641279,1.000000,0.000000,0,0.000000,694995.000000,1.000000,577342254818.000000,1900263.000000
695000,5,190035,0.800000,1.000000,0.602665,1.000000,0.000000,0,0.000000,694981.000000,1.000000,577342254818.000000,1900263.000000
695000,6,190038,0.800000,1.000000,0.690090,1.000000,0.000000,1,584837.000000,695000.000000,1.000000,577342254818.000000,1900263.000000
695000,7,190039,0.800000,1.000000,0.624747,1.000000,0.000000,0,0.000000,694998.000000,1.000000,577342254818.000000,1900263.000000
695000,8,189253,0.800000,1.000000,0.620837,1.000000,0.000000,0,0.000000,685095.000000,1.000000,577342254818.000000,1900263.000000
695000,9,190039,0.800000,1.000000,0.587507,1.000000,0.000000,0,0.000000,694990.000000,1.000000,577342254818.000000,1900263.000000
695000,10,189996,0.800000,1.000000,0.553978,1.000000,0.000000,0,0.000000,693348.000000,1.000000,577342254818.000000,1900263.000000
695000,11,190013,0.800000,1.000000,0.681271,1.000000,0.000000,0,0.000000,694738.000000,1.000000,577342254818.000000,1900263.000000
695000,12,190037,0.800000,1.000000,0.756722,1.000000,0.000000,0,0.000000,694661.000000,1.000000,577342254818.000000,1900263.000000
695000,13,190039,0.800000,1.000000,0.657370,1.000000,0.000000,0,0.000000,694996.000000,1.000000,577342254818.000000,1900263.000000
695000,14,190019,0.800000,1.000000,0.704144,1.000000,0.000000,0,0.000000,694576.000000,1.000000,577342254818.000000,1900263.000000
695000,15,189982,0.800000,1.000000,0.657168,1.000000,0.000000,0,0.000000,694269.000000,1.000000,577342254818.000000,1900263.000000
696000,0,190315,0.800000,1.000000,0.611866,1.000000,0.000000,0,0.000000,695996.000000,1.000000,579035900895.000000,1141681.000000
696000,1,189932,0.800000,1.000000,0.651698,1.000000,0.000000,0,0.000000,693751.000000,1.000000,579035900895.000000,1141681.000000
696000,2,190316,0.800000,1.000000,0.624627,1.000000,0.000000,0,0.000000,695984.000000,1.000000,579035900895.000000,1141681.000000
696000,3,190314,0.800000,1.000000,0.708282,1.000000,0.000000,0,0.000000,695896.000000,1.000000,579035900895.000000,1141681.000000
696000,4,190217,0.800000,1.000000,0.771388,1.000000,0.000000,0,0.000000,695454.000000,1.000000,579035900895.000000,1141681.000000
696000,5,190208,0.800000,1.000000,0.616418,1.000000,0.000000,0,0.000000,695402.000000,1.000000,579035900895.000000,1141681.000000
696000,6,190317,0.800000,1.000000,0.626843,1.000000,0.000000,0,0.000000,695997.000000,1.000000,579035900895.000000,1141681.000000
696000,7,190311,0.800000,1.000000,0.718285,1.000000,0.000000,0,0.000000,695272.000000,1.000000,579035900895.000000,1141681.000000
696000,8,189650,0.800000,1.000000,0.626516,1.000000,0.000000,0,0.000000,685095.000000,1.000000,579035900895.000000,1141681.000000
696000,9,190317,0.800000,1.000000,0.644300,1.000000,0.000000,0,0.000000,695999.000000,1.000000,579035900895.000000,1141681.000000
696000,10,190316,0.800000,1.000000,0.604954,1.000000,0.000000,0,0.000000,695898.000000,1.000000,579035900895.000000,1141681.000000
696000,11,190309,0.800000,1.000000,0.475045,1.000000,0.000000,0,0.000000,695883.000000,1.000000,579035900895.000000,1141681.000000
696000,12,190318,0.800000,1.000000,0.629193,1.000000,0.000000,0,0.000000,695998.000000,1.000000,579035900895.000000,1141681.000000
696000,13,190318,0.800000,1.000000,0.649601,1.000000,0.000000,1,555325.000000,696000.000000,1.000000,579035900895.000000,1141681.000000
696000,14,190316,0.800000,1.000000,0.802355,1.000000,0.000000,0,0.000000,695992.000000,1.000000,579035900895.000000,1141681.000000
696000,15,190301,0.800000,1.000000,0.654266,1.000000,0.000000,0,0.000000,695945.000000,1.000000,579035900895.000000,1141681.000000
697000,0,190572,0.800000,1.000000,0.515640,1.000000,0.000000,0,0.000000,696600.000000,1.000000,580787371537.000000,1903945.000000
697000,1,190258,0.800000,1.000000,0.730284,1.000000,0.000000,0,0.000000,693751.000000,1.000000,580787371537.000000,1903945.000000
697000,2,190606,0.800000,1.000000,0.671114,1.000000,0.000000,0,0.000000,696993.000000,1.000000,580787371537.000000,1903945.000000
697000,3,190603,0.800000,1.000000,0.579013,1.000000,0.000000,0,0.000000,696922.000000,1.000000,580787371537.000000,1903945.000000
697000,4,190465,0.800000,1.000000,0.575238,1.000000,0.000000,0,0.000000,695454.000000,1.000000,580787371537.000000,1903945.000000
697000,5,190591,0.800000,1.000000,0.626510,1.000000,0.000000,0,0.000000,695402.000000,1.000000,580787371537.000000,1903945.000000
697000,6,190606,0.800000,1.000000,0.679215,1.000000,0.000000,0,0.000000,696997.000000,1.000000,580787371537.000000,1903945.000000
697000,7,190606,0.800000,1.000000,0.635190,1.000000,0.000000,0,0.000000,696985.000000,1.000000,580787371537.000000,1903945.000000
697000,8,189940,0.800000,1.000000,0.583243,1.000000,0.000000,0,0.000000,685095.000000,1.000000,580787371537.000000,1903945.000000
697000,9,190599,0.800000,1.000000,0.545798,1.000000,0.000000,0,0.000000,696870.000000,1.000000,580787371537.000000,1903945.000000
697000,10,190606,0.800000,1.000000,0.624406,1.000000,0.000000,0,0.000000,696990.000000,1.000000,580787371537.000000,1903945.000000
697000,11,190606,0.800000,1.000000,0.768992,1.000000,0.000000,1,596224.000000,697000.000000,1.000000,580787371537.000000,1903945.000000
697000,12,190606,0.800000,1.000000,0.618457,1.000000,0.000000,0,0.000000,696998.000000,1.000000,580787371537.000000,1903945.000000
697000,13,190502,0.800000,1.000000,0.610442,1.000000,0.000000,0,0.000000,696029.000000,1.000000,580787371537.000000,1903945.000000
697000,14,190607,0.800000,1.000000,0.679468,1.000000,0.000000,0,0.000000,696995.000000,1.000000,580787371537.000000,1903945.000000
697000,15,190602,0.800000,1.000000,0.544212,1.000000,0.000000,0,0.000000,696869.000000,1.000000,580787371537.000000,1903945.000000
698000,0,190884,0.800000,1.000000,0.630954,1.000000,0.000000,0,0.000000,697903.000000,1.000000,582702797342.000000,3052586.000000
698000,1,190650,0.800000,1.000000,0.532466,1.000000,0.000000,0,0.000000,693751.000000,1.000000,582702797342.000000,3052586.000000
698000,2,190860,0.800000,1.000000,0.794500,1.000000,0.000000,0,0.000000,697524.000000,1.000000,582702797342.000000,3052586.000000
698000,3,190892,0.800000,1.000000,0.645486,1.000000,0.000000,0,0.000000,697931.000000,1.000000,582702797342.000000,3052586.000000
698000,4,190829,0.800000,1.000000,0.676057,1.000000,0.000000,0,0.000000,695454.000000,1.000000,582702797342.000000,3052586.000000
698000,5,190896,0.800000,1.000000,0.569928,1.000000,0.000000,0,0.000000,697914.000000,1.000000,582702797342.000000,3052586.000000
698000,6,190901,0.800000,1.000000,0.618003,1.000000,0.000000,0,0.000000,697997.000000,1.000000,582702797342.000000,3052586.000000
698000,7,190898,0.800000,1.000000,0.680962,1.000000,0.000000,0,0.000000,697990.000000,1.000000,582702797342.000000,3052586.000000
698000,8,190325,0.800000,1.000000,0.595491,1.000000,0.000000,0,0.000000,685095.000000,1.000000,582702797342.000000,3052586.000000
698000,9,190898,0.800000,1.000000,0.550476,1.000000,0.000000,0,0.000000,697833.000000,1.000000,582702797342.000000,3052586.000000
698000,10,190901,0.800000,1.000000,0.690668,1.000000,0.000000,0,0.000000,697999.000000,1.000000,582702797342.000000,3052586.000000
698000,11,190897,0.800000,1.000000,0.738833,1.000000,0.000000,0,0.000000,697985.000000,1.000000,582702797342.000000,3052586.000000
698000,12,190900,0.800000,1.000000,0.573363,1.000000,0.000000,0,0.000000,697998.000000,1.000000,582702797342.000000,3052586.000000
698000,13,190872,0.800000,1.000000,0.585848,1.000000,0.000000,0,0.000000,696029.000000,1.000000,582702797342.000000,3052586.000000
698000,14,190894,0.800000,1.000000,0.720506,1.000000,0.000000,0,0.000000,697974.000000,1.000000,582702797342.000000,3052586.000000
698000,15,190901,0.800000,1.000000,0.631958,1.000000,0.000000,1,570148.000000,698000.000000,1.000000,582702797342.000000,3052586.000000
699000,0,191167,0.800000,1.000000,0.796166,1.000000,0.000000,0,0.000000,698981.000000,1.000000,584488376113.000000,1911695.000000
699000,1,191023,0.800000,1.000000,0.718221,1.000000,0.000000,0,0.000000,693751.000000,1.000000,584488376113.000000,1911695.000000
699000,2,191173,0.800000,1.000000,0.677139,1.000000,0.000000,0,0.000000,698984.000000,1.000000,584488376113.000000,1911695.000000
699000,3,191167,0.800000,1.000000,0.760120,1.000000,0.000000,0,0.000000,698718.000000,1.000000,584488376113.000000,1911695.000000
699000,4,191168,0.800000,1.000000,0.663827,1.000000,0.000000,0,0.000000,698976.000000,1.000000,584488376113.000000,1911695.000000
699000,5,191169,0.800000,1.000000,0.696060,1.000000,0.000000,0,0.000000,698934.000000,1.000000,584488376113.000000,1911695.000000
699000,6,191152,0.800000,1.000000,0.621758,1.000000,0.000000,0,0.000000,698920.000000,1.000000,584488376113.000000,1911695.000000
699000,7,191172,0.800000,1.000000,0.692435,1.000000,0.000000,0,0.000000,698992.000000,1.000000,584488376113.000000,1911695.000000
699000,8,190695,0.800000,1.000000,0.634411,1.000000,0.000000,0,0.000000,685095.000000,1.000000,584488376113.000000,1911695.000000
699000,9,191162,0.800000,1.000000,0.696227,1.000000,0.000000,0,0.000000,698565.000000,1.000000,584488376113.000000,1911695.000000
699000,10,191173,0.800000,1.000000,0.643414,1.000000,0.000000,0,0.000000,698998.000000,1.000000,584488376113.000000,1911695.000000
699000,11,191170,0.800000,1.000000,0.727322,1.000000,0.000000,0,0.000000,698989.000000,1.000000,584488376113.000000,1911695.000000
699000,12,191173,0.800000,1.000000,0.621304,1.000000,0.000000,0,0.000000,698997.000000,1.000000,584488376113.000000,1911695.000000
699000,13,191168,0.800000,1.000000,0.594380,1.000000,0.000000,0,0.000000,698969.000000,1.000000,584488376113.000000,1911695.000000
699000,14,191173,0.800000,1.000000,0.720874,1.000000,0.000000,1,560971.000000,699000.000000,1.000000,584488376113.000000,1911695.000000
699000,15,191168,0.800000,1.000000,0.586059,1.000000,0.000000,0,0.000000,698868.000000,1.000000,584488376113.000000,1911695.000000
700000,0,191435,0.800000,1.000000,0.664805,1.000000,0.000000,0,0.000000,699696.000000,1.000000,586211266295.000000,765020.000000
700000,1,191360,0.800000,1.000000,0.674162,1.000000,0.000000,0,0.000000,693751.000000,1.000000,586211266295.000000,765020.000000
700000,2,191452,0.800000,1.000000,0.567730,1.000000,0.000000,0,0.000000,699990.000000,1.000000,586211266295.000000,765020.000000
700000,3,191444,0.800000,1.000000,0.587983,1.000000,0.000000,0,0.000000,699966.000000,1.000000,586211266295.000000,765020.000000
700000,4,191453,0.800000,1.000000,0.609027,1.000000,0.000000,0,0.000000,699991.000000,1.000000,586211266295.000000,765020.000000
700000,5,191452,0.800000,1.000000,0.546215,1.000000,0.000000,0,0.000000,699956.000000,1.000000,586211266295.000000,765020.000000
700000,6,191426,0.800000,1.000000,0.750610,1.000000,0.000000,0,0.000000,698920.000000,1.000000,586211266295.000000,765020.000000
700000,7,191438,0.800000,1.000000,0.702606,1.000000,0.000000,0,0.000000,699947.000000,1.000000,586211266295.000000,765020.000000
700000,8,191058,0.800000,1.000000,0.646208,1.000000,0.000000,0,0.000000,685095.000000,1.000000,586211266295.000000,765020.000000
700000,9,191452,0.800000,1.000000,0.728974,1.000000,0.000000,0,0.000000,699993.000000,1.000000,586211266295.000000,765020.000000
700000,10,191349,0.800000,1.000000,0.598923,1.000000,0.000000,0,0.000000,699026.000000,1.000000,586211266295.000000,765020.000000
700000,11,191453,0.800000,1.000000,0.820965,1.000000,0.000000,0,0.000000,699998.000000,1.000000,586211266295.000000,765020.000000
700000,12,191449,0.800000,1.000000,0.659596,1.000000,0.000000,0,0.000000,699958.000000,1.000000,586211266295.000000,765020.000000
700000,13,191453,0.800000,1.000000,0.654735,1.000000,0.000000,0,0.000000,699854.000000,1.000000,586211266295.000000,765020.000000
700000,14,191450,0.800000,1.000000,0.626724,1.000000,0.000000,0,0.000000,699729.000000,1.000000,586211266295.000000,765020.000000
700000,15,191453,0.800000,1.000000,0.581129,1.000000,0.000000,1,571547.000000,700000.000000,1.000000,586211266295.000000,765020.000000
701000,0,191721,0.800000,1.000000,0.643088,1.000000,0.000000,0,0.000000,700985.000000,1.000000,587918332879.000000,1533756.000000
701000,1,191721,0.800000,1.000000,0.661506,1.000000,0.000000,0,0.000000,700998.000000,1.000000,587918332879.000000,1533756.000000
701000,2,191721,0.800000,1.000000,0.652803,1.000000,0.000000,0,0.000000,700995.000000,1.000000,587918332879.000000,1533756.000000
701000,3,191716,0.800000,1.000000,0.622266,1.000000,0.000000,0,0.000000,700903.000000,1.000000,587918332879.000000,1533756.000000
701000,4,191718,0.800000,1.000000,0.612195,1.000000,0.000000,0,0.000000,700970.000000,1.000000,587918332879.000000,1533756.000000
701000,5,191671,0.800000,1.000000,0.627316,1.000000,0.000000,0,0.000000,700544.000000,1.000000,587918332879.000000,1533756.000000
701000,6,191721,0.800000,1.000000,0.776355,1.000000,0.000000,0,0.000000,700988.000000,1.000000,587918332879.000000,1533756.000000
701000,7,191718,0.800000,1.000000,0.527334,1.000000,0.000000,0,0.000000,700951.000000,1.000000,587918332879.000000,1533756.000000
701000,8,191368,0.800000,1.000000,0.678949,1.000000,0.000000,0,0.000000,685095.000000,1.000000,587918332879.000000,1533756.000000
701000,9,191722,0.800000,1.000000,0.569348,1.000000,0.000000,0,0.000000,700980.000000,1.000000,587918332879.000000,1533756.000000
701000,10,191716,0.800000,1.000000,0.620462,1.000000,0.000000,0,0.000000,699026.000000,1.000000,587918332879.000000,1533756.000000
701000,11,191722,0.800000,1.000000,0.648291,1.000000,0.000000,0,0.000000,700941.000000,1.000000,587918332879.000000,1533756.000000
701000,12,191721,0.800000,1.000000,0.693775,1.000000,0.000000,0,0.000000,700996.000000,1.000000,587918332879.000000,1533756.000000
701000,13,191634,0.800000,1.000000,0.672908,1.000000,0.000000,0,0.000000,700050.000000,1.000000,587918332879.000000,1533756.000000
701000,14,191721,0.800000,1.000000,0.604090,1.000000,0.000000,0,0.000000,700957.000000,1.000000,587918332879.000000,1533756.000000
701000,15,191722,0.800000,1.000000,0.713991,1.000000,0.000000,1,572356.000000,701000.000000,1.000000,587918332879.000000,1533756.000000
702000,0,192009,0.800000,1.000000,0.639153,1.000000,0.000000,0,0.000000,701998.000000,1.000000,589614071149.000000,1535472.000000
702000,1,192009,0.800000,1.000000,0.644530,1.000000,0.000000,0,0.000000,701993.000000,1.000000,589614071149.000000,1535472.000000
702000,2,192009,0.800000,1.000000,0.696161,1.000000,0.000000,0,0.000000,701999.000000,1.000000,589614071149.000000,1535472.000000
702000,3,192007,0.800000,1.000000,0.617862,1.000000,0.000000,0,0.000000,701982.000000,1.000000,589614071149.000000,1535472.000000
702000,4,191983,0.800000,1.000000,0.483186,1.000000,0.000000,0,0.000000,701879.000000,1.000000,589614071149.000000,1535472.000000
702000,5,191905,0.800000,1.000000,0.721888,1.000000,0.000000,0,0.000000,700544.000000,1.000000,589614071149.000000,1535472.000000
702000,6,192010,0.800000,1.000000,0.674611,1.000000,0.000000,1,590103.000000,702000.000000,1.000000,589614071149.000000,1535472.000000
702000,7,191988,0.800000,1.000000,0.625423,1.000000,0.000000,0,0.000000,701824.000000,1.000000,589614071149.000000,1535472.000000
702000,8,191712,0.800000,1.000000,0.635740,1.000000,0.000000,0,0.000000,685095.000000,1.000000,589614071149.000000,1535472.000000
702000,9,191970,0.800000,1.000000,0.612575,1.000000,0.000000,0,0.000000,701751.000000,1.000000,589614071149.000000,1535472.000000
702000,10,192007,0.800000,1.000000,0.657047,1.000000,0.000000,0,0.000000,701864.000000,1.000000,589614071149.000000,1535472.000000
702000,11,191983,0.800000,1.000000,0.713550,1.000000,0.000000,0,0.000000,701905.000000,1.000000,589614071149.000000,1535472.000000
702000,12,192010,0.800000,1.000000,0.628730,1.000000,0.000000,0,0.000000,701997.000000,1.000000,589614071149.000000,1535472.000000
702000,13,192007,0.800000,1.000000,0.538499,1.000000,0.000000,0,0.000000,701945.000000,1.000000,589614071149.000000,1535472.000000
702000,14,191842,0.800000,1.000000,0.651366,1.000000,0.000000,0,0.000000,701023.000000,1.000000,589614071149.000000,1535472.000000
702000,15,192002,0.800000,1.000000,0.608920,1.000000,0.000000,0,0.000000,701939.000000,1.000000,589614071149.000000,1535472.000000
703000,0,192294,0.800000,1.000000,0.646228,1.000000,0.000000,0,0.000000,702998.000000,1.000000,591379537756.000000,384587.000000
703000,1,192294,0.800000,1.000000,0.721838,1.000000,0.000000,0,0.000000,702999.000000,1.000000,591379537756.000000,384587.000000
703000,2,192294,0.800000,1.000000,0.663433,1.000000,0.000000,1,581851.000000,703000.000000,1.000000,591379537756.000000,384587.000000
703000,3,192274,0.800000,1.000000,0.718977,1.000000,0.000000,0,0.000000,702932.000000,1.000000,591379537756.000000,384587.000000
703000,4,192289,0.800000,1.000000,0.603089,1.000000,0.000000,0,0.000000,702960.000000,1.000000,591379537756.000000,384587.000000
703000,5,192292,0.800000,1.000000,0.709368,1.000000,0.000000,0,0.000000,702988.000000,1.000000,591379537756.000000,384587.000000
703000,6,192293,0.800000,1.000000,0.619118,1.000000,0.000000,0,0.000000,702984.000000,1.000000,591379537756.000000,384587.000000
703000,7,192129,0.800000,1.000000,0.661498,1.000000,0.000000,0,0.000000,702233.000000,1.000000,591379537756.000000,384587.000000
703000,8,192077,0.800000,1.000000,0.679119,1.000000,0.000000,0,0.000000,685095.000000,1.000000,591379537756.000000,384587.000000
703000,9,192283,0.800000,1.000000,0.678336,1.000000,0.000000,0,0.000000,702847.000000,1.000000,591379537756.000000,384587.000000
703000,10,192295,0.800000,1.000000,0.718008,1.000000,0.000000,0,0.000000,702979.000000,1.000000,591379537756.000000,384587.000000
703000,11,192284,0.800000,1.000000,0.688569,1.000000,0.000000,0,0.000000,702844.000000,1.000000,591379537756.000000,384587.000000
703000,12,192247,0.800000,1.000000,0.694166,1.000000,0.000000,0,0.000000,702709.000000,1.000000,591379537756.000000,384587.000000
703000,13,192292,0.800000,1.000000,0.514644,1.000000,0.000000,0,0.000000,702983.000000,1.000000,591379537756.000000,384587.000000
703000,14,192117,0.800000,1.000000,0.498565,1.000000,0.000000,0,0.000000,701023.000000,1.000000,591379537756.000000,384587.000000
703000,15,192294,0.800000,1.000000,0.506284,1.000000,0.000000,0,0.000000,702997.000000,1.000000,591379537756.000000,384587.000000
704000,0,192563,0.800000,1.000000,0.608832,1.000000,0.000000,0,0.000000,703978.000000,1.000000,593054197602.000000,1155401.000000
704000,1,192566,0.800000,1.000000,0.671563,1.000000,0.000000,0,0.000000,703999.000000,1.000000,593054197602.000000,1155401.000000
704000,2,192561,0.800000,1.000000,0.596751,1.000000,0.000000,0,0.000000,703946.000000,1.000000,593054197602.000000,1155401.000000
704000,3,192563,0.800000,1.000000,0.574140,1.000000,0.000000,0,0.000000,703985.000000,1.000000,593054197602.000000,1155401.000000
704000,4,192563,0.800000,1.000000,0.636433,1.000000,0.000000,0,0.000000,703976.000000,1.000000,593054197602.000000,1155401.000000
704000,5,192567,0.800000,1.000000,0.572639,1.000000,0.000000,0,0.000000,703971.000000,1.000000,593054197602.000000,1155401.000000
704000,6,192566,0.800000,1.000000,0.659138,1.000000,0.000000,0,0.000000,703988.000000,1.000000,593054197602.000000,1155401.000000
704000,7,192129,0.800000,1.000000,0.661498,1.000000,0.000000,0,0.000000,702233.000000,1.000000,593054197602.000000,1155401.000000
704000,8,192424,0.800000,1.000000,0.655168,1.000000,0.000000,0,0.000000,685095.000000,1.000000,593054197602.000000,1155401.000000
704000,9,192567,0.800000,1.000000,0.710125,1.000000,0.000000,0,0.000000,703998.000000,1.000000,593054197602.000000,1155401.000000
704000,10,192567,0.800000,1.000000,0.623808,1.000000,0.000000,0,0.000000,703994.000000,1.000000,593054197602.000000,1155401.000000
704000,11,192566,0.800000,1.000000,0.566100,1.000000,0.000000,0,0.000000,703990.000000,1.000000,593054197602.000000,1155401.000000
704000,12,192553,0.800000,1.000000,0.538605,1.000000,0.000000,0,0.000000,703936.000000,1.000000,593054197602.000000,1155401.000000
704000,13,192567,0.800000,1.000000,0.691941,1.000000,0.000000,1,562013.000000,704000.000000,1.000000,593054197602.000000,1155401.000000
704000,14,192510,0.800000,1.000000,0.673873,1.000000,0.000000,0,0.000000,701023.000000,1.000000,593054197602.000000,1155401.000000
704000,15,192568,0.800000,1.000000,0.658175,1.000000,0.000000,0,0.000000,703923.000000,1.000000,593054197602.000000,1155401.000000
705000,0,192820,0.800000,1.000000,0.641735,1.000000,0.000000,0,0.000000,704934.000000,1.000000,594676354406.000000,1928303.000000
705000,1,192796,0.800000,1.000000,0.622454,1.000000,0.000000,0,0.000000,704355.000000,1.000000,594676354406.000000,1928303.000000
705000,2,192834,0.800000,1.000000,0.587959,1.000000,0.000000,0,0.000000,704960.000000,1.000000,594676354406.000000,1928303.000000
705000,3,192831,0.800000,1.000000,0.557171,1.000000,0.000000,0,0.000000,704971.000000,1.000000,594676354406.000000,1928303.000000
705000,4,192753,0.800000,1.000000,0.803122,1.000000,0.000000,0,0.000000,704133.000000,1.000000,594676354406.000000,1928303.000000
705000,5,192820,0.800000,1.000000,0.530851,1.000000,0.000000,0,0.000000,704931.000000,1.000000,594676354406.000000,1928303.000000
705000,6,192834,0.800000,1.000000,0.616835,1.000000,0.000000,0,0.000000,704995.000000,1.000000,594676354406.000000,1928303.000000
705000,7,192400,0.800000,1.000000,0.607966,1.000000,0.000000,0,0.000000,702233.000000,1.000000,594676354406.000000,1928303.000000
705000,8,192727,0.800000,1.000000,0.662578,1.000000,0.000000,0,0.000000,685095.000000,1.000000,594676354406.000000,1928303.000000
705000,9,192834,0.800000,1.000000,0.695229,1.000000,0.000000,1,560053.000000,705000.000000,1.000000,594676354406.000000,1928303.000000
705000,10,192835,0.800000,1.000000,0.658046,1.000000,0.000000,0,0.000000,704999.000000,1.000000,594676354406.000000,1928303.000000
705000,11,192834,0.800000,1.000000,0.717802,1.000000,0.000000,0,0.000000,704998.000000,1.000000,594676354406.000000,1928303.000000
705000,12,192794,0.800000,1.000000,0.738510,1.000000,0.000000,0,0.000000,704445.000000,1.000000,594676354406.000000,1928303.000000
705000,13,192833,0.800000,1.000000,0.714181,1.000000,0.000000,0,0.000000,704988.000000,1.000000,594676354406.000000,1928303.000000
705000,14,192831,0.800000,1.000000,0.642252,1.000000,0.000000,0,0.000000,704828.000000,1.000000,594676354406.000000,1928303.000000
705000,15,192834,0.800000,1.000000,0.599434,1.000000,0.000000,0,0.000000,704990.000000,1.000000,594676354406.000000,1928303.000000
706000,0,193090,0.800000,1.000000,0.654735,1.000000,0.000000,0,0.000000,705814.000000,1.000000,596458325896.000000,1931147.000000
706000,1,193114,0.800000,1.000000,0.589115,1.000000,0.000000,0,0.000000,705994.000000,1.000000,596458325896.000000,1931147.000000
706000,2,193098,0.800000,1.000000,0.532401,1.000000,0.000000,0,0.000000,705547.000000,1.000000,596458325896.000000,1931147.000000
706000,3,193115,0.800000,1.000000,0.703318,1.000000,0.000000,0,0.000000,705993.000000,1.000000,596458325896.000000,1931147.000000
706000,4,193075,0.800000,1.000000,0.565698,1.000000,0.000000,0,0.000000,704133.000000,1.000000,596458325896.000000,1931147.000000
706000,5,193104,0.800000,1.000000,0.638107,1.000000,0.000000,0,0.000000,705962.000000,1.000000,596458325896.000000,1931147.000000
706000,6,193116,0.800000,1.000000,0.609111,1.000000,0.000000,0,0.000000,705999.000000,1.000000,596458325896.000000,1931147.000000
706000,7,192621,0.800000,1.000000,0.549014,1.000000,0.000000,0,0.000000,702233.000000,1.000000,596458325896.000000,1931147.000000
706000,8,193099,0.800000,1.000000,0.686356,1.000000,0.000000,0,0.000000,685095.000000,1.000000,596458325896.000000,1931147.000000
706000,9,193114,0.800000,1.000000,0.598259,1.000000,0.000000,0,0.000000,705976.000000,1.000000,596458325896.000000,1931147.000000
706000,10,193115,0.800000,1.000000,0.543944,1.000000,0.000000,0,0.000000,705942.000000,1.000000,596458325896.000000,1931147.000000
706000,11,193116,0.800000,1.000000,0.724361,1.000000,0.000000,1,603509.000000,706000.000000,1.000000,596458325896.000000,1931147.000000
706000,12,193117,0.800000,1.000000,0.681279,1.000000,0.000000,0,0.000000,705998.000000,1.000000,596458325896.000000,1931147.000000
706000,13,193104,0.800000,1.000000,0.523695,1.000000,0.000000,0,0.000000,705351.000000,1.000000,596458325896.000000,1931147.000000
706000,14,193115,0.800000,1.000000,0.650575,1.000000,0.000000,0,0.000000,705986.000000,1.000000,596458325896.000000,1931147.000000
706000,15,193115,0.800000,1.000000,0.617211,1.000000,0.000000,0,0.000000,705990.000000,1.000000,596458325896.000000,1931147.000000
707000,0,193409,0.800000,1.000000,0.670533,1.000000,0.000000,0,0.000000,706998.000000,1.000000,598257154563.000000,1159649.000000
707000,1,193410,0.800000,1.000000,0.615430,1.000000,0.000000,0,0.000000,706999.000000,1.000000,598257154563.000000,1159649.000000
707000,2,193397,0.800000,1.000000,0.560027,1.000000,0.000000,0,0.000000,706868.000000,1.000000,598257154563.000000,1159649.000000
707000,3,193404,0.800000,1.000000,0.706200,1.000000,0.000000,0,0.000000,706928.000000,1.000000,598257154563.000000,1159649.000000
707000,4,193408,0.800000,1.000000,0.705886,1.000000,0.000000,0,0.000000,706956.000000,1.000000,598257154563.000000,1159649.000000
707000,5,193409,0.800000,1.000000,0.588455,1.000000,0.000000,0,0.000000,706978.000000,1.000000,598257154563.000000,1159649.000000
707000,6,193408,0.800000,1.000000,0.740182,1.000000,0.000000,0,0.000000,706994.000000,1.000000,598257154563.000000,1159649.000000
707000,7,193014,0.800000,1.000000,0.545151,1.000000,0.000000,0,0.000000,702233.000000,1.000000,598257154563.000000,1159649.000000
707000,8,193391,0.800000,1.000000,0.712760,1.000000,0.000000,0,0.000000,706567.000000,1.000000,598257154563.000000,1159649.000000
707000,9,193409,0.800000,1.000000,0.686240,1.000000,0.000000,0,0.000000,706991.000000,1.000000,598257154563.000000,1159649.000000
707000,10,193343,0.800000,1.000000,0.756520,1.000000,0.000000,0,0.000000,706282.000000,1.000000,598257154563.000000,1159649.000000
707000,11,193410,0.800000,1.000000,0.606404,1.000000,0.000000,0,0.000000,706997.000000,1.000000,598257154563.000000,1159649.000000
707000,12,193271,0.800000,1.000000,0.612257,1.000000,0.000000,0,0.000000,706141.000000,1.000000,598257154563.000000,1159649.000000
707000,13,193410,0.800000,1.000000,0.651464,1.000000,0.000000,1,564505.000000,707000.000000,1.000000,598257154563.000000,1159649.000000
707000,14,193410,0.800000,1.000000,0.670990,1.000000,0.000000,0,0.000000,706996.000000,1.000000,598257154563.000000,1159649.000000
707000,15,193380,0.800000,1.000000,0.662604,1.000000,0.000000,0,0.000000,706813.000000,1.000000,598257154563.000000,1159649.000000
708000,0,193689,0.800000,1.000000,0.658415,1.000000,0.000000,0,0.000000,707973.000000,1.000000,600092000866.000000,1162127.000000
708000,1,193675,0.800000,1.000000,0.699459,1.000000,0.000000,0,0.000000,707853.000000,1.000000,600092000866.000000,1162127.000000
708000,2,193690,0.800000,1.000000,0.651342,1.000000,0.000000,1,585508.000000,708000.000000,1.000000,600092000866.000000,1162127.000000
708000,3,193684,0.800000,1.000000,0.625570,1.000000,0.000000,0,0.000000,707981.000000,1.000000,600092000866.000000,1162127.000000
708000,4,193667,0.800000,1.000000,0.590809,1.000000,0.000000,0,0.000000,707696.000000,1.000000,600092000866.000000,1162127.000000
708000,5,193690,0.800000,1.000000,0.648600,1.000000,0.000000,0,0.000000,707983.000000,1.000000,600092000866.000000,1162127.000000
708000,6,193690,0.800000,1.000000,0.646953,1.000000,0.000000,0,0.000000,707986.000000,1.000000,600092000866.000000,1162127.000000
708000,7,193389,0.800000,1.000000,0.659296,1.000000,0.000000,0,0.000000,702233.000000,1.000000,600092000866.000000,1162127.000000
708000,8,193664,0.800000,1.000000,0.577063,1.000000,0.000000,0,0.000000,707697.000000,1.000000,600092000866.000000,1162127.000000
708000,9,193684,0.800000,1.000000,0.504177,1.000000,0.000000,0,0.000000,707922.000000,1.000000,600092000866.000000,1162127.000000
708000,10,193690,0.800000,1.000000,0.723202,1.000000,0.000000,0,0.000000,707997.000000,1.000000,600092000866.000000,1162127.000000
708000,11,193690,0.800000,1.000000,0.699090,1.000000,0.000000,0,0.000000,707999.000000,1.000000,600092000866.000000,1162127.000000
708000,12,193655,0.800000,1.000000,0.574944,1.000000,0.000000,0,0.000000,706141.000000,1.000000,600092000866.000000,1162127.000000
708000,13,193690,0.800000,1.000000,0.725415,1.000000,0.000000,0,0.000000,707995.000000,1.000000,600092000866.000000,1162127.000000
708000,14,193686,0.800000,1.000000,0.555005,1.000000,0.000000,0,0.000000,707970.000000,1.000000,600092000866.000000,1162127.000000
708000,15,193691,0.800000,1.000000,0.715566,1.000000,0.000000,0,0.000000,707998.000000,1.000000,600092000866.000000,1162127.000000
709000,0,193982,0.800000,1.000000,0.704067,1.000000,0.000000,0,0.000000,708998.000000,1.000000,601934334551.000000,1939631.000000
709000,1,193974,0.800000,1.000000,0.634725,1.000000,0.000000,0,0.000000,708928.000000,1.000000,601934334551.000000,1939631.000000
709000,2,193982,0.800000,1.000000,0.704814,1.000000,0.000000,1,586398.000000,709000.000000,1.000000,601934334551.000000,1939631.000000
709000,3,193966,0.800000,1.000000,0.738777,1.000000,0.000000,0,0.000000,708850.000000,1.000000,601934334551.000000,1939631.000000
709000,4,193966,0.800000,1.000000,0.673759,1.000000,0.000000,0,0.000000,708922.000000,1.000000,601934334551.000000,1939631.000000
709000,5,193971,0.800000,1.000000,0.630140,1.000000,0.000000,0,0.000000,708940.000000,1.000000,601934334551.000000,1939631.000000
709000,6,193982,0.800000,1.000000,0.690669,1.000000,0.000000,0,0.000000,708997.000000,1.000000,601934334551.000000,1939631.000000
709000,7,193791,0.800000,1.000000,0.642873,1.000000,0.000000,0,0.000000,702233.000000,1.000000,601934334551.000000,1939631.000000
709000,8,193981,0.800000,1.000000,0.575288,1.000000,0.000000,0,0.000000,708984.000000,1.000000,601934334551.000000,1939631.000000
709000,9,193983,0.800000,1.000000,0.554043,1.000000,0.000000,0,0.000000,708995.000000,1.000000,601934334551.000000,1939631.000000
709000,10,193981,0.800000,1.000000,0.583882,1.000000,0.000000,0,0.000000,708985.000000,1.000000,601934334551.000000,1939631.000000
709000,11,193980,0.800000,1.000000,0.501808,1.000000,0.000000,0,0.000000,708688.000000,1.000000,601934334551.000000,1939631.000000
709000,12,193922,0.800000,1.000000,0.649832,1.000000,0.000000,0,0.000000,706141.000000,1.000000,601934334551.000000,1939631.000000
709000,13,193973,0.800000,1.000000,0.617432,1.000000,0.000000,0,0.000000,708901.000000,1.000000,601934334551.000000,1939631.000000
709000,14,193982,0.800000,1.000000,0.734488,1.000000,0.000000,0,0.000000,708887.000000,1.000000,601934334551.000000,1939631.000000
709000,15,193961,0.800000,1.000000,0.568091,1.000000,0.000000,0,0.000000,708753.000000,1.000000,601934334551.000000,1939631.000000
710000,0,194242,0.800000,1.000000,0.579359,1.000000,0.000000,0,0.000000,709301.000000,1.000000,603740276143.000000,1165565.000000
710000,1,194264,0.800000,1.000000,0.794793,1.000000,0.000000,0,0.000000,709997.000000,1.000000,603740276143.000000,1165565.000000
710000,2,194263,0.800000,1.000000,0.616640,1.000000,0.000000,0,0.000000,709991.000000,1.000000,603740276143.000000,1165565.000000
710000,3,194259,0.800000,1.000000,0.688372,1.000000,0.000000,0,0.000000,709973.000000,1.000000,603740276143.000000,1165565.000000
710000,4,194264,0.800000,1.000000,0.645439,1.000000,0.000000,1,571700.000000,710000.000000,1.000000,603740276143.000000,1165565.000000
710000,5,194265,0.800000,1.000000,0.724849,1.000000,0.000000,0,0.000000,709998.000000,1.000000,603740276143.000000,1165565.000000
710000,6,194264,0.800000,1.000000,0.658040,1.000000,0.000000,0,0.000000,709969.000000,1.000000,603740276143.000000,1165565.000000
710000,7,194164,0.800000,1.000000,0.692067,1.000000,0.000000,0,0.000000,702233.000000,1.000000,603740276143.000000,1165565.000000
710000,8,194262,0.800000,1.000000,0.655206,1.000000,0.000000,0,0.000000,709984.000000,1.000000,603740276143.000000,1165565.000000
710000,9,194264,0.800000,1.000000,0.706287,1.000000,0.000000,0,0.000000,709993.000000,1.000000,603740276143.000000,1165565.000000
710000,10,194250,0.800000,1.000000,0.555022,1.000000,0.000000,0,0.000000,709830.000000,1.000000,603740276143.000000,1165565.000000
710000,11,194260,0.800000,1.000000,0.654010,1.000000,0.000000,0,0.000000,709975.000000,1.000000,603740276143.000000,1165565.000000
710000,12,194256,0.800000,1.000000,0.596121,1.000000,0.000000,0,0.000000,709928.000000,1.000000,603740276143.000000,1165565.000000
710000,13,194260,0.800000,1.000000,0.649804,1.000000,0.000000,0,0.000000,709703.000000,1.000000,603740276143.000000,1165565.000000
710000,14,194262,0.800000,1.000000,0.589273,1.000000,0.000000,0,0.000000,709955.000000,1.000000,603740276143.000000,1165565.000000
710000,15,194230,0.800000,1.000000,0.556447,1.000000,0.000000,0,0.000000,709388.000000,1.000000,603740276143.000000,1165565.000000
711000,0,194535,0.800000,1.000000,0.601201,1.000000,0.000000,0,0.000000,710869.000000,1.000000,605499141207.000000,1556246.000000
711000,1,194546,0.800000,1.000000,0.601442,1.000000,0.000000,1,577217.000000,711000.000000,1.000000,605499141207.000000,1556246.000000
711000,2,194543,0.800000,1.000000,0.493564,1.000000,0.000000,0,0.000000,710938.000000,1.000000,605499141207.000000,1556246.000000
711000,3,194500,0.800000,1.000000,0.630208,1.000000,0.000000,0,0.000000,710599.000000,1.000000,605499141207.000000,1556246.000000
711000,4,194547,0.800000,1.000000,0.659945,1.000000,0.000000,0,0.000000,710998.000000,1.000000,605499141207.000000,1556246.000000
711000,5,194541,0.800000,1.000000,0.751884,1.000000,0.000000,0,0.000000,710830.000000,1.000000,605499141207.000000,1556246.000000
711000,6,194547,0.800000,1.000000,0.621841,1.000000,0.000000,0,0.000000,710995.000000,1.000000,605499141207.000000,1556246.000000
711000,7,194537,0.800000,1.000000,0.568813,1.000000,0.000000,0,0.000000,702233.000000,1.000000,605499141207.000000,1556246.000000
711000,8,194533,0.800000,1.000000,0.557449,1.000000,0.000000,0,0.000000,709984.000000,1.000000,605499141207.000000,1556246.000000
711000,9,194546,0.800000,1.000000,0.678087,1.000000,0.000000,0,0.000000,710980.000000,1.000000,605499141207.000000,1556246.000000
711000,10,194541,0.800000,1.000000,0.600620,1.000000,0.000000,0,0.000000,710911.000000,1.000000,605499141207.000000,1556246.000000
711000,11,194545,0.800000,1.000000,0.622314,1.000000,0.000000,0,0.000000,710942.000000,1.000000,605499141207.000000,1556246.000000
711000,12,194484,0.800000,1.000000,0.792992,1.000000,0.000000,0,0.000000,710229.000000,1.000000,605499141207.000000,1556246.000000
711000,13,194547,0.800000,1.000000,0.651925,1.000000,0.000000,0,0.000000,710999.000000,1.000000,605499141207.000000,1556246.000000
711000,14,194518,0.800000,1.000000,0.563738,1.000000,0.000000,0,0.000000,710762.000000,1.000000,605499141207.000000,1556246.000000
711000,15,194543,0.800000,1.000000,0.672609,1.000000,0.000000,0,0.000000,710984.000000,1.000000,605499141207.000000,1556246.000000
712000,0,194807,0.800000,1.000000,0.730833,1.000000,0.000000,0,0.000000,711768.000000,1.000000,607187356993.000000,2337824.000000
712000,1,194813,0.800000,1.000000,0.682401,1.000000,0.000000,0,0.000000,711893.000000,1.000000,607187356993.000000,2337824.000000
712000,2,194815,0.800000,1.000000,0.647473,1.000000,0.000000,0,0.000000,711561.000000,1.000000,607187356993.000000,2337824.000000
712000,3,194611,0.800000,1.000000,0.699402,1.000000,0.000000,0,0.000000,710599.000000,1.000000,607187356993.000000,2337824.000000
712000,4,194823,0.800000,1.000000,0.667160,1.000000,0.000000,0,0.000000,711933.000000,1.000000,607187356993.000000,2337824.000000
712000,5,194828,0.800000,1.000000,0.578140,1.000000,0.000000,0,0.000000,711965.000000,1.000000,607187356993.000000,2337824.000000
712000,6,194828,0.800000,1.000000,0.653712,1.000000,0.000000,0,0.000000,711996.000000,1.000000,607187356993.000000,2337824.000000
712000,7,194818,0.800000,1.000000,0.534859,1.000000,0.000000,0,0.000000,711880.000000,1.000000,607187356993.000000,2337824.000000
712000,8,194821,0.800000,1.000000,0.646340,1.000000,0.000000,0,0.000000,711904.000000,1.000000,607187356993.000000,2337824.000000
712000,9,194826,0.800000,1.000000,0.671977,1.000000,0.000000,0,0.000000,711980.000000,1.000000,607187356993.000000,2337824.000000
712000,10,194829,0.800000,1.000000,0.712235,1.000000,0.000000,1,576839.000000,712000.000000,1.000000,607187356993.000000,2337824.000000
712000,11,194830,0.800000,1.000000,0.665359,1.000000,0.000000,0,0.000000,711997.000000,1.000000,607187356993.000000,2337824.000000
712000,12,194802,0.800000,1.000000,0.598278,1.000000,0.000000,0,0.000000,710229.000000,1.000000,607187356993.000000,2337824.000000
712000,13,194816,0.800000,1.000000,0.669563,1.000000,0.000000,0,0.000000,711884.000000,1.000000,607187356993.000000,2337824.000000
712000,14,194829,0.800000,1.000000,0.661712,1.000000,0.000000,0,0.000000,711988.000000,1.000000,607187356993.000000,2337824.000000
712000,15,194793,0.800000,1.000000,0.565583,1.000000,0.000000,0,0.000000,711718.000000,1.000000,607187356993.000000,2337824.000000
713000,0,195119,0.800000,1.000000,0.683304,1.000000,0.000000,0,0.000000,712998.000000,1.000000,609006264208.000000,3121208.000000
713000,1,195120,0.800000,1.000000,0.668698,1.000000,0.000000,1,578702.000000,713000.000000,1.000000,609006264208.000000,3121208.000000
713000,2,195084,0.800000,1.000000,0.661063,1.000000,0.000000,0,0.000000,712662.000000,1.000000,609006264208.000000,3121208.000000
713000,3,194878,0.800000,1.000000,0.667030,1.000000,0.000000,0,0.000000,710599.000000,1.000000,609006264208.000000,3121208.000000
713000,4,195108,0.800000,1.000000,0.739993,1.000000,0.000000,0,0.000000,712950.000000,1.000000,609006264208.000000,3121208.000000
713000,5,195116,0.800000,1.000000,0.568051,1.000000,0.000000,0,0.000000,712658.000000,1.000000,609006264208.000000,3121208.000000
713000,6,195097,0.800000,1.000000,0.715895,1.000000,0.000000,0,0.000000,712905.000000,1.000000,609006264208.000000,3121208.000000
713000,7,195089,0.800000,1.000000,0.552608,1.000000,0.000000,0,0.000000,712814.000000,1.000000,609006264208.000000,3121208.000000
713000,8,195113,0.800000,1.000000,0.522667,1.000000,0.000000,0,0.000000,712938.000000,1.000000,609006264208.000000,3121208.000000
713000,9,195114,0.800000,1.000000,0.605979,1.000000,0.000000,0,0.000000,712754.000000,1.000000,609006264208.000000,3121208.000000
713000,10,195120,0.800000,1.000000,0.703994,1.000000,0.000000,0,0.000000,712999.000000,1.000000,609006264208.000000,3121208.000000
713000,11,195113,0.800000,1.000000,0.514985,1.000000,0.000000,0,0.000000,712829.000000,1.000000,609006264208.000000,3121208.000000
713000,12,195121,0.800000,1.000000,0.627201,1.000000,0.000000,0,0.000000,712974.000000,1.000000,609006264208.000000,3121208.000000
713000,13,195121,0.800000,1.000000,0.612731,1.000000,0.000000,0,0.000000,712992.000000,1.000000,609006264208.000000,3121208.000000
713000,14,195120,0.800000,1.000000,0.656929,1.000000,0.000000,0,0.000000,712996.000000,1.000000,609006264208.000000,3121208.000000
713000,15,195121,0.800000,1.000000,0.685957,1.000000,0.000000,0,0.000000,712997.000000,1.000000,609006264208.000000,3121208.000000
714000,0,195389,0.800000,1.000000,0.615591,1.000000,0.000000,0,0.000000,713360.000000,1.000000,610819638582.000000,1953715.000000
714000,1,195399,0.800000,1.000000,0.701937,1.000000,0.000000,0,0.000000,713991.000000,1.000000,610819638582.000000,1953715.000000
714000,2,195394,0.800000,1.000000,0.785057,1.000000,0.000000,0,0.000000,713577.000000,1.000000,610819638582.000000,1953715.000000
714000,3,195261,0.800000,1.000000,0.584927,1.000000,0.000000,0,0.000000,710599.000000,1.000000,610819638582.000000,1953715.000000
714000,4,195394,0.800000,1.000000,0.697105,1.000000,0.000000,0,0.000000,713907.000000,1.000000,610819638582.000000,1953715.000000
714000,5,195395,0.800000,1.000000,0.502752,1.000000,0.000000,0,0.000000,713929.000000,1.000000,610819638582.000000,1953715.000000
714000,6,195401,0.800000,1.000000,0.672068,1.000000,0.000000,0,0.000000,713999.000000,1.000000,610819638582.000000,1953715.000000
714000,7,195401,0.800000,1.000000,0.693070,1.000000,0.000000,0,0.000000,713997.000000,1.000000,610819638582.000000,1953715.000000
714000,8,195384,0.800000,1.000000,0.708177,1.000000,0.000000,0,0.000000,713348.000000,1.000000,610819638582.000000,1953715.000000
714000,9,195399,0.800000,1.000000,0.532866,1.000000,0.000000,0,0.000000,713729.000000,1.000000,610819638582.000000,1953715.000000
714000,10,195396,0.800000,1.000000,0.639440,1.000000,0.000000,0,0.000000,713956.000000,1.000000,610819638582.000000,1953715.000000
714000,11,195401,0.800000,1.000000,0.698291,1.000000,0.000000,1,609186.000000,714000.000000,1.000000,610819638582.000000,1953715.000000
714000,12,195401,0.800000,1.000000,0.619719,1.000000,0.000000,0,0.000000,713982.000000,1.000000,610819638582.000000,1953715.000000
714000,13,195381,0.800000,1.000000,0.678885,1.000000,0.000000,0,0.000000,713927.000000,1.000000,610819638582.000000,1953715.000000
714000,14,195402,0.800000,1.000000,0.500569,1.000000,0.000000,0,0.000000,713967.000000,1.000000,610819638582.000000,1953715.000000
714000,15,195400,0.800000,1.000000,0.646080,1.000000,0.000000,0,0.000000,713988.000000,1.000000,610819638582.000000,1953715.000000
715000,0,195609,0.800000,1.000000,0.691429,1.000000,0.000000,0,0.000000,714709.000000,1.000000,612553975587.000000,1565488.000000
715000,1,195694,0.800000,1.000000,0.641527,1.000000,0.000000,0,0.000000,714931.000000,1.000000,612553975587.000000,1565488.000000
715000,2,195690,0.800000,1.000000,0.616857,1.000000,0.000000,0,0.000000,714912.000000,1.000000,612553975587.000000,1565488.000000
715000,3,195664,0.800000,1.000000,0.716934,1.000000,0.000000,0,0.000000,710599.000000,1.000000,612553975587.000000,1565488.000000
715000,4,195694,0.800000,1.000000,0.673612,1.000000,0.000000,0,0.000000,714999.000000,1.000000,612553975587.000000,1565488.000000
715000,5,195666,0.800000,1.000000,0.657336,1.000000,0.000000,0,0.000000,714122.000000,1.000000,612553975587.000000,1565488.000000
715000,6,195692,0.800000,1.000000,0.542557,1.000000,0.000000,0,0.000000,714989.000000,1.000000,612553975587.000000,1565488.000000
715000,7,195695,0.800000,1.000000,0.661088,1.000000,0.000000,0,0.000000,714997.000000,1.000000,612553975587.000000,1565488.000000
715000,8,195506,0.800000,1.000000,0.579136,1.000000,0.000000,0,0.000000,714329.000000,1.000000,612553975587.000000,1565488.000000
715000,9,195691,0.800000,1.000000,0.694550,1.000000,0.000000,0,0.000000,714176.000000,1.000000,612553975587.000000,1565488.000000
715000,10,195613,0.800000,1.000000,0.643523,1.000000,0.000000,0,0.000000,714150.000000,1.000000,612553975587.000000,1565488.000000
715000,11,195691,0.800000,1.000000,0.573503,1.000000,0.000000,0,0.000000,714988.000000,1.000000,612553975587.000000,1565488.000000
715000,12,195694,0.800000,1.000000,0.780964,1.000000,0.000000,0,0.000000,714998.000000,1.000000,612553975587.000000,1565488.000000
715000,13,195693,0.800000,1.000000,0.641188,1.000000,0.000000,0,0.000000,714607.000000,1.000000,612553975587.000000,1565488.000000
715000,14,195695,0.800000,1.000000,0.671943,1.000000,0.000000,1,574151.000000,715000.000000,1.000000,612553975587.000000,1565488.000000
715000,15,195646,0.800000,1.000000,0.646549,1.000000,0.000000,0,0.000000,714823.000000,1.000000,612553975587.000000,1565488.000000
716000,0,195879,0.800000,1.000000,0.569928,1.000000,0.000000,0,0.000000,714709.000000,1.000000,614250004524.000000,2350802.000000
716000,1,195971,0.800000,1.000000,0.600257,1.000000,0.000000,0,0.000000,715999.000000,1.000000,614250004524.000000,2350802.000000
716000,2,195970,0.800000,1.000000,0.688033,1.000000,0.000000,0,0.000000,715924.000000,1.000000,614250004524.000000,2350802.000000
716000,3,195963,0.800000,1.000000,0.573190,1.000000,0.000000,0,0.000000,715752.000000,1.000000,614250004524.000000,2350802.000000
716000,4,195971,0.800000,1.000000,0.662865,1.000000,0.000000,1,576304.000000,716000.000000,1.000000,614250004524.000000,2350802.000000
716000,5,195971,0.800000,1.000000,0.772045,1.000000,0.000000,0,0.000000,715997.000000,1.000000,614250004524.000000,2350802.000000
716000,6,195971,0.800000,1.000000,0.641598,1.000000,0.000000,0,0.000000,715974.000000,1.000000,614250004524.000000,2350802.000000
716000,7,195971,0.800000,1.000000,0.606754,1.000000,0.000000,0,0.000000,715998.000000,1.000000,614250004524.000000,2350802.000000
716000,8,195835,0.800000,1.000000,0.641510,1.000000,0.000000,0,0.000000,714329.000000,1.000000,614250004524.000000,2350802.000000
716000,9,195937,0.800000,1.000000,0.700166,1.000000,0.000000,0,0.000000,715189.000000,1.000000,614250004524.000000,2350802.000000
716000,10,195784,0.800000,1.000000,0.569076,1.000000,0.000000,0,0.000000,714150.000000,1.000000,614250004524.000000,2350802.000000
716000,11,195970,0.800000,1.000000,0.609946,1.000000,0.000000,0,0.000000,715985.000000,1.000000,614250004524.000000,2350802.000000
716000,12,195971,0.800000,1.000000,0.691950,1.000000,0.000000,0,0.000000,715993.000000,1.000000,614250004524.000000,2350802.000000
716000,13,195903,0.800000,1.000000,0.677784,1.000000,0.000000,0,0.000000,715745.000000,1.000000,614250004524.000000,2350802.000000
716000,14,195972,0.800000,1.000000,0.656316,1.000000,0.000000,0,0.000000,715995.000000,1.000000,614250004524.000000,2350802.000000
716000,15,195925,0.800000,1.000000,0.535353,1.000000,0.000000,0,0.000000,715804.000000,1.000000,614250004524.000000,2350802.000000
717000,0,196240,0.800000,1.000000,0.700658,1.000000,0.000000,0,0.000000,716994.000000,1.000000,615991944332.000000,1962165.000000
717000,1,196240,0.800000,1.000000,0.679057,1.000000,0.000000,0,0.000000,716998.000000,1.000000,615991944332.000000,1962165.000000
717000,2,196233,0.800000,1.000000,0.596381,1.000000,0.000000,0,0.000000,716971.000000,1.000000,615991944332.000000,1962165.000000
717000,3,196237,0.800000,1.000000,0.804795,1.000000,0.000000,0,0.000000,716681.000000,1.000000,615991944332.000000,1962165.000000
717000,4,196231,0.800000,1.000000,0.664421,1.000000,0.000000,0,0.000000,716743.000000,1.000000,615991944332.000000,1962165.000000
717000,5,196216,0.800000,1.000000,0.577625,1.000000,0.000000,0,0.000000,716674.000000,1.000000,615991944332.000000,1962165.000000
717000,6,196242,0.800000,1.000000,0.742107,1.000000,0.000000,0,0.000000,716999.000000,1.000000,615991944332.000000,1962165.000000
717000,7,196239,0.800000,1.000000,0.511535,1.000000,0.000000,0,0.000000,716940.000000,1.000000,615991944332.000000,1962165.000000
717000,8,195984,0.800000,1.000000,0.686366,1.000000,0.000000,0,0.000000,714329.000000,1.000000,615991944332.000000,1962165.000000
717000,9,196242,0.800000,1.000000,0.685559,1.000000,0.000000,0,0.000000,716996.000000,1.000000,615991944332.000000,1962165.000000
717000,10,196129,0.800000,1.000000,0.678834,1.000000,0.000000,0,0.000000,714150.000000,1.000000,615991944332.000000,1962165.000000
717000,11,196219,0.800000,1.000000,0.490861,1.000000,0.000000,0,0.000000,716833.000000,1.000000,615991944332.000000,1962165.000000
717000,12,196237,0.800000,1.000000,0.593312,1.000000,0.000000,0,0.000000,716953.000000,1.000000,615991944332.000000,1962165.000000
717000,13,196242,0.800000,1.000000,0.652993,1.000000,0.000000,1,572929.000000,717000.000000,1.000000,615991944332.000000,1962165.000000
717000,14,196236,0.800000,1.000000,0.639835,1.000000,0.000000,0,0.000000,716977.000000,1.000000,615991944332.000000,1962165.000000
717000,15,196239,0.800000,1.000000,0.639404,1.000000,0.000000,0,0.000000,716979.000000,1.000000,615991944332.000000,1962165.000000
718000,0,196506,0.800000,1.000000,0.530437,1.000000,0.000000,0,0.000000,717920.000000,1.000000,617638468357.000000,3143270.000000
718000,1,196475,0.800000,1.000000,0.591407,1.000000,0.000000,0,0.000000,717575.000000,1.000000,617638468357.000000,3143270.000000
718000,2,196507,0.800000,1.000000,0.736789,1.000000,0.000000,0,0.000000,717999.000000,1.000000,617638468357.000000,3143270.000000
718000,3,196505,0.800000,1.000000,0.598665,1.000000,0.000000,0,0.000000,717991.000000,1.000000,617638468357.000000,3143270.000000
718000,4,196493,0.800000,1.000000,0.602641,1.000000,0.000000,0,0.000000,717940.000000,1.000000,617638468357.000000,3143270.000000
718000,5,196503,0.800000,1.000000,0.687227,1.000000,0.000000,0,0.000000,717977.000000,1.000000,617638468357.000000,3143270.000000
718000,6,196507,0.800000,1.000000,0.704327,1.000000,0.000000,1,602623.000000,718000.000000,1.000000,617638468357.000000,3143270.000000
718000,7,196501,0.800000,1.000000,0.487623,1.000000,0.000000,0,0.000000,717945.000000,1.000000,617638468357.000000,3143270.000000
718000,8,196338,0.800000,1.000000,0.616623,1.000000,0.000000,0,0.000000,714329.000000,1.000000,617638468357.000000,3143270.000000
718000,9,196323,0.800000,1.000000,0.566124,1.000000,0.000000,0,0.000000,716996.000000,1.000000,617638468357.000000,3143270.000000
718000,10,196450,0.800000,1.000000,0.578532,1.000000,0.000000,0,0.000000,714150.000000,1.000000,617638468357.000000,3143270.000000
718000,11,196506,0.800000,1.000000,0.598815,1.000000,0.000000,0,0.000000,717984.000000,1.000000,617638468357.000000,3143270.000000
718000,12,196502,0.800000,1.000000,0.621896,1.000000,0.000000,0,0.000000,717922.000000,1.000000,617638468357.000000,3143270.000000
718000,13,196484,0.800000,1.000000,0.606236,1.000000,0.000000,0,0.000000,717881.000000,1.000000,617638468357.000000,3143270.000000
718000,14,196491,0.800000,1.000000,0.638078,1.000000,0.000000,0,0.000000,716977.000000,1.000000,617638468357.000000,3143270.000000
718000,15,196508,0.800000,1.000000,0.708996,1.000000,0.000000,0,0.000000,717993.000000,1.000000,617638468357.000000,3143270.000000
719000,0,196777,0.800000,1.000000,0.590763,1.000000,0.000000,0,0.000000,718992.000000,1.000000,619287245014.000000,1967533.000000
719000,1,196475,0.800000,1.000000,0.591407,1.000000,0.000000,0,0.000000,717575.000000,1.000000,619287245014.000000,1967533.000000
719000,2,196746,0.800000,1.000000,0.752351,1.000000,0.000000,0,0.000000,718877.000000,1.000000,619287245014.000000,1967533.000000
719000,3,196777,0.800000,1.000000,0.726223,1.000000,0.000000,0,0.000000,718998.000000,1.000000,619287245014.000000,1967533.000000
719000,4,196776,0.800000,1.000000,0.589868,1.000000,0.000000,0,0.000000,718983.000000,1.000000,619287245014.000000,1967533.000000
719000,5,196776,0.800000,1.000000,0.687181,1.000000,0.000000,0,0.000000,718965.000000,1.000000,619287245014.000000,1967533.000000
719000,6,196768,0.800000,1.000000,0.545424,1.000000,0.000000,0,0.000000,718815.000000,1.000000,619287245014.000000,1967533.000000
719000,7,196763,0.800000,1.000000,0.683420,1.000000,0.000000,0,0.000000,718719.000000,1.000000,619287245014.000000,1967533.000000
719000,8,196683,0.800000,1.000000,0.526418,1.000000,0.000000,0,0.000000,714329.000000,1.000000,619287245014.000000,1967533.000000
719000,9,196675,0.800000,1.000000,0.619861,1.000000,0.000000,0,0.000000,716996.000000,1.000000,619287245014.000000,1967533.000000
719000,10,196715,0.800000,1.000000,0.595554,1.000000,0.000000,0,0.000000,718740.000000,1.000000,619287245014.000000,1967533.000000
719000,11,196773,0.800000,1.000000,0.723874,1.000000,0.000000,0,0.000000,718975.000000,1.000000,619287245014.000000,1967533.000000
719000,12,196777,0.800000,1.000000,0.608424,1.000000,0.000000,1,575134.000000,719000.000000,1.000000,619287245014.000000,1967533.000000
719000,13,196758,0.800000,1.000000,0.660794,1.000000,0.000000,0,0.000000,718664.000000,1.000000,619287245014.000000,1967533.000000
719000,14,196775,0.800000,1.000000,0.690308,1.000000,0.000000,0,0.000000,718985.000000,1.000000,619287245014.000000,1967533.000000
719000,15,196778,0.800000,1.000000,0.676787,1.000000,0.000000,0,0.000000,718999.000000,1.000000,619287245014.000000,1967533.000000
720000,0,197034,0.800000,1.000000,0.623980,1.000000,0.000000,0,0.000000,719556.000000,1.000000,620880855415.000000,1182127.000000
720000,1,196475,0.800000,1.000000,0.591407,1.000000,0.000000,0,0.000000,717575.000000,1.000000,620880855415.000000,1182127.000000
720000,2,197037,0.800000,1.000000,0.667157,1.000000,0.000000,0,0.000000,719998.000000,1.000000,620880855415.000000,1182127.000000
720000,3,197028,0.800000,1.000000,0.642170,1.000000,0.000000,0,0.000000,719111.000000,1.000000,620880855415.000000,1182127.000000
720000,4,197031,0.800000,1.000000,0.566847,1.000000,0.000000,0,0.000000,719974.000000,1.000000,620880855415.000000,1182127.000000
720000,5,197037,0.800000,1.000000,0.590426,1.000000,0.000000,0,0.000000,719989.000000,1.000000,620880855415.000000,1182127.000000
720000,6,197007,0.800000,1.000000,0.634158,1.000000,0.000000,0,0.000000,719273.000000,1.000000,620880855415.000000,1182127.000000
720000,7,197038,0.800000,1.000000,0.722989,1.000000,0.000000,0,0.000000,719997.000000,1.000000,620880855415.000000,1182127.000000
720000,8,197005,0.800000,1.000000,0.586734,1.000000,0.000000,0,0.000000,714329.000000,1.000000,620880855415.000000,1182127.000000
720000,9,196971,0.800000,1.000000,0.665158,1.000000,0.000000,0,0.000000,716996.000000,1.000000,620880855415.000000,1182127.000000
720000,10,197037,0.800000,1.000000,0.675847,1.000000,0.000000,0,0.000000,718740.000000,1.000000,620880855415.000000,1182127.000000
720000,11,197020,0.800000,1.000000,0.580094,1.000000,0.000000,0,0.000000,719889.000000,1.000000,620880855415.000000,1182127.000000
720000,12,197037,0.800000,1.000000,0.666084,1.000000,0.000000,0,0.000000,719999.000000,1.000000,620880855415.000000,1182127.000000
720000,13,197038,0.800000,1.000000,0.667687,1.000000,0.000000,1,575489.000000,720000.000000,1.000000,620880855415.000000,1182127.000000
720000,14,197033,0.800000,1.000000,0.569643,1.000000,0.000000,0,0.000000,719946.000000,1.000000,620880855415.000000,1182127.000000
720000,15,197011,0.800000,1.000000,0.604841,1.000000,0.000000,0,0.000000,719878.000000,1.000000,620880855415.000000,1182127.000000
721000,0,197321,0.800000,1.000000,0.764243,1.000000,0.000000,0,0.000000,720999.000000,1.000000,622443460552.000000,1183527.000000
721000,1,196560,0.800000,1.000000,0.586317,1.000000,0.000000,0,0.000000,717575.000000,1.000000,622443460552.000000,1183527.000000
721000,2,197203,0.800000,1.000000,0.740165,1.000000,0.000000,0,0.000000,720022.000000,1.000000,622443460552.000000,1183527.000000
721000,3,197321,0.800000,1.000000,0.571586,1.000000,0.000000,0,0.000000,720994.000000,1.000000,622443460552.000000,1183527.000000
721000,4,197306,0.800000,1.000000,0.704643,1.000000,0.000000,0,0.000000,720946.000000,1.000000,622443460552.000000,1183527.000000
721000,5,197321,0.800000,1.000000,0.637235,1.000000,0.000000,0,0.000000,720997.000000,1.000000,622443460552.000000,1183527.000000
721000,6,197315,0.800000,1.000000,0.645792,1.000000,0.000000,0,0.000000,720845.000000,1.000000,622443460552.000000,1183527.000000
721000,7,197322,0.800000,1.000000,0.578513,1.000000,0.000000,1,586631.000000,721000.000000,1.000000,622443460552.000000,1183527.000000
721000,8,197321,0.800000,1.000000,0.575535,1.000000,0.000000,0,0.000000,720985.000000,1.000000,622443460552.000000,1183527.000000
721000,9,197041,0.800000,1.000000,0.692246,1.000000,0.000000,0,0.000000,716996.000000,1.000000,622443460552.000000,1183527.000000
721000,10,197239,0.800000,1.000000,0.544921,1.000000,0.000000,0,0.000000,720593.000000,1.000000,622443460552.000000,1183527.000000
721000,11,197293,0.800000,1.000000,0.609156,1.000000,0.000000,0,0.000000,720861.000000,1.000000,622443460552.000000,1183527.000000
721000,12,197323,0.800000,1.000000,0.650121,1.000000,0.000000,0,0.000000,720987.000000,1.000000,622443460552.000000,1183527.000000
721000,13,197318,0.800000,1.000000,0.657155,1.000000,0.000000,0,0.000000,720904.000000,1.000000,622443460552.000000,1183527.000000
721000,14,197291,0.800000,1.000000,0.714717,1.000000,0.000000,0,0.000000,720899.000000,1.000000,622443460552.000000,1183527.000000
721000,15,197307,0.800000,1.000000,0.596281,1.000000,0.000000,0,0.000000,720855.000000,1.000000,622443460552.000000,1183527.000000
722000,0,197587,0.800000,1.000000,0.598020,1.000000,0.000000,0,0.000000,721985.000000,1.000000,624084834984.000000,790230.000000
722000,1,196791,0.800000,1.000000,0.645570,1.000000,0.000000,0,0.000000,717575.000000,1.000000,624084834984.000000,790230.000000
722000,2,197342,0.800000,1.000000,0.739034,1.000000,0.000000,0,0.000000,720022.000000,1.000000,624084834984.000000,790230.000000
722000,3,197583,0.800000,1.000000,0.646802,1.000000,0.000000,0,0.000000,721959.000000,1.000000,624084834984.000000,790230.000000
722000,4,197584,0.800000,1.000000,0.621063,1.000000,0.000000,0,0.000000,721948.000000,1.000000,624084834984.000000,790230.000000
722000,5,197572,0.800000,1.000000,0.596472,1.000000,0.000000,0,0.000000,721718.000000,1.000000,624084834984.000000,790230.000000
722000,6,197587,0.800000,1.000000,0.621957,1.000000,0.000000,0,0.000000,721994.000000,1.000000,624084834984.000000,790230.000000
722000,7,197577,0.800000,1.000000,0.743208,1.000000,0.000000,0,0.000000,721879.000000,1.000000,624084834984.000000,790230.000000
722000,8,197587,0.800000,1.000000,0.662335,1.000000,0.000000,1,605631.000000,722000.000000,1.000000,624084834984.000000,790230.000000
722000,9,197332,0.800000,1.000000,0.591133,1.000000,0.000000,0,0.000000,716996.000000,1.000000,624084834984.000000,790230.000000
722000,10,197588,0.800000,1.000000,0.617244,1.000000,0.000000,0,0.000000,721999.000000,1.000000,624084834984.000000,790230.000000
722000,11,197583,0.800000,1.000000,0.590551,1.000000,0.000000,0,0.000000,721969.000000,1.000000,624084834984.000000,790230.000000
722000,12,197588,0.800000,1.000000,0.603161,1.000000,0.000000,0,0.000000,721984.000000,1.000000,624084834984.000000,790230.000000
722000,13,197561,0.800000,1.000000,0.631636,1.000000,0.000000,0,0.000000,721812.000000,1.000000,624084834984.000000,790230.000000
722000,14,197564,0.800000,1.000000,0.546553,1.000000,0.000000,0,0.000000,721742.000000,1.000000,624084834984.000000,790230.000000
722000,15,197534,0.800000,1.000000,0.728145,1.000000,0.000000,0,0.000000,721632.000000,1.000000,624084834984.000000,790230.000000
723000,0,197881,0.800000,1.000000,0.525762,1.000000,0.000000,0,0.000000,722975.000000,1.000000,626056176333.000000,395765.000000
723000,1,197109,0.800000,1.000000,0.720290,1.000000,0.000000,0,0.000000,717575.000000,1.000000,626056176333.000000,395765.000000
723000,2,197691,0.800000,1.000000,0.648112,1.000000,0.000000,0,0.000000,720022.000000,1.000000,626056176333.000000,395765.000000
723000,3,197858,0.800000,1.000000,0.734015,1.000000,0.000000,0,0.000000,722899.000000,1.000000,626056176333.000000,395765.000000
723000,4,197883,0.800000,1.000000,0.608332,1.000000,0.000000,0,0.000000,722908.000000,1.000000,626056176333.000000,395765.000000
723000,5,197887,0.800000,1.000000,0.646335,1.000000,0.000000,1,579203.000000,723000.000000,1.000000,626056176333.000000,395765.000000
723000,6,197888,0.800000,1.000000,0.685400,1.000000,0.000000,0,0.000000,722997.000000,1.000000,626056176333.000000,395765.000000
723000,7,197852,0.800000,1.000000,0.651881,1.000000,0.000000,0,0.000000,722773.000000,1.000000,626056176333.000000,395765.000000
723000,8,197886,0.800000,1.000000,0.658479,1.000000,0.000000,0,0.000000,722987.000000,1.000000,626056176333.000000,395765.000000
723000,9,197706,0.800000,1.000000,0.614551,1.000000,0.000000,0,0.000000,716996.000000,1.000000,626056176333.000000,395765.000000
723000,10,197883,0.800000,1.000000,0.597712,1.000000,0.000000,0,0.000000,722977.000000,1.000000,626056176333.000000,395765.000000
723000,11,197883,0.800000,1.000000,0.599716,1.000000,0.000000,0,0.000000,722402.000000,1.000000,626056176333.000000,395765.000000
723000,12,197881,0.800000,1.000000,0.594429,1.000000,0.000000,0,0.000000,722790.000000,1.000000,626056176333.000000,395765.000000
723000,13,197888,0.800000,1.000000,0.688743,1.000000,0.000000,0,0.000000,722998.000000,1.000000,626056176333.000000,395765.000000
723000,14,197884,0.800000,1.000000,0.745469,1.000000,0.000000,0,0.000000,722889.000000,1.000000,626056176333.000000,395765.000000
723000,15,197887,0.800000,1.000000,0.640002,1.000000,0.000000,0,0.000000,722996.000000,1.000000,626056176333.000000,395765.000000
724000,0,197989,0.800000,1.000000,0.574643,1.000000,0.000000,0,0.000000,723390.000000,1.000000,627781707678.000000,792414.000000
724000,1,197485,0.800000,1.000000,0.627803,1.000000,0.000000,0,0.000000,717575.000000,1.000000,627781707678.000000,792414.000000
724000,2,198022,0.800000,1.000000,0.563013,1.000000,0.000000,0,0.000000,720022.000000,1.000000,627781707678.000000,792414.000000
724000,3,198140,0.800000,1.000000,0.509891,1.000000,0.000000,0,0.000000,723867.000000,1.000000,627781707678.000000,792414.000000
724000,4,198156,0.800000,1.000000,0.699527,1.000000,0.000000,0,0.000000,723993.000000,1.000000,627781707678.000000,792414.000000
724000,5,198157,0.800000,1.000000,0.649078,1.000000,0.000000,1,580002.000000,724000.000000,1.000000,627781707678.000000,792414.000000
724000,6,198155,0.800000,1.000000,0.710104,1.000000,0.000000,0,0.000000,723990.000000,1.000000,627781707678.000000,792414.000000
724000,7,198155,0.800000,1.000000,0.683053,1.000000,0.000000,0,0.000000,723948.000000,1.000000,627781707678.000000,792414.000000
724000,8,198158,0.800000,1.000000,0.656469,1.000000,0.000000,0,0.000000,723998.000000,1.000000,627781707678.000000,792414.000000
724000,9,198050,0.800000,1.000000,0.503703,1.000000,0.000000,0,0.000000,716996.000000,1.000000,627781707678.000000,792414.000000
724000,10,198156,0.800000,1.000000,0.703259,1.000000,0.000000,0,0.000000,723996.000000,1.000000,627781707678.000000,792414.000000
724000,11,198080,0.800000,1.000000,0.653943,1.000000,0.000000,0,0.000000,723723.000000,1.000000,627781707678.000000,792414.000000
724000,12,198148,0.800000,1.000000,0.636197,1.000000,0.000000,0,0.000000,723921.000000,1.000000,627781707678.000000,792414.000000
724000,13,198158,0.800000,1.000000,0.720788,1.000000,0.000000,0,0.000000,723999.000000,1.000000,627781707678.000000,792414.000000
724000,14,198153,0.800000,1.000000,0.679939,1.000000,0.000000,0,0.000000,723846.000000,1.000000,627781707678.000000,792414.000000
724000,15,198144,0.800000,1.000000,0.766969,1.000000,0.000000,0,0.000000,723940.000000,1.000000,627781707678.000000,792414.000000
725000,0,198336,0.800000,1.000000,0.564443,1.000000,0.000000,0,0.000000,723390.000000,1.000000,629403803812.000000,792400.000000
725000,1,197792,0.800000,1.000000,0.441375,1.000000,0.000000,0,0.000000,717575.000000,1.000000,629403803812.000000,792400.000000
725000,2,198335,0.800000,1.000000,0.687499,1.000000,0.000000,0,0.000000,720022.000000,1.000000,629403803812.000000,792400.000000
725000,3,198418,0.800000,1.000000,0.599227,1.000000,0.000000,0,0.000000,724977.000000,1.000000,629403803812.000000,792400.000000
725000,4,198419,0.800000,1.000000,0.598278,1.000000,0.000000,0,0.000000,724983.000000,1.000000,629403803812.000000,792400.000000
725000,5,198419,0.800000,1.000000,0.674751,1.000000,0.000000,0,0.000000,724995.000000,1.000000,629403803812.000000,792400.000000
725000,6,198420,0.800000,1.000000,0.767140,1.000000,0.000000,0,0.000000,724996.000000,1.000000,629403803812.000000,792400.000000
725000,7,198420,0.800000,1.000000,0.740183,1.000000,0.000000,0,0.000000,724999.000000,1.000000,629403803812.000000,792400.000000
725000,8,198420,0.800000,1.000000,0.754874,1.000000,0.000000,0,0.000000,724998.000000,1.000000,629403803812.000000,792400.000000
725000,9,198325,0.800000,1.000000,0.710827,1.000000,0.000000,0,0.000000,716996.000000,1.000000,629403803812.000000,792400.000000
725000,10,198417,0.800000,1.000000,0.530192,1.000000,0.000000,0,0.000000,724984.000000,1.000000,629403803812.000000,792400.000000
725000,11,198323,0.800000,1.000000,0.569652,1.000000,0.000000,0,0.000000,723723.000000,1.000000,629403803812.000000,792400.000000
725000,12,198409,0.800000,1.000000,0.668505,1.000000,0.000000,0,0.000000,724933.000000,1.000000,629403803812.000000,792400.000000
725000,13,198421,0.800000,1.000000,0.611983,1.000000,0.000000,1,579305.000000,725000.000000,1.000000,629403803812.000000,792400.000000
725000,14,198204,0.800000,1.000000,0.550193,1.000000,0.000000,0,0.000000,724198.000000,1.000000,629403803812.000000,792400.000000
725000,15,198320,0.800000,1.000000,0.666538,1.000000,0.000000,0,0.000000,724653.000000,1.000000,629403803812.000000,792400.000000
726000,0,198664,0.800000,1.000000,0.662191,1.000000,0.000000,0,0.000000,725974.000000,1.000000,631088412318.000000,1191761.000000
726000,1,198083,0.800000,1.000000,0.714793,1.000000,0.000000,0,0.000000,717575.000000,1.000000,631088412318.000000,1191761.000000
726000,2,198656,0.800000,1.000000,0.616839,1.000000,0.000000,0,0.000000,725801.000000,1.000000,631088412318.000000,1191761.000000
726000,3,198656,0.800000,1.000000,0.706044,1.000000,0.000000,0,0.000000,725699.000000,1.000000,631088412318.000000,1191761.000000
726000,4,198661,0.800000,1.000000,0.747717,1.000000,0.000000,0,0.000000,725908.000000,1.000000,631088412318.000000,1191761.000000
726000,5,198669,0.800000,1.000000,0.664000,1.000000,0.000000,0,0.000000,725997.000000,1.000000,631088412318.000000,1191761.000000
726000,6,198669,0.800000,1.000000,0.583481,1.000000,0.000000,1,608343.000000,726000.000000,1.000000,631088412318.000000,1191761.000000
726000,7,198636,0.800000,1.000000,0.698689,1.000000,0.000000,0,0.000000,725758.000000,1.000000,631088412318.000000,1191761.000000
726000,8,198666,0.800000,1.000000,0.571028,1.000000,0.000000,0,0.000000,725946.000000,1.000000,631088412318.000000,1191761.000000
726000,9,198652,0.800000,1.000000,0.590720,1.000000,0.000000,0,0.000000,716996.000000,1.000000,631088412318.000000,1191761.000000
726000,10,198670,0.800000,1.000000,0.647734,1.000000,0.000000,0,0.000000,725988.000000,1.000000,631088412318.000000,1191761.000000
726000,11,198670,0.800000,1.000000,0.605191,1.000000,0.000000,0,0.000000,725996.000000,1.000000,631088412318.000000,1191761.000000
726000,12,198670,0.800000,1.000000,0.649307,1.000000,0.000000,0,0.000000,725998.000000,1.000000,631088412318.000000,1191761.000000
726000,13,198576,0.800000,1.000000,0.531874,1.000000,0.000000,0,0.000000,725648.000000,1.000000,631088412318.000000,1191761.000000
726000,14,198375,0.800000,1.000000,0.594566,1.000000,0.000000,0,0.000000,724198.000000,1.000000,631088412318.000000,1191761.000000
726000,15,198669,0.800000,1.000000,0.594485,1.000000,0.000000,0,0.000000,725944.000000,1.000000,631088412318.000000,1191761.000000
727000,0,198956,0.800000,1.000000,0.805528,1.000000,0.000000,1,581088.000000,727000.000000,1.000000,633036444755.000000,1193269.000000
727000,1,198531,0.800000,1.000000,0.671569,1.000000,0.000000,0,0.000000,717575.000000,1.000000,633036444755.000000,1193269.000000
727000,2,198953,0.800000,1.000000,0.640288,1.000000,0.000000,0,0.000000,726989.000000,1.000000,633036444755.000000,1193269.000000
727000,3,198956,0.800000,1.000000,0.597662,1.000000,0.000000,0,0.000000,726999.000000,1.000000,633036444755.000000,1193269.000000
727000,4,198956,0.800000,1.000000,0.571344,1.000000,0.000000,0,0.000000,726982.000000,1.000000,633036444755.000000,1193269.000000
727000,5,198951,0.800000,1.000000,0.546794,1.000000,0.000000,0,0.000000,726979.000000,1.000000,633036444755.000000,1193269.000000
727000,6,198955,0.800000,1.000000,0.613045,1.000000,0.000000,0,0.000000,726927.000000,1.000000,633036444755.000000,1193269.000000
727000,7,198948,0.800000,1.000000,0.524289,1.000000,0.000000,0,0.000000,726916.000000,1.000000,633036444755.000000,1193269.000000
727000,8,198955,0.800000,1.000000,0.652749,1.000000,0.000000,0,0.000000,726981.000000,1.000000,633036444755.000000,1193269.000000
727000,9,198931,0.800000,1.000000,0.695880,1.000000,0.000000,0,0.000000,726902.000000,1.000000,633036444755.000000,1193269.000000
727000,10,198956,0.800000,1.000000,0.688482,1.000000,0.000000,0,0.000000,726996.000000,1.000000,633036444755.000000,1193269.000000
727000,11,198941,0.800000,1.000000,0.713539,1.000000,0.000000,0,0.000000,726793.000000,1.000000,633036444755.000000,1193269.000000
727000,12,198955,0.800000,1.000000,0.649487,1.000000,0.000000,0,0.000000,726953.000000,1.000000,633036444755.000000,1193269.000000
727000,13,198909,0.800000,1.000000,0.516382,1.000000,0.000000,0,0.000000,725648.000000,1.000000,633036444755.000000,1193269.000000
727000,14,198733,0.800000,1.000000,0.711881,1.000000,0.000000,0,0.000000,724198.000000,1.000000,633036444755.000000,1193269.000000
727000,15,198957,0.800000,1.000000,0.756837,1.000000,0.000000,0,0.000000,726997.000000,1.000000,633036444755.000000,1193269.000000
728000,0,199233,0.800000,1.000000,0.681683,1.000000,0.000000,0,0.000000,727963.000000,1.000000,634892778506.000000,3187292.000000
728000,1,198883,0.800000,1.000000,0.559009,1.000000,0.000000,0,0.000000,717575.000000,1.000000,634892778506.000000,3187292.000000
728000,2,199241,0.800000,1.000000,0.718126,1.000000,0.000000,1,602443.000000,728000.000000,1.000000,634892778506.000000,3187292.000000
728000,3,199236,0.800000,1.000000,0.682344,1.000000,0.000000,0,0.000000,727954.000000,1.000000,634892778506.000000,3187292.000000
728000,4,199241,0.800000,1.000000,0.755340,1.000000,0.000000,0,0.000000,727997.000000,1.000000,634892778506.000000,3187292.000000
728000,5,199241,0.800000,1.000000,0.733333,1.000000,0.000000,0,0.000000,727998.000000,1.000000,634892778506.000000,3187292.000000
728000,6,199241,0.800000,1.000000,0.666827,1.000000,0.000000,0,0.000000,727996.000000,1.000000,634892778506.000000,3187292.000000
728000,7,199241,0.800000,1.000000,0.648160,1.000000,0.000000,0,0.000000,727989.000000,1.000000,634892778506.000000,3187292.000000
728000,8,199242,0.800000,1.000000,0.632585,1.000000,0.000000,0,0.000000,727988.000000,1.000000,634892778506.000000,3187292.000000
728000,9,199209,0.800000,1.000000,0.682993,1.000000,0.000000,0,0.000000,726902.000000,1.000000,634892778506.000000,3187292.000000
728000,10,199240,0.800000,1.000000,0.671912,1.000000,0.000000,0,0.000000,727990.000000,1.000000,634892778506.000000,3187292.000000
728000,11,199226,0.800000,1.000000,0.626081,1.000000,0.000000,0,0.000000,727791.000000,1.000000,634892778506.000000,3187292.000000
728000,12,199219,0.800000,1.000000,0.546927,1.000000,0.000000,0,0.000000,727913.000000,1.000000,634892778506.000000,3187292.000000
728000,13,199241,0.800000,1.000000,0.637554,1.000000,0.000000,0,0.000000,727999.000000,1.000000,634892778506.000000,3187292.000000
728000,14,199030,0.800000,1.000000,0.614825,1.000000,0.000000,0,0.000000,724198.000000,1.000000,634892778506.000000,3187292.000000
728000,15,199242,0.800000,1.000000,0.702786,1.000000,0.000000,0,0.000000,727992.000000,1.000000,634892778506.000000,3187292.000000
729000,0,199526,0.800000,1.000000,0.719378,1.000000,0.000000,0,0.000000,728999.000000,1.000000,636770156273.000000,1596164.000000
729000,1,199264,0.800000,1.000000,0.666403,1.000000,0.000000,0,0.000000,717575.000000,1.000000,636770156273.000000,1596164.000000
729000,2,199514,0.800000,1.000000,0.629394,1.000000,0.000000,0,0.000000,728724.000000,1.000000,636770156273.000000,1596164.000000
729000,3,199511,0.800000,1.000000,0.553565,1.000000,0.000000,0,0.000000,728926.000000,1.000000,636770156273.000000,1596164.000000
729000,4,199522,0.800000,1.000000,0.571863,1.000000,0.000000,0,0.000000,728985.000000,1.000000,636770156273.000000,1596164.000000
729000,5,199526,0.800000,1.000000,0.658615,1.000000,0.000000,0,0.000000,728997.000000,1.000000,636770156273.000000,1596164.000000
729000,6,199482,0.800000,1.000000,0.720916,1.000000,0.000000,0,0.000000,728422.000000,1.000000,636770156273.000000,1596164.000000
729000,7,199526,0.800000,1.000000,0.641222,1.000000,0.000000,0,0.000000,728991.000000,1.000000,636770156273.000000,1596164.000000
729000,8,199510,0.800000,1.000000,0.622380,1.000000,0.000000,0,0.000000,728266.000000,1.000000,636770156273.000000,1596164.000000
729000,9,199519,0.800000,1.000000,0.629111,1.000000,0.000000,0,0.000000,726902.000000,1.000000,636770156273.000000,1596164.000000
729000,10,199524,0.800000,1.000000,0.689760,1.000000,0.000000,0,0.000000,728995.000000,1.000000,636770156273.000000,1596164.000000
729000,11,199523,0.800000,1.000000,0.700371,1.000000,0.000000,0,0.000000,728966.000000,1.000000,636770156273.000000,1596164.000000
729000,12,199517,0.800000,1.000000,0.739160,1.000000,0.000000,0,0.000000,728968.000000,1.000000,636770156273.000000,1596164.000000
729000,13,199526,0.800000,1.000000,0.629582,1.000000,0.000000,1,582736.000000,729000.000000,1.000000,636770156273.000000,1596164.000000
729000,14,199403,0.800000,1.000000,0.681061,1.000000,0.000000,0,0.000000,724198.000000,1.000000,636770156273.000000,1596164.000000
729000,15,199522,0.800000,1.000000,0.479781,1.000000,0.000000,0,0.000000,728987.000000,1.000000,636770156273.000000,1596164.000000
730000,0,199603,0.800000,1.000000,0.674565,1.000000,0.000000,0,0.000000,729288.000000,1.000000,638403468312.000000,3196530.000000
730000,1,199612,0.800000,1.000000,0.610772,1.000000,0.000000,0,0.000000,717575.000000,1.000000,638403468312.000000,3196530.000000
730000,2,199792,0.800000,1.000000,0.554242,1.000000,0.000000,0,0.000000,729967.000000,1.000000,638403468312.000000,3196530.000000
730000,3,199784,0.800000,1.000000,0.645315,1.000000,0.000000,0,0.000000,729947.000000,1.000000,638403468312.000000,3196530.000000
730000,4,199791,0.800000,1.000000,0.654489,1.000000,0.000000,0,0.000000,729987.000000,1.000000,638403468312.000000,3196530.000000
730000,5,199791,0.800000,1.000000,0.753977,1.000000,0.000000,0,0.000000,729993.000000,1.000000,638403468312.000000,3196530.000000
730000,6,199632,0.800000,1.000000,0.521291,1.000000,0.000000,0,0.000000,729328.000000,1.000000,638403468312.000000,3196530.000000
730000,7,199769,0.800000,1.000000,0.694296,1.000000,0.000000,0,0.000000,729827.000000,1.000000,638403468312.000000,3196530.000000
730000,8,199793,0.800000,1.000000,0.586438,1.000000,0.000000,0,0.000000,729998.000000,1.000000,638403468312.000000,3196530.000000
730000,9,199744,0.800000,1.000000,0.703568,1.000000,0.000000,0,0.000000,729529.000000,1.000000,638403468312.000000,3196530.000000
730000,10,199792,0.800000,1.000000,0.612585,1.000000,0.000000,0,0.000000,729928.000000,1.000000,638403468312.000000,3196530.000000
730000,11,199793,0.800000,1.000000,0.718010,1.000000,0.000000,1,622038.000000,730000.000000,1.000000,638403468312.000000,3196530.000000
730000,12,199778,0.800000,1.000000,0.609497,1.000000,0.000000,0,0.000000,729944.000000,1.000000,638403468312.000000,3196530.000000
730000,13,199793,0.800000,1.000000,0.578847,1.000000,0.000000,0,0.000000,729997.000000,1.000000,638403468312.000000,3196530.000000
730000,14,199745,0.800000,1.000000,0.614714,1.000000,0.000000,0,0.000000,724198.000000,1.000000,638403468312.000000,3196530.000000
730000,15,199794,0.800000,1.000000,0.524824,1.000000,0.000000,0,0.000000,729989.000000,1.000000,638403468312.000000,3196530.000000
731000,0,199898,0.800000,1.000000,0.702766,1.000000,0.000000,0,0.000000,729288.000000,1.000000,640196465923.000000,2000453.000000
731000,1,200031,0.800000,1.000000,0.641832,1.000000,0.000000,0,0.000000,717575.000000,1.000000,640196465923.000000,2000453.000000
731000,2,200055,0.800000,1.000000,0.539264,1.000000,0.000000,0,0.000000,730935.000000,1.000000,640196465923.000000,2000453.000000
731000,3,200059,0.800000,1.000000,0.646066,1.000000,0.000000,0,0.000000,730995.000000,1.000000,640196465923.000000,2000453.000000
731000,4,200059,0.800000,1.000000,0.668857,1.000000,0.000000,0,0.000000,730997.000000,1.000000,640196465923.000000,2000453.000000
731000,5,200059,0.800000,1.000000,0.592920,1.000000,0.000000,0,0.000000,730950.000000,1.000000,640196465923.000000,2000453.000000
731000,6,199872,0.800000,1.000000,0.527256,1.000000,0.000000,0,0.000000,729328.000000,1.000000,640196465923.000000,2000453.000000
731000,7,200059,0.800000,1.000000,0.741825,1.000000,0.000000,0,0.000000,730999.000000,1.000000,640196465923.000000,2000453.000000
731000,8,200059,0.800000,1.000000,0.571036,1.000000,0.000000,1,612347.000000,731000.000000,1.000000,640196465923.000000,2000453.000000
731000,9,200023,0.800000,1.000000,0.657018,1.000000,0.000000,0,0.000000,729529.000000,1.000000,640196465923.000000,2000453.000000
731000,10,200057,0.800000,1.000000,0.579024,1.000000,0.000000,0,0.000000,730972.000000,1.000000,640196465923.000000,2000453.000000
731000,11,200039,0.800000,1.000000,0.629313,1.000000,0.000000,0,0.000000,730728.000000,1.000000,640196465923.000000,2000453.000000
731000,12,200060,0.800000,1.000000,0.601086,1.000000,0.000000,0,0.000000,730420.000000,1.000000,640196465923.000000,2000453.000000
731000,13,200059,0.800000,1.000000,0.686606,1.000000,0.000000,0,0.000000,730993.000000,1.000000,640196465923.000000,2000453.000000
731000,14,200042,0.800000,1.000000,0.666166,1.000000,0.000000,0,0.000000,724198.000000,1.000000,640196465923.000000,2000453.000000
731000,15,200060,0.800000,1.000000,0.645022,1.000000,0.000000,0,0.000000,730998.000000,1.000000,640196465923.000000,2000453.000000
732000,0,200249,0.800000,1.000000,0.573111,1.000000,0.000000,0,0.000000,729288.000000,1.000000,642087312876.000000,1602744.000000
732000,1,200334,0.800000,1.000000,0.531745,1.000000,0.000000,0,0.000000,731938.000000,1.000000,642087312876.000000,1602744.000000
732000,2,200344,0.800000,1.000000,0.731946,1.000000,0.000000,0,0.000000,731998.000000,1.000000,642087312876.000000,1602744.000000
732000,3,200344,0.800000,1.000000,0.620677,1.000000,0.000000,0,0.000000,731992.000000,1.000000,642087312876.000000,1602744.000000
732000,4,200344,0.800000,1.000000,0.537516,1.000000,0.000000,0,0.000000,731993.000000,1.000000,642087312876.000000,1602744.000000
732000,5,200295,0.800000,1.000000,0.668272,1.000000,0.000000,0,0.000000,731730.000000,1.000000,642087312876.000000,1602744.000000
732000,6,200265,0.800000,1.000000,0.608552,1.000000,0.000000,0,0.000000,729328.000000,1.000000,642087312876.000000,1602744.000000
732000,7,200344,0.800000,1.000000,0.488025,1.000000,0.000000,0,0.000000,731984.000000,1.000000,642087312876.000000,1602744.000000
732000,8,200341,0.800000,1.000000,0.571478,1.000000,0.000000,0,0.000000,731981.000000,1.000000,642087312876.000000,1602744.000000
732000,9,200344,0.800000,1.000000,0.733189,1.000000,0.000000,1,584339.000000,732000.000000,1.000000,642087312876.000000,1602744.000000
732000,10,200314,0.800000,1.000000,0.563529,1.000000,0.000000,0,0.000000,731420.000000,1.000000,642087312876.000000,1602744.000000
732000,11,200345,0.800000,1.000000,0.745240,1.000000,0.000000,0,0.000000,731999.000000,1.000000,642087312876.000000,1602744.000000
732000,12,200343,0.800000,1.000000,0.636541,1.000000,0.000000,0,0.000000,731855.000000,1.000000,642087312876.000000,1602744.000000
732000,13,200341,0.800000,1.000000,0.563256,1.000000,0.000000,0,0.000000,731983.000000,1.000000,642087312876.000000,1602744.000000
732000,14,200341,0.800000,1.000000,0.512491,1.000000,0.000000,0,0.000000,731918.000000,1.000000,642087312876.000000,1602744.000000
732000,15,200326,0.800000,1.000000,0.656018,1.000000,0.000000,0,0.000000,731361.000000,1.000000,642087312876.000000,1602744.000000
733000,0,200457,0.800000,1.000000,0.710048,1.000000,0.000000,0,0.000000,729288.000000,1.000000,643893528713.000000,2808279.000000
733000,1,200619,0.800000,1.000000,0.650675,1.000000,0.000000,0,0.000000,732944.000000,1.000000,643893528713.000000,2808279.000000
733000,2,200622,0.800000,1.000000,0.542759,1.000000,0.000000,0,0.000000,732998.000000,1.000000,643893528713.000000,2808279.000000
733000,3,200606,0.800000,1.000000,0.484088,1.000000,0.000000,0,0.000000,732840.000000,1.000000,643893528713.000000,2808279.000000
733000,4,200611,0.800000,1.000000,0.551173,1.000000,0.000000,0,0.000000,732866.000000,1.000000,643893528713.000000,2808279.000000
733000,5,200623,0.800000,1.000000,0.676447,1.000000,0.000000,0,0.000000,732991.000000,1.000000,643893528713.000000,2808279.000000
733000,6,200595,0.800000,1.000000,0.755347,1.000000,0.000000,0,0.000000,729328.000000,1.000000,643893528713.000000,2808279.000000
733000,7,200622,0.800000,1.000000,0.726418,1.000000,0.000000,0,0.000000,732997.000000,1.000000,643893528713.000000,2808279.000000
733000,8,200616,0.800000,1.000000,0.693986,1.000000,0.000000,0,0.000000,732983.000000,1.000000,643893528713.000000,2808279.000000
733000,9,200622,0.800000,1.000000,0.706457,1.000000,0.000000,0,0.000000,732999.000000,1.000000,643893528713.000000,2808279.000000
733000,10,200620,0.800000,1.000000,0.593029,1.000000,0.000000,0,0.000000,732990.000000,1.000000,643893528713.000000,2808279.000000
733000,11,200623,0.800000,1.000000,0.721608,1.000000,0.000000,1,624713.000000,733000.000000,1.000000,643893528713.000000,2808279.000000
733000,12,200621,0.800000,1.000000,0.575468,1.000000,0.000000,0,0.000000,732966.000000,1.000000,643893528713.000000,2808279.000000
733000,13,200616,0.800000,1.000000,0.554892,1.000000,0.000000,0,0.000000,732696.000000,1.000000,643893528713.000000,2808279.000000
733000,14,200623,0.800000,1.000000,0.631702,1.000000,0.000000,0,0.000000,732995.000000,1.000000,643893528713.000000,2808279.000000
733000,15,200623,0.800000,1.000000,0.612347,1.000000,0.000000,0,0.000000,732994.000000,1.000000,643893528713.000000,2808279.000000
734000,0,200828,0.800000,1.000000,0.569064,1.000000,0.000000,0,0.000000,729288.000000,1.000000,645641193924.000000,401757.000000
734000,1,200897,0.800000,1.000000,0.605444,1.000000,0.000000,0,0.000000,733892.000000,1.000000,645641193924.000000,401757.000000
734000,2,200904,0.800000,1.000000,0.710367,1.000000,0.000000,0,0.000000,733996.000000,1.000000,645641193924.000000,401757.000000
734000,3,200900,0.800000,1.000000,0.682523,1.000000,0.000000,0,0.000000,733981.000000,1.000000,645641193924.000000,401757.000000
734000,4,200850,0.800000,1.000000,0.658267,1.000000,0.000000,0,0.000000,733783.000000,1.000000,645641193924.000000,401757.000000
734000,5,200885,0.800000,1.000000,0.676989,1.000000,0.000000,0,0.000000,733583.000000,1.000000,645641193924.000000,401757.000000
734000,6,200905,0.800000,1.000000,0.603848,1.000000,0.000000,0,0.000000,733886.000000,1.000000,645641193924.000000,401757.000000
734000,7,200900,0.800000,1.000000,0.719279,1.000000,0.000000,0,0.000000,733623.000000,1.000000,645641193924.000000,401757.000000
734000,8,200904,0.800000,1.000000,0.630905,1.000000,0.000000,0,0.000000,733993.000000,1.000000,645641193924.000000,401757.000000
734000,9,200807,0.800000,1.000000,0.579104,1.000000,0.000000,0,0.000000,733525.000000,1.000000,645641193924.000000,401757.000000
734000,10,200905,0.800000,1.000000,0.585166,1.000000,0.000000,0,0.000000,733997.000000,1.000000,645641193924.000000,401757.000000
734000,11,200905,0.800000,1.000000,0.695803,1.000000,0.000000,0,0.000000,733999.000000,1.000000,645641193924.000000,401757.000000
734000,12,200833,0.800000,1.000000,0.450328,1.000000,0.000000,0,0.000000,733688.000000,1.000000,645641193924.000000,401757.000000
734000,13,200905,0.800000,1.000000,0.607937,1.000000,0.000000,1,586473.000000,734000.000000,1.000000,645641193924.000000,401757.000000
734000,14,200844,0.800000,1.000000,0.723476,1.000000,0.000000,0,0.000000,732995.000000,1.000000,645641193924.000000,401757.000000
734000,15,200900,0.800000,1.000000,0.567874,1.000000,0.000000,0,0.000000,733874.000000,1.000000,645641193924.000000,401757.000000
735000,0,201189,0.800000,1.000000,0.719157,1.000000,0.000000,1,588423.000000,735000.000000,1.000000,647317315797.000000,804598.000000
735000,1,201189,0.800000,1.000000,0.735354,1.000000,0.000000,0,0.000000,734999.000000,1.000000,647317315797.000000,804598.000000
735000,2,201066,0.800000,1.000000,0.695411,1.000000,0.000000,0,0.000000,734288.000000,1.000000,647317315797.000000,804598.000000
735000,3,201177,0.800000,1.000000,0.554878,1.000000,0.000000,0,0.000000,734809.000000,1.000000,647317315797.000000,804598.000000
735000,4,201175,0.800000,1.000000,0.631628,1.000000,0.000000,0,0.000000,734911.000000,1.000000,647317315797.000000,804598.000000
735000,5,201177,0.800000,1.000000,0.614842,1.000000,0.000000,0,0.000000,734624.000000,1.000000,647317315797.000000,804598.000000
735000,6,201122,0.800000,1.000000,0.641053,1.000000,0.000000,0,0.000000,734233.000000,1.000000,647317315797.000000,804598.000000
735000,7,201190,0.800000,1.000000,0.688820,1.000000,0.000000,0,0.000000,734991.000000,1.000000,647317315797.000000,804598.000000
735000,8,201173,0.800000,1.000000,0.634620,1.000000,0.000000,0,0.000000,734833.000000,1.000000,647317315797.000000,804598.000000
735000,9,201115,0.800000,1.000000,0.617292,1.000000,0.000000,0,0.000000,733525.000000,1.000000,647317315797.000000,804598.000000
735000,10,201180,0.800000,1.000000,0.644327,1.000000,0.000000,0,0.000000,734967.000000,1.000000,647317315797.000000,804598.000000
735000,11,201188,0.800000,1.000000,0.717349,1.000000,0.000000,0,0.000000,734995.000000,1.000000,647317315797.000000,804598.000000
735000,12,200833,0.800000,1.000000,0.450328,1.000000,0.000000,0,0.000000,733688.000000,1.000000,647317315797.000000,804598.000000
735000,13,201190,0.800000,1.000000,0.597260,1.000000,0.000000,0,0.000000,734996.000000,1.000000,647317315797.000000,804598.000000
735000,14,201123,0.800000,1.000000,0.641956,1.000000,0.000000,0,0.000000,732995.000000,1.000000,647317315797.000000,804598.000000
735000,15,201154,0.800000,1.000000,0.574820,1.000000,0.000000,0,0.000000,734827.000000,1.000000,647317315797.000000,804598.000000
736000,0,201460,0.800000,1.000000,0.576656,1.000000,0.000000,0,0.000000,735824.000000,1.000000,649331055087.000000,2014625.000000
736000,1,201481,0.800000,1.000000,0.646326,1.000000,0.000000,0,0.000000,735991.000000,1.000000,649331055087.000000,2014625.000000
736000,2,201412,0.800000,1.000000,0.618040,1.000000,0.000000,0,0.000000,734288.000000,1.000000,649331055087.000000,2014625.000000
736000,3,201480,0.800000,1.000000,0.609939,1.000000,0.000000,0,0.000000,735940.000000,1.000000,649331055087.000000,2014625.000000
736000,4,201452,0.800000,1.000000,0.675292,1.000000,0.000000,0,0.000000,735573.000000,1.000000,649331055087.000000,2014625.000000
736000,5,201481,0.800000,1.000000,0.536868,1.000000,0.000000,0,0.000000,735962.000000,1.000000,649331055087.000000,2014625.000000
736000,6,201482,0.800000,1.000000,0.707308,1.000000,0.000000,0,0.000000,735997.000000,1.000000,649331055087.000000,2014625.000000
736000,7,201465,0.800000,1.000000,0.624013,1.000000,0.000000,0,0.000000,735929.000000,1.000000,649331055087.000000,2014625.000000
736000,8,201480,0.800000,1.000000,0.753385,1.000000,0.000000,0,0.000000,735928.000000,1.000000,649331055087.000000,2014625.000000
736000,9,201481,0.800000,1.000000,0.607535,1.000000,0.000000,0,0.000000,735970.000000,1.000000,649331055087.000000,2014625.000000
736000,10,201477,0.800000,1.000000,0.658939,1.000000,0.000000,0,0.000000,735670.000000,1.000000,649331055087.000000,2014625.000000
736000,11,201483,0.800000,1.000000,0.707317,1.000000,0.000000,0,0.000000,735999.000000,1.000000,649331055087.000000,2014625.000000
736000,12,201170,0.800000,1.000000,0.664946,1.000000,0.000000,0,0.000000,733688.000000,1.000000,649331055087.000000,2014625.000000
736000,13,201482,0.800000,1.000000,0.716907,1.000000,0.000000,0,0.000000,735998.000000,1.000000,649331055087.000000,2014625.000000
736000,14,201474,0.800000,1.000000,0.541905,1.000000,0.000000,0,0.000000,735953.000000,1.000000,649331055087.000000,2014625.000000
736000,15,201483,0.800000,1.000000,0.793566,1.000000,0.000000,1,600947.000000,736000.000000,1.000000,649331055087.000000,2014625.000000
737000,0,201736,0.800000,1.000000,0.662921,1.000000,0.000000,0,0.000000,736994.000000,1.000000,650781130158.000000,1613258.000000
737000,1,201737,0.800000,1.000000,0.583228,1.000000,0.000000,0,0.000000,736974.000000,1.000000,650781130158.000000,1613258.000000
737000,2,201672,0.800000,1.000000,0.647670,1.000000,0.000000,0,0.000000,734288.000000,1.000000,650781130158.000000,1613258.000000
737000,3,201600,0.800000,1.000000,0.519128,1.000000,0.000000,0,0.000000,736108.000000,1.000000,650781130158.000000,1613258.000000
737000,4,201737,0.800000,1.000000,0.446325,1.000000,0.000000,0,0.000000,736938.000000,1.000000,650781130158.000000,1613258.000000
737000,5,201737,0.800000,1.000000,0.656381,1.000000,0.000000,1,590542.000000,737000.000000,1.000000,650781130158.000000,1613258.000000
737000,6,201632,0.800000,1.000000,0.451457,1.000000,0.000000,0,0.000000,736444.000000,1.000000,650781130158.000000,1613258.000000
737000,7,201638,0.800000,1.000000,0.641200,1.000000,0.000000,0,0.000000,735929.000000,1.000000,650781130158.000000,1613258.000000
737000,8,201738,0.800000,1.000000,0.703491,1.000000,0.000000,0,0.000000,736999.000000,1.000000,650781130158.000000,1613258.000000
737000,9,201735,0.800000,1.000000,0.704579,1.000000,0.000000,0,0.000000,736985.000000,1.000000,650781130158.000000,1613258.000000
737000,10,201738,0.800000,1.000000,0.651850,1.000000,0.000000,0,0.000000,736997.000000,1.000000,650781130158.000000,1613258.000000
737000,11,201736,0.800000,1.000000,0.740277,1.000000,0.000000,0,0.000000,736993.000000,1.000000,650781130158.000000,1613258.000000
737000,12,201525,0.800000,1.000000,0.501235,1.000000,0.000000,0,0.000000,733688.000000,1.000000,650781130158.000000,1613258.000000
737000,13,201737,0.800000,1.000000,0.691303,1.000000,0.000000,0,0.000000,736818.000000,1.000000,650781130158.000000,1613258.000000
737000,14,201474,0.800000,1.000000,0.541905,1.000000,0.000000,0,0.000000,735953.000000,1.000000,650781130158.000000,1613258.000000
737000,15,201668,0.800000,1.000000,0.628929,1.000000,0.000000,0,0.000000,736679.000000,1.000000,650781130158.000000,1613258.000000
738000,0,201991,0.800000,1.000000,0.602138,1.000000,0.000000,0,0.000000,737998.000000,1.000000,652669310792.000000,3231826.000000
738000,1,201992,0.800000,1.000000,0.671527,1.000000,0.000000,0,0.000000,737999.000000,1.000000,652669310792.000000,3231826.000000
738000,2,201991,0.800000,1.000000,0.660710,1.000000,0.000000,0,0.000000,737993.000000,1.000000,652669310792.000000,3231826.000000
738000,3,201955,0.800000,1.000000,0.706929,1.000000,0.000000,0,0.000000,736108.000000,1.000000,652669310792.000000,3231826.000000
738000,4,201992,0.800000,1.000000,0.654544,1.000000,0.000000,0,0.000000,737996.000000,1.000000,652669310792.000000,3231826.000000
738000,5,201974,0.800000,1.000000,0.665704,1.000000,0.000000,0,0.000000,737916.000000,1.000000,652669310792.000000,3231826.000000
738000,6,201962,0.800000,1.000000,0.587877,1.000000,0.000000,0,0.000000,737820.000000,1.000000,652669310792.000000,3231826.000000
738000,7,201988,0.800000,1.000000,0.687267,1.000000,0.000000,0,0.000000,735929.000000,1.000000,652669310792.000000,3231826.000000
738000,8,201992,0.800000,1.000000,0.634116,1.000000,0.000000,1,617504.000000,738000.000000,1.000000,652669310792.000000,3231826.000000
738000,9,201984,0.800000,1.000000,0.609540,1.000000,0.000000,0,0.000000,737919.000000,1.000000,652669310792.000000,3231826.000000
738000,10,201981,0.800000,1.000000,0.547371,1.000000,0.000000,0,0.000000,737397.000000,1.000000,652669310792.000000,3231826.000000
738000,11,201991,0.800000,1.000000,0.600177,1.000000,0.000000,0,0.000000,737988.000000,1.000000,652669310792.000000,3231826.000000
738000,12,201883,0.800000,1.000000,0.635445,1.000000,0.000000,0,0.000000,733688.000000,1.000000,652669310792.000000,3231826.000000
738000,13,201991,0.800000,1.000000,0.591001,1.000000,0.000000,0,0.000000,737989.000000,1.000000,652669310792.000000,3231826.000000
738000,14,201860,0.800000,1.000000,0.653695,1.000000,0.000000,0,0.000000,735953.000000,1.000000,652669310792.000000,3231826.000000
738000,15,201991,0.800000,1.000000,0.711073,1.000000,0.000000,0,0.000000,737994.000000,1.000000,652669310792.000000,3231826.000000
739000,0,202250,0.800000,1.000000,0.650886,1.000000,0.000000,0,0.000000,738650.000000,1.000000,654466054171.000000,1618120.000000
739000,1,202271,0.800000,1.000000,0.699611,1.000000,0.000000,0,0.000000,738996.000000,1.000000,654466054171.000000,1618120.000000
739000,2,202269,0.800000,1.000000,0.613184,1.000000,0.000000,0,0.000000,738985.000000,1.000000,654466054171.000000,1618120.000000
739000,3,202266,0.800000,1.000000,0.546703,1.000000,0.000000,0,0.000000,738971.000000,1.000000,654466054171.000000,1618120.000000
739000,4,202214,0.800000,1.000000,0.690186,1.000000,0.000000,0,0.000000,738056.000000,1.000000,654466054171.000000,1618120.000000
739000,5,202241,0.800000,1.000000,0.628921,1.000000,0.000000,0,0.000000,737916.000000,1.000000,654466054171.000000,1618120.000000
739000,6,202191,0.800000,1.000000,0.569187,1.000000,0.000000,0,0.000000,737820.000000,1.000000,654466054171.000000,1618120.000000
739000,7,202271,0.800000,1.000000,0.620206,1.000000,0.000000,0,0.000000,738991.000000,1.000000,654466054171.000000,1618120.000000
739000,8,202271,0.800000,1.000000,0.614816,1.000000,0.000000,0,0.000000,738998.000000,1.000000,654466054171.000000,1618120.000000
739000,9,202271,0.800000,1.000000,0.723145,1.000000,0.000000,0,0.000000,738997.000000,1.000000,654466054171.000000,1618120.000000
739000,10,202270,0.800000,1.000000,0.532807,1.000000,0.000000,0,0.000000,738981.000000,1.000000,654466054171.000000,1618120.000000
739000,11,202271,0.800000,1.000000,0.580240,1.000000,0.000000,1,628600.000000,739000.000000,1.000000,654466054171.000000,1618120.000000
739000,12,202225,0.800000,1.000000,0.614692,1.000000,0.000000,0,0.000000,733688.000000,1.000000,654466054171.000000,1618120.000000
739000,13,202267,0.800000,1.000000,0.603239,1.000000,0.000000,0,0.000000,738978.000000,1.000000,654466054171.000000,1618120.000000
739000,14,202144,0.800000,1.000000,0.616382,1.000000,0.000000,0,0.000000,735953.000000,1.000000,654466054171.000000,1618120.000000
739000,15,202271,0.800000,1.000000,0.656785,1.000000,0.000000,0,0.000000,738999.000000,1.000000,654466054171.000000,1618120.000000
740000,0,202562,0.800000,1.000000,0.632877,1.000000,0.000000,0,0.000000,739999.000000,1.000000,656358035505.000000,3240466.000000
740000,1,202560,0.800000,1.000000,0.716042,1.000000,0.000000,0,0.000000,739957.000000,1.000000,656358035505.000000,3240466.000000
740000,2,202552,0.800000,1.000000,0.617314,1.000000,0.000000,0,0.000000,739768.000000,1.000000,656358035505.000000,3240466.000000
740000,3,202531,0.800000,1.000000,0.527673,1.000000,0.000000,0,0.000000,739802.000000,1.000000,656358035505.000000,3240466.000000
740000,4,202431,0.800000,1.000000,0.618536,1.000000,0.000000,0,0.000000,738056.000000,1.000000,656358035505.000000,3240466.000000
740000,5,202545,0.800000,1.000000,0.541517,1.000000,0.000000,0,0.000000,739924.000000,1.000000,656358035505.000000,3240466.000000
740000,6,202562,0.800000,1.000000,0.609044,1.000000,0.000000,1,621167.000000,740000.000000,1.000000,656358035505.000000,3240466.000000
740000,7,202560,0.800000,1.000000,0.556084,1.000000,0.000000,0,0.000000,739492.000000,1.000000,656358035505.000000,3240466.000000
740000,8,202563,0.800000,1.000000,0.724563,1.000000,0.000000,0,0.000000,739983.000000,1.000000,656358035505.000000,3240466.000000
740000,9,202538,0.800000,1.000000,0.718947,1.000000,0.000000,0,0.000000,739291.000000,1.000000,656358035505.000000,3240466.000000
740000,10,202562,0.800000,1.000000,0.678092,1.000000,0.000000,0,0.000000,739998.000000,1.000000,656358035505.000000,3240466.000000
740000,11,202556,0.800000,1.000000,0.611413,1.000000,0.000000,0,0.000000,739962.000000,1.000000,656358035505.000000,3240466.000000
740000,12,202560,0.800000,1.000000,0.594369,1.000000,0.000000,0,0.000000,739973.000000,1.000000,656358035505.000000,3240466.000000
740000,13,202562,0.800000,1.000000,0.579367,1.000000,0.000000,0,0.000000,739994.000000,1.000000,656358035505.000000,3240466.000000
740000,14,202445,0.800000,1.000000,0.725845,1.000000,0.000000,0,0.000000,735953.000000,1.000000,656358035505.000000,3240466.000000
740000,15,202548,0.800000,1.000000,0.621209,1.000000,0.000000,0,0.000000,739893.000000,1.000000,656358035505.000000,3240466.000000
741000,0,202824,0.800000,1.000000,0.665411,1.000000,0.000000,0,0.000000,740906.000000,1.000000,658192281658.000000,1622512.000000
741000,1,202833,0.800000,1.000000,0.607880,1.000000,0.000000,0,0.000000,740990.000000,1.000000,658192281658.000000,1622512.000000
741000,2,202836,0.800000,1.000000,0.588630,1.000000,0.000000,0,0.000000,740993.000000,1.000000,658192281658.000000,1622512.000000
741000,3,202836,0.800000,1.000000,0.503802,1.000000,0.000000,0,0.000000,740984.000000,1.000000,658192281658.000000,1622512.000000
741000,4,202779,0.800000,1.000000,0.617922,1.000000,0.000000,0,0.000000,738056.000000,1.000000,658192281658.000000,1622512.000000
741000,5,202837,0.800000,1.000000,0.645618,1.000000,0.000000,0,0.000000,740995.000000,1.000000,658192281658.000000,1622512.000000
741000,6,202791,0.800000,1.000000,0.647456,1.000000,0.000000,0,0.000000,740626.000000,1.000000,658192281658.000000,1622512.000000
741000,7,202836,0.800000,1.000000,0.694662,1.000000,0.000000,0,0.000000,740975.000000,1.000000,658192281658.000000,1622512.000000
741000,8,202837,0.800000,1.000000,0.665540,1.000000,0.000000,0,0.000000,740999.000000,1.000000,658192281658.000000,1622512.000000
741000,9,202818,0.800000,1.000000,0.681273,1.000000,0.000000,0,0.000000,740446.000000,1.000000,658192281658.000000,1622512.000000
741000,10,202795,0.800000,1.000000,0.591720,1.000000,0.000000,0,0.000000,740670.000000,1.000000,658192281658.000000,1622512.000000
741000,11,202795,0.800000,1.000000,0.646911,1.000000,0.000000,0,0.000000,739962.000000,1.000000,658192281658.000000,1622512.000000
741000,12,202833,0.800000,1.000000,0.531681,1.000000,0.000000,0,0.000000,740981.000000,1.000000,658192281658.000000,1622512.000000
741000,13,202837,0.800000,1.000000,0.660065,1.000000,0.000000,0,0.000000,740997.000000,1.000000,658192281658.000000,1622512.000000
741000,14,202837,0.800000,1.000000,0.709494,1.000000,0.000000,0,0.000000,740998.000000,1.000000,658192281658.000000,1622512.000000
741000,15,202838,0.800000,1.000000,0.675728,1.000000,0.000000,1,604984.000000,741000.000000,1.000000,658192281658.000000,1622512.000000
742000,0,203006,0.800000,1.000000,0.587203,1.000000,0.000000,0,0.000000,741193.000000,1.000000,659987682307.000000,1624904.000000
742000,1,203114,0.800000,1.000000,0.670783,1.000000,0.000000,0,0.000000,741791.000000,1.000000,659987682307.000000,1624904.000000
742000,2,203116,0.800000,1.000000,0.562609,1.000000,0.000000,0,0.000000,741984.000000,1.000000,659987682307.000000,1624904.000000
742000,3,203106,0.800000,1.000000,0.764062,1.000000,0.000000,0,0.000000,741752.000000,1.000000,659987682307.000000,1624904.000000
742000,4,203104,0.800000,1.000000,0.536849,1.000000,0.000000,0,0.000000,738056.000000,1.000000,659987682307.000000,1624904.000000
742000,5,203115,0.800000,1.000000,0.743014,1.000000,0.000000,0,0.000000,741994.000000,1.000000,659987682307.000000,1624904.000000
742000,6,203117,0.800000,1.000000,0.537536,1.000000,0.000000,0,0.000000,741942.000000,1.000000,659987682307.000000,1624904.000000
742000,7,203108,0.800000,1.000000,0.728974,1.000000,0.000000,0,0.000000,741958.000000,1.000000,659987682307.000000,1624904.000000
742000,8,203114,0.800000,1.000000,0.648729,1.000000,0.000000,0,0.000000,741981.000000,1.000000,659987682307.000000,1624904.000000
742000,9,203117,0.800000,1.000000,0.625472,1.000000,0.000000,0,0.000000,741996.000000,1.000000,659987682307.000000,1624904.000000
742000,10,203117,0.800000,1.000000,0.654700,1.000000,0.000000,1,601877.000000,742000.000000,1.000000,659987682307.000000,1624904.000000
742000,11,203117,0.800000,1.000000,0.686316,1.000000,0.000000,0,0.000000,741998.000000,1.000000,659987682307.000000,1624904.000000
742000,12,203043,0.800000,1.000000,0.643240,1.000000,0.000000,0,0.000000,741737.000000,1.000000,659987682307.000000,1624904.000000
742000,13,203102,0.800000,1.000000,0.570938,1.000000,0.000000,0,0.000000,741426.000000,1.000000,659987682307.000000,1624904.000000
742000,14,203072,0.800000,1.000000,0.586261,1.000000,0.000000,0,0.000000,741579.000000,1.000000,659987682307.000000,1624904.000000
742000,15,203117,0.800000,1.000000,0.706880,1.000000,0.000000,0,0.000000,741999.000000,1.000000,659987682307.000000,1624904.000000
743000,0,203264,0.800000,1.000000,0.695292,1.000000,0.000000,0,0.000000,741193.000000,1.000000,661786747839.000000,2440702.000000
743000,1,203395,0.800000,1.000000,0.661969,1.000000,0.000000,0,0.000000,742991.000000,1.000000,661786747839.000000,2440702.000000
743000,2,203362,0.800000,1.000000,0.695039,1.000000,0.000000,0,0.000000,742227.000000,1.000000,661786747839.000000,2440702.000000
743000,3,203396,0.800000,1.000000,0.651311,1.000000,0.000000,0,0.000000,742675.000000,1.000000,661786747839.000000,2440702.000000
743000,4,203391,0.800000,1.000000,0.440759,1.000000,0.000000,0,0.000000,742944.000000,1.000000,661786747839.000000,2440702.000000
743000,5,203396,0.800000,1.000000,0.713426,1.000000,0.000000,1,595400.000000,743000.000000,1.000000,661786747839.000000,2440702.000000
743000,6,203393,0.800000,1.000000,0.629977,1.000000,0.000000,0,0.000000,742856.000000,1.000000,661786747839.000000,2440702.000000
743000,7,203394,0.800000,1.000000,0.749569,1.000000,0.000000,0,0.000000,742992.000000,1.000000,661786747839.000000,2440702.000000
743000,8,203396,0.800000,1.000000,0.705010,1.000000,0.000000,0,0.000000,742955.000000,1.000000,661786747839.000000,2440702.000000
743000,9,203397,0.800000,1.000000,0.681036,1.000000,0.000000,0,0.000000,742998.000000,1.000000,661786747839.000000,2440702.000000
743000,10,203395,0.800000,1.000000,0.641253,1.000000,0.000000,0,0.000000,742965.000000,1.000000,661786747839.000000,2440702.000000
743000,11,203395,0.800000,1.000000,0.652957,1.000000,0.000000,0,0.000000,742985.000000,1.000000,661786747839.000000,2440702.000000
743000,12,203294,0.800000,1.000000,0.681990,1.000000,0.000000,0,0.000000,741737.000000,1.000000,661786747839.000000,2440702.000000
743000,13,203396,0.800000,1.000000,0.692103,1.000000,0.000000,0,0.000000,742999.000000,1.000000,661786747839.000000,2440702.000000
743000,14,203365,0.800000,1.000000,0.553900,1.000000,0.000000,0,0.000000,742872.000000,1.000000,661786747839.000000,2440702.000000
743000,15,203382,0.800000,1.000000,0.723341,1.000000,0.000000,0,0.000000,742839.000000,1.000000,661786747839.000000,2440702.000000
744000,0,203635,0.800000,1.000000,0.557967,1.000000,0.000000,0,0.000000,741193.000000,1.000000,663786208035.000000,2036909.000000
744000,1,203698,0.800000,1.000000,0.550093,1.000000,0.000000,0,0.000000,743966.000000,1.000000,663786208035.000000,2036909.000000
744000,2,203701,0.800000,1.000000,0.571025,1.000000,0.000000,0,0.000000,743996.000000,1.000000,663786208035.000000,2036909.000000
744000,3,203665,0.800000,1.000000,0.505229,1.000000,0.000000,0,0.000000,743769.000000,1.000000,663786208035.000000,2036909.000000
744000,4,203691,0.800000,1.000000,0.583598,1.000000,0.000000,0,0.000000,743590.000000,1.000000,663786208035.000000,2036909.000000
744000,5,203701,0.800000,1.000000,0.718342,1.000000,0.000000,1,595850.000000,744000.000000,1.000000,663786208035.000000,2036909.000000
744000,6,203698,0.800000,1.000000,0.640122,1.000000,0.000000,0,0.000000,743989.000000,1.000000,663786208035.000000,2036909.000000
744000,7,203695,0.800000,1.000000,0.619623,1.000000,0.000000,0,0.000000,743905.000000,1.000000,663786208035.000000,2036909.000000
744000,8,203699,0.800000,1.000000,0.474732,1.000000,0.000000,0,0.000000,743990.000000,1.000000,663786208035.000000,2036909.000000
744000,9,203702,0.800000,1.000000,0.703285,1.000000,0.000000,0,0.000000,743997.000000,1.000000,663786208035.000000,2036909.000000
744000,10,203696,0.800000,1.000000,0.697879,1.000000,0.000000,0,0.000000,743967.000000,1.000000,663786208035.000000,2036909.000000
744000,11,203701,0.800000,1.000000,0.686959,1.000000,0.000000,0,0.000000,743999.000000,1.000000,663786208035.000000,2036909.000000
744000,12,203597,0.800000,1.000000,0.750366,1.000000,0.000000,0,0.000000,741737.000000,1.000000,663786208035.000000,2036909.000000
744000,13,203701,0.800000,1.000000,0.695497,1.000000,0.000000,0,0.000000,743964.000000,1.000000,663786208035.000000,2036909.000000
744000,14,203669,0.800000,1.000000,0.659645,1.000000,0.000000,0,0.000000,743698.000000,1.000000,663786208035.000000,2036909.000000
744000,15,203674,0.800000,1.000000,0.487199,1.000000,0.000000,0,0.000000,743882.000000,1.000000,663786208035.000000,2036909.000000
745000,0,203955,0.800000,1.000000,0.541475,1.000000,0.000000,0,0.000000,741193.000000,1.000000,665450134563.000000,1223799.000000
745000,1,203964,0.800000,1.000000,0.633756,1.000000,0.000000,0,0.000000,744921.000000,1.000000,665450134563.000000,1223799.000000
745000,2,203952,0.800000,1.000000,0.669420,1.000000,0.000000,0,0.000000,744346.000000,1.000000,665450134563.000000,1223799.000000
745000,3,203967,0.800000,1.000000,0.590391,1.000000,0.000000,0,0.000000,744994.000000,1.000000,665450134563.000000,1223799.000000
745000,4,203916,0.800000,1.000000,0.507092,1.000000,0.000000,0,0.000000,743590.000000,1.000000,665450134563.000000,1223799.000000
745000,5,203966,0.800000,1.000000,0.697690,1.000000,0.000000,0,0.000000,744999.000000,1.000000,665450134563.000000,1223799.000000
745000,6,203950,0.800000,1.000000,0.584103,1.000000,0.000000,0,0.000000,744308.000000,1.000000,665450134563.000000,1223799.000000
745000,7,203967,0.800000,1.000000,0.662765,1.000000,0.000000,0,0.000000,744949.000000,1.000000,665450134563.000000,1223799.000000
745000,8,203963,0.800000,1.000000,0.686758,1.000000,0.000000,0,0.000000,744983.000000,1.000000,665450134563.000000,1223799.000000
745000,9,203967,0.800000,1.000000,0.661492,1.000000,0.000000,0,0.000000,744989.000000,1.000000,665450134563.000000,1223799.000000
745000,10,203959,0.800000,1.000000,0.540923,1.000000,0.000000,0,0.000000,744941.000000,1.000000,665450134563.000000,1223799.000000
745000,11,203967,0.800000,1.000000,0.692792,1.000000,0.000000,0,0.000000,744997.000000,1.000000,665450134563.000000,1223799.000000
745000,12,203849,0.800000,1.000000,0.602548,1.000000,0.000000,0,0.000000,741737.000000,1.000000,665450134563.000000,1223799.000000
745000,13,203829,0.800000,1.000000,0.564660,1.000000,0.000000,0,0.000000,744067.000000,1.000000,665450134563.000000,1223799.000000
745000,14,203967,0.800000,1.000000,0.649717,1.000000,0.000000,1,600543.000000,745000.000000,1.000000,665450134563.000000,1223799.000000
745000,15,203867,0.800000,1.000000,0.733264,1.000000,0.000000,0,0.000000,744637.000000,1.000000,665450134563.000000,1223799.000000
746000,0,204233,0.800000,1.000000,0.605134,1.000000,0.000000,0,0.000000,745979.000000,1.000000,667248017098.000000,1633552.000000
746000,1,204233,0.800000,1.000000,0.661100,1.000000,0.000000,0,0.000000,745999.000000,1.000000,667248017098.000000,1633552.000000
746000,2,204233,0.800000,1.000000,0.612444,1.000000,0.000000,0,0.000000,745995.000000,1.000000,667248017098.000000,1633552.000000
746000,3,204182,0.800000,1.000000,0.658733,1.000000,0.000000,0,0.000000,745557.000000,1.000000,667248017098.000000,1633552.000000
746000,4,204229,0.800000,1.000000,0.641552,1.000000,0.000000,0,0.000000,745964.000000,1.000000,667248017098.000000,1633552.000000
746000,5,204226,0.800000,1.000000,0.703771,1.000000,0.000000,0,0.000000,745906.000000,1.000000,667248017098.000000,1633552.000000
746000,6,204181,0.800000,1.000000,0.727995,1.000000,0.000000,0,0.000000,745570.000000,1.000000,667248017098.000000,1633552.000000
746000,7,204233,0.800000,1.000000,0.620071,1.000000,0.000000,0,0.000000,745993.000000,1.000000,667248017098.000000,1633552.000000
746000,8,204234,0.800000,1.000000,0.632450,1.000000,0.000000,1,623644.000000,746000.000000,1.000000,667248017098.000000,1633552.000000
746000,9,204151,0.800000,1.000000,0.697719,1.000000,0.000000,0,0.000000,745601.000000,1.000000,667248017098.000000,1633552.000000
746000,10,204217,0.800000,1.000000,0.599100,1.000000,0.000000,0,0.000000,745769.000000,1.000000,667248017098.000000,1633552.000000
746000,11,204233,0.800000,1.000000,0.750137,1.000000,0.000000,0,0.000000,745998.000000,1.000000,667248017098.000000,1633552.000000
746000,12,204183,0.800000,1.000000,0.593866,1.000000,0.000000,0,0.000000,741737.000000,1.000000,667248017098.000000,1633552.000000
746000,13,204192,0.800000,1.000000,0.690928,1.000000,0.000000,0,0.000000,744067.000000,1.000000,667248017098.000000,1633552.000000
746000,14,204226,0.800000,1.000000,0.692802,1.000000,0.000000,0,0.000000,745285.000000,1.000000,667248017098.000000,1633552.000000
746000,15,204224,0.800000,1.000000,0.621128,1.000000,0.000000,0,0.000000,744637.000000,1.000000,667248017098.000000,1633552.000000
747000,0,204514,0.800000,1.000000,0.696281,1.000000,0.000000,0,0.000000,746977.000000,1.000000,669142824676.000000,2045175.000000
747000,1,204435,0.800000,1.000000,0.640686,1.000000,0.000000,0,0.000000,746289.000000,1.000000,669142824676.000000,2045175.000000
747000,2,204519,0.800000,1.000000,0.538155,1.000000,0.000000,0,0.000000,746992.000000,1.000000,669142824676.000000,2045175.000000
747000,3,204500,0.800000,1.000000,0.547161,1.000000,0.000000,0,0.000000,746907.000000,1.000000,669142824676.000000,2045175.000000
747000,4,204519,0.800000,1.000000,0.628146,1.000000,0.000000,0,0.000000,746995.000000,1.000000,669142824676.000000,2045175.000000
747000,5,204518,0.800000,1.000000,0.540963,1.000000,0.000000,0,0.000000,746999.000000,1.000000,669142824676.000000,2045175.000000
747000,6,204519,0.800000,1.000000,0.573942,1.000000,0.000000,0,0.000000,746985.000000,1.000000,669142824676.000000,2045175.000000
747000,7,204515,0.800000,1.000000,0.681850,1.000000,0.000000,0,0.000000,746954.000000,1.000000,669142824676.000000,2045175.000000
747000,8,204517,0.800000,1.000000,0.588249,1.000000,0.000000,0,0.000000,746942.000000,1.000000,669142824676.000000,2045175.000000
747000,9,204519,0.800000,1.000000,0.598580,1.000000,0.000000,0,0.000000,746989.000000,1.000000,669142824676.000000,2045175.000000
747000,10,204515,0.800000,1.000000,0.616121,1.000000,0.000000,0,0.000000,746882.000000,1.000000,669142824676.000000,2045175.000000
747000,11,204519,0.800000,1.000000,0.581631,1.000000,0.000000,1,635158.000000,747000.000000,1.000000,669142824676.000000,2045175.000000
747000,12,204520,0.800000,1.000000,0.736867,1.000000,0.000000,0,0.000000,746998.000000,1.000000,669142824676.000000,2045175.000000
747000,13,204457,0.800000,1.000000,0.535607,1.000000,0.000000,0,0.000000,744067.000000,1.000000,669142824676.000000,2045175.000000
747000,14,204467,0.800000,1.000000,0.706027,1.000000,0.000000,0,0.000000,746239.000000,1.000000,669142824676.000000,2045175.000000
747000,15,204493,0.800000,1.000000,0.654938,1.000000,0.000000,0,0.000000,746898.000000,1.000000,669142824676.000000,2045175.000000
748000,0,204762,0.800000,1.000000,0.615502,1.000000,0.000000,0,0.000000,747799.000000,1.000000,670946116670.000000,1638216.000000
748000,1,204774,0.800000,1.000000,0.599437,1.000000,0.000000,0,0.000000,746289.000000,1.000000,670946116670.000000,1638216.000000
748000,2,204790,0.800000,1.000000,0.684640,1.000000,0.000000,0,0.000000,747998.000000,1.000000,670946116670.000000,1638216.000000
748000,3,204786,0.800000,1.000000,0.643857,1.000000,0.000000,0,0.000000,747967.000000,1.000000,670946116670.000000,1638216.000000
748000,4,204790,0.800000,1.000000,0.640662,1.000000,0.000000,0,0.000000,747999.000000,1.000000,670946116670.000000,1638216.000000
748000,5,204787,0.800000,1.000000,0.608212,1.000000,0.000000,0,0.000000,747961.000000,1.000000,670946116670.000000,1638216.000000
748000,6,204789,0.800000,1.000000,0.520869,1.000000,0.000000,0,0.000000,747980.000000,1.000000,670946116670.000000,1638216.000000
748000,7,204791,0.800000,1.000000,0.658581,1.000000,0.000000,0,0.000000,747986.000000,1.000000,670946116670.000000,1638216.000000
748000,8,204790,0.800000,1.000000,0.644497,1.000000,0.000000,0,0.000000,747994.000000,1.000000,670946116670.000000,1638216.000000
748000,9,204791,0.800000,1.000000,0.667259,1.000000,0.000000,1,597142.000000,748000.000000,1.000000,670946116670.000000,1638216.000000
748000,10,204788,0.800000,1.000000,0.566476,1.000000,0.000000,0,0.000000,747944.000000,1.000000,670946116670.000000,1638216.000000
748000,11,204767,0.800000,1.000000,0.766863,1.000000,0.000000,0,0.000000,747841.000000,1.000000,670946116670.000000,1638216.000000
748000,12,204780,0.800000,1.000000,0.605589,1.000000,0.000000,0,0.000000,747860.000000,1.000000,670946116670.000000,1638216.000000
748000,13,204788,0.800000,1.000000,0.714465,1.000000,0.000000,0,0.000000,747762.000000,1.000000,670946116670.000000,1638216.000000
748000,14,204688,0.800000,1.000000,0.719417,1.000000,0.000000,0,0.000000,746239.000000,1.000000,670946116670.000000,1638216.000000
748000,15,204791,0.800000,1.000000,0.674963,1.000000,0.000000,0,0.000000,747997.000000,1.000000,670946116670.000000,1638216.000000
749000,0,205041,0.800000,1.000000,0.604312,1.000000,0.000000,0,0.000000,748915.000000,1.000000,672672712087.000000,3280910.000000
749000,1,205050,0.800000,1.000000,0.589391,1.000000,0.000000,0,0.000000,748926.000000,1.000000,672672712087.000000,3280910.000000
749000,2,205060,0.800000,1.000000,0.606126,1.000000,0.000000,0,0.000000,748967.000000,1.000000,672672712087.000000,3280910.000000
749000,3,205054,0.800000,1.000000,0.639608,1.000000,0.000000,0,0.000000,748392.000000,1.000000,672672712087.000000,3280910.000000
749000,4,205061,0.800000,1.000000,0.589770,1.000000,0.000000,0,0.000000,748990.000000,1.000000,672672712087.000000,3280910.000000
749000,5,205051,0.800000,1.000000,0.675733,1.000000,0.000000,0,0.000000,748109.000000,1.000000,672672712087.000000,3280910.000000
749000,6,205049,0.800000,1.000000,0.625773,1.000000,0.000000,0,0.000000,748763.000000,1.000000,672672712087.000000,3280910.000000
749000,7,205063,0.800000,1.000000,0.703258,1.000000,0.000000,0,0.000000,748999.000000,1.000000,672672712087.000000,3280910.000000
749000,8,205002,0.800000,1.000000,0.703158,1.000000,0.000000,0,0.000000,748541.000000,1.000000,672672712087.000000,3280910.000000
749000,9,205061,0.800000,1.000000,0.537797,1.000000,0.000000,0,0.000000,748984.000000,1.000000,672672712087.000000,3280910.000000
749000,10,205052,0.800000,1.000000,0.550246,1.000000,0.000000,0,0.000000,748870.000000,1.000000,672672712087.000000,3280910.000000
749000,11,205063,0.800000,1.000000,0.671826,1.000000,0.000000,0,0.000000,748996.000000,1.000000,672672712087.000000,3280910.000000
749000,12,205063,0.800000,1.000000,0.721640,1.000000,0.000000,1,600202.000000,749000.000000,1.000000,672672712087.000000,3280910.000000
749000,13,205063,0.800000,1.000000,0.728982,1.000000,0.000000,0,0.000000,748997.000000,1.000000,672672712087.000000,3280910.000000
749000,14,204871,0.800000,1.000000,0.519689,1.000000,0.000000,0,0.000000,746239.000000,1.000000,672672712087.000000,3280910.000000
749000,15,205061,0.800000,1.000000,0.602502,1.000000,0.000000,0,0.000000,748978.000000,1.000000,672672712087.000000,3280910.000000
750000,0,205353,0.800000,1.000000,0.682893,1.000000,0.000000,0,0.000000,749926.000000,1.000000,674706606857.000000,1642720.000000
750000,1,205375,0.800000,1.000000,0.743717,1.000000,0.000000,0,0.000000,749994.000000,1.000000,674706606857.000000,1642720.000000
750000,2,205343,0.800000,1.000000,0.693069,1.000000,0.000000,0,0.000000,749902.000000,1.000000,674706606857.000000,1642720.000000
750000,3,205374,0.800000,1.000000,0.747076,1.000000,0.000000,0,0.000000,749960.000000,1.000000,674706606857.000000,1642720.000000
750000,4,205349,0.800000,1.000000,0.505043,1.000000,0.000000,0,0.000000,749861.000000,1.000000,674706606857.000000,1642720.000000
750000,5,205328,0.800000,1.000000,0.663821,1.000000,0.000000,0,0.000000,749834.000000,1.000000,674706606857.000000,1642720.000000
750000,6,205374,0.800000,1.000000,0.605654,1.000000,0.000000,0,0.000000,749981.000000,1.000000,674706606857.000000,1642720.000000
750000,7,205374,0.800000,1.000000,0.683536,1.000000,0.000000,0,0.000000,749995.000000,1.000000,674706606857.000000,1642720.000000
750000,8,205366,0.800000,1.000000,0.669283,1.000000,0.000000,0,0.000000,749953.000000,1.000000,674706606857.000000,1642720.000000
750000,9,205366,0.800000,1.000000,0.607058,1.000000,0.000000,0,0.000000,749919.000000,1.000000,674706606857.000000,1642720.000000
750000,10,205287,0.800000,1.000000,0.609226,1.000000,0.000000,0,0.000000,749342.000000,1.000000,674706606857.000000,1642720.000000
750000,11,205375,0.800000,1.000000,0.647482,1.000000,0.000000,0,0.000000,749997.000000,1.000000,674706606857.000000,1642720.000000
750000,12,205369,0.800000,1.000000,0.543412,1.000000,0.000000,0,0.000000,749913.000000,1.000000,674706606857.000000,1642720.000000
750000,13,205375,0.800000,1.000000,0.640124,1.000000,0.000000,0,0.000000,749998.000000,1.000000,674706606857.000000,1642720.000000
750000,14,205238,0.800000,1.000000,0.667382,1.000000,0.000000,0,0.000000,746239.000000,1.000000,674706606857.000000,1642720.000000
750000,15,205375,0.800000,1.000000,0.730435,1.000000,0.000000,1,612191.000000,750000.000000,1.000000,674706606857.000000,1642720.000000
751000,0,205645,0.800000,1.000000,0.519340,1.000000,0.000000,0,0.000000,750965.000000,1.000000,676548217560.000000,2467556.000000
751000,1,205650,0.800000,1.000000,0.600189,1.000000,0.000000,0,0.000000,750990.000000,1.000000,676548217560.000000,2467556.000000
751000,2,205615,0.800000,1.000000,0.534457,1.000000,0.000000,0,0.000000,750872.000000,1.000000,676548217560.000000,2467556.000000
751000,3,205650,0.800000,1.000000,0.780881,1.000000,0.000000,0,0.000000,750999.000000,1.000000,676548217560.000000,2467556.000000
751000,4,205643,0.800000,1.000000,0.672474,1.000000,0.000000,0,0.000000,750869.000000,1.000000,676548217560.000000,2467556.000000
751000,5,205649,0.800000,1.000000,0.669118,1.000000,0.000000,0,0.000000,750988.000000,1.000000,676548217560.000000,2467556.000000
751000,6,205642,0.800000,1.000000,0.658257,1.000000,0.000000,0,0.000000,750422.000000,1.000000,676548217560.000000,2467556.000000
751000,7,205540,0.800000,1.000000,0.584742,1.000000,0.000000,0,0.000000,750198.000000,1.000000,676548217560.000000,2467556.000000
751000,8,205650,0.800000,1.000000,0.660950,1.000000,0.000000,0,0.000000,750997.000000,1.000000,676548217560.000000,2467556.000000
751000,9,205645,0.800000,1.000000,0.714085,1.000000,0.000000,0,0.000000,750958.000000,1.000000,676548217560.000000,2467556.000000
751000,10,205544,0.800000,1.000000,0.534766,1.000000,0.000000,0,0.000000,749342.000000,1.000000,676548217560.000000,2467556.000000
751000,11,205650,0.800000,1.000000,0.734028,1.000000,0.000000,1,638639.000000,751000.000000,1.000000,676548217560.000000,2467556.000000
751000,12,205637,0.800000,1.000000,0.688904,1.000000,0.000000,0,0.000000,750886.000000,1.000000,676548217560.000000,2467556.000000
751000,13,205642,0.800000,1.000000,0.681645,1.000000,0.000000,0,0.000000,750755.000000,1.000000,676548217560.000000,2467556.000000
751000,14,205649,0.800000,1.000000,0.573757,1.000000,0.000000,0,0.000000,750982.000000,1.000000,676548217560.000000,2467556.000000
751000,15,205651,0.800000,1.000000,0.625781,1.000000,0.000000,0,0.000000,750995.000000,1.000000,676548217560.000000,2467556.000000
752000,0,205919,0.800000,1.000000,0.554612,1.000000,0.000000,0,0.000000,751999.000000,1.000000,678309209829.000000,2471002.000000
752000,1,205919,0.800000,1.000000,0.633262,1.000000,0.000000,0,0.000000,751991.000000,1.000000,678309209829.000000,2471002.000000
752000,2,205920,0.800000,1.000000,0.665514,1.000000,0.000000,1,621266.000000,752000.000000,1.000000,678309209829.000000,2471002.000000
752000,3,205907,0.800000,1.000000,0.576203,1.000000,0.000000,0,0.000000,751711.000000,1.000000,678309209829.000000,2471002.000000
752000,4,205916,0.800000,1.000000,0.555199,1.000000,0.000000,0,0.000000,751942.000000,1.000000,678309209829.000000,2471002.000000
752000,5,205919,0.800000,1.000000,0.617507,1.000000,0.000000,0,0.000000,751966.000000,1.000000,678309209829.000000,2471002.000000
752000,6,205919,0.800000,1.000000,0.570554,1.000000,0.000000,0,0.000000,751994.000000,1.000000,678309209829.000000,2471002.000000
752000,7,205917,0.800000,1.000000,0.741898,1.000000,0.000000,0,0.000000,750198.000000,1.000000,678309209829.000000,2471002.000000
752000,8,205918,0.800000,1.000000,0.627665,1.000000,0.000000,0,0.000000,751992.000000,1.000000,678309209829.000000,2471002.000000
752000,9,205907,0.800000,1.000000,0.636741,1.000000,0.000000,0,0.000000,751936.000000,1.000000,678309209829.000000,2471002.000000
752000,10,205636,0.800000,1.000000,0.733591,1.000000,0.000000,0,0.000000,749342.000000,1.000000,678309209829.000000,2471002.000000
752000,11,205919,0.800000,1.000000,0.505798,1.000000,0.000000,0,0.000000,751975.000000,1.000000,678309209829.000000,2471002.000000
752000,12,205908,0.800000,1.000000,0.569122,1.000000,0.000000,0,0.000000,750886.000000,1.000000,678309209829.000000,2471002.000000
752000,13,205916,0.800000,1.000000,0.615148,1.000000,0.000000,0,0.000000,751741.000000,1.000000,678309209829.000000,2471002.000000
752000,14,205921,0.800000,1.000000,0.671418,1.000000,0.000000,0,0.000000,751997.000000,1.000000,678309209829.000000,2471002.000000
752000,15,205920,0.800000,1.000000,0.710864,1.000000,0.000000,0,0.000000,751998.000000,1.000000,678309209829.000000,2471002.000000
753000,0,206219,0.800000,1.000000,0.722009,1.000000,0.000000,0,0.000000,752996.000000,1.000000,680220459175.000000,2474580.000000
753000,1,206215,0.800000,1.000000,0.623738,1.000000,0.000000,0,0.000000,752956.000000,1.000000,680220459175.000000,2474580.000000
753000,2,206213,0.800000,1.000000,0.497942,1.000000,0.000000,0,0.000000,752968.000000,1.000000,680220459175.000000,2474580.000000
753000,3,206219,0.800000,1.000000,0.597317,1.000000,0.000000,0,0.000000,752991.000000,1.000000,680220459175.000000,2474580.000000
753000,4,206220,0.800000,1.000000,0.554878,1.000000,0.000000,0,0.000000,752993.000000,1.000000,680220459175.000000,2474580.000000
753000,5,206219,0.800000,1.000000,0.636485,1.000000,0.000000,0,0.000000,752999.000000,1.000000,680220459175.000000,2474580.000000
753000,6,206219,0.800000,1.000000,0.565278,1.000000,0.000000,0,0.000000,752960.000000,1.000000,680220459175.000000,2474580.000000
753000,7,206220,0.800000,1.000000,0.721026,1.000000,0.000000,1,612188.000000,753000.000000,1.000000,680220459175.000000,2474580.000000
753000,8,206045,0.800000,1.000000,0.567928,1.000000,0.000000,0,0.000000,752365.000000,1.000000,680220459175.000000,2474580.000000
753000,9,206169,0.800000,1.000000,0.604572,1.000000,0.000000,0,0.000000,752681.000000,1.000000,680220459175.000000,2474580.000000
753000,10,206014,0.800000,1.000000,0.663637,1.000000,0.000000,0,0.000000,749342.000000,1.000000,680220459175.000000,2474580.000000
753000,11,206207,0.800000,1.000000,0.685903,1.000000,0.000000,0,0.000000,752319.000000,1.000000,680220459175.000000,2474580.000000
753000,12,206217,0.800000,1.000000,0.589329,1.000000,0.000000,0,0.000000,752467.000000,1.000000,680220459175.000000,2474580.000000
753000,13,206219,0.800000,1.000000,0.638932,1.000000,0.000000,0,0.000000,752988.000000,1.000000,680220459175.000000,2474580.000000
753000,14,206184,0.800000,1.000000,0.498017,1.000000,0.000000,0,0.000000,752807.000000,1.000000,680220459175.000000,2474580.000000
753000,15,206220,0.800000,1.000000,0.610247,1.000000,0.000000,0,0.000000,752971.000000,1.000000,680220459175.000000,2474580.000000
754000,0,206493,0.800000,1.000000,0.697729,1.000000,0.000000,0,0.000000,753995.000000,1.000000,681916511089.000000,1651520.000000
754000,1,206490,0.800000,1.000000,0.544067,1.000000,0.000000,0,0.000000,753946.000000,1.000000,681916511089.000000,1651520.000000
754000,2,206479,0.800000,1.000000,0.464879,1.000000,0.000000,0,0.000000,753897.000000,1.000000,681916511089.000000,1651520.000000
754000,3,206481,0.800000,1.000000,0.696403,1.000000,0.000000,0,0.000000,753949.000000,1.000000,681916511089.000000,1651520.000000
754000,4,206449,0.800000,1.000000,0.644500,1.000000,0.000000,0,0.000000,753037.000000,1.000000,681916511089.000000,1651520.000000
754000,5,206491,0.800000,1.000000,0.672364,1.000000,0.000000,0,0.000000,753985.000000,1.000000,681916511089.000000,1651520.000000
754000,6,206494,0.800000,1.000000,0.608686,1.000000,0.000000,1,632926.000000,754000.000000,1.000000,681916511089.000000,1651520.000000
754000,7,206491,0.800000,1.000000,0.710606,1.000000,0.000000,0,0.000000,753807.000000,1.000000,681916511089.000000,1651520.000000
754000,8,206045,0.800000,1.000000,0.567928,1.000000,0.000000,0,0.000000,752365.000000,1.000000,681916511089.000000,1651520.000000
754000,9,206493,0.800000,1.000000,0.613766,1.000000,0.000000,0,0.000000,753991.000000,1.000000,681916511089.000000,1651520.000000
754000,10,206368,0.800000,1.000000,0.629054,1.000000,0.000000,0,0.000000,749342.000000,1.000000,681916511089.000000,1651520.000000
754000,11,206495,0.800000,1.000000,0.788617,1.000000,0.000000,0,0.000000,753999.000000,1.000000,681916511089.000000,1651520.000000
754000,12,206488,0.800000,1.000000,0.662372,1.000000,0.000000,0,0.000000,752467.000000,1.000000,681916511089.000000,1651520.000000
754000,13,206460,0.800000,1.000000,0.532404,1.000000,0.000000,0,0.000000,753736.000000,1.000000,681916511089.000000,1651520.000000
754000,14,206466,0.800000,1.000000,0.603340,1.000000,0.000000,0,0.000000,753813.000000,1.000000,681916511089.000000,1651520.000000
754000,15,206446,0.800000,1.000000,0.585636,1.000000,0.000000,0,0.000000,753810.000000,1.000000,681916511089.000000,1651520.000000
755000,0,206761,0.800000,1.000000,0.604459,1.000000,0.000000,0,0.000000,754998.000000,1.000000,683720894012.000000,1653984.000000
755000,1,206754,0.800000,1.000000,0.626565,1.000000,0.000000,0,0.000000,754254.000000,1.000000,683720894012.000000,1653984.000000
755000,2,206760,0.800000,1.000000,0.545686,1.000000,0.000000,0,0.000000,754999.000000,1.000000,683720894012.000000,1653984.000000
755000,3,206761,0.800000,1.000000,0.597541,1.000000,0.000000,1,604488.000000,755000.000000,1.000000,683720894012.000000,1653984.000000
755000,4,206762,0.800000,1.000000,0.634398,1.000000,0.000000,0,0.000000,754996.000000,1.000000,683720894012.000000,1653984.000000
755000,5,206756,0.800000,1.000000,0.681749,1.000000,0.000000,0,0.000000,754933.000000,1.000000,683720894012.000000,1653984.000000
755000,6,206736,0.800000,1.000000,0.778467,1.000000,0.000000,0,0.000000,754628.000000,1.000000,683720894012.000000,1653984.000000
755000,7,206747,0.800000,1.000000,0.605910,1.000000,0.000000,0,0.000000,754676.000000,1.000000,683720894012.000000,1653984.000000
755000,8,206206,0.800000,1.000000,0.721983,1.000000,0.000000,0,0.000000,752365.000000,1.000000,683720894012.000000,1653984.000000
755000,9,206761,0.800000,1.000000,0.616043,1.000000,0.000000,0,0.000000,754988.000000,1.000000,683720894012.000000,1653984.000000
755000,10,206719,0.800000,1.000000,0.716616,1.000000,0.000000,0,0.000000,749342.000000,1.000000,683720894012.000000,1653984.000000
755000,11,206751,0.800000,1.000000,0.652067,1.000000,0.000000,0,0.000000,754950.000000,1.000000,683720894012.000000,1653984.000000
755000,12,206752,0.800000,1.000000,0.518519,1.000000,0.000000,0,0.000000,754961.000000,1.000000,683720894012.000000,1653984.000000
755000,13,206761,0.800000,1.000000,0.671040,1.000000,0.000000,0,0.000000,754986.000000,1.000000,683720894012.000000,1653984.000000
755000,14,206748,0.800000,1.000000,0.568446,1.000000,0.000000,0,0.000000,754935.000000,1.000000,683720894012.000000,1653984.000000
755000,15,206761,0.800000,1.000000,0.582333,1.000000,0.000000,0,0.000000,754994.000000,1.000000,683720894012.000000,1653984.000000
756000,0,207016,0.800000,1.000000,0.578929,1.000000,0.000000,1,605259.000000,756000.000000,1.000000,685421488901.000000,2483986.000000
756000,1,207005,0.800000,1.000000,0.479882,1.000000,0.000000,0,0.000000,755541.000000,1.000000,685421488901.000000,2483986.000000
756000,2,206989,0.800000,1.000000,0.660978,1.000000,0.000000,0,0.000000,755859.000000,1.000000,685421488901.000000,2483986.000000
756000,3,207013,0.800000,1.000000,0.579445,1.000000,0.000000,0,0.000000,755903.000000,1.000000,685421488901.000000,2483986.000000
756000,4,207017,0.800000,1.000000,0.692818,1.000000,0.000000,0,0.000000,755995.000000,1.000000,685421488901.000000,2483986.000000
756000,5,207016,0.800000,1.000000,0.533737,1.000000,0.000000,0,0.000000,755999.000000,1.000000,685421488901.000000,2483986.000000
756000,6,206998,0.800000,1.000000,0.639853,1.000000,0.000000,0,0.000000,755718.000000,1.000000,685421488901.000000,2483986.000000
756000,7,206975,0.800000,1.000000,0.620649,1.000000,0.000000,0,0.000000,755187.000000,1.000000,685421488901.000000,2483986.000000
756000,8,206568,0.800000,1.000000,0.709249,1.000000,0.000000,0,0.000000,752365.000000,1.000000,685421488901.000000,2483986.000000
756000,9,207008,0.800000,1.000000,0.569240,1.000000,0.000000,0,0.000000,755075.000000,1.000000,685421488901.000000,2483986.000000
756000,10,206983,0.800000,1.000000,0.615453,1.000000,0.000000,0,0.000000,755776.000000,1.000000,685421488901.000000,2483986.000000
756000,11,206964,0.800000,1.000000,0.635638,1.000000,0.000000,0,0.000000,755529.000000,1.000000,685421488901.000000,2483986.000000
756000,12,207017,0.800000,1.000000,0.673488,1.000000,0.000000,0,0.000000,755993.000000,1.000000,685421488901.000000,2483986.000000
756000,13,207004,0.800000,1.000000,0.624473,1.000000,0.000000,0,0.000000,755105.000000,1.000000,685421488901.000000,2483986.000000
756000,14,207017,0.800000,1.000000,0.690339,1.000000,0.000000,0,0.000000,755996.000000,1.000000,685421488901.000000,2483986.000000
756000,15,207017,0.800000,1.000000,0.639326,1.000000,0.000000,0,0.000000,755998.000000,1.000000,685421488901.000000,2483986.000000
757000,0,207264,0.800000,1.000000,0.546167,1.000000,0.000000,0,0.000000,756876.000000,1.000000,686985856308.000000,1657306.000000
757000,1,207266,0.800000,1.000000,0.665835,1.000000,0.000000,0,0.000000,756998.000000,1.000000,686985856308.000000,1657306.000000
757000,2,207008,0.800000,1.000000,0.690239,1.000000,0.000000,0,0.000000,755859.000000,1.000000,686985856308.000000,1657306.000000
757000,3,207267,0.800000,1.000000,0.636877,1.000000,0.000000,0,0.000000,756999.000000,1.000000,686985856308.000000,1657306.000000
757000,4,207264,0.800000,1.000000,0.694881,1.000000,0.000000,0,0.000000,756980.000000,1.000000,686985856308.000000,1657306.000000
757000,5,207211,0.800000,1.000000,0.512523,1.000000,0.000000,0,0.000000,756748.000000,1.000000,686985856308.000000,1657306.000000
757000,6,207252,0.800000,1.000000,0.444232,1.000000,0.000000,0,0.000000,756841.000000,1.000000,686985856308.000000,1657306.000000
757000,7,207139,0.800000,1.000000,0.656732,1.000000,0.000000,0,0.000000,755187.000000,1.000000,686985856308.000000,1657306.000000
757000,8,206914,0.800000,1.000000,0.654549,1.000000,0.000000,0,0.000000,752365.000000,1.000000,686985856308.000000,1657306.000000
757000,9,207251,0.800000,1.000000,0.518666,1.000000,0.000000,0,0.000000,756685.000000,1.000000,686985856308.000000,1657306.000000
757000,10,207263,0.800000,1.000000,0.683259,1.000000,0.000000,0,0.000000,756979.000000,1.000000,686985856308.000000,1657306.000000
757000,11,207221,0.800000,1.000000,0.528244,1.000000,0.000000,0,0.000000,755529.000000,1.000000,686985856308.000000,1657306.000000
757000,12,207265,0.800000,1.000000,0.615052,1.000000,0.000000,0,0.000000,756986.000000,1.000000,686985856308.000000,1657306.000000
757000,13,207268,0.800000,1.000000,0.666791,1.000000,0.000000,1,604779.000000,757000.000000,1.000000,686985856308.000000,1657306.000000
757000,14,207269,0.800000,1.000000,0.655107,1.000000,0.000000,0,0.000000,756993.000000,1.000000,686985856308.000000,1657306.000000
757000,15,207262,0.800000,1.000000,0.569458,1.000000,0.000000,0,0.000000,756934.000000,1.000000,686985856308.000000,1657306.000000
758000,0,207538,0.800000,1.000000,0.618473,1.000000,0.000000,0,0.000000,757932.000000,1.000000,688833740176.000000,1660034.000000
758000,1,207537,0.800000,1.000000,0.548581,1.000000,0.000000,0,0.000000,757971.000000,1.000000,688833740176.000000,1660034.000000
758000,2,207365,0.800000,1.000000,0.587087,1.000000,0.000000,0,0.000000,755859.000000,1.000000,688833740176.000000,1660034.000000
758000,3,207540,0.800000,1.000000,0.616203,1.000000,0.000000,0,0.000000,757995.000000,1.000000,688833740176.000000,1660034.000000
758000,4,207542,0.800000,1.000000,0.567529,1.000000,0.000000,0,0.000000,757996.000000,1.000000,688833740176.000000,1660034.000000
758000,5,207540,0.800000,1.000000,0.671405,1.000000,0.000000,0,0.000000,757975.000000,1.000000,688833740176.000000,1660034.000000
758000,6,207541,0.800000,1.000000,0.694994,1.000000,0.000000,0,0.000000,757999.000000,1.000000,688833740176.000000,1660034.000000
758000,7,207395,0.800000,1.000000,0.541719,1.000000,0.000000,0,0.000000,755187.000000,1.000000,688833740176.000000,1660034.000000
758000,8,207193,0.800000,1.000000,0.713283,1.000000,0.000000,0,0.000000,752365.000000,1.000000,688833740176.000000,1660034.000000
758000,9,207540,0.800000,1.000000,0.754147,1.000000,0.000000,0,0.000000,757930.000000,1.000000,688833740176.000000,1660034.000000
758000,10,207517,0.800000,1.000000,0.652402,1.000000,0.000000,0,0.000000,757801.000000,1.000000,688833740176.000000,1660034.000000
758000,11,207542,0.800000,1.000000,0.654630,1.000000,0.000000,0,0.000000,757986.000000,1.000000,688833740176.000000,1660034.000000
758000,12,207483,0.800000,1.000000,0.657538,1.000000,0.000000,0,0.000000,757583.000000,1.000000,688833740176.000000,1660034.000000
758000,13,207542,0.800000,1.000000,0.633301,1.000000,0.000000,1,605459.000000,758000.000000,1.000000,688833740176.000000,1660034.000000
758000,14,207537,0.800000,1.000000,0.607182,1.000000,0.000000,0,0.000000,757945.000000,1.000000,688833740176.000000,1660034.000000
758000,15,207488,0.800000,1.000000,0.668240,1.000000,0.000000,0,0.000000,757810.000000,1.000000,688833740176.000000,1660034.000000
759000,0,207792,0.800000,1.000000,0.649698,1.000000,0.000000,0,0.000000,758912.000000,1.000000,690624687883.000000,2077571.000000
759000,1,207802,0.800000,1.000000,0.656774,1.000000,0.000000,0,0.000000,758901.000000,1.000000,690624687883.000000,2077571.000000
759000,2,207711,0.800000,1.000000,0.695223,1.000000,0.000000,0,0.000000,755859.000000,1.000000,690624687883.000000,2077571.000000
759000,3,207803,0.800000,1.000000,0.596588,1.000000,0.000000,0,0.000000,758998.000000,1.000000,690624687883.000000,2077571.000000
759000,4,207790,0.800000,1.000000,0.629753,1.000000,0.000000,0,0.000000,758830.000000,1.000000,690624687883.000000,2077571.000000
759000,5,207804,0.800000,1.000000,0.714191,1.000000,0.000000,0,0.000000,758999.000000,1.000000,690624687883.000000,2077571.000000
759000,6,207798,0.800000,1.000000,0.543385,1.000000,0.000000,0,0.000000,758958.000000,1.000000,690624687883.000000,2077571.000000
759000,7,207761,0.800000,1.000000,0.670400,1.000000,0.000000,0,0.000000,755187.000000,1.000000,690624687883.000000,2077571.000000
759000,8,207617,0.800000,1.000000,0.625073,1.000000,0.000000,0,0.000000,752365.000000,1.000000,690624687883.000000,2077571.000000
759000,9,207804,0.800000,1.000000,0.637116,1.000000,0.000000,1,605589.000000,759000.000000,1.000000,690624687883.000000,2077571.000000
759000,10,207804,0.800000,1.000000,0.714088,1.000000,0.000000,0,0.000000,758997.000000,1.000000,690624687883.000000,2077571.000000
759000,11,207803,0.800000,1.000000,0.559189,1.000000,0.000000,0,0.000000,758988.000000,1.000000,690624687883.000000,2077571.000000
759000,12,207804,0.800000,1.000000,0.698361,1.000000,0.000000,0,0.000000,758995.000000,1.000000,690624687883.000000,2077571.000000
759000,13,207777,0.800000,1.000000,0.739102,1.000000,0.000000,0,0.000000,758888.000000,1.000000,690624687883.000000,2077571.000000
759000,14,207795,0.800000,1.000000,0.609217,1.000000,0.000000,0,0.000000,758569.000000,1.000000,690624687883.000000,2077571.000000
759000,15,207488,0.800000,1.000000,0.668240,1.000000,0.000000,0,0.000000,757810.000000,1.000000,690624687883.000000,2077571.000000
760000,0,208090,0.800000,1.000000,0.666352,1.000000,0.000000,0,0.000000,759297.000000,1.000000,692633160263.000000,831366.000000
760000,1,208094,0.800000,1.000000,0.576641,1.000000,0.000000,0,0.000000,759975.000000,1.000000,692633160263.000000,831366.000000
760000,2,208089,0.800000,1.000000,0.711749,1.000000,0.000000,0,0.000000,755859.000000,1.000000,692633160263.000000,831366.000000
760000,3,208095,0.800000,1.000000,0.655819,1.000000,0.000000,1,608339.000000,760000.000000,1.000000,692633160263.000000,831366.000000
760000,4,208095,0.800000,1.000000,0.635776,1.000000,0.000000,0,0.000000,759996.000000,1.000000,692633160263.000000,831366.000000
760000,5,208094,0.800000,1.000000,0.743778,1.000000,0.000000,0,0.000000,759994.000000,1.000000,692633160263.000000,831366.000000
760000,6,208089,0.800000,1.000000,0.652117,1.000000,0.000000,0,0.000000,759959.000000,1.000000,692633160263.000000,831366.000000
760000,7,208090,0.800000,1.000000,0.638461,1.000000,0.000000,0,0.000000,759954.000000,1.000000,692633160263.000000,831366.000000
760000,8,208020,0.800000,1.000000,0.705440,1.000000,0.000000,0,0.000000,752365.000000,1.000000,692633160263.000000,831366.000000
760000,9,208095,0.800000,1.000000,0.597937,1.000000,0.000000,0,0.000000,759984.000000,1.000000,692633160263.000000,831366.000000
760000,10,208096,0.800000,1.000000,0.696449,1.000000,0.000000,0,0.000000,759998.000000,1.000000,692633160263.000000,831366.000000
760000,11,208085,0.800000,1.000000,0.570496,1.000000,0.000000,0,0.000000,759891.000000,1.000000,692633160263.000000,831366.000000
760000,12,208095,0.800000,1.000000,0.785767,1.000000,0.000000,0,0.000000,759839.000000,1.000000,692633160263.000000,831366.000000
760000,13,208096,0.800000,1.000000,0.629762,1.000000,0.000000,0,0.000000,759995.000000,1.000000,692633160263.000000,831366.000000
760000,14,208094,0.800000,1.000000,0.601591,1.000000,0.000000,0,0.000000,759973.000000,1.000000,692633160263.000000,831366.000000
760000,15,207666,0.800000,1.000000,0.619335,1.000000,0.000000,0,0.000000,757810.000000,1.000000,692633160263.000000,831366.000000
761000,0,208350,0.800000,1.000000,0.582735,1.000000,0.000000,0,0.000000,759297.000000,1.000000,694558186770.000000,2499698.000000
761000,1,208388,0.800000,1.000000,0.557706,1.000000,0.000000,0,0.000000,760991.000000,1.000000,694558186770.000000,2499698.000000
761000,2,208377,0.800000,1.000000,0.675614,1.000000,0.000000,0,0.000000,760963.000000,1.000000,694558186770.000000,2499698.000000
761000,3,208385,0.800000,1.000000,0.663594,1.000000,0.000000,0,0.000000,760981.000000,1.000000,694558186770.000000,2499698.000000
761000,4,208389,0.800000,1.000000,0.684621,1.000000,0.000000,0,0.000000,760995.000000,1.000000,694558186770.000000,2499698.000000
761000,5,208359,0.800000,1.000000,0.760738,1.000000,0.000000,0,0.000000,760908.000000,1.000000,694558186770.000000,2499698.000000
761000,6,208383,0.800000,1.000000,0.606876,1.000000,0.000000,0,0.000000,760893.000000,1.000000,694558186770.000000,2499698.000000
761000,7,208325,0.800000,1.000000,0.672159,1.000000,0.000000,0,0.000000,760194.000000,1.000000,694558186770.000000,2499698.000000
761000,8,208373,0.800000,1.000000,0.602387,1.000000,0.000000,0,0.000000,760902.000000,1.000000,694558186770.000000,2499698.000000
761000,9,208388,0.800000,1.000000,0.683568,1.000000,0.000000,0,0.000000,760998.000000,1.000000,694558186770.000000,2499698.000000
761000,10,208389,0.800000,1.000000,0.674711,1.000000,0.000000,1,617977.000000,761000.000000,1.000000,694558186770.000000,2499698.000000
761000,11,208390,0.800000,1.000000,0.732034,1.000000,0.000000,0,0.000000,760999.000000,1.000000,694558186770.000000,2499698.000000
761000,12,208374,0.800000,1.000000,0.717896,1.000000,0.000000,0,0.000000,760572.000000,1.000000,694558186770.000000,2499698.000000
761000,13,208390,0.800000,1.000000,0.588513,1.000000,0.000000,0,0.000000,760990.000000,1.000000,694558186770.000000,2499698.000000
761000,14,208331,0.800000,1.000000,0.633648,1.000000,0.000000,0,0.000000,760064.000000,1.000000,694558186770.000000,2499698.000000
761000,15,208015,0.800000,1.000000,0.683806,1.000000,0.000000,0,0.000000,757810.000000,1.000000,694558186770.000000,2499698.000000
762000,0,208663,0.800000,1.000000,0.532069,1.000000,0.000000,0,0.000000,761997.000000,1.000000,696478764096.000000,2503364.000000
762000,1,208663,0.800000,1.000000,0.701770,1.000000,0.000000,0,0.000000,761993.000000,1.000000,696478764096.000000,2503364.000000
762000,2,208658,0.800000,1.000000,0.706281,1.000000,0.000000,0,0.000000,761837.000000,1.000000,696478764096.000000,2503364.000000
762000,3,208658,0.800000,1.000000,0.609482,1.000000,0.000000,0,0.000000,761970.000000,1.000000,696478764096.000000,2503364.000000
762000,4,208658,0.800000,1.000000,0.686323,1.000000,0.000000,0,0.000000,761911.000000,1.000000,696478764096.000000,2503364.000000
762000,5,208663,0.800000,1.000000,0.701403,1.000000,0.000000,0,0.000000,761998.000000,1.000000,696478764096.000000,2503364.000000
762000,6,208663,0.800000,1.000000,0.673117,1.000000,0.000000,1,639040.000000,762000.000000,1.000000,696478764096.000000,2503364.000000
762000,7,208661,0.800000,1.000000,0.587660,1.000000,0.000000,0,0.000000,761987.000000,1.000000,696478764096.000000,2503364.000000
762000,8,208584,0.800000,1.000000,0.542980,1.000000,0.000000,0,0.000000,761521.000000,1.000000,696478764096.000000,2503364.000000
762000,9,208653,0.800000,1.000000,0.527597,1.000000,0.000000,0,0.000000,761860.000000,1.000000,696478764096.000000,2503364.000000
762000,10,208660,0.800000,1.000000,0.578874,1.000000,0.000000,0,0.000000,761981.000000,1.000000,696478764096.000000,2503364.000000
762000,11,208656,0.800000,1.000000,0.689337,1.000000,0.000000,0,0.000000,761905.000000,1.000000,696478764096.000000,2503364.000000
762000,12,208664,0.800000,1.000000,0.700247,1.000000,0.000000,0,0.000000,761996.000000,1.000000,696478764096.000000,2503364.000000
762000,13,208646,0.800000,1.000000,0.719806,1.000000,0.000000,0,0.000000,761831.000000,1.000000,696478764096.000000,2503364.000000
762000,14,208637,0.800000,1.000000,0.554095,1.000000,0.000000,0,0.000000,760064.000000,1.000000,696478764096.000000,2503364.000000
762000,15,208425,0.800000,1.000000,0.530800,1.000000,0.000000,0,0.000000,757810.000000,1.000000,696478764096.000000,2503364.000000
763000,0,208924,0.800000,1.000000,0.578217,1.000000,0.000000,0,0.000000,762996.000000,1.000000,698052393325.000000,2506492.000000
763000,1,208924,0.800000,1.000000,0.563561,1.000000,0.000000,0,0.000000,762962.000000,1.000000,698052393325.000000,2506492.000000
763000,2,208915,0.800000,1.000000,0.707836,1.000000,0.000000,0,0.000000,762971.000000,1.000000,698052393325.000000,2506492.000000
763000,3,208924,0.800000,1.000000,0.667874,1.000000,0.000000,0,0.000000,762979.000000,1.000000,698052393325.000000,2506492.000000
763000,4,208923,0.800000,1.000000,0.583951,1.000000,0.000000,0,0.000000,762992.000000,1.000000,698052393325.000000,2506492.000000
763000,5,208741,0.800000,1.000000,0.617621,1.000000,0.000000,0,0.000000,761998.000000,1.000000,698052393325.000000,2506492.000000
763000,6,208837,0.800000,1.000000,0.635262,1.000000,0.000000,0,0.000000,762095.000000,1.000000,698052393325.000000,2506492.000000
763000,7,208901,0.800000,1.000000,0.548355,1.000000,0.000000,0,0.000000,762237.000000,1.000000,698052393325.000000,2506492.000000
763000,8,208924,0.800000,1.000000,0.740207,1.000000,0.000000,0,0.000000,762999.000000,1.000000,698052393325.000000,2506492.000000
763000,9,208914,0.800000,1.000000,0.670087,1.000000,0.000000,0,0.000000,762910.000000,1.000000,698052393325.000000,2506492.000000
763000,10,208895,0.800000,1.000000,0.673007,1.000000,0.000000,0,0.000000,762801.000000,1.000000,698052393325.000000,2506492.000000
763000,11,208705,0.800000,1.000000,0.785865,1.000000,0.000000,0,0.000000,762142.000000,1.000000,698052393325.000000,2506492.000000
763000,12,208925,0.800000,1.000000,0.652990,1.000000,0.000000,1,612413.000000,763000.000000,1.000000,698052393325.000000,2506492.000000
763000,13,208926,0.800000,1.000000,0.755228,1.000000,0.000000,0,0.000000,762997.000000,1.000000,698052393325.000000,2506492.000000
763000,14,208813,0.800000,1.000000,0.678176,1.000000,0.000000,0,0.000000,762484.000000,1.000000,698052393325.000000,2506492.000000
763000,15,208790,0.800000,1.000000,0.574370,1.000000,0.000000,0,0.000000,757810.000000,1.000000,698052393325.000000,2506492.000000
764000,0,209176,0.800000,1.000000,0.597695,1.000000,0.000000,1,611539.000000,764000.000000,1.000000,699715726540.000000,3345260.000000
764000,1,209173,0.800000,1.000000,0.628712,1.000000,0.000000,0,0.000000,763952.000000,1.000000,699715726540.000000,3345260.000000
764000,2,209135,0.800000,1.000000,0.630692,1.000000,0.000000,0,0.000000,763698.000000,1.000000,699715726540.000000,3345260.000000
764000,3,209156,0.800000,1.000000,0.652896,1.000000,0.000000,0,0.000000,763928.000000,1.000000,699715726540.000000,3345260.000000
764000,4,209177,0.800000,1.000000,0.694185,1.000000,0.000000,0,0.000000,763999.000000,1.000000,699715726540.000000,3345260.000000
764000,5,208946,0.800000,1.000000,0.647894,1.000000,0.000000,0,0.000000,761998.000000,1.000000,699715726540.000000,3345260.000000
764000,6,209121,0.800000,1.000000,0.621945,1.000000,0.000000,0,0.000000,762095.000000,1.000000,699715726540.000000,3345260.000000
764000,7,209176,0.800000,1.000000,0.653401,1.000000,0.000000,0,0.000000,763992.000000,1.000000,699715726540.000000,3345260.000000
764000,8,209135,0.800000,1.000000,0.728663,1.000000,0.000000,0,0.000000,762999.000000,1.000000,699715726540.000000,3345260.000000
764000,9,209175,0.800000,1.000000,0.587542,1.000000,0.000000,0,0.000000,763997.000000,1.000000,699715726540.000000,3345260.000000
764000,10,209177,0.800000,1.000000,0.768333,1.000000,0.000000,0,0.000000,763864.000000,1.000000,699715726540.000000,3345260.000000
764000,11,208738,0.800000,1.000000,0.646343,1.000000,0.000000,0,0.000000,762142.000000,1.000000,699715726540.000000,3345260.000000
764000,12,209176,0.800000,1.000000,0.683469,1.000000,0.000000,0,0.000000,763998.000000,1.000000,699715726540.000000,3345260.000000
764000,13,209177,0.800000,1.000000,0.695540,1.000000,0.000000,0,0.000000,763994.000000,1.000000,699715726540.000000,3345260.000000
764000,14,209172,0.800000,1.000000,0.743039,1.000000,0.000000,0,0.000000,762484.000000,1.000000,699715726540.000000,3345260.000000
764000,15,209150,0.800000,1.000000,0.493495,1.000000,0.000000,0,0.000000,757810.000000,1.000000,699715726540.000000,3345260.000000
765000,0,209425,0.800000,1.000000,0.461647,1.000000,0.000000,0,0.000000,764959.000000,1.000000,701405150889.000000,2093243.000000
765000,1,209415,0.800000,1.000000,0.509277,1.000000,0.000000,0,0.000000,764937.000000,1.000000,701405150889.000000,2093243.000000
765000,2,209427,0.800000,1.000000,0.664497,1.000000,0.000000,0,0.000000,764995.000000,1.000000,701405150889.000000,2093243.000000
765000,3,209349,0.800000,1.000000,0.678711,1.000000,0.000000,0,0.000000,763928.000000,1.000000,701405150889.000000,2093243.000000
765000,4,209428,0.800000,1.000000,0.757171,1.000000,0.000000,0,0.000000,764998.000000,1.000000,701405150889.000000,2093243.000000
765000,5,209291,0.800000,1.000000,0.644705,1.000000,0.000000,0,0.000000,761998.000000,1.000000,701405150889.000000,2093243.000000
765000,6,209391,0.800000,1.000000,0.663145,1.000000,0.000000,0,0.000000,762095.000000,1.000000,701405150889.000000,2093243.000000
765000,7,209329,0.800000,1.000000,0.711795,1.000000,0.000000,0,0.000000,764086.000000,1.000000,701405150889.000000,2093243.000000
765000,8,209390,0.800000,1.000000,0.601110,1.000000,0.000000,0,0.000000,764682.000000,1.000000,701405150889.000000,2093243.000000
765000,9,209391,0.800000,1.000000,0.688324,1.000000,0.000000,0,0.000000,764101.000000,1.000000,701405150889.000000,2093243.000000
765000,10,209427,0.800000,1.000000,0.687155,1.000000,0.000000,0,0.000000,764940.000000,1.000000,701405150889.000000,2093243.000000
765000,11,209024,0.800000,1.000000,0.461955,1.000000,0.000000,0,0.000000,762142.000000,1.000000,701405150889.000000,2093243.000000
765000,12,209429,0.800000,1.000000,0.667801,1.000000,0.000000,0,0.000000,764999.000000,1.000000,701405150889.000000,2093243.000000
765000,13,209427,0.800000,1.000000,0.642027,1.000000,0.000000,0,0.000000,764854.000000,1.000000,701405150889.000000,2093243.000000
765000,14,209425,0.800000,1.000000,0.588412,1.000000,0.000000,0,0.000000,764951.000000,1.000000,701405150889.000000,2093243.000000
765000,15,209429,0.800000,1.000000,0.633698,1.000000,0.000000,1,625251.000000,765000.000000,1.000000,701405150889.000000,2093243.000000
766000,0,209691,0.800000,1.000000,0.636707,1.000000,0.000000,0,0.000000,765976.000000,1.000000,703410214194.000000,2096859.000000
766000,1,209688,0.800000,1.000000,0.591043,1.000000,0.000000,0,0.000000,765761.000000,1.000000,703410214194.000000,2096859.000000
766000,2,209675,0.800000,1.000000,0.728286,1.000000,0.000000,0,0.000000,765803.000000,1.000000,703410214194.000000,2096859.000000
766000,3,209687,0.800000,1.000000,0.685042,1.000000,0.000000,0,0.000000,763928.000000,1.000000,703410214194.000000,2096859.000000
766000,4,209698,0.800000,1.000000,0.743844,1.000000,0.000000,1,615364.000000,766000.000000,1.000000,703410214194.000000,2096859.000000
766000,5,209661,0.800000,1.000000,0.706543,1.000000,0.000000,0,0.000000,761998.000000,1.000000,703410214194.000000,2096859.000000
766000,6,209697,0.800000,1.000000,0.671674,1.000000,0.000000,0,0.000000,765993.000000,1.000000,703410214194.000000,2096859.000000
766000,7,209699,0.800000,1.000000,0.780147,1.000000,0.000000,0,0.000000,765998.000000,1.000000,703410214194.000000,2096859.000000
766000,8,209698,0.800000,1.000000,0.591987,1.000000,0.000000,0,0.000000,765985.000000,1.000000,703410214194.000000,2096859.000000
766000,9,209697,0.800000,1.000000,0.699207,1.000000,0.000000,0,0.000000,765996.000000,1.000000,703410214194.000000,2096859.000000
766000,10,209698,0.800000,1.000000,0.770092,1.000000,0.000000,0,0.000000,765997.000000,1.000000,703410214194.000000,2096859.000000
766000,11,209416,0.800000,1.000000,0.635836,1.000000,0.000000,0,0.000000,762142.000000,1.000000,703410214194.000000,2096859.000000
766000,12,209694,0.800000,1.000000,0.573801,1.000000,0.000000,0,0.000000,765944.000000,1.000000,703410214194.000000,2096859.000000
766000,13,209693,0.800000,1.000000,0.511281,1.000000,0.000000,0,0.000000,765645.000000,1.000000,703410214194.000000,2096859.000000
766000,14,209699,0.800000,1.000000,0.632444,1.000000,0.000000,0,0.000000,765999.000000,1.000000,703410214194.000000,2096859.000000
766000,15,209691,0.800000,1.000000,0.554019,1.000000,0.000000,0,0.000000,765966.000000,1.000000,703410214194.000000,2096859.000000
767000,0,209982,0.800000,1.000000,0.566690,1.000000,0.000000,0,0.000000,766954.000000,1.000000,705193591142.000000,1679822.000000
767000,1,209961,0.800000,1.000000,0.745044,1.000000,0.000000,0,0.000000,766230.000000,1.000000,705193591142.000000,1679822.000000
767000,2,209982,0.800000,1.000000,0.606036,1.000000,0.000000,0,0.000000,766998.000000,1.000000,705193591142.000000,1679822.000000
767000,3,209957,0.800000,1.000000,0.663189,1.000000,0.000000,0,0.000000,766888.000000,1.000000,705193591142.000000,1679822.000000
767000,4,209740,0.800000,1.000000,0.614901,1.000000,0.000000,0,0.000000,766130.000000,1.000000,705193591142.000000,1679822.000000
767000,5,209982,0.800000,1.000000,0.611070,1.000000,0.000000,0,0.000000,766999.000000,1.000000,705193591142.000000,1679822.000000
767000,6,209982,0.800000,1.000000,0.599292,1.000000,0.000000,0,0.000000,766866.000000,1.000000,705193591142.000000,1679822.000000
767000,7,209920,0.800000,1.000000,0.506474,1.000000,0.000000,0,0.000000,766655.000000,1.000000,705193591142.000000,1679822.000000
767000,8,209982,0.800000,1.000000,0.747213,1.000000,0.000000,0,0.000000,766978.000000,1.000000,705193591142.000000,1679822.000000
767000,9,209967,0.800000,1.000000,0.720424,1.000000,0.000000,0,0.000000,766380.000000,1.000000,705193591142.000000,1679822.000000
767000,10,209982,0.800000,1.000000,0.648386,1.000000,0.000000,1,622337.000000,767000.000000,1.000000,705193591142.000000,1679822.000000
767000,11,209754,0.800000,1.000000,0.681812,1.000000,0.000000,0,0.000000,762142.000000,1.000000,705193591142.000000,1679822.000000
767000,12,209969,0.800000,1.000000,0.532110,1.000000,0.000000,0,0.000000,766612.000000,1.000000,705193591142.000000,1679822.000000
767000,13,209982,0.800000,1.000000,0.638716,1.000000,0.000000,0,0.000000,766996.000000,1.000000,705193591142.000000,1679822.000000
767000,14,209983,0.800000,1.000000,0.589617,1.000000,0.000000,0,0.000000,766997.000000,1.000000,705193591142.000000,1679822.000000
767000,15,209907,0.800000,1.000000,0.684530,1.000000,0.000000,0,0.000000,766693.000000,1.000000,705193591142.000000,1679822.000000
768000,0,210239,0.800000,1.000000,0.718447,1.000000,0.000000,1,614507.000000,768000.000000,1.000000,706886857896.000000,2522588.000000
768000,1,210232,0.800000,1.000000,0.696642,1.000000,0.000000,0,0.000000,767982.000000,1.000000,706886857896.000000,2522588.000000
768000,2,210239,0.800000,1.000000,0.728237,1.000000,0.000000,0,0.000000,767998.000000,1.000000,706886857896.000000,2522588.000000
768000,3,210238,0.800000,1.000000,0.538749,1.000000,0.000000,0,0.000000,767969.000000,1.000000,706886857896.000000,2522588.000000
768000,4,209740,0.800000,1.000000,0.614901,1.000000,0.000000,0,0.000000,766130.000000,1.000000,706886857896.000000,2522588.000000
768000,5,210238,0.800000,1.000000,0.570136,1.000000,0.000000,0,0.000000,767988.000000,1.000000,706886857896.000000,2522588.000000
768000,6,210223,0.800000,1.000000,0.624522,1.000000,0.000000,0,0.000000,767943.000000,1.000000,706886857896.000000,2522588.000000
768000,7,210239,0.800000,1.000000,0.607010,1.000000,0.000000,0,0.000000,767999.000000,1.000000,706886857896.000000,2522588.000000
768000,8,210238,0.800000,1.000000,0.700975,1.000000,0.000000,0,0.000000,767994.000000,1.000000,706886857896.000000,2522588.000000
768000,9,210167,0.800000,1.000000,0.630938,1.000000,0.000000,0,0.000000,767363.000000,1.000000,706886857896.000000,2522588.000000
768000,10,210232,0.800000,1.000000,0.684751,1.000000,0.000000,0,0.000000,767789.000000,1.000000,706886857896.000000,2522588.000000
768000,11,210137,0.800000,1.000000,0.777322,1.000000,0.000000,0,0.000000,762142.000000,1.000000,706886857896.000000,2522588.000000
768000,12,210239,0.800000,1.000000,0.638266,1.000000,0.000000,0,0.000000,767909.000000,1.000000,706886857896.000000,2522588.000000
768000,13,210240,0.800000,1.000000,0.648612,1.000000,0.000000,0,0.000000,767995.000000,1.000000,706886857896.000000,2522588.000000
768000,14,210239,0.800000,1.000000,0.647972,1.000000,0.000000,0,0.000000,767996.000000,1.000000,706886857896.000000,2522588.000000
768000,15,210182,0.800000,1.000000,0.532824,1.000000,0.000000,0,0.000000,766693.000000,1.000000,706886857896.000000,2522588.000000
769000,0,210491,0.800000,1.000000,0.685588,1.000000,0.000000,0,0.000000,768995.000000,1.000000,708414803876.000000,1262943.000000
769000,1,210479,0.800000,1.000000,0.639285,1.000000,0.000000,0,0.000000,768907.000000,1.000000,708414803876.000000,1262943.000000
769000,2,210446,0.800000,1.000000,0.585863,1.000000,0.000000,0,0.000000,768800.000000,1.000000,708414803876.000000,1262943.000000
769000,3,210490,0.800000,1.000000,0.598564,1.000000,0.000000,0,0.000000,768999.000000,1.000000,708414803876.000000,1262943.000000
769000,4,209740,0.800000,1.000000,0.614901,1.000000,0.000000,0,0.000000,766130.000000,1.000000,708414803876.000000,1262943.000000
769000,5,210491,0.800000,1.000000,0.636272,1.000000,0.000000,0,0.000000,768998.000000,1.000000,708414803876.000000,1262943.000000
769000,6,210385,0.800000,1.000000,0.724711,1.000000,0.000000,0,0.000000,767943.000000,1.000000,708414803876.000000,1262943.000000
769000,7,210486,0.800000,1.000000,0.651317,1.000000,0.000000,0,0.000000,768959.000000,1.000000,708414803876.000000,1262943.000000
769000,8,210491,0.800000,1.000000,0.691497,1.000000,0.000000,1,642797.000000,769000.000000,1.000000,708414803876.000000,1262943.000000
769000,9,210490,0.800000,1.000000,0.548651,1.000000,0.000000,0,0.000000,768980.000000,1.000000,708414803876.000000,1262943.000000
769000,10,210474,0.800000,1.000000,0.630567,1.000000,0.000000,0,0.000000,768795.000000,1.000000,708414803876.000000,1262943.000000
769000,11,210324,0.800000,1.000000,0.708247,1.000000,0.000000,0,0.000000,762142.000000,1.000000,708414803876.000000,1262943.000000
769000,12,210487,0.800000,1.000000,0.673729,1.000000,0.000000,0,0.000000,768985.000000,1.000000,708414803876.000000,1262943.000000
769000,13,210492,0.800000,1.000000,0.712062,1.000000,0.000000,0,0.000000,768997.000000,1.000000,708414803876.000000,1262943.000000
769000,14,210481,0.800000,1.000000,0.678592,1.000000,0.000000,0,0.000000,768956.000000,1.000000,708414803876.000000,1262943.000000
769000,15,210447,0.800000,1.000000,0.551052,1.000000,0.000000,0,0.000000,768533.000000,1.000000,708414803876.000000,1262943.000000
770000,0,210774,0.800000,1.000000,0.645872,1.000000,0.000000,0,0.000000,769996.000000,1.000000,710267730863.000000,1686062.000000
770000,1,210757,0.800000,1.000000,0.687302,1.000000,0.000000,0,0.000000,769430.000000,1.000000,710267730863.000000,1686062.000000
770000,2,210719,0.800000,1.000000,0.553945,1.000000,0.000000,0,0.000000,768800.000000,1.000000,710267730863.000000,1686062.000000
770000,3,210770,0.800000,1.000000,0.749346,1.000000,0.000000,0,0.000000,769980.000000,1.000000,710267730863.000000,1686062.000000
770000,4,209740,0.800000,1.000000,0.614901,1.000000,0.000000,0,0.000000,766130.000000,1.000000,710267730863.000000,1686062.000000
770000,5,210739,0.800000,1.000000,0.572413,1.000000,0.000000,0,0.000000,769837.000000,1.000000,710267730863.000000,1686062.000000
770000,6,210774,0.800000,1.000000,0.657342,1.000000,0.000000,0,0.000000,769999.000000,1.000000,710267730863.000000,1686062.000000
770000,7,210681,0.800000,1.000000,0.592118,1.000000,0.000000,0,0.000000,769649.000000,1.000000,710267730863.000000,1686062.000000
770000,8,210774,0.800000,1.000000,0.556548,1.000000,0.000000,0,0.000000,769998.000000,1.000000,710267730863.000000,1686062.000000
770000,9,210774,0.800000,1.000000,0.664286,1.000000,0.000000,1,614296.000000,770000.000000,1.000000,710267730863.000000,1686062.000000
770000,10,210775,0.800000,1.000000,0.639546,1.000000,0.000000,0,0.000000,769997.000000,1.000000,710267730863.000000,1686062.000000
770000,11,210733,0.800000,1.000000,0.694360,1.000000,0.000000,0,0.000000,762142.000000,1.000000,710267730863.000000,1686062.000000
770000,12,210773,0.800000,1.000000,0.570509,1.000000,0.000000,0,0.000000,769901.000000,1.000000,710267730863.000000,1686062.000000
770000,13,210766,0.800000,1.000000,0.636491,1.000000,0.000000,0,0.000000,769890.000000,1.000000,710267730863.000000,1686062.000000
770000,14,210772,0.800000,1.000000,0.509441,1.000000,0.000000,0,0.000000,769925.000000,1.000000,710267730863.000000,1686062.000000
770000,15,210772,0.800000,1.000000,0.593062,1.000000,0.000000,0,0.000000,769944.000000,1.000000,710267730863.000000,1686062.000000
771000,0,211049,0.800000,1.000000,0.606612,1.000000,0.000000,1,616723.000000,771000.000000,1.000000,711911918879.000000,1266289.000000
771000,1,211040,0.800000,1.000000,0.495668,1.000000,0.000000,0,0.000000,770702.000000,1.000000,711911918879.000000,1266289.000000
771000,2,211050,0.800000,1.000000,0.683442,1.000000,0.000000,0,0.000000,770998.000000,1.000000,711911918879.000000,1266289.000000
771000,3,211047,0.800000,1.000000,0.667525,1.000000,0.000000,0,0.000000,770943.000000,1.000000,711911918879.000000,1266289.000000
771000,4,209740,0.800000,1.000000,0.614901,1.000000,0.000000,0,0.000000,766130.000000,1.000000,711911918879.000000,1266289.000000
771000,5,211034,0.800000,1.000000,0.614864,1.000000,0.000000,0,0.000000,770728.000000,1.000000,711911918879.000000,1266289.000000
771000,6,211048,0.800000,1.000000,0.698356,1.000000,0.000000,0,0.000000,770978.000000,1.000000,711911918879.000000,1266289.000000
771000,7,210681,0.800000,1.000000,0.592118,1.000000,0.000000,0,0.000000,769649.000000,1.000000,711911918879.000000,1266289.000000
771000,8,211048,0.800000,1.000000,0.710547,1.000000,0.000000,0,0.000000,770991.000000,1.000000,711911918879.000000,1266289.000000
771000,9,211048,0.800000,1.000000,0.648898,1.000000,0.000000,0,0.000000,770840.000000,1.000000,711911918879.000000,1266289.000000
771000,10,211050,0.800000,1.000000,0.634276,1.000000,0.000000,0,0.000000,770996.000000,1.000000,711911918879.000000,1266289.000000
771000,11,210984,0.800000,1.000000,0.506966,1.000000,0.000000,0,0.000000,762142.000000,1.000000,711911918879.000000,1266289.000000
771000,12,211050,0.800000,1.000000,0.552158,1.000000,0.000000,0,0.000000,770997.000000,1.000000,711911918879.000000,1266289.000000
771000,13,211050,0.800000,1.000000,0.706683,1.000000,0.000000,0,0.000000,770999.000000,1.000000,711911918879.000000,1266289.000000
771000,14,211022,0.800000,1.000000,0.642902,1.000000,0.000000,0,0.000000,770908.000000,1.000000,711911918879.000000,1266289.000000
771000,15,211050,0.800000,1.000000,0.661966,1.000000,0.000000,0,0.000000,770993.000000,1.000000,711911918879.000000,1266289.000000
772000,0,211321,0.800000,1.000000,0.694233,1.000000,0.000000,0,0.000000,771989.000000,1.000000,713688978875.000000,1267905.000000
772000,1,211323,0.800000,1.000000,0.550390,1.000000,0.000000,0,0.000000,771957.000000,1.000000,713688978875.000000,1267905.000000
772000,2,211300,0.800000,1.000000,0.620986,1.000000,0.000000,0,0.000000,771921.000000,1.000000,713688978875.000000,1267905.000000
772000,3,211323,0.800000,1.000000,0.731847,1.000000,0.000000,0,0.000000,771996.000000,1.000000,713688978875.000000,1267905.000000
772000,4,209740,0.800000,1.000000,0.614901,1.000000,0.000000,0,0.000000,766130.000000,1.000000,713688978875.000000,1267905.000000
772000,5,211323,0.800000,1.000000,0.714630,1.000000,0.000000,0,0.000000,771997.000000,1.000000,713688978875.000000,1267905.000000
772000,6,211321,0.800000,1.000000,0.611129,1.000000,0.000000,0,0.000000,771746.000000,1.000000,713688978875.000000,1267905.000000
772000,7,211013,0.800000,1.000000,0.606342,1.000000,0.000000,0,0.000000,769649.000000,1.000000,713688978875.000000,1267905.000000
772000,8,211323,0.800000,1.000000,0.669773,1.000000,0.000000,0,0.000000,771998.000000,1.000000,713688978875.000000,1267905.000000
772000,9,211293,0.800000,1.000000,0.567774,1.000000,0.000000,0,0.000000,771547.000000,1.000000,713688978875.000000,1267905.000000
772000,10,211323,0.800000,1.000000,0.579439,1.000000,0.000000,1,626190.000000,772000.000000,1.000000,713688978875.000000,1267905.000000
772000,11,211312,0.800000,1.000000,0.684844,1.000000,0.000000,0,0.000000,762142.000000,1.000000,713688978875.000000,1267905.000000
772000,12,211323,0.800000,1.000000,0.702079,1.000000,0.000000,0,0.000000,771986.000000,1.000000,713688978875.000000,1267905.000000
772000,13,211322,0.800000,1.000000,0.788582,1.000000,0.000000,0,0.000000,771994.000000,1.000000,713688978875.000000,1267905.000000
772000,14,211317,0.800000,1.000000,0.545658,1.000000,0.000000,0,0.000000,771881.000000,1.000000,713688978875.000000,1267905.000000
772000,15,211322,0.800000,1.000000,0.547607,1.000000,0.000000,0,0.000000,771983.000000,1.000000,713688978875.000000,1267905.000000
773000,0,211598,0.800000,1.000000,0.663059,1.000000,0.000000,0,0.000000,772998.000000,1.000000,715318275046.000000,2115849.000000
773000,1,211343,0.800000,1.000000,0.710037,1.000000,0.000000,0,0.000000,772064.000000,1.000000,715318275046.000000,2115849.000000
773000,2,211586,0.800000,1.000000,0.614801,1.000000,0.000000,0,0.000000,772956.000000,1.000000,715318275046.000000,2115849.000000
773000,3,211598,0.800000,1.000000,0.746940,1.000000,0.000000,0,0.000000,772999.000000,1.000000,715318275046.000000,2115849.000000
773000,4,209740,0.800000,1.000000,0.614901,1.000000,0.000000,0,0.000000,766130.000000,1.000000,715318275046.000000,2115849.000000
773000,5,211591,0.800000,1.000000,0.609740,1.000000,0.000000,0,0.000000,772898.000000,1.000000,715318275046.000000,2115849.000000
773000,6,211598,0.800000,1.000000,0.578193,1.000000,0.000000,0,0.000000,772949.000000,1.000000,715318275046.000000,2115849.000000
773000,7,211283,0.800000,1.000000,0.683549,1.000000,0.000000,0,0.000000,769649.000000,1.000000,715318275046.000000,2115849.000000
773000,8,211598,0.800000,1.000000,0.741477,1.000000,0.000000,1,645586.000000,773000.000000,1.000000,715318275046.000000,2115849.000000
773000,9,211599,0.800000,1.000000,0.720966,1.000000,0.000000,0,0.000000,772991.000000,1.000000,715318275046.000000,2115849.000000
773000,10,211591,0.800000,1.000000,0.558848,1.000000,0.000000,0,0.000000,772965.000000,1.000000,715318275046.000000,2115849.000000
773000,11,211599,0.800000,1.000000,0.540026,1.000000,0.000000,0,0.000000,772983.000000,1.000000,715318275046.000000,2115849.000000
773000,12,211597,0.800000,1.000000,0.533759,1.000000,0.000000,0,0.000000,772974.000000,1.000000,715318275046.000000,2115849.000000
773000,13,211591,0.800000,1.000000,0.612336,1.000000,0.000000,0,0.000000,772821.000000,1.000000,715318275046.000000,2115849.000000
773000,14,211559,0.800000,1.000000,0.730686,1.000000,0.000000,0,0.000000,772590.000000,1.000000,715318275046.000000,2115849.000000
773000,15,211581,0.800000,1.000000,0.464022,1.000000,0.000000,0,0.000000,772822.000000,1.000000,715318275046.000000,2115849.000000
774000,0,211738,0.800000,1.000000,0.646389,1.000000,0.000000,0,0.000000,773515.000000,1.000000,716897482100.000000,2118417.000000
774000,1,211386,0.800000,1.000000,0.659991,1.000000,0.000000,0,0.000000,772064.000000,1.000000,716897482100.000000,2118417.000000
774000,2,211860,0.800000,1.000000,0.574017,1.000000,0.000000,1,639533.000000,774000.000000,1.000000,716897482100.000000,2118417.000000
774000,3,211859,0.800000,1.000000,0.625502,1.000000,0.000000,0,0.000000,773894.000000,1.000000,716897482100.000000,2118417.000000
774000,4,209740,0.800000,1.000000,0.614901,1.000000,0.000000,0,0.000000,766130.000000,1.000000,716897482100.000000,2118417.000000
774000,5,211861,0.800000,1.000000,0.588108,1.000000,0.000000,0,0.000000,773943.000000,1.000000,716897482100.000000,2118417.000000
774000,6,211835,0.800000,1.000000,0.574894,1.000000,0.000000,0,0.000000,773751.000000,1.000000,716897482100.000000,2118417.000000
774000,7,211691,0.800000,1.000000,0.691580,1.000000,0.000000,0,0.000000,769649.000000,1.000000,716897482100.000000,2118417.000000
774000,8,211855,0.800000,1.000000,0.562200,1.000000,0.000000,0,0.000000,773791.000000,1.000000,716897482100.000000,2118417.000000
774000,9,211860,0.800000,1.000000,0.696322,1.000000,0.000000,0,0.000000,773999.000000,1.000000,716897482100.000000,2118417.000000
774000,10,211859,0.800000,1.000000,0.582706,1.000000,0.000000,0,0.000000,773991.000000,1.000000,716897482100.000000,2118417.000000
774000,11,211858,0.800000,1.000000,0.642987,1.000000,0.000000,0,0.000000,773983.000000,1.000000,716897482100.000000,2118417.000000
774000,12,211860,0.800000,1.000000,0.657246,1.000000,0.000000,0,0.000000,773994.000000,1.000000,716897482100.000000,2118417.000000
774000,13,211860,0.800000,1.000000,0.635659,1.000000,0.000000,0,0.000000,773958.000000,1.000000,716897482100.000000,2118417.000000
774000,14,211801,0.800000,1.000000,0.591634,1.000000,0.000000,0,0.000000,773695.000000,1.000000,716897482100.000000,2118417.000000
774000,15,211859,0.800000,1.000000,0.595879,1.000000,0.000000,0,0.000000,773864.000000,1.000000,716897482100.000000,2118417.000000
775000,0,212037,0.800000,1.000000,0.546385,1.000000,0.000000,0,0.000000,773515.000000,1.000000,718544533618.000000,424235.000000
775000,1,211743,0.800000,1.000000,0.510591,1.000000,0.000000,0,0.000000,772064.000000,1.000000,718544533618.000000,424235.000000
775000,2,212011,0.800000,1.000000,0.703270,1.000000,0.000000,0,0.000000,774499.000000,1.000000,718544533618.000000,424235.000000
775000,3,212118,0.800000,1.000000,0.590434,1.000000,0.000000,0,0.000000,774975.000000,1.000000,718544533618.000000,424235.000000
775000,4,209740,0.800000,1.000000,0.614901,1.000000,0.000000,0,0.000000,766130.000000,1.000000,718544533618.000000,424235.000000
775000,5,212119,0.800000,1.000000,0.740869,1.000000,0.000000,0,0.000000,774999.000000,1.000000,718544533618.000000,424235.000000
775000,6,212000,0.800000,1.000000,0.641202,1.000000,0.000000,0,0.000000,774351.000000,1.000000,718544533618.000000,424235.000000
775000,7,212019,0.800000,1.000000,0.712299,1.000000,0.000000,0,0.000000,769649.000000,1.000000,718544533618.000000,424235.000000
775000,8,212119,0.800000,1.000000,0.672292,1.000000,0.000000,0,0.000000,774997.000000,1.000000,718544533618.000000,424235.000000
775000,9,212114,0.800000,1.000000,0.696653,1.000000,0.000000,0,0.000000,774974.000000,1.000000,718544533618.000000,424235.000000
775000,10,212117,0.800000,1.000000,0.586487,1.000000,0.000000,0,0.000000,774991.000000,1.000000,718544533618.000000,424235.000000
775000,11,212119,0.800000,1.000000,0.785084,1.000000,0.000000,1,659639.000000,775000.000000,1.000000,718544533618.000000,424235.000000
775000,12,212092,0.800000,1.000000,0.601089,1.000000,0.000000,0,0.000000,774182.000000,1.000000,718544533618.000000,424235.000000
775000,13,212109,0.800000,1.000000,0.657731,1.000000,0.000000,0,0.000000,774954.000000,1.000000,718544533618.000000,424235.000000
775000,14,212091,0.800000,1.000000,0.496501,1.000000,0.000000,0,0.000000,773695.000000,1.000000,718544533618.000000,424235.000000
775000,15,212120,0.800000,1.000000,0.580732,1.000000,0.000000,0,0.000000,774987.000000,1.000000,718544533618.000000,424235.000000
776000,0,212286,0.800000,1.000000,0.664222,1.000000,0.000000,0,0.000000,773515.000000,1.000000,720098611422.000000,849272.000000
776000,1,211948,0.800000,1.000000,0.618862,1.000000,0.000000,0,0.000000,772064.000000,1.000000,720098611422.000000,849272.000000
776000,2,212368,0.800000,1.000000,0.633436,1.000000,0.000000,0,0.000000,775997.000000,1.000000,720098611422.000000,849272.000000
776000,3,212369,0.800000,1.000000,0.647132,1.000000,0.000000,1,620742.000000,776000.000000,1.000000,720098611422.000000,849272.000000
776000,4,209740,0.800000,1.000000,0.614901,1.000000,0.000000,0,0.000000,766130.000000,1.000000,720098611422.000000,849272.000000
776000,5,212369,0.800000,1.000000,0.643223,1.000000,0.000000,0,0.000000,775992.000000,1.000000,720098611422.000000,849272.000000
776000,6,212255,0.800000,1.000000,0.647156,1.000000,0.000000,0,0.000000,774351.000000,1.000000,720098611422.000000,849272.000000
776000,7,212194,0.800000,1.000000,0.748535,1.000000,0.000000,0,0.000000,769649.000000,1.000000,720098611422.000000,849272.000000
776000,8,212369,0.800000,1.000000,0.803141,1.000000,0.000000,0,0.000000,775999.000000,1.000000,720098611422.000000,849272.000000
776000,9,212368,0.800000,1.000000,0.577494,1.000000,0.000000,0,0.000000,775975.000000,1.000000,720098611422.000000,849272.000000
776000,10,212343,0.800000,1.000000,0.670704,1.000000,0.000000,0,0.000000,775568.000000,1.000000,720098611422.000000,849272.000000
776000,11,212364,0.800000,1.000000,0.704530,1.000000,0.000000,0,0.000000,775984.000000,1.000000,720098611422.000000,849272.000000
776000,12,212370,0.800000,1.000000,0.575535,1.000000,0.000000,0,0.000000,775985.000000,1.000000,720098611422.000000,849272.000000
776000,13,212350,0.800000,1.000000,0.594498,1.000000,0.000000,0,0.000000,775902.000000,1.000000,720098611422.000000,849272.000000
776000,14,212269,0.800000,1.000000,0.648746,1.000000,0.000000,0,0.000000,775487.000000,1.000000,720098611422.000000,849272.000000
776000,15,212368,0.800000,1.000000,0.692644,1.000000,0.000000,0,0.000000,775966.000000,1.000000,720098611422.000000,849272.000000
777000,0,212617,0.800000,1.000000,0.701632,1.000000,0.000000,0,0.000000,776729.000000,1.000000,721970235555.000000,2125561.000000
777000,1,212307,0.800000,1.000000,0.538785,1.000000,0.000000,0,0.000000,772064.000000,1.000000,721970235555.000000,2125561.000000
777000,2,212587,0.800000,1.000000,0.637616,1.000000,0.000000,0,0.000000,776518.000000,1.000000,721970235555.000000,2125561.000000
777000,3,212630,0.800000,1.000000,0.679648,1.000000,0.000000,0,0.000000,776999.000000,1.000000,721970235555.000000,2125561.000000
777000,4,209740,0.800000,1.000000,0.614901,1.000000,0.000000,0,0.000000,766130.000000,1.000000,721970235555.000000,2125561.000000
777000,5,212630,0.800000,1.000000,0.601057,1.000000,0.000000,0,0.000000,776991.000000,1.000000,721970235555.000000,2125561.000000
777000,6,212630,0.800000,1.000000,0.643553,1.000000,0.000000,1,652437.000000,777000.000000,1.000000,721970235555.000000,2125561.000000
777000,7,212603,0.800000,1.000000,0.665443,1.000000,0.000000,0,0.000000,769649.000000,1.000000,721970235555.000000,2125561.000000
777000,8,212621,0.800000,1.000000,0.524014,1.000000,0.000000,0,0.000000,776892.000000,1.000000,721970235555.000000,2125561.000000
777000,9,212629,0.800000,1.000000,0.541414,1.000000,0.000000,0,0.000000,776938.000000,1.000000,721970235555.000000,2125561.000000
777000,10,212626,0.800000,1.000000,0.575862,1.000000,0.000000,0,0.000000,776987.000000,1.000000,721970235555.000000,2125561.000000
777000,11,212612,0.800000,1.000000,0.622469,1.000000,0.000000,0,0.000000,776621.000000,1.000000,721970235555.000000,2125561.000000
777000,12,212614,0.800000,1.000000,0.660911,1.000000,0.000000,0,0.000000,776878.000000,1.000000,721970235555.000000,2125561.000000
777000,13,212630,0.800000,1.000000,0.690620,1.000000,0.000000,0,0.000000,776996.000000,1.000000,721970235555.000000,2125561.000000
777000,14,212629,0.800000,1.000000,0.649121,1.000000,0.000000,0,0.000000,775487.000000,1.000000,721970235555.000000,2125561.000000
777000,15,212630,0.800000,1.000000,0.673051,1.000000,0.000000,0,0.000000,776997.000000,1.000000,721970235555.000000,2125561.000000
778000,0,212630,0.800000,1.000000,0.737538,1.000000,0.000000,0,0.000000,776729.000000,1.000000,723572543155.000000,2128243.000000
778000,1,212560,0.800000,1.000000,0.471328,1.000000,0.000000,0,0.000000,772064.000000,1.000000,723572543155.000000,2128243.000000
778000,2,212898,0.800000,1.000000,0.682997,1.000000,0.000000,0,0.000000,777996.000000,1.000000,723572543155.000000,2128243.000000
778000,3,212874,0.800000,1.000000,0.625742,1.000000,0.000000,0,0.000000,777676.000000,1.000000,723572543155.000000,2128243.000000
778000,4,209740,0.800000,1.000000,0.614901,1.000000,0.000000,0,0.000000,766130.000000,1.000000,723572543155.000000,2128243.000000
778000,5,212898,0.800000,1.000000,0.723846,1.000000,0.000000,1,621486.000000,778000.000000,1.000000,723572543155.000000,2128243.000000
778000,6,212898,0.800000,1.000000,0.661977,1.000000,0.000000,0,0.000000,777985.000000,1.000000,723572543155.000000,2128243.000000
778000,7,212891,0.800000,1.000000,0.604858,1.000000,0.000000,0,0.000000,777957.000000,1.000000,723572543155.000000,2128243.000000
778000,8,212858,0.800000,1.000000,0.591015,1.000000,0.000000,0,0.000000,777830.000000,1.000000,723572543155.000000,2128243.000000
778000,9,212897,0.800000,1.000000,0.656671,1.000000,0.000000,0,0.000000,777991.000000,1.000000,723572543155.000000,2128243.000000
778000,10,212898,0.800000,1.000000,0.761489,1.000000,0.000000,0,0.000000,777999.000000,1.000000,723572543155.000000,2128243.000000
778000,11,212897,0.800000,1.000000,0.614201,1.000000,0.000000,0,0.000000,777973.000000,1.000000,723572543155.000000,2128243.000000
778000,12,212877,0.800000,1.000000,0.654870,1.000000,0.000000,0,0.000000,777247.000000,1.000000,723572543155.000000,2128243.000000
778000,13,212887,0.800000,1.000000,0.581821,1.000000,0.000000,0,0.000000,777762.000000,1.000000,723572543155.000000,2128243.000000
778000,14,212899,0.800000,1.000000,0.648082,1.000000,0.000000,0,0.000000,777995.000000,1.000000,723572543155.000000,2128243.000000
778000,15,212899,0.800000,1.000000,0.763140,1.000000,0.000000,0,0.000000,777998.000000,1.000000,723572543155.000000,2128243.000000
779000,0,212816,0.800000,1.000000,0.640259,1.000000,0.000000,0,0.000000,776729.000000,1.000000,725226139293.000000,2130827.000000
779000,1,212917,0.800000,1.000000,0.634910,1.000000,0.000000,0,0.000000,772064.000000,1.000000,725226139293.000000,2130827.000000
779000,2,213155,0.800000,1.000000,0.613885,1.000000,0.000000,0,0.000000,778922.000000,1.000000,725226139293.000000,2130827.000000
779000,3,213094,0.800000,1.000000,0.718078,1.000000,0.000000,0,0.000000,778439.000000,1.000000,725226139293.000000,2130827.000000
779000,4,209740,0.800000,1.000000,0.614901,1.000000,0.000000,0,0.000000,766130.000000,1.000000,725226139293.000000,2130827.000000
779000,5,213168,0.800000,1.000000,0.602366,1.000000,0.000000,0,0.000000,778992.000000,1.000000,725226139293.000000,2130827.000000
779000,6,213166,0.800000,1.000000,0.678227,1.000000,0.000000,0,0.000000,778995.000000,1.000000,725226139293.000000,2130827.000000
779000,7,213169,0.800000,1.000000,0.641239,1.000000,0.000000,0,0.000000,778982.000000,1.000000,725226139293.000000,2130827.000000
779000,8,212988,0.800000,1.000000,0.652221,1.000000,0.000000,0,0.000000,777830.000000,1.000000,725226139293.000000,2130827.000000
779000,9,213167,0.800000,1.000000,0.542293,1.000000,0.000000,0,0.000000,778991.000000,1.000000,725226139293.000000,2130827.000000
779000,10,213169,0.800000,1.000000,0.729468,1.000000,0.000000,1,631651.000000,779000.000000,1.000000,725226139293.000000,2130827.000000
779000,11,213169,0.800000,1.000000,0.568537,1.000000,0.000000,0,0.000000,778994.000000,1.000000,725226139293.000000,2130827.000000
779000,12,213165,0.800000,1.000000,0.664230,1.000000,0.000000,0,0.000000,778583.000000,1.000000,725226139293.000000,2130827.000000
779000,13,213169,0.800000,1.000000,0.621354,1.000000,0.000000,0,0.000000,778998.000000,1.000000,725226139293.000000,2130827.000000
779000,14,213162,0.800000,1.000000,0.729795,1.000000,0.000000,0,0.000000,778973.000000,1.000000,725226139293.000000,2130827.000000
779000,15,213169,0.800000,1.000000,0.747475,1.000000,0.000000,0,0.000000,778999.000000,1.000000,725226139293.000000,2130827.000000
780000,0,213110,0.800000,1.000000,0.696943,1.000000,0.000000,0,0.000000,776729.000000,1.000000,727089534478.000000,1707258.000000
780000,1,213258,0.800000,1.000000,0.718987,1.000000,0.000000,0,0.000000,772064.000000,1.000000,727089534478.000000,1707258.000000
780000,2,213451,0.800000,1.000000,0.637588,1.000000,0.000000,0,0.000000,779998.000000,1.000000,727089534478.000000,1707258.000000
780000,3,213431,0.800000,1.000000,0.664327,1.000000,0.000000,0,0.000000,778439.000000,1.000000,727089534478.000000,1707258.000000
780000,4,209740,0.800000,1.000000,0.614901,1.000000,0.000000,0,0.000000,766130.000000,1.000000,727089534478.000000,1707258.000000
780000,5,213451,0.800000,1.000000,0.591952,1.000000,0.000000,0,0.000000,779997.000000,1.000000,727089534478.000000,1707258.000000
780000,6,213438,0.800000,1.000000,0.581334,1.000000,0.000000,0,0.000000,779683.000000,1.000000,727089534478.000000,1707258.000000
780000,7,213447,0.800000,1.000000,0.691739,1.000000,0.000000,0,0.000000,779967.000000,1.000000,727089534478.000000,1707258.000000
780000,8,213281,0.800000,1.000000,0.676209,1.000000,0.000000,0,0.000000,777830.000000,1.000000,727089534478.000000,1707258.000000
780000,9,213451,0.800000,1.000000,0.707830,1.000000,0.000000,0,0.000000,779995.000000,1.000000,727089534478.000000,1707258.000000
780000,10,213451,0.800000,1.000000,0.603267,1.000000,0.000000,0,0.000000,779999.000000,1.000000,727089534478.000000,1707258.000000
780000,11,213448,0.800000,1.000000,0.591610,1.000000,0.000000,0,0.000000,779932.000000,1.000000,727089534478.000000,1707258.000000
780000,12,213451,0.800000,1.000000,0.511160,1.000000,0.000000,0,0.000000,779989.000000,1.000000,727089534478.000000,1707258.000000
780000,13,213448,0.800000,1.000000,0.663866,1.000000,0.000000,0,0.000000,779977.000000,1.000000,727089534478.000000,1707258.000000
780000,14,213451,0.800000,1.000000,0.585639,1.000000,0.000000,1,630758.000000,780000.000000,1.000000,727089534478.000000,1707258.000000
780000,15,213445,0.800000,1.000000,0.429569,1.000000,0.000000,0,0.000000,779935.000000,1.000000,727089534478.000000,1707258.000000
781000,0,213410,0.800000,1.000000,0.614280,1.000000,0.000000,0,0.000000,776729.000000,1.000000,728768292317.000000,854854.000000
781000,1,213585,0.800000,1.000000,0.694163,1.000000,0.000000,0,0.000000,772064.000000,1.000000,728768292317.000000,854854.000000
781000,2,213652,0.800000,1.000000,0.516574,1.000000,0.000000,0,0.000000,780748.000000,1.000000,728768292317.000000,854854.000000
781000,3,213515,0.800000,1.000000,0.775685,1.000000,0.000000,0,0.000000,780225.000000,1.000000,728768292317.000000,854854.000000
781000,4,209740,0.800000,1.000000,0.614901,1.000000,0.000000,0,0.000000,766130.000000,1.000000,728768292317.000000,854854.000000
781000,5,213713,0.800000,1.000000,0.669855,1.000000,0.000000,0,0.000000,780995.000000,1.000000,728768292317.000000,854854.000000
781000,6,213713,0.800000,1.000000,0.719139,1.000000,0.000000,0,0.000000,780273.000000,1.000000,728768292317.000000,854854.000000
781000,7,213713,0.800000,1.000000,0.672918,1.000000,0.000000,0,0.000000,780996.000000,1.000000,728768292317.000000,854854.000000
781000,8,213666,0.800000,1.000000,0.625580,1.000000,0.000000,0,0.000000,777830.000000,1.000000,728768292317.000000,854854.000000
781000,9,213710,0.800000,1.000000,0.621532,1.000000,0.000000,0,0.000000,780962.000000,1.000000,728768292317.000000,854854.000000
781000,10,213713,0.800000,1.000000,0.583602,1.000000,0.000000,0,0.000000,780978.000000,1.000000,728768292317.000000,854854.000000
781000,11,213713,0.800000,1.000000,0.539921,1.000000,0.000000,1,663836.000000,781000.000000,1.000000,728768292317.000000,854854.000000
781000,12,213714,0.800000,1.000000,0.589065,1.000000,0.000000,0,0.000000,780998.000000,1.000000,728768292317.000000,854854.000000
781000,13,213714,0.800000,1.000000,0.660440,1.000000,0.000000,0,0.000000,780999.000000,1.000000,728768292317.000000,854854.000000
781000,14,213699,0.800000,1.000000,0.614260,1.000000,0.000000,0,0.000000,780813.000000,1.000000,728768292317.000000,854854.000000
781000,15,213713,0.800000,1.000000,0.660821,1.000000,0.000000,0,0.000000,780982.000000,1.000000,728768292317.000000,854854.000000
782000,0,213760,0.800000,1.000000,0.595935,1.000000,0.000000,0,0.000000,776729.000000,1.000000,730339709354.000000,2567496.000000
782000,1,213949,0.800000,1.000000,0.725048,1.000000,0.000000,0,0.000000,772064.000000,1.000000,730339709354.000000,2567496.000000
782000,2,213849,0.800000,1.000000,0.633968,1.000000,0.000000,0,0.000000,780748.000000,1.000000,730339709354.000000,2567496.000000
782000,3,213515,0.800000,1.000000,0.775685,1.000000,0.000000,0,0.000000,780225.000000,1.000000,730339709354.000000,2567496.000000
782000,4,209740,0.800000,1.000000,0.614901,1.000000,0.000000,0,0.000000,766130.000000,1.000000,730339709354.000000,2567496.000000
782000,5,213958,0.800000,1.000000,0.668871,1.000000,0.000000,0,0.000000,781960.000000,1.000000,730339709354.000000,2567496.000000
782000,6,213959,0.800000,1.000000,0.631068,1.000000,0.000000,0,0.000000,781949.000000,1.000000,730339709354.000000,2567496.000000
782000,7,213953,0.800000,1.000000,0.750258,1.000000,0.000000,0,0.000000,781748.000000,1.000000,730339709354.000000,2567496.000000
782000,8,213943,0.800000,1.000000,0.644609,1.000000,0.000000,0,0.000000,781804.000000,1.000000,730339709354.000000,2567496.000000
782000,9,213965,0.800000,1.000000,0.672757,1.000000,0.000000,1,623390.000000,782000.000000,1.000000,730339709354.000000,2567496.000000
782000,10,213959,0.800000,1.000000,0.458374,1.000000,0.000000,0,0.000000,781943.000000,1.000000,730339709354.000000,2567496.000000
782000,11,213966,0.800000,1.000000,0.613038,1.000000,0.000000,0,0.000000,781984.000000,1.000000,730339709354.000000,2567496.000000
782000,12,213945,0.800000,1.000000,0.652379,1.000000,0.000000,0,0.000000,781756.000000,1.000000,730339709354.000000,2567496.000000
782000,13,213965,0.800000,1.000000,0.689228,1.000000,0.000000,0,0.000000,781995.000000,1.000000,730339709354.000000,2567496.000000
782000,14,213966,0.800000,1.000000,0.690249,1.000000,0.000000,0,0.000000,781999.000000,1.000000,730339709354.000000,2567496.000000
782000,15,213966,0.800000,1.000000,0.670406,1.000000,0.000000,0,0.000000,781990.000000,1.000000,730339709354.000000,2567496.000000
783000,0,214019,0.800000,1.000000,0.654554,1.000000,0.000000,0,0.000000,776729.000000,1.000000,731922817368.000000,2570054.000000
783000,1,214168,0.800000,1.000000,0.617711,1.000000,0.000000,0,0.000000,782726.000000,1.000000,731922817368.000000,2570054.000000
783000,2,214058,0.800000,1.000000,0.623250,1.000000,0.000000,0,0.000000,780748.000000,1.000000,731922817368.000000,2570054.000000
783000,3,213640,0.800000,1.000000,0.546327,1.000000,0.000000,0,0.000000,780225.000000,1.000000,731922817368.000000,2570054.000000
783000,4,209740,0.800000,1.000000,0.614901,1.000000,0.000000,0,0.000000,766130.000000,1.000000,731922817368.000000,2570054.000000
783000,5,214229,0.800000,1.000000,0.565589,1.000000,0.000000,0,0.000000,782938.000000,1.000000,731922817368.000000,2570054.000000
783000,6,214226,0.800000,1.000000,0.670130,1.000000,0.000000,0,0.000000,782952.000000,1.000000,731922817368.000000,2570054.000000
783000,7,214229,0.800000,1.000000,0.677318,1.000000,0.000000,1,638605.000000,783000.000000,1.000000,731922817368.000000,2570054.000000
783000,8,214227,0.800000,1.000000,0.585057,1.000000,0.000000,0,0.000000,782970.000000,1.000000,731922817368.000000,2570054.000000
783000,9,214215,0.800000,1.000000,0.576492,1.000000,0.000000,0,0.000000,782881.000000,1.000000,731922817368.000000,2570054.000000
783000,10,214230,0.800000,1.000000,0.692546,1.000000,0.000000,0,0.000000,782996.000000,1.000000,731922817368.000000,2570054.000000
783000,11,214220,0.800000,1.000000,0.722223,1.000000,0.000000,0,0.000000,782517.000000,1.000000,731922817368.000000,2570054.000000
783000,12,214229,0.800000,1.000000,0.665118,1.000000,0.000000,0,0.000000,782998.000000,1.000000,731922817368.000000,2570054.000000
783000,13,214171,0.800000,1.000000,0.647458,1.000000,0.000000,0,0.000000,782006.000000,1.000000,731922817368.000000,2570054.000000
783000,14,214225,0.800000,1.000000,0.575203,1.000000,0.000000,0,0.000000,782982.000000,1.000000,731922817368.000000,2570054.000000
783000,15,214230,0.800000,1.000000,0.682527,1.000000,0.000000,0,0.000000,782999.000000,1.000000,731922817368.000000,2570054.000000
784000,0,214389,0.800000,1.000000,0.728834,1.000000,0.000000,0,0.000000,776729.000000,1.000000,733757079840.000000,2143661.000000
784000,1,214492,0.800000,1.000000,0.642325,1.000000,0.000000,0,0.000000,783989.000000,1.000000,733757079840.000000,2143661.000000
784000,2,214399,0.800000,1.000000,0.576853,1.000000,0.000000,0,0.000000,780748.000000,1.000000,733757079840.000000,2143661.000000
784000,3,214002,0.800000,1.000000,0.572184,1.000000,0.000000,0,0.000000,780225.000000,1.000000,733757079840.000000,2143661.000000
784000,4,209740,0.800000,1.000000,0.614901,1.000000,0.000000,0,0.000000,766130.000000,1.000000,733757079840.000000,2143661.000000
784000,5,214425,0.800000,1.000000,0.642972,1.000000,0.000000,0,0.000000,783684.000000,1.000000,733757079840.000000,2143661.000000
784000,6,214479,0.800000,1.000000,0.614929,1.000000,0.000000,0,0.000000,783534.000000,1.000000,733757079840.000000,2143661.000000
784000,7,214467,0.800000,1.000000,0.582417,1.000000,0.000000,0,0.000000,783767.000000,1.000000,733757079840.000000,2143661.000000
784000,8,214496,0.800000,1.000000,0.668273,1.000000,0.000000,0,0.000000,783995.000000,1.000000,733757079840.000000,2143661.000000
784000,9,214495,0.800000,1.000000,0.714372,1.000000,0.000000,0,0.000000,783999.000000,1.000000,733757079840.000000,2143661.000000
784000,10,214488,0.800000,1.000000,0.634344,1.000000,0.000000,0,0.000000,783771.000000,1.000000,733757079840.000000,2143661.000000
784000,11,214495,0.800000,1.000000,0.602594,1.000000,0.000000,0,0.000000,783994.000000,1.000000,733757079840.000000,2143661.000000
784000,12,214487,0.800000,1.000000,0.632127,1.000000,0.000000,0,0.000000,783953.000000,1.000000,733757079840.000000,2143661.000000
784000,13,214496,0.800000,1.000000,0.606290,1.000000,0.000000,1,624740.000000,784000.000000,1.000000,733757079840.000000,2143661.000000
784000,14,214492,0.800000,1.000000,0.638919,1.000000,0.000000,0,0.000000,783982.000000,1.000000,733757079840.000000,2143661.000000
784000,15,214494,0.800000,1.000000,0.662063,1.000000,0.000000,0,0.000000,783977.000000,1.000000,733757079840.000000,2143661.000000
785000,0,214761,0.800000,1.000000,0.500919,1.000000,0.000000,0,0.000000,784982.000000,1.000000,735593861568.000000,3005687.000000
785000,1,214734,0.800000,1.000000,0.666662,1.000000,0.000000,0,0.000000,784877.000000,1.000000,735593861568.000000,3005687.000000
785000,2,214730,0.800000,1.000000,0.512735,1.000000,0.000000,0,0.000000,780748.000000,1.000000,735593861568.000000,3005687.000000
785000,3,214317,0.800000,1.000000,0.549157,1.000000,0.000000,0,0.000000,780225.000000,1.000000,735593861568.000000,3005687.000000
785000,4,209740,0.800000,1.000000,0.614901,1.000000,0.000000,0,0.000000,766130.000000,1.000000,735593861568.000000,3005687.000000
785000,5,214756,0.800000,1.000000,0.699720,1.000000,0.000000,0,0.000000,784914.000000,1.000000,735593861568.000000,3005687.000000
785000,6,214763,0.800000,1.000000,0.641539,1.000000,0.000000,0,0.000000,784997.000000,1.000000,735593861568.000000,3005687.000000
785000,7,214762,0.800000,1.000000,0.607061,1.000000,0.000000,0,0.000000,784987.000000,1.000000,735593861568.000000,3005687.000000
785000,8,214751,0.800000,1.000000,0.688557,1.000000,0.000000,0,0.000000,784835.000000,1.000000,735593861568.000000,3005687.000000
785000,9,214759,0.800000,1.000000,0.609768,1.000000,0.000000,0,0.000000,784693.000000,1.000000,735593861568.000000,3005687.000000
785000,10,214739,0.800000,1.000000,0.642406,1.000000,0.000000,0,0.000000,784909.000000,1.000000,735593861568.000000,3005687.000000
785000,11,214758,0.800000,1.000000,0.641583,1.000000,0.000000,0,0.000000,784861.000000,1.000000,735593861568.000000,3005687.000000
785000,12,214763,0.800000,1.000000,0.604832,1.000000,0.000000,1,629131.000000,785000.000000,1.000000,735593861568.000000,3005687.000000
785000,13,214764,0.800000,1.000000,0.671835,1.000000,0.000000,0,0.000000,784998.000000,1.000000,735593861568.000000,3005687.000000
785000,14,214755,0.800000,1.000000,0.508051,1.000000,0.000000,0,0.000000,784941.000000,1.000000,735593861568.000000,3005687.000000
785000,15,214764,0.800000,1.000000,0.594540,1.000000,0.000000,0,0.000000,784993.000000,1.000000,735593861568.000000,3005687.000000
786000,0,214990,0.800000,1.000000,0.545093,1.000000,0.000000,0,0.000000,785563.000000,1.000000,737262560683.000000,1289089.000000
786000,1,215040,0.800000,1.000000,0.741281,1.000000,0.000000,0,0.000000,785998.000000,1.000000,737262560683.000000,1289089.000000
786000,2,215030,0.800000,1.000000,0.545961,1.000000,0.000000,0,0.000000,785953.000000,1.000000,737262560683.000000,1289089.000000
786000,3,214467,0.800000,1.000000,0.669063,1.000000,0.000000,0,0.000000,780225.000000,1.000000,737262560683.000000,1289089.000000
786000,4,209740,0.800000,1.000000,0.614901,1.000000,0.000000,0,0.000000,766130.000000,1.000000,737262560683.000000,1289089.000000
786000,5,215040,0.800000,1.000000,0.644967,1.000000,0.000000,0,0.000000,785994.000000,1.000000,737262560683.000000,1289089.000000
786000,6,215035,0.800000,1.000000,0.594015,1.000000,0.000000,0,0.000000,785940.000000,1.000000,737262560683.000000,1289089.000000
786000,7,215038,0.800000,1.000000,0.561007,1.000000,0.000000,0,0.000000,785960.000000,1.000000,737262560683.000000,1289089.000000
786000,8,215039,0.800000,1.000000,0.621204,1.000000,0.000000,0,0.000000,785836.000000,1.000000,737262560683.000000,1289089.000000
786000,9,215039,0.800000,1.000000,0.689457,1.000000,0.000000,0,0.000000,785493.000000,1.000000,737262560683.000000,1289089.000000
786000,10,214852,0.800000,1.000000,0.623284,1.000000,0.000000,0,0.000000,784909.000000,1.000000,737262560683.000000,1289089.000000
786000,11,215040,0.800000,1.000000,0.725881,1.000000,0.000000,1,667622.000000,786000.000000,1.000000,737262560683.000000,1289089.000000
786000,12,215037,0.800000,1.000000,0.570460,1.000000,0.000000,0,0.000000,785879.000000,1.000000,737262560683.000000,1289089.000000
786000,13,215039,0.800000,1.000000,0.660833,1.000000,0.000000,0,0.000000,785988.000000,1.000000,737262560683.000000,1289089.000000
786000,14,215033,0.800000,1.000000,0.554129,1.000000,0.000000,0,0.000000,785660.000000,1.000000,737262560683.000000,1289089.000000
786000,15,215040,0.800000,1.000000,0.651934,1.000000,0.000000,0,0.000000,785999.000000,1.000000,737262560683.000000,1289089.000000
787000,0,215134,0.800000,1.000000,0.642406,1.000000,0.000000,0,0.000000,785563.000000,1.000000,738804876418.000000,1290969.000000
787000,1,215312,0.800000,1.000000,0.651244,1.000000,0.000000,0,0.000000,786998.000000,1.000000,738804876418.000000,1290969.000000
787000,2,215314,0.800000,1.000000,0.653504,1.000000,0.000000,0,0.000000,786999.000000,1.000000,738804876418.000000,1290969.000000
787000,3,214861,0.800000,1.000000,0.621673,1.000000,0.000000,0,0.000000,780225.000000,1.000000,738804876418.000000,1290969.000000
787000,4,209740,0.800000,1.000000,0.614901,1.000000,0.000000,0,0.000000,766130.000000,1.000000,738804876418.000000,1290969.000000
787000,5,215314,0.800000,1.000000,0.683335,1.000000,0.000000,1,628369.000000,787000.000000,1.000000,738804876418.000000,1290969.000000
787000,6,215311,0.800000,1.000000,0.563695,1.000000,0.000000,0,0.000000,786975.000000,1.000000,738804876418.000000,1290969.000000
787000,7,215275,0.800000,1.000000,0.704075,1.000000,0.000000,0,0.000000,785960.000000,1.000000,738804876418.000000,1290969.000000
787000,8,215302,0.800000,1.000000,0.709761,1.000000,0.000000,0,0.000000,786618.000000,1.000000,738804876418.000000,1290969.000000
787000,9,215310,0.800000,1.000000,0.723573,1.000000,0.000000,0,0.000000,786960.000000,1.000000,738804876418.000000,1290969.000000
787000,10,214908,0.800000,1.000000,0.720367,1.000000,0.000000,0,0.000000,784909.000000,1.000000,738804876418.000000,1290969.000000
787000,11,215306,0.800000,1.000000,0.479683,1.000000,0.000000,0,0.000000,786893.000000,1.000000,738804876418.000000,1290969.000000
787000,12,215311,0.800000,1.000000,0.557906,1.000000,0.000000,0,0.000000,786948.000000,1.000000,738804876418.000000,1290969.000000
787000,13,215311,0.800000,1.000000,0.694091,1.000000,0.000000,0,0.000000,786991.000000,1.000000,738804876418.000000,1290969.000000
787000,14,215313,0.800000,1.000000,0.659620,1.000000,0.000000,0,0.000000,786995.000000,1.000000,738804876418.000000,1290969.000000
787000,15,215062,0.800000,1.000000,0.751454,1.000000,0.000000,0,0.000000,786055.000000,1.000000,738804876418.000000,1290969.000000
788000,0,215501,0.800000,1.000000,0.672204,1.000000,0.000000,0,0.000000,785563.000000,1.000000,740527338287.000000,-722.000000
788000,1,215582,0.800000,1.000000,0.599475,1.000000,0.000000,0,0.000000,787843.000000,1.000000,740527338287.000000,-722.000000
788000,2,215446,0.800000,1.000000,0.688191,1.000000,0.000000,0,0.000000,787151.000000,1.000000,740527338287.000000,-722.000000
788000,3,215225,0.800000,1.000000,0.614698,1.000000,0.000000,0,0.000000,780225.000000,1.000000,740527338287.000000,-722.000000
788000,4,209740,0.800000,1.000000,0.614901,1.000000,0.000000,0,0.000000,766130.000000,1.000000,740527338287.000000,-722.000000
788000,5,215585,0.800000,1.000000,0.692900,1.000000,0.000000,0,0.000000,787997.000000,1.000000,740527338287.000000,-722.000000
788000,6,215582,0.800000,1.000000,0.585458,1.000000,0.000000,0,0.000000,787943.000000,1.000000,740527338287.000000,-722.000000
788000,7,215585,0.800000,1.000000,0.745846,1.000000,0.000000,1,642219.000000,788000.000000,1.000000,740527338287.000000,-722.000000
788000,8,215585,0.800000,1.000000,0.551542,1.000000,0.000000,0,0.000000,787975.000000,1.000000,740527338287.000000,-722.000000
788000,9,215583,0.800000,1.000000,0.634317,1.000000,0.000000,0,0.000000,787437.000000,1.000000,740527338287.000000,-722.000000
788000,10,215280,0.800000,1.000000,0.801602,1.000000,0.000000,0,0.000000,784909.000000,1.000000,740527338287.000000,-722.000000
788000,11,215571,0.800000,1.000000,0.710189,1.000000,0.000000,0,0.000000,787526.000000,1.000000,740527338287.000000,-722.000000
788000,12,215584,0.800000,1.000000,0.656361,1.000000,0.000000,0,0.000000,787980.000000,1.000000,740527338287.000000,-722.000000
788000,13,215586,0.800000,1.000000,0.685600,1.000000,0.000000,0,0.000000,787999.000000,1.000000,740527338287.000000,-722.000000
788000,14,215586,0.800000,1.000000,0.634649,1.000000,0.000000,0,0.000000,787998.000000,1.000000,740527338287.000000,-722.000000
788000,15,215062,0.800000,1.000000,0.751454,1.000000,0.000000,0,0.000000,786055.000000,1.000000,740527338287.000000,-722.000000
789000,0,215819,0.800000,1.000000,0.682669,1.000000,0.000000,0,0.000000,785563.000000,1.000000,742317326737.000000,862828.000000
789000,1,215862,0.800000,1.000000,0.583138,1.000000,0.000000,0,0.000000,788955.000000,1.000000,742317326737.000000,862828.000000
789000,2,215808,0.800000,1.000000,0.687759,1.000000,0.000000,0,0.000000,787151.000000,1.000000,742317326737.000000,862828.000000
789000,3,215553,0.800000,1.000000,0.661989,1.000000,0.000000,0,0.000000,780225.000000,1.000000,742317326737.000000,862828.000000
789000,4,209740,0.800000,1.000000,0.614901,1.000000,0.000000,0,0.000000,766130.000000,1.000000,742317326737.000000,862828.000000
789000,5,215865,0.800000,1.000000,0.641404,1.000000,0.000000,0,0.000000,788994.000000,1.000000,742317326737.000000,862828.000000
789000,6,215865,0.800000,1.000000,0.669672,1.000000,0.000000,1,661246.000000,789000.000000,1.000000,742317326737.000000,862828.000000
789000,7,215866,0.800000,1.000000,0.521031,1.000000,0.000000,0,0.000000,788996.000000,1.000000,742317326737.000000,862828.000000
789000,8,215864,0.800000,1.000000,0.620454,1.000000,0.000000,0,0.000000,788918.000000,1.000000,742317326737.000000,862828.000000
789000,9,215856,0.800000,1.000000,0.627317,1.000000,0.000000,0,0.000000,788812.000000,1.000000,742317326737.000000,862828.000000
789000,10,215616,0.800000,1.000000,0.584568,1.000000,0.000000,0,0.000000,784909.000000,1.000000,742317326737.000000,862828.000000
789000,11,215862,0.800000,1.000000,0.727542,1.000000,0.000000,0,0.000000,788982.000000,1.000000,742317326737.000000,862828.000000
789000,12,215865,0.800000,1.000000,0.625401,1.000000,0.000000,0,0.000000,788997.000000,1.000000,742317326737.000000,862828.000000
789000,13,215864,0.800000,1.000000,0.660668,1.000000,0.000000,0,0.000000,788946.000000,1.000000,742317326737.000000,862828.000000
789000,14,215866,0.800000,1.000000,0.641304,1.000000,0.000000,0,0.000000,788999.000000,1.000000,742317326737.000000,862828.000000
789000,15,215062,0.800000,1.000000,0.751454,1.000000,0.000000,0,0.000000,786055.000000,1.000000,742317326737.000000,862828.000000
790000,0,216136,0.800000,1.000000,0.648052,1.000000,0.000000,1,634625.000000,790000.000000,1.000000,743932196618.000000,1728634.000000
790000,1,216137,0.800000,1.000000,0.782773,1.000000,0.000000,0,0.000000,789998.000000,1.000000,743932196618.000000,1728634.000000
790000,2,216121,0.800000,1.000000,0.498640,1.000000,0.000000,0,0.000000,789825.000000,1.000000,743932196618.000000,1728634.000000
790000,3,215881,0.800000,1.000000,0.679801,1.000000,0.000000,0,0.000000,780225.000000,1.000000,743932196618.000000,1728634.000000
790000,4,209740,0.800000,1.000000,0.614901,1.000000,0.000000,0,0.000000,766130.000000,1.000000,743932196618.000000,1728634.000000
790000,5,216125,0.800000,1.000000,0.613454,1.000000,0.000000,0,0.000000,789911.000000,1.000000,743932196618.000000,1728634.000000
790000,6,216136,0.800000,1.000000,0.575213,1.000000,0.000000,0,0.000000,789999.000000,1.000000,743932196618.000000,1728634.000000
790000,7,215904,0.800000,1.000000,0.587378,1.000000,0.000000,0,0.000000,789015.000000,1.000000,743932196618.000000,1728634.000000
790000,8,216134,0.800000,1.000000,0.700649,1.000000,0.000000,0,0.000000,789993.000000,1.000000,743932196618.000000,1728634.000000
790000,9,216134,0.800000,1.000000,0.600071,1.000000,0.000000,0,0.000000,789977.000000,1.000000,743932196618.000000,1728634.000000
790000,10,215920,0.800000,1.000000,0.631007,1.000000,0.000000,0,0.000000,784909.000000,1.000000,743932196618.000000,1728634.000000
790000,11,216136,0.800000,1.000000,0.673671,1.000000,0.000000,0,0.000000,789990.000000,1.000000,743932196618.000000,1728634.000000
790000,12,216137,0.800000,1.000000,0.645969,1.000000,0.000000,0,0.000000,789980.000000,1.000000,743932196618.000000,1728634.000000
790000,13,216132,0.800000,1.000000,0.561958,1.000000,0.000000,0,0.000000,789973.000000,1.000000,743932196618.000000,1728634.000000
790000,14,216137,0.800000,1.000000,0.752949,1.000000,0.000000,0,0.000000,789996.000000,1.000000,743932196618.000000,1728634.000000
790000,15,215062,0.800000,1.000000,0.751454,1.000000,0.000000,0,0.000000,786055.000000,1.000000,743932196618.000000,1728634.000000
791000,0,216408,0.800000,1.000000,0.604038,1.000000,0.000000,0,0.000000,790983.000000,1.000000,745668882666.000000,2164079.000000
791000,1,216409,0.800000,1.000000,0.588523,1.000000,0.000000,0,0.000000,790985.000000,1.000000,745668882666.000000,2164079.000000
791000,2,216398,0.800000,1.000000,0.547860,1.000000,0.000000,0,0.000000,790719.000000,1.000000,745668882666.000000,2164079.000000
791000,3,216224,0.800000,1.000000,0.748688,1.000000,0.000000,0,0.000000,780225.000000,1.000000,745668882666.000000,2164079.000000
791000,4,209740,0.800000,1.000000,0.614901,1.000000,0.000000,0,0.000000,766130.000000,1.000000,745668882666.000000,2164079.000000
791000,5,216412,0.800000,1.000000,0.659698,1.000000,0.000000,0,0.000000,790997.000000,1.000000,745668882666.000000,2164079.000000
791000,6,216410,0.800000,1.000000,0.628697,1.000000,0.000000,0,0.000000,790970.000000,1.000000,745668882666.000000,2164079.000000
791000,7,216263,0.800000,1.000000,0.664822,1.000000,0.000000,0,0.000000,789015.000000,1.000000,745668882666.000000,2164079.000000
791000,8,216412,0.800000,1.000000,0.661606,1.000000,0.000000,0,0.000000,790998.000000,1.000000,745668882666.000000,2164079.000000
791000,9,216411,0.800000,1.000000,0.528764,1.000000,0.000000,0,0.000000,790990.000000,1.000000,745668882666.000000,2164079.000000
791000,10,216201,0.800000,1.000000,0.547382,1.000000,0.000000,0,0.000000,784909.000000,1.000000,745668882666.000000,2164079.000000
791000,11,216413,0.800000,1.000000,0.627504,1.000000,0.000000,0,0.000000,790999.000000,1.000000,745668882666.000000,2164079.000000
791000,12,216408,0.800000,1.000000,0.569172,1.000000,0.000000,0,0.000000,790969.000000,1.000000,745668882666.000000,2164079.000000
791000,13,216413,0.800000,1.000000,0.601096,1.000000,0.000000,1,629571.000000,791000.000000,1.000000,745668882666.000000,2164079.000000
791000,14,216404,0.800000,1.000000,0.591193,1.000000,0.000000,0,0.000000,790922.000000,1.000000,745668882666.000000,2164079.000000
791000,15,215062,0.800000,1.000000,0.751454,1.000000,0.000000,0,0.000000,786055.000000,1.000000,745668882666.000000,2164079.000000
792000,0,216530,0.800000,1.000000,0.633137,1.000000,0.000000,0,0.000000,790983.000000,1.000000,747261860805.000000,2166327.000000
792000,1,216663,0.800000,1.000000,0.562336,1.000000,0.000000,0,0.000000,791943.000000,1.000000,747261860805.000000,2166327.000000
792000,2,216662,0.800000,1.000000,0.626539,1.000000,0.000000,0,0.000000,791981.000000,1.000000,747261860805.000000,2166327.000000
792000,3,216601,0.800000,1.000000,0.664842,1.000000,0.000000,0,0.000000,780225.000000,1.000000,747261860805.000000,2166327.000000
792000,4,209740,0.800000,1.000000,0.614901,1.000000,0.000000,0,0.000000,766130.000000,1.000000,747261860805.000000,2166327.000000
792000,5,216662,0.800000,1.000000,0.574173,1.000000,0.000000,0,0.000000,791908.000000,1.000000,747261860805.000000,2166327.000000
792000,6,216663,0.800000,1.000000,0.589650,1.000000,0.000000,0,0.000000,791998.000000,1.000000,747261860805.000000,2166327.000000
792000,7,216600,0.800000,1.000000,0.636304,1.000000,0.000000,0,0.000000,789015.000000,1.000000,747261860805.000000,2166327.000000
792000,8,216661,0.800000,1.000000,0.549492,1.000000,0.000000,0,0.000000,791604.000000,1.000000,747261860805.000000,2166327.000000
792000,9,216664,0.800000,1.000000,0.673471,1.000000,0.000000,0,0.000000,791994.000000,1.000000,747261860805.000000,2166327.000000
792000,10,216512,0.800000,1.000000,0.664103,1.000000,0.000000,0,0.000000,784909.000000,1.000000,747261860805.000000,2166327.000000
792000,11,216660,0.800000,1.000000,0.641891,1.000000,0.000000,0,0.000000,791986.000000,1.000000,747261860805.000000,2166327.000000
792000,12,216664,0.800000,1.000000,0.755246,1.000000,0.000000,0,0.000000,791999.000000,1.000000,747261860805.000000,2166327.000000
792000,13,216659,0.800000,1.000000,0.499450,1.000000,0.000000,0,0.000000,791802.000000,1.000000,747261860805.000000,2166327.000000
792000,14,216664,0.800000,1.000000,0.604834,1.000000,0.000000,1,639723.000000,792000.000000,1.000000,747261860805.000000,2166327.000000
792000,15,215062,0.800000,1.000000,0.751454,1.000000,0.000000,0,0.000000,786055.000000,1.000000,747261860805.000000,2166327.000000
793000,0,216877,0.800000,1.000000,0.664651,1.000000,0.000000,0,0.000000,790983.000000,1.000000,749100413640.000000,1301375.000000
793000,1,216927,0.800000,1.000000,0.698215,1.000000,0.000000,0,0.000000,792999.000000,1.000000,749100413640.000000,1301375.000000
793000,2,216899,0.800000,1.000000,0.638011,1.000000,0.000000,0,0.000000,792627.000000,1.000000,749100413640.000000,1301375.000000
793000,3,216858,0.800000,1.000000,0.780441,1.000000,0.000000,0,0.000000,780225.000000,1.000000,749100413640.000000,1301375.000000
793000,4,209740,0.800000,1.000000,0.614901,1.000000,0.000000,0,0.000000,766130.000000,1.000000,749100413640.000000,1301375.000000
793000,5,216927,0.800000,1.000000,0.642452,1.000000,0.000000,0,0.000000,792998.000000,1.000000,749100413640.000000,1301375.000000
793000,6,216927,0.800000,1.000000,0.726139,1.000000,0.000000,1,664343.000000,793000.000000,1.000000,749100413640.000000,1301375.000000
793000,7,216928,0.800000,1.000000,0.672371,1.000000,0.000000,0,0.000000,792985.000000,1.000000,749100413640.000000,1301375.000000
793000,8,216928,0.800000,1.000000,0.547797,1.000000,0.000000,0,0.000000,792824.000000,1.000000,749100413640.000000,1301375.000000
793000,9,216921,0.800000,1.000000,0.683064,1.000000,0.000000,0,0.000000,792847.000000,1.000000,749100413640.000000,1301375.000000
793000,10,216906,0.800000,1.000000,0.585572,1.000000,0.000000,0,0.000000,784909.000000,1.000000,749100413640.000000,1301375.000000
793000,11,216928,0.800000,1.000000,0.525234,1.000000,0.000000,0,0.000000,792964.000000,1.000000,749100413640.000000,1301375.000000
793000,12,216926,0.800000,1.000000,0.605467,1.000000,0.000000,0,0.000000,792980.000000,1.000000,749100413640.000000,1301375.000000
793000,13,216923,0.800000,1.000000,0.559638,1.000000,0.000000,0,0.000000,792933.000000,1.000000,749100413640.000000,1301375.000000
793000,14,216925,0.800000,1.000000,0.525577,1.000000,0.000000,0,0.000000,792853.000000,1.000000,749100413640.000000,1301375.000000
793000,15,215370,0.800000,1.000000,0.647885,1.000000,0.000000,0,0.000000,786055.000000,1.000000,749100413640.000000,1301375.000000
794000,0,217206,0.800000,1.000000,0.580069,1.000000,0.000000,0,0.000000,793997.000000,1.000000,750909814327.000000,868830.000000
794000,1,217068,0.800000,1.000000,0.597622,1.000000,0.000000,0,0.000000,793523.000000,1.000000,750909814327.000000,868830.000000
794000,2,217205,0.800000,1.000000,0.660637,1.000000,0.000000,0,0.000000,793985.000000,1.000000,750909814327.000000,868830.000000
794000,3,217184,0.800000,1.000000,0.550677,1.000000,0.000000,0,0.000000,793882.000000,1.000000,750909814327.000000,868830.000000
794000,4,209740,0.800000,1.000000,0.614901,1.000000,0.000000,0,0.000000,766130.000000,1.000000,750909814327.000000,868830.000000
794000,5,217184,0.800000,1.000000,0.688842,1.000000,0.000000,0,0.000000,793908.000000,1.000000,750909814327.000000,868830.000000
794000,6,217138,0.800000,1.000000,0.629714,1.000000,0.000000,0,0.000000,793659.000000,1.000000,750909814327.000000,868830.000000
794000,7,217193,0.800000,1.000000,0.611900,1.000000,0.000000,0,0.000000,793927.000000,1.000000,750909814327.000000,868830.000000
794000,8,217207,0.800000,1.000000,0.738002,1.000000,0.000000,1,661597.000000,794000.000000,1.000000,750909814327.000000,868830.000000
794000,9,217208,0.800000,1.000000,0.723318,1.000000,0.000000,0,0.000000,793995.000000,1.000000,750909814327.000000,868830.000000
794000,10,217143,0.800000,1.000000,0.637511,1.000000,0.000000,0,0.000000,793379.000000,1.000000,750909814327.000000,868830.000000
794000,11,217205,0.800000,1.000000,0.597320,1.000000,0.000000,0,0.000000,793978.000000,1.000000,750909814327.000000,868830.000000
794000,12,217208,0.800000,1.000000,0.793213,1.000000,0.000000,0,0.000000,793999.000000,1.000000,750909814327.000000,868830.000000
794000,13,217196,0.800000,1.000000,0.562581,1.000000,0.000000,0,0.000000,793956.000000,1.000000,750909814327.000000,868830.000000
794000,14,217207,0.800000,1.000000,0.688352,1.000000,0.000000,0,0.000000,793993.000000,1.000000,750909814327.000000,868830.000000
794000,15,215789,0.800000,1.000000,0.733027,1.000000,0.000000,0,0.000000,786055.000000,1.000000,750909814327.000000,868830.000000
795000,0,217392,0.800000,1.000000,0.656816,1.000000,0.000000,0,0.000000,794715.000000,1.000000,752631786973.000000,2174341.000000
795000,1,217289,0.800000,1.000000,0.553127,1.000000,0.000000,0,0.000000,793523.000000,1.000000,752631786973.000000,2174341.000000
795000,2,217471,0.800000,1.000000,0.726545,1.000000,0.000000,0,0.000000,794993.000000,1.000000,752631786973.000000,2174341.000000
795000,3,217472,0.800000,1.000000,0.701446,1.000000,0.000000,0,0.000000,794999.000000,1.000000,752631786973.000000,2174341.000000
795000,4,209740,0.800000,1.000000,0.614901,1.000000,0.000000,0,0.000000,766130.000000,1.000000,752631786973.000000,2174341.000000
795000,5,217456,0.800000,1.000000,0.649200,1.000000,0.000000,0,0.000000,794860.000000,1.000000,752631786973.000000,2174341.000000
795000,6,217462,0.800000,1.000000,0.638060,1.000000,0.000000,0,0.000000,794596.000000,1.000000,752631786973.000000,2174341.000000
795000,7,217442,0.800000,1.000000,0.702860,1.000000,0.000000,0,0.000000,794728.000000,1.000000,752631786973.000000,2174341.000000
795000,8,217452,0.800000,1.000000,0.601170,1.000000,0.000000,0,0.000000,794732.000000,1.000000,752631786973.000000,2174341.000000
795000,9,217472,0.800000,1.000000,0.600552,1.000000,0.000000,0,0.000000,794995.000000,1.000000,752631786973.000000,2174341.000000
795000,10,217468,0.800000,1.000000,0.639250,1.000000,0.000000,0,0.000000,794982.000000,1.000000,752631786973.000000,2174341.000000
795000,11,217471,0.800000,1.000000,0.698061,1.000000,0.000000,0,0.000000,794996.000000,1.000000,752631786973.000000,2174341.000000
795000,12,217472,0.800000,1.000000,0.553109,1.000000,0.000000,0,0.000000,794998.000000,1.000000,752631786973.000000,2174341.000000
795000,13,217397,0.800000,1.000000,0.577795,1.000000,0.000000,0,0.000000,794615.000000,1.000000,752631786973.000000,2174341.000000
795000,14,217472,0.800000,1.000000,0.677759,1.000000,0.000000,1,642166.000000,795000.000000,1.000000,752631786973.000000,2174341.000000
795000,15,216117,0.800000,1.000000,0.712532,1.000000,0.000000,0,0.000000,786055.000000,1.000000,752631786973.000000,2174341.000000
796000,0,217737,0.800000,1.000000,0.714590,1.000000,0.000000,0,0.000000,795992.000000,1.000000,754481468912.000000,2612588.000000
796000,1,217649,0.800000,1.000000,0.669887,1.000000,0.000000,0,0.000000,793523.000000,1.000000,754481468912.000000,2612588.000000
796000,2,217685,0.800000,1.000000,0.588299,1.000000,0.000000,0,0.000000,795803.000000,1.000000,754481468912.000000,2612588.000000
796000,3,217701,0.800000,1.000000,0.662785,1.000000,0.000000,0,0.000000,795541.000000,1.000000,754481468912.000000,2612588.000000
796000,4,209740,0.800000,1.000000,0.614901,1.000000,0.000000,0,0.000000,766130.000000,1.000000,754481468912.000000,2612588.000000
796000,5,217727,0.800000,1.000000,0.581381,1.000000,0.000000,0,0.000000,795894.000000,1.000000,754481468912.000000,2612588.000000
796000,6,217738,0.800000,1.000000,0.646080,1.000000,0.000000,1,666674.000000,796000.000000,1.000000,754481468912.000000,2612588.000000
796000,7,217717,0.800000,1.000000,0.601771,1.000000,0.000000,0,0.000000,795687.000000,1.000000,754481468912.000000,2612588.000000
796000,8,217739,0.800000,1.000000,0.696520,1.000000,0.000000,0,0.000000,795998.000000,1.000000,754481468912.000000,2612588.000000
796000,9,217739,0.800000,1.000000,0.712508,1.000000,0.000000,0,0.000000,795999.000000,1.000000,754481468912.000000,2612588.000000
796000,10,217669,0.800000,1.000000,0.493282,1.000000,0.000000,0,0.000000,795713.000000,1.000000,754481468912.000000,2612588.000000
796000,11,217732,0.800000,1.000000,0.619874,1.000000,0.000000,0,0.000000,795829.000000,1.000000,754481468912.000000,2612588.000000
796000,12,217729,0.800000,1.000000,0.669272,1.000000,0.000000,0,0.000000,795966.000000,1.000000,754481468912.000000,2612588.000000
796000,13,217733,0.800000,1.000000,0.609256,1.000000,0.000000,0,0.000000,795948.000000,1.000000,754481468912.000000,2612588.000000
796000,14,217739,0.800000,1.000000,0.697114,1.000000,0.000000,0,0.000000,795991.000000,1.000000,754481468912.000000,2612588.000000
796000,15,216524,0.800000,1.000000,0.569925,1.000000,0.000000,0,0.000000,786055.000000,1.000000,754481468912.000000,2612588.000000
797000,0,217998,0.800000,1.000000,0.483400,1.000000,0.000000,0,0.000000,796966.000000,1.000000,756273708127.000000,3049565.000000
797000,1,218004,0.800000,1.000000,0.540675,1.000000,0.000000,0,0.000000,796983.000000,1.000000,756273708127.000000,3049565.000000
797000,2,217993,0.800000,1.000000,0.620405,1.000000,0.000000,0,0.000000,796812.000000,1.000000,756273708127.000000,3049565.000000
797000,3,218003,0.800000,1.000000,0.610284,1.000000,0.000000,0,0.000000,796931.000000,1.000000,756273708127.000000,3049565.000000
797000,4,209740,0.800000,1.000000,0.614901,1.000000,0.000000,0,0.000000,766130.000000,1.000000,756273708127.000000,3049565.000000
797000,5,218005,0.800000,1.000000,0.709458,1.000000,0.000000,0,0.000000,796995.000000,1.000000,756273708127.000000,3049565.000000
797000,6,218006,0.800000,1.000000,0.621531,1.000000,0.000000,0,0.000000,796993.000000,1.000000,756273708127.000000,3049565.000000
797000,7,217987,0.800000,1.000000,0.631141,1.000000,0.000000,0,0.000000,796568.000000,1.000000,756273708127.000000,3049565.000000
797000,8,218006,0.800000,1.000000,0.609766,1.000000,0.000000,0,0.000000,796998.000000,1.000000,756273708127.000000,3049565.000000
797000,9,217974,0.800000,1.000000,0.588020,1.000000,0.000000,0,0.000000,796548.000000,1.000000,756273708127.000000,3049565.000000
797000,10,217933,0.800000,1.000000,0.634094,1.000000,0.000000,0,0.000000,796760.000000,1.000000,756273708127.000000,3049565.000000
797000,11,218006,0.800000,1.000000,0.706387,1.000000,0.000000,0,0.000000,796996.000000,1.000000,756273708127.000000,3049565.000000
797000,12,218006,0.800000,1.000000,0.706770,1.000000,0.000000,1,637896.000000,797000.000000,1.000000,756273708127.000000,3049565.000000
797000,13,218007,0.800000,1.000000,0.786345,1.000000,0.000000,0,0.000000,796999.000000,1.000000,756273708127.000000,3049565.000000
797000,14,217929,0.800000,1.000000,0.638892,1.000000,0.000000,0,0.000000,796742.000000,1.000000,756273708127.000000,3049565.000000
797000,15,216816,0.800000,1.000000,0.748454,1.000000,0.000000,0,0.000000,786055.000000,1.000000,756273708127.000000,3049565.000000
798000,0,218271,0.800000,1.000000,0.521150,1.000000,0.000000,0,0.000000,797872.000000,1.000000,758087321296.000000,3036455.000000
798000,1,218277,0.800000,1.000000,0.680049,1.000000,0.000000,0,0.000000,797975.000000,1.000000,758087321296.000000,3036455.000000
798000,2,218277,0.800000,1.000000,0.685585,1.000000,0.000000,0,0.000000,797999.000000,1.000000,758087321296.000000,3036455.000000
798000,3,218227,0.800000,1.000000,0.511658,1.000000,0.000000,0,0.000000,797500.000000,1.000000,758087321296.000000,3036455.000000
798000,4,209946,0.800000,1.000000,0.525759,1.000000,0.000000,0,0.000000,766130.000000,1.000000,758087321296.000000,3036455.000000
798000,5,218272,0.800000,1.000000,0.688876,1.000000,0.000000,0,0.000000,797627.000000,1.000000,758087321296.000000,3036455.000000
798000,6,218277,0.800000,1.000000,0.694668,1.000000,0.000000,1,667751.000000,798000.000000,1.000000,758087321296.000000,3036455.000000
798000,7,218222,0.800000,1.000000,0.615486,1.000000,0.000000,0,0.000000,796568.000000,1.000000,758087321296.000000,3036455.000000
798000,8,218278,0.800000,1.000000,0.688538,1.000000,0.000000,0,0.000000,797994.000000,1.000000,758087321296.000000,3036455.000000
798000,9,218272,0.800000,1.000000,0.546557,1.000000,0.000000,0,0.000000,797980.000000,1.000000,758087321296.000000,3036455.000000
798000,10,218155,0.800000,1.000000,0.667319,1.000000,0.000000,0,0.000000,796760.000000,1.000000,758087321296.000000,3036455.000000
798000,11,218278,0.800000,1.000000,0.628332,1.000000,0.000000,0,0.000000,797998.000000,1.000000,758087321296.000000,3036455.000000
798000,12,218278,0.800000,1.000000,0.746155,1.000000,0.000000,0,0.000000,797997.000000,1.000000,758087321296.000000,3036455.000000
798000,13,218263,0.800000,1.000000,0.601859,1.000000,0.000000,0,0.000000,797932.000000,1.000000,758087321296.000000,3036455.000000
798000,14,218114,0.800000,1.000000,0.695150,1.000000,0.000000,0,0.000000,796742.000000,1.000000,758087321296.000000,3036455.000000
798000,15,217173,0.800000,1.000000,0.747340,1.000000,0.000000,0,0.000000,786055.000000,1.000000,758087321296.000000,3036455.000000
799000,0,218533,0.800000,1.000000,0.633524,1.000000,0.000000,0,0.000000,798988.000000,1.000000,760001882257.000000,874128.000000
799000,1,218522,0.800000,1.000000,0.566990,1.000000,0.000000,0,0.000000,798913.000000,1.000000,760001882257.000000,874128.000000
799000,2,218531,0.800000,1.000000,0.579898,1.000000,0.000000,0,0.000000,798923.000000,1.000000,760001882257.000000,874128.000000
799000,3,218534,0.800000,1.000000,0.604362,1.000000,0.000000,1,641882.000000,799000.000000,1.000000,760001882257.000000,874128.000000
799000,4,210254,0.800000,1.000000,0.749043,1.000000,0.000000,0,0.000000,766130.000000,1.000000,760001882257.000000,874128.000000
799000,5,218533,0.800000,1.000000,0.622361,1.000000,0.000000,0,0.000000,798995.000000,1.000000,760001882257.000000,874128.000000
799000,6,218533,0.800000,1.000000,0.683153,1.000000,0.000000,0,0.000000,798990.000000,1.000000,760001882257.000000,874128.000000
799000,7,218535,0.800000,1.000000,0.746955,1.000000,0.000000,0,0.000000,798998.000000,1.000000,760001882257.000000,874128.000000
799000,8,218535,0.800000,1.000000,0.657806,1.000000,0.000000,0,0.000000,798974.000000,1.000000,760001882257.000000,874128.000000
799000,9,218531,0.800000,1.000000,0.536753,1.000000,0.000000,0,0.000000,798959.000000,1.000000,760001882257.000000,874128.000000
799000,10,218494,0.800000,1.000000,0.690683,1.000000,0.000000,0,0.000000,796760.000000,1.000000,760001882257.000000,874128.000000
799000,11,218385,0.800000,1.000000,0.765628,1.000000,0.000000,0,0.000000,798407.000000,1.000000,760001882257.000000,874128.000000
799000,12,218534,0.800000,1.000000,0.536896,1.000000,0.000000,0,0.000000,798978.000000,1.000000,760001882257.000000,874128.000000
799000,13,218525,0.800000,1.000000,0.654347,1.000000,0.000000,0,0.000000,797932.000000,1.000000,760001882257.000000,874128.000000
799000,14,218452,0.800000,1.000000,0.715600,1.000000,0.000000,0,0.000000,796742.000000,1.000000,760001882257.000000,874128.000000
799000,15,217546,0.800000,1.000000,0.597382,1.000000,0.000000,0,0.000000,786055.000000,1.000000,760001882257.000000,874128.000000
800000,0,218792,0.800000,1.000000,0.674306,1.000000,0.000000,0,0.000000,799930.000000,1.000000,761923319120.000000,435737.000000
800000,1,218797,0.800000,1.000000,0.701269,1.000000,0.000000,0,0.000000,799947.000000,1.000000,761923319120.000000,435737.000000
800000,2,218798,0.800000,1.000000,0.656360,1.000000,0.000000,0,0.000000,799996.000000,1.000000,761923319120.000000,435737.000000
800000,3,218797,0.800000,1.000000,0.620803,1.000000,0.000000,0,0.000000,799989.000000,1.000000,761923319120.000000,435737.000000
800000,4,210563,0.800000,1.000000,0.643887,1.000000,0.000000,0,0.000000,766130.000000,1.000000,761923319120.000000,435737.000000
800000,5,218756,0.800000,1.000000,0.600919,1.000000,0.000000,0,0.000000,799420.000000,1.000000,761923319120.000000,435737.000000
800000,6,218779,0.800000,1.000000,0.646510,1.000000,0.000000,0,0.000000,799874.000000,1.000000,761923319120.000000,435737.000000
800000,7,218798,0.800000,1.000000,0.740858,1.000000,0.000000,1,652769.000000,800000.000000,1.000000,761923319120.000000,435737.000000
800000,8,218799,0.800000,1.000000,0.709309,1.000000,0.000000,0,0.000000,799999.000000,1.000000,761923319120.000000,435737.000000
800000,9,218799,0.800000,1.000000,0.559820,1.000000,0.000000,0,0.000000,799990.000000,1.000000,761923319120.000000,435737.000000
800000,10,218740,0.800000,1.000000,0.469478,1.000000,0.000000,0,0.000000,796760.000000,1.000000,761923319120.000000,435737.000000
800000,11,218759,0.800000,1.000000,0.678111,1.000000,0.000000,0,0.000000,798407.000000,1.000000,761923319120.000000,435737.000000
800000,12,218792,0.800000,1.000000,0.598197,1.000000,0.000000,0,0.000000,799959.000000,1.000000,761923319120.000000,435737.000000
800000,13,218780,0.800000,1.000000,0.597218,1.000000,0.000000,0,0.000000,799832.000000,1.000000,761923319120.000000,435737.000000
800000,14,218764,0.800000,1.000000,0.621623,1.000000,0.000000,0,0.000000,799657.000000,1.000000,761923319120.000000,435737.000000
800000,15,217871,0.800000,1.000000,0.629457,1.000000,0.000000,0,0.000000,786055.000000,1.000000,761923319120.000000,435737.000000
801000,0,219072,0.800000,1.000000,0.689560,1.000000,0.000000,0,0.000000,800991.000000,1.000000,763848402123.000000,1735938.000000
801000,1,219073,0.800000,1.000000,0.646736,1.000000,0.000000,0,0.000000,800999.000000,1.000000,763848402123.000000,1735938.000000
801000,2,219074,0.800000,1.000000,0.656502,1.000000,0.000000,0,0.000000,800984.000000,1.000000,763848402123.000000,1735938.000000
801000,3,219069,0.800000,1.000000,0.611963,1.000000,0.000000,0,0.000000,800905.000000,1.000000,763848402123.000000,1735938.000000
801000,4,210854,0.800000,1.000000,0.637799,1.000000,0.000000,0,0.000000,766130.000000,1.000000,763848402123.000000,1735938.000000
801000,5,219072,0.800000,1.000000,0.700655,1.000000,0.000000,0,0.000000,800973.000000,1.000000,763848402123.000000,1735938.000000
801000,6,219074,0.800000,1.000000,0.681332,1.000000,0.000000,0,0.000000,800993.000000,1.000000,763848402123.000000,1735938.000000
801000,7,219047,0.800000,1.000000,0.592343,1.000000,0.000000,0,0.000000,800818.000000,1.000000,763848402123.000000,1735938.000000
801000,8,219044,0.800000,1.000000,0.782095,1.000000,0.000000,0,0.000000,800295.000000,1.000000,763848402123.000000,1735938.000000
801000,9,219044,0.800000,1.000000,0.468668,1.000000,0.000000,0,0.000000,800805.000000,1.000000,763848402123.000000,1735938.000000
801000,10,219074,0.800000,1.000000,0.705289,1.000000,0.000000,1,651325.000000,801000.000000,1.000000,763848402123.000000,1735938.000000
801000,11,219073,0.800000,1.000000,0.658551,1.000000,0.000000,0,0.000000,800998.000000,1.000000,763848402123.000000,1735938.000000
801000,12,219071,0.800000,1.000000,0.614113,1.000000,0.000000,0,0.000000,800978.000000,1.000000,763848402123.000000,1735938.000000
801000,13,218999,0.800000,1.000000,0.669269,1.000000,0.000000,0,0.000000,800631.000000,1.000000,763848402123.000000,1735938.000000
801000,14,218963,0.800000,1.000000,0.786569,1.000000,0.000000,0,0.000000,800607.000000,1.000000,763848402123.000000,1735938.000000
801000,15,218190,0.800000,1.000000,0.572785,1.000000,0.000000,0,0.000000,786055.000000,1.000000,763848402123.000000,1735938.000000
802000,0,219335,0.800000,1.000000,0.753378,1.000000,0.000000,0,0.000000,801938.000000,1.000000,765794253737.000000,876864.000000
802000,1,219329,0.800000,1.000000,0.516863,1.000000,0.000000,0,0.000000,801827.000000,1.000000,765794253737.000000,876864.000000
802000,2,219346,0.800000,1.000000,0.639107,1.000000,0.000000,0,0.000000,801997.000000,1.000000,765794253737.000000,876864.000000
802000,3,219345,0.800000,1.000000,0.686425,1.000000,0.000000,0,0.000000,801987.000000,1.000000,765794253737.000000,876864.000000
802000,4,211174,0.800000,1.000000,0.599514,1.000000,0.000000,0,0.000000,766130.000000,1.000000,765794253737.000000,876864.000000
802000,5,219347,0.800000,1.000000,0.631409,1.000000,0.000000,0,0.000000,801998.000000,1.000000,765794253737.000000,876864.000000
802000,6,219348,0.800000,1.000000,0.674053,1.000000,0.000000,0,0.000000,801999.000000,1.000000,765794253737.000000,876864.000000
802000,7,219346,0.800000,1.000000,0.572713,1.000000,0.000000,0,0.000000,801971.000000,1.000000,765794253737.000000,876864.000000
802000,8,219346,0.800000,1.000000,0.554712,1.000000,0.000000,0,0.000000,801550.000000,1.000000,765794253737.000000,876864.000000
802000,9,219341,0.800000,1.000000,0.606457,1.000000,0.000000,0,0.000000,801898.000000,1.000000,765794253737.000000,876864.000000
802000,10,219348,0.800000,1.000000,0.634583,1.000000,0.000000,1,652149.000000,802000.000000,1.000000,765794253737.000000,876864.000000
802000,11,219343,0.800000,1.000000,0.678600,1.000000,0.000000,0,0.000000,801973.000000,1.000000,765794253737.000000,876864.000000
802000,12,219336,0.800000,1.000000,0.606468,1.000000,0.000000,0,0.000000,801885.000000,1.000000,765794253737.000000,876864.000000
802000,13,219297,0.800000,1.000000,0.631563,1.000000,0.000000,0,0.000000,800631.000000,1.000000,765794253737.000000,876864.000000
802000,14,219101,0.800000,1.000000,0.663756,1.000000,0.000000,0,0.000000,800607.000000,1.000000,765794253737.000000,876864.000000
802000,15,218563,0.800000,1.000000,0.564706,1.000000,0.000000,0,0.000000,786055.000000,1.000000,765794253737.000000,876864.000000
803000,0,219651,0.800000,1.000000,0.700210,1.000000,0.000000,0,0.000000,802994.000000,1.000000,767934837348.000000,2196431.000000
803000,1,219652,0.800000,1.000000,0.728122,1.000000,0.000000,0,0.000000,802998.000000,1.000000,767934837348.000000,2196431.000000
803000,2,219646,0.800000,1.000000,0.597516,1.000000,0.000000,0,0.000000,802979.000000,1.000000,767934837348.000000,2196431.000000
803000,3,219652,0.800000,1.000000,0.631050,1.000000,0.000000,0,0.000000,802985.000000,1.000000,767934837348.000000,2196431.000000
803000,4,211534,0.800000,1.000000,0.600095,1.000000,0.000000,0,0.000000,766130.000000,1.000000,767934837348.000000,2196431.000000
803000,5,219646,0.800000,1.000000,0.625357,1.000000,0.000000,0,0.000000,802980.000000,1.000000,767934837348.000000,2196431.000000
803000,6,219648,0.800000,1.000000,0.708302,1.000000,0.000000,0,0.000000,802937.000000,1.000000,767934837348.000000,2196431.000000
803000,7,219619,0.800000,1.000000,0.673345,1.000000,0.000000,0,0.000000,802649.000000,1.000000,767934837348.000000,2196431.000000
803000,8,219629,0.800000,1.000000,0.607707,1.000000,0.000000,0,0.000000,802479.000000,1.000000,767934837348.000000,2196431.000000
803000,9,219651,0.800000,1.000000,0.715034,1.000000,0.000000,0,0.000000,802993.000000,1.000000,767934837348.000000,2196431.000000
803000,10,219652,0.800000,1.000000,0.711462,1.000000,0.000000,1,652944.000000,803000.000000,1.000000,767934837348.000000,2196431.000000
803000,11,219649,0.800000,1.000000,0.600161,1.000000,0.000000,0,0.000000,802982.000000,1.000000,767934837348.000000,2196431.000000
803000,12,219643,0.800000,1.000000,0.571045,1.000000,0.000000,0,0.000000,802915.000000,1.000000,767934837348.000000,2196431.000000
803000,13,219653,0.800000,1.000000,0.752107,1.000000,0.000000,0,0.000000,802997.000000,1.000000,767934837348.000000,2196431.000000
803000,14,219316,0.800000,1.000000,0.726754,1.000000,0.000000,0,0.000000,800607.000000,1.000000,767934837348.000000,2196431.000000
803000,15,218895,0.800000,1.000000,0.557203,1.000000,0.000000,0,0.000000,786055.000000,1.000000,767934837348.000000,2196431.000000
804000,0,219892,0.800000,1.000000,0.653452,1.000000,0.000000,0,0.000000,803994.000000,1.000000,769639653550.000000,2638052.000000
804000,1,219893,0.800000,1.000000,0.731110,1.000000,0.000000,0,0.000000,803999.000000,1.000000,769639653550.000000,2638052.000000
804000,2,219888,0.800000,1.000000,0.616110,1.000000,0.000000,0,0.000000,803949.000000,1.000000,769639653550.000000,2638052.000000
804000,3,219867,0.800000,1.000000,0.524833,1.000000,0.000000,0,0.000000,803828.000000,1.000000,769639653550.000000,2638052.000000
804000,4,211909,0.800000,1.000000,0.662796,1.000000,0.000000,0,0.000000,766130.000000,1.000000,769639653550.000000,2638052.000000
804000,5,219892,0.800000,1.000000,0.478668,1.000000,0.000000,0,0.000000,803930.000000,1.000000,769639653550.000000,2638052.000000
804000,6,219894,0.800000,1.000000,0.631031,1.000000,0.000000,1,672619.000000,804000.000000,1.000000,769639653550.000000,2638052.000000
804000,7,219894,0.800000,1.000000,0.620469,1.000000,0.000000,0,0.000000,803989.000000,1.000000,769639653550.000000,2638052.000000
804000,8,219885,0.800000,1.000000,0.508366,1.000000,0.000000,0,0.000000,803847.000000,1.000000,769639653550.000000,2638052.000000
804000,9,219891,0.800000,1.000000,0.720397,1.000000,0.000000,0,0.000000,803983.000000,1.000000,769639653550.000000,2638052.000000
804000,10,219895,0.800000,1.000000,0.662576,1.000000,0.000000,0,0.000000,803997.000000,1.000000,769639653550.000000,2638052.000000
804000,11,219649,0.800000,1.000000,0.600161,1.000000,0.000000,0,0.000000,802982.000000,1.000000,769639653550.000000,2638052.000000
804000,12,219869,0.800000,1.000000,0.548966,1.000000,0.000000,0,0.000000,803805.000000,1.000000,769639653550.000000,2638052.000000
804000,13,219862,0.800000,1.000000,0.678918,1.000000,0.000000,0,0.000000,803176.000000,1.000000,769639653550.000000,2638052.000000
804000,14,219575,0.800000,1.000000,0.716567,1.000000,0.000000,0,0.000000,800607.000000,1.000000,769639653550.000000,2638052.000000
804000,15,219275,0.800000,1.000000,0.632704,1.000000,0.000000,0,0.000000,786055.000000,1.000000,769639653550.000000,2638052.000000
805000,0,220131,0.800000,1.000000,0.583674,1.000000,0.000000,1,646612.000000,805000.000000,1.000000,771421524039.000000,2200659.000000
805000,1,220112,0.800000,1.000000,0.601508,1.000000,0.000000,0,0.000000,804782.000000,1.000000,771421524039.000000,2200659.000000
805000,2,220132,0.800000,1.000000,0.550430,1.000000,0.000000,0,0.000000,804996.000000,1.000000,771421524039.000000,2200659.000000
805000,3,220117,0.800000,1.000000,0.708447,1.000000,0.000000,0,0.000000,804540.000000,1.000000,771421524039.000000,2200659.000000
805000,4,212239,0.800000,1.000000,0.520358,1.000000,0.000000,0,0.000000,766130.000000,1.000000,771421524039.000000,2200659.000000
805000,5,220131,0.800000,1.000000,0.552190,1.000000,0.000000,0,0.000000,804972.000000,1.000000,771421524039.000000,2200659.000000
805000,6,220131,0.800000,1.000000,0.692244,1.000000,0.000000,0,0.000000,804724.000000,1.000000,771421524039.000000,2200659.000000
805000,7,220131,0.800000,1.000000,0.731236,1.000000,0.000000,0,0.000000,804990.000000,1.000000,771421524039.000000,2200659.000000
805000,8,220086,0.800000,1.000000,0.568908,1.000000,0.000000,0,0.000000,804683.000000,1.000000,771421524039.000000,2200659.000000
805000,9,220128,0.800000,1.000000,0.477892,1.000000,0.000000,0,0.000000,804896.000000,1.000000,771421524039.000000,2200659.000000
805000,10,220131,0.800000,1.000000,0.645783,1.000000,0.000000,0,0.000000,804999.000000,1.000000,771421524039.000000,2200659.000000
805000,11,219821,0.800000,1.000000,0.609862,1.000000,0.000000,0,0.000000,802982.000000,1.000000,771421524039.000000,2200659.000000
805000,12,220125,0.800000,1.000000,0.638701,1.000000,0.000000,0,0.000000,804951.000000,1.000000,771421524039.000000,2200659.000000
805000,13,220131,0.800000,1.000000,0.629941,1.000000,0.000000,0,0.000000,804770.000000,1.000000,771421524039.000000,2200659.000000
805000,14,219932,0.800000,1.000000,0.534264,1.000000,0.000000,0,0.000000,800607.000000,1.000000,771421524039.000000,2200659.000000
805000,15,219615,0.800000,1.000000,0.625509,1.000000,0.000000,0,0.000000,786055.000000,1.000000,771421524039.000000,2200659.000000
806000,0,220366,0.800000,1.000000,0.737709,1.000000,0.000000,0,0.000000,805999.000000,1.000000,773232042916.000000,2186893.000000
806000,1,220285,0.800000,1.000000,0.705438,1.000000,0.000000,0,0.000000,805230.000000,1.000000,773232042916.000000,2186893.000000
806000,2,220346,0.800000,1.000000,0.580853,1.000000,0.000000,0,0.000000,805698.000000,1.000000,773232042916.000000,2186893.000000
806000,3,220365,0.800000,1.000000,0.655063,1.000000,0.000000,0,0.000000,805987.000000,1.000000,773232042916.000000,2186893.000000
806000,4,212616,0.800000,1.000000,0.655646,1.000000,0.000000,0,0.000000,766130.000000,1.000000,773232042916.000000,2186893.000000
806000,5,220350,0.800000,1.000000,0.560269,1.000000,0.000000,0,0.000000,805061.000000,1.000000,773232042916.000000,2186893.000000
806000,6,220366,0.800000,1.000000,0.580192,1.000000,0.000000,0,0.000000,805994.000000,1.000000,773232042916.000000,2186893.000000
806000,7,220362,0.800000,1.000000,0.682500,1.000000,0.000000,0,0.000000,805950.000000,1.000000,773232042916.000000,2186893.000000
806000,8,220366,0.800000,1.000000,0.701943,1.000000,0.000000,0,0.000000,805997.000000,1.000000,773232042916.000000,2186893.000000
806000,9,220366,0.800000,1.000000,0.554566,1.000000,0.000000,0,0.000000,805986.000000,1.000000,773232042916.000000,2186893.000000
806000,10,220366,0.800000,1.000000,0.715863,1.000000,0.000000,0,0.000000,805998.000000,1.000000,773232042916.000000,2186893.000000
806000,11,220141,0.800000,1.000000,0.686808,1.000000,0.000000,0,0.000000,802982.000000,1.000000,773232042916.000000,2186893.000000
806000,12,220367,0.800000,1.000000,0.642880,1.000000,0.000000,1,644152.000000,806000.000000,1.000000,773232042916.000000,2186893.000000
806000,13,220362,0.800000,1.000000,0.604958,1.000000,0.000000,0,0.000000,805967.000000,1.000000,773232042916.000000,2186893.000000
806000,14,220234,0.800000,1.000000,0.683328,1.000000,0.000000,0,0.000000,800607.000000,1.000000,773232042916.000000,2186893.000000
806000,15,219960,0.800000,1.000000,0.648077,1.000000,0.000000,0,0.000000,786055.000000,1.000000,773232042916.000000,2186893.000000
807000,0,220619,0.800000,1.000000,0.597269,1.000000,0.000000,0,0.000000,806955.000000,1.000000,775248471988.000000,3073325.000000
807000,1,220612,0.800000,1.000000,0.618617,1.000000,0.000000,0,0.000000,805230.000000,1.000000,775248471988.000000,3073325.000000
807000,2,220591,0.800000,1.000000,0.591476,1.000000,0.000000,0,0.000000,806836.000000,1.000000,775248471988.000000,3073325.000000
807000,3,220618,0.800000,1.000000,0.447032,1.000000,0.000000,0,0.000000,806937.000000,1.000000,775248471988.000000,3073325.000000
807000,4,213028,0.800000,1.000000,0.641992,1.000000,0.000000,0,0.000000,766130.000000,1.000000,775248471988.000000,3073325.000000
807000,5,220627,0.800000,1.000000,0.642302,1.000000,0.000000,0,0.000000,806996.000000,1.000000,775248471988.000000,3073325.000000
807000,6,220583,0.800000,1.000000,0.571023,1.000000,0.000000,0,0.000000,806478.000000,1.000000,775248471988.000000,3073325.000000
807000,7,220627,0.800000,1.000000,0.632862,1.000000,0.000000,0,0.000000,806997.000000,1.000000,775248471988.000000,3073325.000000
807000,8,220628,0.800000,1.000000,0.699287,1.000000,0.000000,0,0.000000,806999.000000,1.000000,775248471988.000000,3073325.000000
807000,9,220628,0.800000,1.000000,0.594795,1.000000,0.000000,0,0.000000,806995.000000,1.000000,775248471988.000000,3073325.000000
807000,10,220628,0.800000,1.000000,0.612250,1.000000,0.000000,1,655705.000000,807000.000000,1.000000,775248471988.000000,3073325.000000
807000,11,220475,0.800000,1.000000,0.576003,1.000000,0.000000,0,0.000000,802982.000000,1.000000,775248471988.000000,3073325.000000
807000,12,220627,0.800000,1.000000,0.647195,1.000000,0.000000,0,0.000000,806989.000000,1.000000,775248471988.000000,3073325.000000
807000,13,220616,0.800000,1.000000,0.658870,1.000000,0.000000,0,0.000000,806809.000000,1.000000,775248471988.000000,3073325.000000
807000,14,220556,0.800000,1.000000,0.595839,1.000000,0.000000,0,0.000000,800607.000000,1.000000,775248471988.000000,3073325.000000
807000,15,220343,0.800000,1.000000,0.591961,1.000000,0.000000,0,0.000000,786055.000000,1.000000,775248471988.000000,3073325.000000
808000,0,220895,0.800000,1.000000,0.623223,1.000000,0.000000,0,0.000000,807987.000000,1.000000,777212764471.000000,1767146.000000
808000,1,220845,0.800000,1.000000,0.614468,1.000000,0.000000,0,0.000000,807331.000000,1.000000,777212764471.000000,1767146.000000
808000,2,220897,0.800000,1.000000,0.639882,1.000000,0.000000,0,0.000000,807994.000000,1.000000,777212764471.000000,1767146.000000
808000,3,220894,0.800000,1.000000,0.687560,1.000000,0.000000,0,0.000000,807959.000000,1.000000,777212764471.000000,1767146.000000
808000,4,213240,0.800000,1.000000,0.453983,1.000000,0.000000,0,0.000000,766130.000000,1.000000,777212764471.000000,1767146.000000
808000,5,220886,0.800000,1.000000,0.656060,1.000000,0.000000,0,0.000000,807683.000000,1.000000,777212764471.000000,1767146.000000
808000,6,220897,0.800000,1.000000,0.676610,1.000000,0.000000,0,0.000000,807997.000000,1.000000,777212764471.000000,1767146.000000
808000,7,220897,0.800000,1.000000,0.673924,1.000000,0.000000,0,0.000000,807998.000000,1.000000,777212764471.000000,1767146.000000
808000,8,220873,0.800000,1.000000,0.641388,1.000000,0.000000,0,0.000000,807907.000000,1.000000,777212764471.000000,1767146.000000
808000,9,220895,0.800000,1.000000,0.641523,1.000000,0.000000,0,0.000000,807967.000000,1.000000,777212764471.000000,1767146.000000
808000,10,220897,0.800000,1.000000,0.730973,1.000000,0.000000,0,0.000000,807999.000000,1.000000,777212764471.000000,1767146.000000
808000,11,220789,0.800000,1.000000,0.699756,1.000000,0.000000,0,0.000000,802982.000000,1.000000,777212764471.000000,1767146.000000
808000,12,220892,0.800000,1.000000,0.584808,1.000000,0.000000,0,0.000000,807943.000000,1.000000,777212764471.000000,1767146.000000
808000,13,220863,0.800000,1.000000,0.728056,1.000000,0.000000,0,0.000000,807868.000000,1.000000,777212764471.000000,1767146.000000
808000,14,220897,0.800000,1.000000,0.673379,1.000000,0.000000,1,654517.000000,808000.000000,1.000000,777212764471.000000,1767146.000000
808000,15,220706,0.800000,1.000000,0.701353,1.000000,0.000000,0,0.000000,786055.000000,1.000000,777212764471.000000,1767146.000000
809000,0,221155,0.800000,1.000000,0.630223,1.000000,0.000000,0,0.000000,808324.000000,1.000000,779210250898.000000,884564.000000
809000,1,221153,0.800000,1.000000,0.495003,1.000000,0.000000,0,0.000000,808875.000000,1.000000,779210250898.000000,884564.000000
809000,2,221080,0.800000,1.000000,0.690487,1.000000,0.000000,0,0.000000,808138.000000,1.000000,779210250898.000000,884564.000000
809000,3,221167,0.800000,1.000000,0.722437,1.000000,0.000000,0,0.000000,808997.000000,1.000000,779210250898.000000,884564.000000
809000,4,213586,0.800000,1.000000,0.719531,1.000000,0.000000,0,0.000000,766130.000000,1.000000,779210250898.000000,884564.000000
809000,5,221165,0.800000,1.000000,0.611374,1.000000,0.000000,0,0.000000,808991.000000,1.000000,779210250898.000000,884564.000000
809000,6,221120,0.800000,1.000000,0.590096,1.000000,0.000000,0,0.000000,808711.000000,1.000000,779210250898.000000,884564.000000
809000,7,221145,0.800000,1.000000,0.579814,1.000000,0.000000,0,0.000000,808917.000000,1.000000,779210250898.000000,884564.000000
809000,8,221163,0.800000,1.000000,0.601866,1.000000,0.000000,0,0.000000,808979.000000,1.000000,779210250898.000000,884564.000000
809000,9,221167,0.800000,1.000000,0.696844,1.000000,0.000000,0,0.000000,808999.000000,1.000000,779210250898.000000,884564.000000
809000,10,221162,0.800000,1.000000,0.459517,1.000000,0.000000,0,0.000000,808945.000000,1.000000,779210250898.000000,884564.000000
809000,11,221107,0.800000,1.000000,0.628036,1.000000,0.000000,0,0.000000,802982.000000,1.000000,779210250898.000000,884564.000000
809000,12,221168,0.800000,1.000000,0.764423,1.000000,0.000000,0,0.000000,808912.000000,1.000000,779210250898.000000,884564.000000
809000,13,221168,0.800000,1.000000,0.775725,1.000000,0.000000,1,644452.000000,809000.000000,1.000000,779210250898.000000,884564.000000
809000,14,221167,0.800000,1.000000,0.582113,1.000000,0.000000,0,0.000000,808993.000000,1.000000,779210250898.000000,884564.000000
809000,15,221121,0.800000,1.000000,0.639020,1.000000,0.000000,0,0.000000,786055.000000,1.000000,779210250898.000000,884564.000000
810000,0,221443,0.800000,1.000000,0.664674,1.000000,0.000000,0,0.000000,809998.000000,1.000000,781235545813.000000,1771540.000000
810000,1,221444,0.800000,1.000000,0.738969,1.000000,0.000000,0,0.000000,809999.000000,1.000000,781235545813.000000,1771540.000000
810000,2,221396,0.800000,1.000000,0.717753,1.000000,0.000000,0,0.000000,808138.000000,1.000000,781235545813.000000,1771540.000000
810000,3,221441,0.800000,1.000000,0.648981,1.000000,0.000000,0,0.000000,809975.000000,1.000000,781235545813.000000,1771540.000000
810000,4,213846,0.800000,1.000000,0.586334,1.000000,0.000000,0,0.000000,766130.000000,1.000000,781235545813.000000,1771540.000000
810000,5,221442,0.800000,1.000000,0.592691,1.000000,0.000000,0,0.000000,809825.000000,1.000000,781235545813.000000,1771540.000000
810000,6,221444,0.800000,1.000000,0.728946,1.000000,0.000000,1,677366.000000,810000.000000,1.000000,781235545813.000000,1771540.000000
810000,7,221444,0.800000,1.000000,0.659281,1.000000,0.000000,0,0.000000,809988.000000,1.000000,781235545813.000000,1771540.000000
810000,8,221421,0.800000,1.000000,0.699256,1.000000,0.000000,0,0.000000,809028.000000,1.000000,781235545813.000000,1771540.000000
810000,9,221443,0.800000,1.000000,0.638326,1.000000,0.000000,0,0.000000,809992.000000,1.000000,781235545813.000000,1771540.000000
810000,10,221424,0.800000,1.000000,0.649560,1.000000,0.000000,0,0.000000,809874.000000,1.000000,781235545813.000000,1771540.000000
810000,11,221420,0.800000,1.000000,0.592546,1.000000,0.000000,0,0.000000,809880.000000,1.000000,781235545813.000000,1771540.000000
810000,12,221443,0.800000,1.000000,0.728286,1.000000,0.000000,0,0.000000,809980.000000,1.000000,781235545813.000000,1771540.000000
810000,13,221442,0.800000,1.000000,0.662487,1.000000,0.000000,0,0.000000,809886.000000,1.000000,781235545813.000000,1771540.000000
810000,14,221444,0.800000,1.000000,0.561506,1.000000,0.000000,0,0.000000,809993.000000,1.000000,781235545813.000000,1771540.000000
810000,15,221442,0.800000,1.000000,0.659611,1.000000,0.000000,0,0.000000,809936.000000,1.000000,781235545813.000000,1771540.000000
811000,0,221730,0.800000,1.000000,0.708333,1.000000,0.000000,0,0.000000,810999.000000,1.000000,783208752406.000000,2660716.000000
811000,1,221730,0.800000,1.000000,0.729231,1.000000,0.000000,0,0.000000,810988.000000,1.000000,783208752406.000000,2660716.000000
811000,2,221676,0.800000,1.000000,0.605681,1.000000,0.000000,0,0.000000,810728.000000,1.000000,783208752406.000000,2660716.000000
811000,3,221725,0.800000,1.000000,0.682163,1.000000,0.000000,0,0.000000,810894.000000,1.000000,783208752406.000000,2660716.000000
811000,4,214031,0.800000,1.000000,0.713470,1.000000,0.000000,0,0.000000,766130.000000,1.000000,783208752406.000000,2660716.000000
811000,5,221729,0.800000,1.000000,0.736088,1.000000,0.000000,0,0.000000,810996.000000,1.000000,783208752406.000000,2660716.000000
811000,6,221715,0.800000,1.000000,0.648935,1.000000,0.000000,0,0.000000,810511.000000,1.000000,783208752406.000000,2660716.000000
811000,7,221730,0.800000,1.000000,0.587064,1.000000,0.000000,0,0.000000,810997.000000,1.000000,783208752406.000000,2660716.000000
811000,8,221729,0.800000,1.000000,0.715404,1.000000,0.000000,0,0.000000,810994.000000,1.000000,783208752406.000000,2660716.000000
811000,9,221718,0.800000,1.000000,0.706957,1.000000,0.000000,0,0.000000,810854.000000,1.000000,783208752406.000000,2660716.000000
811000,10,221727,0.800000,1.000000,0.632379,1.000000,0.000000,0,0.000000,810956.000000,1.000000,783208752406.000000,2660716.000000
811000,11,221729,0.800000,1.000000,0.543757,1.000000,0.000000,0,0.000000,810974.000000,1.000000,783208752406.000000,2660716.000000
811000,12,221730,0.800000,1.000000,0.652806,1.000000,0.000000,1,647732.000000,811000.000000,1.000000,783208752406.000000,2660716.000000
811000,13,221695,0.800000,1.000000,0.640496,1.000000,0.000000,0,0.000000,810784.000000,1.000000,783208752406.000000,2660716.000000
811000,14,221717,0.800000,1.000000,0.702274,1.000000,0.000000,0,0.000000,810804.000000,1.000000,783208752406.000000,2660716.000000
811000,15,221727,0.800000,1.000000,0.731195,1.000000,0.000000,0,0.000000,810473.000000,1.000000,783208752406.000000,2660716.000000
812000,0,222011,0.800000,1.000000,0.631070,1.000000,0.000000,1,651821.000000,812000.000000,1.000000,785179659955.000000,888000.000000
812000,1,221985,0.800000,1.000000,0.700085,1.000000,0.000000,0,0.000000,811081.000000,1.000000,785179659955.000000,888000.000000
812000,2,221964,0.800000,1.000000,0.681970,1.000000,0.000000,0,0.000000,810728.000000,1.000000,785179659955.000000,888000.000000
812000,3,221999,0.800000,1.000000,0.589607,1.000000,0.000000,0,0.000000,811867.000000,1.000000,785179659955.000000,888000.000000
812000,4,214355,0.800000,1.000000,0.649926,1.000000,0.000000,0,0.000000,766130.000000,1.000000,785179659955.000000,888000.000000
812000,5,222011,0.800000,1.000000,0.604005,1.000000,0.000000,0,0.000000,811990.000000,1.000000,785179659955.000000,888000.000000
812000,6,221917,0.800000,1.000000,0.424717,1.000000,0.000000,0,0.000000,811549.000000,1.000000,785179659955.000000,888000.000000
812000,7,222004,0.800000,1.000000,0.595913,1.000000,0.000000,0,0.000000,811971.000000,1.000000,785179659955.000000,888000.000000
812000,8,222011,0.800000,1.000000,0.580355,1.000000,0.000000,0,0.000000,811999.000000,1.000000,785179659955.000000,888000.000000
812000,9,222010,0.800000,1.000000,0.799594,1.000000,0.000000,0,0.000000,811988.000000,1.000000,785179659955.000000,888000.000000
812000,10,222011,0.800000,1.000000,0.530293,1.000000,0.000000,0,0.000000,811995.000000,1.000000,785179659955.000000,888000.000000
812000,11,222011,0.800000,1.000000,0.583805,1.000000,0.000000,0,0.000000,811998.000000,1.000000,785179659955.000000,888000.000000
812000,12,221977,0.800000,1.000000,0.683445,1.000000,0.000000,0,0.000000,811857.000000,1.000000,785179659955.000000,888000.000000
812000,13,222012,0.800000,1.000000,0.630522,1.000000,0.000000,0,0.000000,811997.000000,1.000000,785179659955.000000,888000.000000
812000,14,222002,0.800000,1.000000,0.677585,1.000000,0.000000,0,0.000000,811774.000000,1.000000,785179659955.000000,888000.000000
812000,15,222011,0.800000,1.000000,0.578598,1.000000,0.000000,0,0.000000,811994.000000,1.000000,785179659955.000000,888000.000000
813000,0,222295,0.800000,1.000000,0.657621,1.000000,0.000000,0,0.000000,812961.000000,1.000000,787183808266.000000,3541324.000000
813000,1,222293,0.800000,1.000000,0.614079,1.000000,0.000000,0,0.000000,812310.000000,1.000000,787183808266.000000,3541324.000000
813000,2,222204,0.800000,1.000000,0.651645,1.000000,0.000000,0,0.000000,810728.000000,1.000000,787183808266.000000,3541324.000000
813000,3,222283,0.800000,1.000000,0.585634,1.000000,0.000000,0,0.000000,812841.000000,1.000000,787183808266.000000,3541324.000000
813000,4,214703,0.800000,1.000000,0.748702,1.000000,0.000000,0,0.000000,766130.000000,1.000000,787183808266.000000,3541324.000000
813000,5,222294,0.800000,1.000000,0.693633,1.000000,0.000000,0,0.000000,812996.000000,1.000000,787183808266.000000,3541324.000000
813000,6,222276,0.800000,1.000000,0.670254,1.000000,0.000000,0,0.000000,811549.000000,1.000000,787183808266.000000,3541324.000000
813000,7,222293,0.800000,1.000000,0.696099,1.000000,0.000000,0,0.000000,812994.000000,1.000000,787183808266.000000,3541324.000000
813000,8,222292,0.800000,1.000000,0.673300,1.000000,0.000000,0,0.000000,812991.000000,1.000000,787183808266.000000,3541324.000000
813000,9,222182,0.800000,1.000000,0.725802,1.000000,0.000000,0,0.000000,812585.000000,1.000000,787183808266.000000,3541324.000000
813000,10,222295,0.800000,1.000000,0.669183,1.000000,0.000000,0,0.000000,812999.000000,1.000000,787183808266.000000,3541324.000000
813000,11,222293,0.800000,1.000000,0.628700,1.000000,0.000000,0,0.000000,812993.000000,1.000000,787183808266.000000,3541324.000000
813000,12,222229,0.800000,1.000000,0.692716,1.000000,0.000000,0,0.000000,812295.000000,1.000000,787183808266.000000,3541324.000000
813000,13,222295,0.800000,1.000000,0.653245,1.000000,0.000000,0,0.000000,812998.000000,1.000000,787183808266.000000,3541324.000000
813000,14,222295,0.800000,1.000000,0.708369,1.000000,0.000000,1,658584.000000,813000.000000,1.000000,787183808266.000000,3541324.000000
813000,15,222292,0.800000,1.000000,0.595049,1.000000,0.000000,0,0.000000,812923.000000,1.000000,787183808266.000000,3541324.000000
814000,0,222591,0.800000,1.000000,0.635070,1.000000,0.000000,0,0.000000,813968.000000,1.000000,789257591898.000000,1780712.000000
814000,1,222596,0.800000,1.000000,0.819830,1.000000,0.000000,0,0.000000,813996.000000,1.000000,789257591898.000000,1780712.000000
814000,2,222586,0.800000,1.000000,0.542618,1.000000,0.000000,0,0.000000,813930.000000,1.000000,789257591898.000000,1780712.000000
814000,3,222573,0.800000,1.000000,0.670969,1.000000,0.000000,0,0.000000,813710.000000,1.000000,789257591898.000000,1780712.000000
814000,4,215069,0.800000,1.000000,0.698457,1.000000,0.000000,0,0.000000,766130.000000,1.000000,789257591898.000000,1780712.000000
814000,5,222596,0.800000,1.000000,0.610619,1.000000,0.000000,0,0.000000,813994.000000,1.000000,789257591898.000000,1780712.000000
814000,6,222596,0.800000,1.000000,0.757311,1.000000,0.000000,0,0.000000,813998.000000,1.000000,789257591898.000000,1780712.000000
814000,7,222596,0.800000,1.000000,0.577388,1.000000,0.000000,0,0.000000,813999.000000,1.000000,789257591898.000000,1780712.000000
814000,8,222586,0.800000,1.000000,0.736944,1.000000,0.000000,0,0.000000,813905.000000,1.000000,789257591898.000000,1780712.000000
814000,9,222182,0.800000,1.000000,0.725802,1.000000,0.000000,0,0.000000,812585.000000,1.000000,789257591898.000000,1780712.000000
814000,10,222589,0.800000,1.000000,0.652712,1.000000,0.000000,0,0.000000,813853.000000,1.000000,789257591898.000000,1780712.000000
814000,11,222594,0.800000,1.000000,0.539466,1.000000,0.000000,0,0.000000,813922.000000,1.000000,789257591898.000000,1780712.000000
814000,12,222555,0.800000,1.000000,0.679013,1.000000,0.000000,0,0.000000,812295.000000,1.000000,789257591898.000000,1780712.000000
814000,13,222590,0.800000,1.000000,0.658084,1.000000,0.000000,0,0.000000,813976.000000,1.000000,789257591898.000000,1780712.000000
814000,14,222596,0.800000,1.000000,0.489792,1.000000,0.000000,1,659384.000000,814000.000000,1.000000,789257591898.000000,1780712.000000
814000,15,222593,0.800000,1.000000,0.681163,1.000000,0.000000,0,0.000000,813979.000000,1.000000,789257591898.000000,1780712.000000
815000,0,222883,0.800000,1.000000,0.654007,1.000000,0.000000,0,0.000000,814993.000000,1.000000,791206239118.000000,3105257.000000
815000,1,222884,0.800000,1.000000,0.655775,1.000000,0.000000,0,0.000000,814995.000000,1.000000,791206239118.000000,3105257.000000
815000,2,222885,0.800000,1.000000,0.603272,1.000000,0.000000,0,0.000000,814997.000000,1.000000,791206239118.000000,3105257.000000
815000,3,222884,0.800000,1.000000,0.626612,1.000000,0.000000,0,0.000000,814999.000000,1.000000,791206239118.000000,3105257.000000
815000,4,215474,0.800000,1.000000,0.539516,1.000000,0.000000,0,0.000000,766130.000000,1.000000,791206239118.000000,3105257.000000
815000,5,222885,0.800000,1.000000,0.626828,1.000000,0.000000,0,0.000000,814992.000000,1.000000,791206239118.000000,3105257.000000
815000,6,222883,0.800000,1.000000,0.505832,1.000000,0.000000,0,0.000000,814986.000000,1.000000,791206239118.000000,3105257.000000
815000,7,222839,0.800000,1.000000,0.685803,1.000000,0.000000,0,0.000000,814660.000000,1.000000,791206239118.000000,3105257.000000
815000,8,222885,0.800000,1.000000,0.631343,1.000000,0.000000,0,0.000000,814894.000000,1.000000,791206239118.000000,3105257.000000
815000,9,222182,0.800000,1.000000,0.725802,1.000000,0.000000,0,0.000000,812585.000000,1.000000,791206239118.000000,3105257.000000
815000,10,222885,0.800000,1.000000,0.658990,1.000000,0.000000,1,661811.000000,815000.000000,1.000000,791206239118.000000,3105257.000000
815000,11,222878,0.800000,1.000000,0.506085,1.000000,0.000000,0,0.000000,814942.000000,1.000000,791206239118.000000,3105257.000000
815000,12,222807,0.800000,1.000000,0.512750,1.000000,0.000000,0,0.000000,812295.000000,1.000000,791206239118.000000,3105257.000000
815000,13,222880,0.800000,1.000000,0.579647,1.000000,0.000000,0,0.000000,814970.000000,1.000000,791206239118.000000,3105257.000000
815000,14,222885,0.800000,1.000000,0.592395,1.000000,0.000000,0,0.000000,814963.000000,1.000000,791206239118.000000,3105257.000000
815000,15,222857,0.800000,1.000000,0.609974,1.000000,0.000000,0,0.000000,814676.000000,1.000000,791206239118.000000,3105257.000000
816000,0,223164,0.800000,1.000000,0.673586,1.000000,0.000000,0,0.000000,815999.000000,1.000000,793111672278.000000,892660.000000
816000,1,223162,0.800000,1.000000,0.523901,1.000000,0.000000,0,0.000000,815984.000000,1.000000,793111672278.000000,892660.000000
816000,2,223165,0.800000,1.000000,0.687994,1.000000,0.000000,0,0.000000,815977.000000,1.000000,793111672278.000000,892660.000000
816000,3,223165,0.800000,1.000000,0.626712,1.000000,0.000000,0,0.000000,815995.000000,1.000000,793111672278.000000,892660.000000
816000,4,215776,0.800000,1.000000,0.647994,1.000000,0.000000,0,0.000000,766130.000000,1.000000,793111672278.000000,892660.000000
816000,5,223160,0.800000,1.000000,0.618918,1.000000,0.000000,0,0.000000,815971.000000,1.000000,793111672278.000000,892660.000000
816000,6,223164,0.800000,1.000000,0.723438,1.000000,0.000000,0,0.000000,815996.000000,1.000000,793111672278.000000,892660.000000
816000,7,223165,0.800000,1.000000,0.645278,1.000000,0.000000,1,664060.000000,816000.000000,1.000000,793111672278.000000,892660.000000
816000,8,223129,0.800000,1.000000,0.709111,1.000000,0.000000,0,0.000000,815749.000000,1.000000,793111672278.000000,892660.000000
816000,9,222182,0.800000,1.000000,0.725802,1.000000,0.000000,0,0.000000,812585.000000,1.000000,793111672278.000000,892660.000000
816000,10,223165,0.800000,1.000000,0.594271,1.000000,0.000000,0,0.000000,815993.000000,1.000000,793111672278.000000,892660.000000
816000,11,223164,0.800000,1.000000,0.654224,1.000000,0.000000,0,0.000000,815985.000000,1.000000,793111672278.000000,892660.000000
816000,12,223162,0.800000,1.000000,0.496093,1.000000,0.000000,0,0.000000,815968.000000,1.000000,793111672278.000000,892660.000000
816000,13,223113,0.800000,1.000000,0.543591,1.000000,0.000000,0,0.000000,815773.000000,1.000000,793111672278.000000,892660.000000
816000,14,223166,0.800000,1.000000,0.602179,1.000000,0.000000,0,0.000000,815997.000000,1.000000,793111672278.000000,892660.000000
816000,15,223156,0.800000,1.000000,0.645020,1.000000,0.000000,0,0.000000,815929.000000,1.000000,793111672278.000000,892660.000000
817000,0,223431,0.800000,1.000000,0.600980,1.000000,0.000000,0,0.000000,816995.000000,1.000000,794836577284.000000,1340583.000000
817000,1,223416,0.800000,1.000000,0.729164,1.000000,0.000000,0,0.000000,816787.000000,1.000000,794836577284.000000,1340583.000000
817000,2,223410,0.800000,1.000000,0.743253,1.000000,0.000000,0,0.000000,816810.000000,1.000000,794836577284.000000,1340583.000000
817000,3,223430,0.800000,1.000000,0.690235,1.000000,0.000000,0,0.000000,816996.000000,1.000000,794836577284.000000,1340583.000000
817000,4,216002,0.800000,1.000000,0.607597,1.000000,0.000000,0,0.000000,766130.000000,1.000000,794836577284.000000,1340583.000000
817000,5,223431,0.800000,1.000000,0.638570,1.000000,0.000000,0,0.000000,816982.000000,1.000000,794836577284.000000,1340583.000000
817000,6,223431,0.800000,1.000000,0.565044,1.000000,0.000000,0,0.000000,816993.000000,1.000000,794836577284.000000,1340583.000000
817000,7,223338,0.800000,1.000000,0.665677,1.000000,0.000000,0,0.000000,816304.000000,1.000000,794836577284.000000,1340583.000000
817000,8,223388,0.800000,1.000000,0.798877,1.000000,0.000000,0,0.000000,815749.000000,1.000000,794836577284.000000,1340583.000000
817000,9,222182,0.800000,1.000000,0.725802,1.000000,0.000000,0,0.000000,812585.000000,1.000000,794836577284.000000,1340583.000000
817000,10,223431,0.800000,1.000000,0.562343,1.000000,0.000000,0,0.000000,816998.000000,1.000000,794836577284.000000,1340583.000000
817000,11,223431,0.800000,1.000000,0.571426,1.000000,0.000000,0,0.000000,816949.000000,1.000000,794836577284.000000,1340583.000000
817000,12,223423,0.800000,1.000000,0.693323,1.000000,0.000000,0,0.000000,816939.000000,1.000000,794836577284.000000,1340583.000000
817000,13,223424,0.800000,1.000000,0.779118,1.000000,0.000000,0,0.000000,815773.000000,1.000000,794836577284.000000,1340583.000000
817000,14,223431,0.800000,1.000000,0.661728,1.000000,0.000000,1,661667.000000,817000.000000,1.000000,794836577284.000000,1340583.000000
817000,15,223429,0.800000,1.000000,0.549384,1.000000,0.000000,0,0.000000,816977.000000,1.000000,794836577284.000000,1340583.000000
818000,0,223711,0.800000,1.000000,0.642807,1.000000,0.000000,0,0.000000,817986.000000,1.000000,796755230505.000000,0.000000
818000,1,223713,0.800000,1.000000,0.574168,1.000000,0.000000,0,0.000000,817890.000000,1.000000,796755230505.000000,0.000000
818000,2,223714,0.800000,1.000000,0.655980,1.000000,0.000000,0,0.000000,817985.000000,1.000000,796755230505.000000,0.000000
818000,3,223707,0.800000,1.000000,0.609893,1.000000,0.000000,0,0.000000,817897.000000,1.000000,796755230505.000000,0.000000
818000,4,216300,0.800000,1.000000,0.580644,1.000000,0.000000,0,0.000000,766130.000000,1.000000,796755230505.000000,0.000000
818000,5,223715,0.800000,1.000000,0.664723,1.000000,0.000000,0,0.000000,817999.000000,1.000000,796755230505.000000,0.000000
818000,6,223715,0.800000,1.000000,0.493305,1.000000,0.000000,0,0.000000,817982.000000,1.000000,796755230505.000000,0.000000
818000,7,223713,0.800000,1.000000,0.755946,1.000000,0.000000,0,0.000000,817989.000000,1.000000,796755230505.000000,0.000000
818000,8,223708,0.800000,1.000000,0.656402,1.000000,0.000000,0,0.000000,817967.000000,1.000000,796755230505.000000,0.000000
818000,9,222182,0.800000,1.000000,0.725802,1.000000,0.000000,0,0.000000,812585.000000,1.000000,796755230505.000000,0.000000
818000,10,223714,0.800000,1.000000,0.729530,1.000000,0.000000,0,0.000000,817995.000000,1.000000,796755230505.000000,0.000000
818000,11,223715,0.800000,1.000000,0.710396,1.000000,0.000000,1,693517.000000,818000.000000,1.000000,796755230505.000000,0.000000
818000,12,223695,0.800000,1.000000,0.595310,1.000000,0.000000,0,0.000000,817751.000000,1.000000,796755230505.000000,0.000000
818000,13,223713,0.800000,1.000000,0.601113,1.000000,0.000000,0,0.000000,817958.000000,1.000000,796755230505.000000,0.000000
818000,14,223712,0.800000,1.000000,0.677470,1.000000,0.000000,0,0.000000,817797.000000,1.000000,796755230505.000000,0.000000
818000,15,223602,0.800000,1.000000,0.616152,1.000000,0.000000,0,0.000000,817615.000000,1.000000,796755230505.000000,0.000000
819000,0,223973,0.800000,1.000000,0.558505,1.000000,0.000000,0,0.000000,818569.000000,1.000000,798465555442.000000,2673132.000000
819000,1,223984,0.800000,1.000000,0.660918,1.000000,0.000000,0,0.000000,818819.000000,1.000000,798465555442.000000,2673132.000000
819000,2,223991,0.800000,1.000000,0.687103,1.000000,0.000000,0,0.000000,818996.000000,1.000000,798465555442.000000,2673132.000000
819000,3,223991,0.800000,1.000000,0.771321,1.000000,0.000000,1,657741.000000,819000.000000,1.000000,798465555442.000000,2673132.000000
819000,4,216624,0.800000,1.000000,0.654835,1.000000,0.000000,0,0.000000,766130.000000,1.000000,798465555442.000000,2673132.000000
819000,5,223992,0.800000,1.000000,0.612713,1.000000,0.000000,0,0.000000,818995.000000,1.000000,798465555442.000000,2673132.000000
819000,6,223992,0.800000,1.000000,0.687324,1.000000,0.000000,0,0.000000,818998.000000,1.000000,798465555442.000000,2673132.000000
819000,7,223967,0.800000,1.000000,0.622187,1.000000,0.000000,0,0.000000,818858.000000,1.000000,798465555442.000000,2673132.000000
819000,8,223954,0.800000,1.000000,0.576950,1.000000,0.000000,0,0.000000,818686.000000,1.000000,798465555442.000000,2673132.000000
819000,9,222182,0.800000,1.000000,0.725802,1.000000,0.000000,0,0.000000,812585.000000,1.000000,798465555442.000000,2673132.000000
819000,10,223988,0.800000,1.000000,0.597855,1.000000,0.000000,0,0.000000,818150.000000,1.000000,798465555442.000000,2673132.000000
819000,11,223967,0.800000,1.000000,0.764509,1.000000,0.000000,0,0.000000,818903.000000,1.000000,798465555442.000000,2673132.000000
819000,12,223992,0.800000,1.000000,0.699898,1.000000,0.000000,0,0.000000,818983.000000,1.000000,798465555442.000000,2673132.000000
819000,13,223981,0.800000,1.000000,0.505772,1.000000,0.000000,0,0.000000,818863.000000,1.000000,798465555442.000000,2673132.000000
819000,14,223980,0.800000,1.000000,0.563218,1.000000,0.000000,0,0.000000,818929.000000,1.000000,798465555442.000000,2673132.000000
819000,15,223602,0.800000,1.000000,0.616152,1.000000,0.000000,0,0.000000,817615.000000,1.000000,798465555442.000000,2673132.000000
820000,0,224234,0.800000,1.000000,0.732696,1.000000,0.000000,1,657521.000000,820000.000000,1.000000,800054415679.000000,2227705.000000
820000,1,224233,0.800000,1.000000,0.630307,1.000000,0.000000,0,0.000000,819990.000000,1.000000,800054415679.000000,2227705.000000
820000,2,224189,0.800000,1.000000,0.703151,1.000000,0.000000,0,0.000000,818996.000000,1.000000,800054415679.000000,2227705.000000
820000,3,224233,0.800000,1.000000,0.631315,1.000000,0.000000,0,0.000000,819991.000000,1.000000,800054415679.000000,2227705.000000
820000,4,216995,0.800000,1.000000,0.741178,1.000000,0.000000,0,0.000000,766130.000000,1.000000,800054415679.000000,2227705.000000
820000,5,224234,0.800000,1.000000,0.649077,1.000000,0.000000,0,0.000000,819997.000000,1.000000,800054415679.000000,2227705.000000
820000,6,224215,0.800000,1.000000,0.685158,1.000000,0.000000,0,0.000000,819819.000000,1.000000,800054415679.000000,2227705.000000
820000,7,224215,0.800000,1.000000,0.551880,1.000000,0.000000,0,0.000000,818858.000000,1.000000,800054415679.000000,2227705.000000
820000,8,224221,0.800000,1.000000,0.648349,1.000000,0.000000,0,0.000000,819886.000000,1.000000,800054415679.000000,2227705.000000
820000,9,222182,0.800000,1.000000,0.725802,1.000000,0.000000,0,0.000000,812585.000000,1.000000,800054415679.000000,2227705.000000
820000,10,224235,0.800000,1.000000,0.615003,1.000000,0.000000,0,0.000000,819999.000000,1.000000,800054415679.000000,2227705.000000
820000,11,224227,0.800000,1.000000,0.685551,1.000000,0.000000,0,0.000000,819865.000000,1.000000,800054415679.000000,2227705.000000
820000,12,224235,0.800000,1.000000,0.688141,1.000000,0.000000,0,0.000000,819998.000000,1.000000,800054415679.000000,2227705.000000
820000,13,224234,0.800000,1.000000,0.652733,1.000000,0.000000,0,0.000000,819989.000000,1.000000,800054415679.000000,2227705.000000
820000,14,224233,0.800000,1.000000,0.760152,1.000000,0.000000,0,0.000000,819947.000000,1.000000,800054415679.000000,2227705.000000
820000,15,223602,0.800000,1.000000,0.616152,1.000000,0.000000,0,0.000000,817615.000000,1.000000,800054415679.000000,2227705.000000
821000,0,224499,0.800000,1.000000,0.643027,1.000000,0.000000,0,0.000000,820924.000000,1.000000,801814118365.000000,448991.000000
821000,1,224509,0.800000,1.000000,0.650313,1.000000,0.000000,0,0.000000,820995.000000,1.000000,801814118365.000000,448991.000000
821000,2,224509,0.800000,1.000000,0.687955,1.000000,0.000000,0,0.000000,820998.000000,1.000000,801814118365.000000,448991.000000
821000,3,224508,0.800000,1.000000,0.549210,1.000000,0.000000,0,0.000000,820812.000000,1.000000,801814118365.000000,448991.000000
821000,4,217384,0.800000,1.000000,0.710565,1.000000,0.000000,0,0.000000,766130.000000,1.000000,801814118365.000000,448991.000000
821000,5,224503,0.800000,1.000000,0.714530,1.000000,0.000000,0,0.000000,820970.000000,1.000000,801814118365.000000,448991.000000
821000,6,224496,0.800000,1.000000,0.628317,1.000000,0.000000,0,0.000000,820942.000000,1.000000,801814118365.000000,448991.000000
821000,7,224465,0.800000,1.000000,0.624891,1.000000,0.000000,0,0.000000,820828.000000,1.000000,801814118365.000000,448991.000000
821000,8,224507,0.800000,1.000000,0.704954,1.000000,0.000000,0,0.000000,820993.000000,1.000000,801814118365.000000,448991.000000
821000,9,222182,0.800000,1.000000,0.725802,1.000000,0.000000,0,0.000000,812585.000000,1.000000,801814118365.000000,448991.000000
821000,10,224509,0.800000,1.000000,0.615397,1.000000,0.000000,0,0.000000,820996.000000,1.000000,801814118365.000000,448991.000000
821000,11,224474,0.800000,1.000000,0.651433,1.000000,0.000000,0,0.000000,820574.000000,1.000000,801814118365.000000,448991.000000
821000,12,224496,0.800000,1.000000,0.646874,1.000000,0.000000,0,0.000000,820766.000000,1.000000,801814118365.000000,448991.000000
821000,13,224509,0.800000,1.000000,0.677182,1.000000,0.000000,1,654348.000000,821000.000000,1.000000,801814118365.000000,448991.000000
821000,14,224499,0.800000,1.000000,0.672311,1.000000,0.000000,0,0.000000,820838.000000,1.000000,801814118365.000000,448991.000000
821000,15,223602,0.800000,1.000000,0.616152,1.000000,0.000000,0,0.000000,817615.000000,1.000000,801814118365.000000,448991.000000
822000,0,224750,0.800000,1.000000,0.625621,1.000000,0.000000,0,0.000000,821960.000000,1.000000,803439570125.000000,1797946.000000
822000,1,224716,0.800000,1.000000,0.573071,1.000000,0.000000,0,0.000000,821139.000000,1.000000,803439570125.000000,1797946.000000
822000,2,224756,0.800000,1.000000,0.588189,1.000000,0.000000,1,678641.000000,822000.000000,1.000000,803439570125.000000,1797946.000000
822000,3,224757,0.800000,1.000000,0.740146,1.000000,0.000000,0,0.000000,821998.000000,1.000000,803439570125.000000,1797946.000000
822000,4,217761,0.800000,1.000000,0.641260,1.000000,0.000000,0,0.000000,766130.000000,1.000000,803439570125.000000,1797946.000000
822000,5,224756,0.800000,1.000000,0.623205,1.000000,0.000000,0,0.000000,821990.000000,1.000000,803439570125.000000,1797946.000000
822000,6,224756,0.800000,1.000000,0.800282,1.000000,0.000000,0,0.000000,821994.000000,1.000000,803439570125.000000,1797946.000000
822000,7,224752,0.800000,1.000000,0.620521,1.000000,0.000000,0,0.000000,821983.000000,1.000000,803439570125.000000,1797946.000000
822000,8,224752,0.800000,1.000000,0.589665,1.000000,0.000000,0,0.000000,821973.000000,1.000000,803439570125.000000,1797946.000000
822000,9,222182,0.800000,1.000000,0.725802,1.000000,0.000000,0,0.000000,812585.000000,1.000000,803439570125.000000,1797946.000000
822000,10,224755,0.800000,1.000000,0.502950,1.000000,0.000000,0,0.000000,821932.000000,1.000000,803439570125.000000,1797946.000000
822000,11,224727,0.800000,1.000000,0.603611,1.000000,0.000000,0,0.000000,821502.000000,1.000000,803439570125.000000,1797946.000000
822000,12,224756,0.800000,1.000000,0.635953,1.000000,0.000000,0,0.000000,821993.000000,1.000000,803439570125.000000,1797946.000000
822000,13,224746,0.800000,1.000000,0.618977,1.000000,0.000000,0,0.000000,821392.000000,1.000000,803439570125.000000,1797946.000000
822000,14,224757,0.800000,1.000000,0.654752,1.000000,0.000000,0,0.000000,821995.000000,1.000000,803439570125.000000,1797946.000000
822000,15,223602,0.800000,1.000000,0.616152,1.000000,0.000000,0,0.000000,817615.000000,1.000000,803439570125.000000,1797946.000000
823000,0,225031,0.800000,1.000000,0.616381,1.000000,0.000000,1,659810.000000,823000.000000,1.000000,805218208386.000000,1336331.000000
823000,1,225029,0.800000,1.000000,0.657094,1.000000,0.000000,0,0.000000,822953.000000,1.000000,805218208386.000000,1336331.000000
823000,2,225032,0.800000,1.000000,0.732457,1.000000,0.000000,0,0.000000,822998.000000,1.000000,805218208386.000000,1336331.000000
823000,3,225032,0.800000,1.000000,0.591943,1.000000,0.000000,0,0.000000,822995.000000,1.000000,805218208386.000000,1336331.000000
823000,4,218166,0.800000,1.000000,0.662299,1.000000,0.000000,0,0.000000,766130.000000,1.000000,805218208386.000000,1336331.000000
823000,5,225015,0.800000,1.000000,0.713832,1.000000,0.000000,0,0.000000,822767.000000,1.000000,805218208386.000000,1336331.000000
823000,6,225023,0.800000,1.000000,0.688157,1.000000,0.000000,0,0.000000,822967.000000,1.000000,805218208386.000000,1336331.000000
823000,7,224980,0.800000,1.000000,0.688348,1.000000,0.000000,0,0.000000,822732.000000,1.000000,805218208386.000000,1336331.000000
823000,8,225013,0.800000,1.000000,0.653082,1.000000,0.000000,0,0.000000,822935.000000,1.000000,805218208386.000000,1336331.000000
823000,9,222182,0.800000,1.000000,0.725802,1.000000,0.000000,0,0.000000,812585.000000,1.000000,805218208386.000000,1336331.000000
823000,10,225028,0.800000,1.000000,0.612116,1.000000,0.000000,0,0.000000,822979.000000,1.000000,805218208386.000000,1336331.000000
823000,11,225032,0.800000,1.000000,0.730173,1.000000,0.000000,0,0.000000,822999.000000,1.000000,805218208386.000000,1336331.000000
823000,12,225031,0.800000,1.000000,0.716397,1.000000,0.000000,0,0.000000,822986.000000,1.000000,805218208386.000000,1336331.000000
823000,13,225024,0.800000,1.000000,0.575829,1.000000,0.000000,0,0.000000,822930.000000,1.000000,805218208386.000000,1336331.000000
823000,14,225028,0.800000,1.000000,0.636355,1.000000,0.000000,0,0.000000,822718.000000,1.000000,805218208386.000000,1336331.000000
823000,15,223602,0.800000,1.000000,0.616152,1.000000,0.000000,0,0.000000,817615.000000,1.000000,805218208386.000000,1336331.000000
824000,0,225284,0.800000,1.000000,0.588826,1.000000,0.000000,0,0.000000,823403.000000,1.000000,806927527578.000000,2249919.000000
824000,1,225300,0.800000,1.000000,0.701416,1.000000,0.000000,0,0.000000,823998.000000,1.000000,806927527578.000000,2249919.000000
824000,2,225189,0.800000,1.000000,0.516187,1.000000,0.000000,0,0.000000,823544.000000,1.000000,806927527578.000000,2249919.000000
824000,3,225297,0.800000,1.000000,0.746723,1.000000,0.000000,0,0.000000,823875.000000,1.000000,806927527578.000000,2249919.000000
824000,4,218394,0.800000,1.000000,0.562495,1.000000,0.000000,0,0.000000,766130.000000,1.000000,806927527578.000000,2249919.000000
824000,5,225301,0.800000,1.000000,0.688580,1.000000,0.000000,1,655707.000000,824000.000000,1.000000,806927527578.000000,2249919.000000
824000,6,225301,0.800000,1.000000,0.685178,1.000000,0.000000,0,0.000000,823993.000000,1.000000,806927527578.000000,2249919.000000
824000,7,225300,0.800000,1.000000,0.692750,1.000000,0.000000,0,0.000000,823888.000000,1.000000,806927527578.000000,2249919.000000
824000,8,225292,0.800000,1.000000,0.702431,1.000000,0.000000,0,0.000000,822935.000000,1.000000,806927527578.000000,2249919.000000
824000,9,222182,0.800000,1.000000,0.725802,1.000000,0.000000,0,0.000000,812585.000000,1.000000,806927527578.000000,2249919.000000
824000,10,225297,0.800000,1.000000,0.585099,1.000000,0.000000,0,0.000000,823959.000000,1.000000,806927527578.000000,2249919.000000
824000,11,225301,0.800000,1.000000,0.647381,1.000000,0.000000,0,0.000000,823996.000000,1.000000,806927527578.000000,2249919.000000
824000,12,225232,0.800000,1.000000,0.592565,1.000000,0.000000,0,0.000000,823711.000000,1.000000,806927527578.000000,2249919.000000
824000,13,225298,0.800000,1.000000,0.549080,1.000000,0.000000,0,0.000000,823984.000000,1.000000,806927527578.000000,2249919.000000
824000,14,225302,0.800000,1.000000,0.629554,1.000000,0.000000,0,0.000000,823999.000000,1.000000,806927527578.000000,2249919.000000
824000,15,223782,0.800000,1.000000,0.558213,1.000000,0.000000,0,0.000000,817615.000000,1.000000,806927527578.000000,2249919.000000
825000,0,225583,0.800000,1.000000,0.659684,1.000000,0.000000,0,0.000000,824982.000000,1.000000,808772398048.000000,899438.000000
825000,1,225584,0.800000,1.000000,0.672805,1.000000,0.000000,0,0.000000,824998.000000,1.000000,808772398048.000000,899438.000000
825000,2,225189,0.800000,1.000000,0.516187,1.000000,0.000000,0,0.000000,823544.000000,1.000000,808772398048.000000,899438.000000
825000,3,225584,0.800000,1.000000,0.531611,1.000000,0.000000,1,662217.000000,825000.000000,1.000000,808772398048.000000,899438.000000
825000,4,218652,0.800000,1.000000,0.667274,1.000000,0.000000,0,0.000000,766130.000000,1.000000,808772398048.000000,899438.000000
825000,5,225576,0.800000,1.000000,0.671162,1.000000,0.000000,0,0.000000,824926.000000,1.000000,808772398048.000000,899438.000000
825000,6,225585,0.800000,1.000000,0.711041,1.000000,0.000000,0,0.000000,824996.000000,1.000000,808772398048.000000,899438.000000
825000,7,225585,0.800000,1.000000,0.635851,1.000000,0.000000,0,0.000000,824999.000000,1.000000,808772398048.000000,899438.000000
825000,8,225585,0.800000,1.000000,0.615741,1.000000,0.000000,0,0.000000,824758.000000,1.000000,808772398048.000000,899438.000000
825000,9,222182,0.800000,1.000000,0.725802,1.000000,0.000000,0,0.000000,812585.000000,1.000000,808772398048.000000,899438.000000
825000,10,225584,0.800000,1.000000,0.703041,1.000000,0.000000,0,0.000000,824866.000000,1.000000,808772398048.000000,899438.000000
825000,11,225581,0.800000,1.000000,0.599578,1.000000,0.000000,0,0.000000,824954.000000,1.000000,808772398048.000000,899438.000000
825000,12,225585,0.800000,1.000000,0.633396,1.000000,0.000000,0,0.000000,824986.000000,1.000000,808772398048.000000,899438.000000
825000,13,225578,0.800000,1.000000,0.601266,1.000000,0.000000,0,0.000000,824927.000000,1.000000,808772398048.000000,899438.000000
825000,14,225585,0.800000,1.000000,0.625427,1.000000,0.000000,0,0.000000,824989.000000,1.000000,808772398048.000000,899438.000000
825000,15,224136,0.800000,1.000000,0.704559,1.000000,0.000000,0,0.000000,817615.000000,1.000000,808772398048.000000,899438.000000
826000,0,225856,0.800000,1.000000,0.616931,1.000000,0.000000,0,0.000000,825857.000000,1.000000,810668811043.000000,1804210.000000
826000,1,225866,0.800000,1.000000,0.638272,1.000000,0.000000,0,0.000000,825999.000000,1.000000,810668811043.000000,1804210.000000
826000,2,225285,0.800000,1.000000,0.539434,1.000000,0.000000,0,0.000000,823544.000000,1.000000,810668811043.000000,1804210.000000
826000,3,225865,0.800000,1.000000,0.663002,1.000000,0.000000,0,0.000000,825965.000000,1.000000,810668811043.000000,1804210.000000
826000,4,219037,0.800000,1.000000,0.631980,1.000000,0.000000,0,0.000000,766130.000000,1.000000,810668811043.000000,1804210.000000
826000,5,225866,0.800000,1.000000,0.638859,1.000000,0.000000,0,0.000000,825961.000000,1.000000,810668811043.000000,1804210.000000
826000,6,225866,0.800000,1.000000,0.743686,1.000000,0.000000,1,689974.000000,826000.000000,1.000000,810668811043.000000,1804210.000000
826000,7,225866,0.800000,1.000000,0.585779,1.000000,0.000000,0,0.000000,825976.000000,1.000000,810668811043.000000,1804210.000000
826000,8,225866,0.800000,1.000000,0.570006,1.000000,0.000000,0,0.000000,825994.000000,1.000000,810668811043.000000,1804210.000000
826000,9,222182,0.800000,1.000000,0.725802,1.000000,0.000000,0,0.000000,812585.000000,1.000000,810668811043.000000,1804210.000000
826000,10,225866,0.800000,1.000000,0.752395,1.000000,0.000000,0,0.000000,825986.000000,1.000000,810668811043.000000,1804210.000000
826000,11,225851,0.800000,1.000000,0.720937,1.000000,0.000000,0,0.000000,825112.000000,1.000000,810668811043.000000,1804210.000000
826000,12,225865,0.800000,1.000000,0.767538,1.000000,0.000000,0,0.000000,825993.000000,1.000000,810668811043.000000,1804210.000000
826000,13,225857,0.800000,1.000000,0.608822,1.000000,0.000000,0,0.000000,825618.000000,1.000000,810668811043.000000,1804210.000000
826000,14,225867,0.800000,1.000000,0.693927,1.000000,0.000000,0,0.000000,825998.000000,1.000000,810668811043.000000,1804210.000000
826000,15,224508,0.800000,1.000000,0.665257,1.000000,0.000000,0,0.000000,817615.000000,1.000000,810668811043.000000,1804210.000000
827000,0,226131,0.800000,1.000000,0.641085,1.000000,0.000000,0,0.000000,826979.000000,1.000000,812602778436.000000,1354385.000000
827000,1,226133,0.800000,1.000000,0.633262,1.000000,0.000000,0,0.000000,826986.000000,1.000000,812602778436.000000,1354385.000000
827000,2,225665,0.800000,1.000000,0.625750,1.000000,0.000000,0,0.000000,823544.000000,1.000000,812602778436.000000,1354385.000000
827000,3,226136,0.800000,1.000000,0.686978,1.000000,0.000000,0,0.000000,826998.000000,1.000000,812602778436.000000,1354385.000000
827000,4,219337,0.800000,1.000000,0.693965,1.000000,0.000000,0,0.000000,766130.000000,1.000000,812602778436.000000,1354385.000000
827000,5,226135,0.800000,1.000000,0.655341,1.000000,0.000000,0,0.000000,826944.000000,1.000000,812602778436.000000,1354385.000000
827000,6,226137,0.800000,1.000000,0.572391,1.000000,0.000000,0,0.000000,826859.000000,1.000000,812602778436.000000,1354385.000000
827000,7,226128,0.800000,1.000000,0.601118,1.000000,0.000000,0,0.000000,826953.000000,1.000000,812602778436.000000,1354385.000000
827000,8,226079,0.800000,1.000000,0.580793,1.000000,0.000000,0,0.000000,826208.000000,1.000000,812602778436.000000,1354385.000000
827000,9,222182,0.800000,1.000000,0.725802,1.000000,0.000000,0,0.000000,812585.000000,1.000000,812602778436.000000,1354385.000000
827000,10,226137,0.800000,1.000000,0.662274,1.000000,0.000000,0,0.000000,826992.000000,1.000000,812602778436.000000,1354385.000000
827000,11,226129,0.800000,1.000000,0.549266,1.000000,0.000000,0,0.000000,826964.000000,1.000000,812602778436.000000,1354385.000000
827000,12,226137,0.800000,1.000000,0.748468,1.000000,0.000000,1,661367.000000,827000.000000,1.000000,812602778436.000000,1354385.000000
827000,13,226137,0.800000,1.000000,0.769447,1.000000,0.000000,0,0.000000,826999.000000,1.000000,812602778436.000000,1354385.000000
827000,14,226138,0.800000,1.000000,0.581073,1.000000,0.000000,0,0.000000,826995.000000,1.000000,812602778436.000000,1354385.000000
827000,15,224919,0.800000,1.000000,0.660853,1.000000,0.000000,0,0.000000,817615.000000,1.000000,812602778436.000000,1354385.000000
828000,0,226329,0.800000,1.000000,0.767148,1.000000,0.000000,0,0.000000,827781.000000,1.000000,814203436156.000000,2263661.000000
828000,1,226358,0.800000,1.000000,0.509778,1.000000,0.000000,0,0.000000,827936.000000,1.000000,814203436156.000000,2263661.000000
828000,2,225917,0.800000,1.000000,0.630295,1.000000,0.000000,0,0.000000,823544.000000,1.000000,814203436156.000000,2263661.000000
828000,3,226366,0.800000,1.000000,0.700718,1.000000,0.000000,1,663959.000000,828000.000000,1.000000,814203436156.000000,2263661.000000
828000,4,219544,0.800000,1.000000,0.679202,1.000000,0.000000,0,0.000000,766130.000000,1.000000,814203436156.000000,2263661.000000
828000,5,226367,0.800000,1.000000,0.693494,1.000000,0.000000,0,0.000000,827999.000000,1.000000,814203436156.000000,2263661.000000
828000,6,226336,0.800000,1.000000,0.542805,1.000000,0.000000,0,0.000000,827804.000000,1.000000,814203436156.000000,2263661.000000
828000,7,226365,0.800000,1.000000,0.520133,1.000000,0.000000,0,0.000000,827990.000000,1.000000,814203436156.000000,2263661.000000
828000,8,226365,0.800000,1.000000,0.659508,1.000000,0.000000,0,0.000000,827993.000000,1.000000,814203436156.000000,2263661.000000
828000,9,222182,0.800000,1.000000,0.725802,1.000000,0.000000,0,0.000000,812585.000000,1.000000,814203436156.000000,2263661.000000
828000,10,226336,0.800000,1.000000,0.591663,1.000000,0.000000,0,0.000000,827516.000000,1.000000,814203436156.000000,2263661.000000
828000,11,226366,0.800000,1.000000,0.584388,1.000000,0.000000,0,0.000000,827983.000000,1.000000,814203436156.000000,2263661.000000
828000,12,226367,0.800000,1.000000,0.526860,1.000000,0.000000,0,0.000000,827951.000000,1.000000,814203436156.000000,2263661.000000
828000,13,226366,0.800000,1.000000,0.732036,1.000000,0.000000,0,0.000000,827202.000000,1.000000,814203436156.000000,2263661.000000
828000,14,226367,0.800000,1.000000,0.592160,1.000000,0.000000,0,0.000000,827998.000000,1.000000,814203436156.000000,2263661.000000
828000,15,225275,0.800000,1.000000,0.668229,1.000000,0.000000,0,0.000000,817615.000000,1.000000,814203436156.000000,2263661.000000
829000,0,226329,0.800000,1.000000,0.767148,1.000000,0.000000,0,0.000000,827781.000000,1.000000,815999049065.000000,1357785.000000
829000,1,226623,0.800000,1.000000,0.570548,1.000000,0.000000,0,0.000000,828994.000000,1.000000,815999049065.000000,1357785.000000
829000,2,226277,0.800000,1.000000,0.696717,1.000000,0.000000,0,0.000000,823544.000000,1.000000,815999049065.000000,1357785.000000
829000,3,226623,0.800000,1.000000,0.674155,1.000000,0.000000,0,0.000000,828998.000000,1.000000,815999049065.000000,1357785.000000
829000,4,219902,0.800000,1.000000,0.619059,1.000000,0.000000,0,0.000000,766130.000000,1.000000,815999049065.000000,1357785.000000
829000,5,226621,0.800000,1.000000,0.704699,1.000000,0.000000,0,0.000000,828990.000000,1.000000,815999049065.000000,1357785.000000
829000,6,226623,0.800000,1.000000,0.555096,1.000000,0.000000,1,692584.000000,829000.000000,1.000000,815999049065.000000,1357785.000000
829000,7,226621,0.800000,1.000000,0.613265,1.000000,0.000000,0,0.000000,828984.000000,1.000000,815999049065.000000,1357785.000000
829000,8,226624,0.800000,1.000000,0.676508,1.000000,0.000000,0,0.000000,828999.000000,1.000000,815999049065.000000,1357785.000000
829000,9,222182,0.800000,1.000000,0.725802,1.000000,0.000000,0,0.000000,812585.000000,1.000000,815999049065.000000,1357785.000000
829000,10,226616,0.800000,1.000000,0.722385,1.000000,0.000000,0,0.000000,828911.000000,1.000000,815999049065.000000,1357785.000000
829000,11,226624,0.800000,1.000000,0.611300,1.000000,0.000000,0,0.000000,828997.000000,1.000000,815999049065.000000,1357785.000000
829000,12,226624,0.800000,1.000000,0.595911,1.000000,0.000000,0,0.000000,828944.000000,1.000000,815999049065.000000,1357785.000000
829000,13,226623,0.800000,1.000000,0.554161,1.000000,0.000000,0,0.000000,828987.000000,1.000000,815999049065.000000,1357785.000000
829000,14,226624,0.800000,1.000000,0.564875,1.000000,0.000000,0,0.000000,828989.000000,1.000000,815999049065.000000,1357785.000000
829000,15,225647,0.800000,1.000000,0.723918,1.000000,0.000000,0,0.000000,817615.000000,1.000000,815999049065.000000,1357785.000000
830000,0,226329,0.800000,1.000000,0.767148,1.000000,0.000000,0,0.000000,827781.000000,1.000000,817734324722.000000,2709414.000000
830000,1,226888,0.800000,1.000000,0.567850,1.000000,0.000000,0,0.000000,829986.000000,1.000000,817734324722.000000,2709414.000000
830000,2,226632,0.800000,1.000000,0.654299,1.000000,0.000000,0,0.000000,823544.000000,1.000000,817734324722.000000,2709414.000000
830000,3,226889,0.800000,1.000000,0.602896,1.000000,0.000000,0,0.000000,829997.000000,1.000000,817734324722.000000,2709414.000000
830000,4,220267,0.800000,1.000000,0.547460,1.000000,0.000000,0,0.000000,766130.000000,1.000000,817734324722.000000,2709414.000000
830000,5,226889,0.800000,1.000000,0.650700,1.000000,0.000000,1,660007.000000,830000.000000,1.000000,817734324722.000000,2709414.000000
830000,6,226828,0.800000,1.000000,0.684576,1.000000,0.000000,0,0.000000,829753.000000,1.000000,817734324722.000000,2709414.000000
830000,7,226889,0.800000,1.000000,0.669098,1.000000,0.000000,0,0.000000,829998.000000,1.000000,817734324722.000000,2709414.000000
830000,8,226886,0.800000,1.000000,0.697923,1.000000,0.000000,0,0.000000,829923.000000,1.000000,817734324722.000000,2709414.000000
830000,9,222182,0.800000,1.000000,0.725802,1.000000,0.000000,0,0.000000,812585.000000,1.000000,817734324722.000000,2709414.000000
830000,10,226872,0.800000,1.000000,0.603639,1.000000,0.000000,0,0.000000,829910.000000,1.000000,817734324722.000000,2709414.000000
830000,11,226841,0.800000,1.000000,0.714726,1.000000,0.000000,0,0.000000,829431.000000,1.000000,817734324722.000000,2709414.000000
830000,12,226890,0.800000,1.000000,0.612201,1.000000,0.000000,0,0.000000,829999.000000,1.000000,817734324722.000000,2709414.000000
830000,13,226890,0.800000,1.000000,0.641153,1.000000,0.000000,0,0.000000,829898.000000,1.000000,817734324722.000000,2709414.000000
830000,14,226864,0.800000,1.000000,0.708893,1.000000,0.000000,0,0.000000,829595.000000,1.000000,817734324722.000000,2709414.000000
830000,15,225986,0.800000,1.000000,0.588470,1.000000,0.000000,0,0.000000,817615.000000,1.000000,817734324722.000000,2709414.000000
831000,0,226329,0.800000,1.000000,0.767148,1.000000,0.000000,0,0.000000,827781.000000,1.000000,819512101553.000000,1362867.000000
831000,1,227142,0.800000,1.000000,0.538547,1.000000,0.000000,0,0.000000,830943.000000,1.000000,819512101553.000000,1362867.000000
831000,2,226973,0.800000,1.000000,0.614777,1.000000,0.000000,0,0.000000,823544.000000,1.000000,819512101553.000000,1362867.000000
831000,3,227145,0.800000,1.000000,0.653921,1.000000,0.000000,0,0.000000,830976.000000,1.000000,819512101553.000000,1362867.000000
831000,4,220671,0.800000,1.000000,0.694295,1.000000,0.000000,0,0.000000,766130.000000,1.000000,819512101553.000000,1362867.000000
831000,5,227145,0.800000,1.000000,0.614893,1.000000,0.000000,0,0.000000,830991.000000,1.000000,819512101553.000000,1362867.000000
831000,6,227146,0.800000,1.000000,0.672739,1.000000,0.000000,0,0.000000,830969.000000,1.000000,819512101553.000000,1362867.000000
831000,7,227147,0.800000,1.000000,0.737645,1.000000,0.000000,1,676179.000000,831000.000000,1.000000,819512101553.000000,1362867.000000
831000,8,227147,0.800000,1.000000,0.612455,1.000000,0.000000,0,0.000000,830996.000000,1.000000,819512101553.000000,1362867.000000
831000,9,222182,0.800000,1.000000,0.725802,1.000000,0.000000,0,0.000000,812585.000000,1.000000,819512101553.000000,1362867.000000
831000,10,227106,0.800000,1.000000,0.567525,1.000000,0.000000,0,0.000000,830775.000000,1.000000,819512101553.000000,1362867.000000
831000,11,227139,0.800000,1.000000,0.571823,1.000000,0.000000,0,0.000000,830945.000000,1.000000,819512101553.000000,1362867.000000
831000,12,227148,0.800000,1.000000,0.747354,1.000000,0.000000,0,0.000000,830999.000000,1.000000,819512101553.000000,1362867.000000
831000,13,227147,0.800000,1.000000,0.718830,1.000000,0.000000,0,0.000000,830992.000000,1.000000,819512101553.000000,1362867.000000
831000,14,227036,0.800000,1.000000,0.557204,1.000000,0.000000,0,0.000000,830569.000000,1.000000,819512101553.000000,1362867.000000
831000,15,226348,0.800000,1.000000,0.709878,1.000000,0.000000,0,0.000000,817615.000000,1.000000,819512101553.000000,1362867.000000
832000,0,226329,0.800000,1.000000,0.767148,1.000000,0.000000,0,0.000000,827781.000000,1.000000,821211096481.000000,2273733.000000
832000,1,227390,0.800000,1.000000,0.593912,1.000000,0.000000,0,0.000000,831978.000000,1.000000,821211096481.000000,2273733.000000
832000,2,227311,0.800000,1.000000,0.701059,1.000000,0.000000,0,0.000000,823544.000000,1.000000,821211096481.000000,2273733.000000
832000,3,227394,0.800000,1.000000,0.703953,1.000000,0.000000,0,0.000000,831999.000000,1.000000,821211096481.000000,2273733.000000
832000,4,221047,0.800000,1.000000,0.782347,1.000000,0.000000,0,0.000000,766130.000000,1.000000,821211096481.000000,2273733.000000
832000,5,227394,0.800000,1.000000,0.690839,1.000000,0.000000,1,661362.000000,832000.000000,1.000000,821211096481.000000,2273733.000000
832000,6,227393,0.800000,1.000000,0.669427,1.000000,0.000000,0,0.000000,831995.000000,1.000000,821211096481.000000,2273733.000000
832000,7,227365,0.800000,1.000000,0.680368,1.000000,0.000000,0,0.000000,831832.000000,1.000000,821211096481.000000,2273733.000000
832000,8,227395,0.800000,1.000000,0.719045,1.000000,0.000000,0,0.000000,831997.000000,1.000000,821211096481.000000,2273733.000000
832000,9,222182,0.800000,1.000000,0.725802,1.000000,0.000000,0,0.000000,812585.000000,1.000000,821211096481.000000,2273733.000000
832000,10,227331,0.800000,1.000000,0.655712,1.000000,0.000000,0,0.000000,830775.000000,1.000000,821211096481.000000,2273733.000000
832000,11,227363,0.800000,1.000000,0.709378,1.000000,0.000000,0,0.000000,831636.000000,1.000000,821211096481.000000,2273733.000000
832000,12,227388,0.800000,1.000000,0.512602,1.000000,0.000000,0,0.000000,831941.000000,1.000000,821211096481.000000,2273733.000000
832000,13,227395,0.800000,1.000000,0.675897,1.000000,0.000000,0,0.000000,831998.000000,1.000000,821211096481.000000,2273733.000000
832000,14,227320,0.800000,1.000000,0.701618,1.000000,0.000000,0,0.000000,830569.000000,1.000000,821211096481.000000,2273733.000000
832000,15,226704,0.800000,1.000000,0.559647,1.000000,0.000000,0,0.000000,817615.000000,1.000000,821211096481.000000,2273733.000000
833000,0,226506,0.800000,1.000000,0.675630,1.000000,0.000000,0,0.000000,827781.000000,1.000000,823013918866.000000,2263939.000000
833000,1,227649,0.800000,1.000000,0.651673,1.000000,0.000000,0,0.000000,832971.000000,1.000000,823013918866.000000,2263939.000000
833000,2,227633,0.800000,1.000000,0.645032,1.000000,0.000000,0,0.000000,823544.000000,1.000000,823013918866.000000,2263939.000000
833000,3,227649,0.800000,1.000000,0.621073,1.000000,0.000000,0,0.000000,832999.000000,1.000000,823013918866.000000,2263939.000000
833000,4,221376,0.800000,1.000000,0.488324,1.000000,0.000000,0,0.000000,766130.000000,1.000000,823013918866.000000,2263939.000000
833000,5,227634,0.800000,1.000000,0.659719,1.000000,0.000000,0,0.000000,832842.000000,1.000000,823013918866.000000,2263939.000000
833000,6,227649,0.800000,1.000000,0.694882,1.000000,0.000000,1,695461.000000,833000.000000,1.000000,823013918866.000000,2263939.000000
833000,7,227649,0.800000,1.000000,0.565757,1.000000,0.000000,0,0.000000,832986.000000,1.000000,823013918866.000000,2263939.000000
833000,8,227647,0.800000,1.000000,0.605030,1.000000,0.000000,0,0.000000,832983.000000,1.000000,823013918866.000000,2263939.000000
833000,9,222182,0.800000,1.000000,0.725802,1.000000,0.000000,0,0.000000,812585.000000,1.000000,823013918866.000000,2263939.000000
833000,10,227649,0.800000,1.000000,0.551039,1.000000,0.000000,0,0.000000,832996.000000,1.000000,823013918866.000000,2263939.000000
833000,11,227648,0.800000,1.000000,0.640885,1.000000,0.000000,0,0.000000,832867.000000,1.000000,823013918866.000000,2263939.000000
833000,12,227641,0.800000,1.000000,0.648931,1.000000,0.000000,0,0.000000,832729.000000,1.000000,823013918866.000000,2263939.000000
833000,13,227649,0.800000,1.000000,0.515002,1.000000,0.000000,0,0.000000,832991.000000,1.000000,823013918866.000000,2263939.000000
833000,14,227507,0.800000,1.000000,0.591965,1.000000,0.000000,0,0.000000,830569.000000,1.000000,823013918866.000000,2263939.000000
833000,15,227006,0.800000,1.000000,0.643762,1.000000,0.000000,0,0.000000,817615.000000,1.000000,823013918866.000000,2263939.000000
834000,0,226884,0.800000,1.000000,0.564029,1.000000,0.000000,0,0.000000,827781.000000,1.000000,824803698968.000000,1810710.000000
834000,1,227914,0.800000,1.000000,0.635134,1.000000,0.000000,0,0.000000,833997.000000,1.000000,824803698968.000000,1810710.000000
834000,2,227909,0.800000,1.000000,0.627793,1.000000,0.000000,0,0.000000,833333.000000,1.000000,824803698968.000000,1810710.000000
834000,3,227914,0.800000,1.000000,0.639269,1.000000,0.000000,0,0.000000,833994.000000,1.000000,824803698968.000000,1810710.000000
834000,4,221619,0.800000,1.000000,0.632769,1.000000,0.000000,0,0.000000,766130.000000,1.000000,824803698968.000000,1810710.000000
834000,5,227915,0.800000,1.000000,0.600634,1.000000,0.000000,1,662943.000000,834000.000000,1.000000,824803698968.000000,1810710.000000
834000,6,227916,0.800000,1.000000,0.711423,1.000000,0.000000,0,0.000000,833998.000000,1.000000,824803698968.000000,1810710.000000
834000,7,227911,0.800000,1.000000,0.600880,1.000000,0.000000,0,0.000000,833974.000000,1.000000,824803698968.000000,1810710.000000
834000,8,227915,0.800000,1.000000,0.567416,1.000000,0.000000,0,0.000000,833989.000000,1.000000,824803698968.000000,1810710.000000
834000,9,222182,0.800000,1.000000,0.725802,1.000000,0.000000,0,0.000000,812585.000000,1.000000,824803698968.000000,1810710.000000
834000,10,227893,0.800000,1.000000,0.611616,1.000000,0.000000,0,0.000000,833895.000000,1.000000,824803698968.000000,1810710.000000
834000,11,227915,0.800000,1.000000,0.590821,1.000000,0.000000,0,0.000000,833992.000000,1.000000,824803698968.000000,1810710.000000
834000,12,227907,0.800000,1.000000,0.690525,1.000000,0.000000,0,0.000000,833572.000000,1.000000,824803698968.000000,1810710.000000
834000,13,227822,0.800000,1.000000,0.545974,1.000000,0.000000,0,0.000000,833631.000000,1.000000,824803698968.000000,1810710.000000
834000,14,227814,0.800000,1.000000,0.592854,1.000000,0.000000,0,0.000000,830569.000000,1.000000,824803698968.000000,1810710.000000
834000,15,227182,0.800000,1.000000,0.544603,1.000000,0.000000,0,0.000000,817615.000000,1.000000,824803698968.000000,1810710.000000
835000,0,227275,0.800000,1.000000,0.678866,1.000000,0.000000,0,0.000000,827781.000000,1.000000,826694818251.000000,2267799.000000
835000,1,228158,0.800000,1.000000,0.602983,1.000000,0.000000,0,0.000000,834692.000000,1.000000,826694818251.000000,2267799.000000
835000,2,228152,0.800000,1.000000,0.608782,1.000000,0.000000,0,0.000000,834964.000000,1.000000,826694818251.000000,2267799.000000
835000,3,228158,0.800000,1.000000,0.623958,1.000000,0.000000,0,0.000000,834994.000000,1.000000,826694818251.000000,2267799.000000
835000,4,221975,0.800000,1.000000,0.546623,1.000000,0.000000,0,0.000000,766130.000000,1.000000,826694818251.000000,2267799.000000
835000,5,228154,0.800000,1.000000,0.700901,1.000000,0.000000,0,0.000000,834889.000000,1.000000,826694818251.000000,2267799.000000
835000,6,228159,0.800000,1.000000,0.688988,1.000000,0.000000,0,0.000000,834989.000000,1.000000,826694818251.000000,2267799.000000
835000,7,228144,0.800000,1.000000,0.600338,1.000000,0.000000,0,0.000000,834744.000000,1.000000,826694818251.000000,2267799.000000
835000,8,228159,0.800000,1.000000,0.633232,1.000000,0.000000,1,693607.000000,835000.000000,1.000000,826694818251.000000,2267799.000000
835000,9,222182,0.800000,1.000000,0.725802,1.000000,0.000000,0,0.000000,812585.000000,1.000000,826694818251.000000,2267799.000000
835000,10,228157,0.800000,1.000000,0.491305,1.000000,0.000000,0,0.000000,834945.000000,1.000000,826694818251.000000,2267799.000000
835000,11,228160,0.800000,1.000000,0.651694,1.000000,0.000000,0,0.000000,834999.000000,1.000000,826694818251.000000,2267799.000000
835000,12,228160,0.800000,1.000000,0.651240,1.000000,0.000000,0,0.000000,834984.000000,1.000000,826694818251.000000,2267799.000000
835000,13,228145,0.800000,1.000000,0.641469,1.000000,0.000000,0,0.000000,833631.000000,1.000000,826694818251.000000,2267799.000000
835000,14,228159,0.800000,1.000000,0.667191,1.000000,0.000000,0,0.000000,834991.000000,1.000000,826694818251.000000,2267799.000000
835000,15,227474,0.800000,1.000000,0.572412,1.000000,0.000000,0,0.000000,817615.000000,1.000000,826694818251.000000,2267799.000000
836000,0,227611,0.800000,1.000000,0.604129,1.000000,0.000000,0,0.000000,827781.000000,1.000000,828633664233.000000,2283025.000000
836000,1,228404,0.800000,1.000000,0.558837,1.000000,0.000000,0,0.000000,835896.000000,1.000000,828633664233.000000,2283025.000000
836000,2,228415,0.800000,1.000000,0.693397,1.000000,0.000000,0,0.000000,835617.000000,1.000000,828633664233.000000,2283025.000000
836000,3,228429,0.800000,1.000000,0.606359,1.000000,0.000000,0,0.000000,835987.000000,1.000000,828633664233.000000,2283025.000000
836000,4,222320,0.800000,1.000000,0.536604,1.000000,0.000000,0,0.000000,766130.000000,1.000000,828633664233.000000,2283025.000000
836000,5,228429,0.800000,1.000000,0.706111,1.000000,0.000000,0,0.000000,835999.000000,1.000000,828633664233.000000,2283025.000000
836000,6,228425,0.800000,1.000000,0.671180,1.000000,0.000000,0,0.000000,835711.000000,1.000000,828633664233.000000,2283025.000000
836000,7,228426,0.800000,1.000000,0.609703,1.000000,0.000000,0,0.000000,835973.000000,1.000000,828633664233.000000,2283025.000000
836000,8,228403,0.800000,1.000000,0.676320,1.000000,0.000000,0,0.000000,835036.000000,1.000000,828633664233.000000,2283025.000000
836000,9,222182,0.800000,1.000000,0.725802,1.000000,0.000000,0,0.000000,812585.000000,1.000000,828633664233.000000,2283025.000000
836000,10,228430,0.800000,1.000000,0.749242,1.000000,0.000000,0,0.000000,835996.000000,1.000000,828633664233.000000,2283025.000000
836000,11,228430,0.800000,1.000000,0.690923,1.000000,0.000000,1,707920.000000,836000.000000,1.000000,828633664233.000000,2283025.000000
836000,12,228428,0.800000,1.000000,0.620905,1.000000,0.000000,0,0.000000,835967.000000,1.000000,828633664233.000000,2283025.000000
836000,13,228431,0.800000,1.000000,0.616878,1.000000,0.000000,0,0.000000,835991.000000,1.000000,828633664233.000000,2283025.000000
836000,14,228429,0.800000,1.000000,0.628028,1.000000,0.000000,0,0.000000,835980.000000,1.000000,828633664233.000000,2283025.000000
836000,15,227837,0.800000,1.000000,0.605804,1.000000,0.000000,0,0.000000,817615.000000,1.000000,828633664233.000000,2283025.000000
837000,0,227896,0.800000,1.000000,0.625044,1.000000,0.000000,0,0.000000,827781.000000,1.000000,830404920957.000000,914748.000000
837000,1,228587,0.800000,1.000000,0.625854,1.000000,0.000000,0,0.000000,835896.000000,1.000000,830404920957.000000,914748.000000
837000,2,228694,0.800000,1.000000,0.639665,1.000000,0.000000,0,0.000000,836999.000000,1.000000,830404920957.000000,914748.000000
837000,3,228695,0.800000,1.000000,0.707110,1.000000,0.000000,1,669807.000000,837000.000000,1.000000,830404920957.000000,914748.000000
837000,4,222587,0.800000,1.000000,0.669842,1.000000,0.000000,0,0.000000,766130.000000,1.000000,830404920957.000000,914748.000000
837000,5,228695,0.800000,1.000000,0.696496,1.000000,0.000000,0,0.000000,836998.000000,1.000000,830404920957.000000,914748.000000
837000,6,228688,0.800000,1.000000,0.566578,1.000000,0.000000,0,0.000000,836964.000000,1.000000,830404920957.000000,914748.000000
837000,7,228664,0.800000,1.000000,0.666946,1.000000,0.000000,0,0.000000,836872.000000,1.000000,830404920957.000000,914748.000000
837000,8,228689,0.800000,1.000000,0.533002,1.000000,0.000000,0,0.000000,836974.000000,1.000000,830404920957.000000,914748.000000
837000,9,222182,0.800000,1.000000,0.725802,1.000000,0.000000,0,0.000000,812585.000000,1.000000,830404920957.000000,914748.000000
837000,10,228695,0.800000,1.000000,0.615130,1.000000,0.000000,0,0.000000,836996.000000,1.000000,830404920957.000000,914748.000000
837000,11,228694,0.800000,1.000000,0.648156,1.000000,0.000000,0,0.000000,836993.000000,1.000000,830404920957.000000,914748.000000
837000,12,228677,0.800000,1.000000,0.678807,1.000000,0.000000,0,0.000000,836908.000000,1.000000,830404920957.000000,914748.000000
837000,13,228680,0.800000,1.000000,0.558844,1.000000,0.000000,0,0.000000,836845.000000,1.000000,830404920957.000000,914748.000000
837000,14,228559,0.800000,1.000000,0.750853,1.000000,0.000000,0,0.000000,836453.000000,1.000000,830404920957.000000,914748.000000
837000,15,228231,0.800000,1.000000,0.588746,1.000000,0.000000,0,0.000000,817615.000000,1.000000,830404920957.000000,914748.000000
838000,0,228121,0.800000,1.000000,0.611004,1.000000,0.000000,0,0.000000,827781.000000,1.000000,832019583868.000000,1831408.000000
838000,1,228611,0.800000,1.000000,0.574783,1.000000,0.000000,0,0.000000,835896.000000,1.000000,832019583868.000000,1831408.000000
838000,2,228816,0.800000,1.000000,0.693600,1.000000,0.000000,0,0.000000,837531.000000,1.000000,832019583868.000000,1831408.000000
838000,3,228923,0.800000,1.000000,0.659231,1.000000,0.000000,0,0.000000,837978.000000,1.000000,832019583868.000000,1831408.000000
838000,4,222925,0.800000,1.000000,0.619987,1.000000,0.000000,0,0.000000,766130.000000,1.000000,832019583868.000000,1831408.000000
838000,5,228927,0.800000,1.000000,0.725745,1.000000,0.000000,1,665367.000000,838000.000000,1.000000,832019583868.000000,1831408.000000
838000,6,228927,0.800000,1.000000,0.553175,1.000000,0.000000,0,0.000000,837967.000000,1.000000,832019583868.000000,1831408.000000
838000,7,228841,0.800000,1.000000,0.686863,1.000000,0.000000,0,0.000000,837642.000000,1.000000,832019583868.000000,1831408.000000
838000,8,228927,0.800000,1.000000,0.636940,1.000000,0.000000,0,0.000000,837997.000000,1.000000,832019583868.000000,1831408.000000
838000,9,222182,0.800000,1.000000,0.725802,1.000000,0.000000,0,0.000000,812585.000000,1.000000,832019583868.000000,1831408.000000
838000,10,228927,0.800000,1.000000,0.675785,1.000000,0.000000,0,0.000000,837999.000000,1.000000,832019583868.000000,1831408.000000
838000,11,228925,0.800000,1.000000,0.674109,1.000000,0.000000,0,0.000000,837965.000000,1.000000,832019583868.000000,1831408.000000
838000,12,228928,0.800000,1.000000,0.728470,1.000000,0.000000,0,0.000000,837996.000000,1.000000,832019583868.000000,1831408.000000
838000,13,228926,0.800000,1.000000,0.442801,1.000000,0.000000,0,0.000000,837988.000000,1.000000,832019583868.000000,1831408.000000
838000,14,228927,0.800000,1.000000,0.688263,1.000000,0.000000,0,0.000000,837998.000000,1.000000,832019583868.000000,1831408.000000
838000,15,228619,0.800000,1.000000,0.666201,1.000000,0.000000,0,0.000000,817615.000000,1.000000,832019583868.000000,1831408.000000
839000,0,228437,0.800000,1.000000,0.778755,1.000000,0.000000,0,0.000000,827781.000000,1.000000,833826442266.000000,1831838.000000
839000,1,228869,0.800000,1.000000,0.554902,1.000000,0.000000,0,0.000000,835896.000000,1.000000,833826442266.000000,1831838.000000
839000,2,229120,0.800000,1.000000,0.602403,1.000000,0.000000,0,0.000000,837531.000000,1.000000,833826442266.000000,1831838.000000
839000,3,229181,0.800000,1.000000,0.685554,1.000000,0.000000,1,671196.000000,839000.000000,1.000000,833826442266.000000,1831838.000000
839000,4,223302,0.800000,1.000000,0.545030,1.000000,0.000000,0,0.000000,766130.000000,1.000000,833826442266.000000,1831838.000000
839000,5,229180,0.800000,1.000000,0.667942,1.000000,0.000000,0,0.000000,838994.000000,1.000000,833826442266.000000,1831838.000000
839000,6,229182,0.800000,1.000000,0.645052,1.000000,0.000000,0,0.000000,838998.000000,1.000000,833826442266.000000,1831838.000000
839000,7,229088,0.800000,1.000000,0.745079,1.000000,0.000000,0,0.000000,837642.000000,1.000000,833826442266.000000,1831838.000000
839000,8,229182,0.800000,1.000000,0.658640,1.000000,0.000000,0,0.000000,838997.000000,1.000000,833826442266.000000,1831838.000000
839000,9,222182,0.800000,1.000000,0.725802,1.000000,0.000000,0,0.000000,812585.000000,1.000000,833826442266.000000,1831838.000000
839000,10,229119,0.800000,1.000000,0.723025,1.000000,0.000000,0,0.000000,838558.000000,1.000000,833826442266.000000,1831838.000000
839000,11,229181,0.800000,1.000000,0.640444,1.000000,0.000000,0,0.000000,838991.000000,1.000000,833826442266.000000,1831838.000000
839000,12,229182,0.800000,1.000000,0.567792,1.000000,0.000000,0,0.000000,838986.000000,1.000000,833826442266.000000,1831838.000000
839000,13,229122,0.800000,1.000000,0.506021,1.000000,0.000000,0,0.000000,838614.000000,1.000000,833826442266.000000,1831838.000000
839000,14,229182,0.800000,1.000000,0.653420,1.000000,0.000000,0,0.000000,838992.000000,1.000000,833826442266.000000,1831838.000000
839000,15,228899,0.800000,1.000000,0.721305,1.000000,0.000000,0,0.000000,817615.000000,1.000000,833826442266.000000,1831838.000000
840000,0,228837,0.800000,1.000000,0.635231,1.000000,0.000000,0,0.000000,827781.000000,1.000000,835414076238.000000,3657322.000000
840000,1,229165,0.800000,1.000000,0.566531,1.000000,0.000000,0,0.000000,835896.000000,1.000000,835414076238.000000,3657322.000000
840000,2,229387,0.800000,1.000000,0.729137,1.000000,0.000000,0,0.000000,839999.000000,1.000000,835414076238.000000,3657322.000000
840000,3,229300,0.800000,1.000000,0.612986,1.000000,0.000000,0,0.000000,839577.000000,1.000000,835414076238.000000,3657322.000000
840000,4,223693,0.800000,1.000000,0.673532,1.000000,0.000000,0,0.000000,766130.000000,1.000000,835414076238.000000,3657322.000000
840000,5,229383,0.800000,1.000000,0.608576,1.000000,0.000000,0,0.000000,839937.000000,1.000000,835414076238.000000,3657322.000000
840000,6,229289,0.800000,1.000000,0.523480,1.000000,0.000000,0,0.000000,839528.000000,1.000000,835414076238.000000,3657322.000000
840000,7,229385,0.800000,1.000000,0.664178,1.000000,0.000000,0,0.000000,839996.000000,1.000000,835414076238.000000,3657322.000000
840000,8,229387,0.800000,1.000000,0.699205,1.000000,0.000000,1,697629.000000,840000.000000,1.000000,835414076238.000000,3657322.000000
840000,9,222182,0.800000,1.000000,0.725802,1.000000,0.000000,0,0.000000,812585.000000,1.000000,835414076238.000000,3657322.000000
840000,10,229366,0.800000,1.000000,0.591462,1.000000,0.000000,0,0.000000,838558.000000,1.000000,835414076238.000000,3657322.000000
840000,11,229387,0.800000,1.000000,0.568045,1.000000,0.000000,0,0.000000,839981.000000,1.000000,835414076238.000000,3657322.000000
840000,12,229387,0.800000,1.000000,0.641186,1.000000,0.000000,0,0.000000,839998.000000,1.000000,835414076238.000000,3657322.000000
840000,13,229122,0.800000,1.000000,0.506021,1.000000,0.000000,0,0.000000,838614.000000,1.000000,835414076238.000000,3657322.000000
840000,14,229388,0.800000,1.000000,0.690740,1.000000,0.000000,0,0.000000,839997.000000,1.000000,835414076238.000000,3657322.000000
840000,15,229224,0.800000,1.000000,0.618240,1.000000,0.000000,0,0.000000,817615.000000,1.000000,835414076238.000000,3657322.000000
841000,0,229188,0.800000,1.000000,0.641110,1.000000,0.000000,0,0.000000,827781.000000,1.000000,837067310611.000000,1377431.000000
841000,1,229489,0.800000,1.000000,0.625024,1.000000,0.000000,0,0.000000,835896.000000,1.000000,837067310611.000000,1377431.000000
841000,2,229614,0.800000,1.000000,0.532872,1.000000,0.000000,0,0.000000,840986.000000,1.000000,837067310611.000000,1377431.000000
841000,3,229612,0.800000,1.000000,0.646093,1.000000,0.000000,0,0.000000,840910.000000,1.000000,837067310611.000000,1377431.000000
841000,4,224015,0.800000,1.000000,0.639581,1.000000,0.000000,0,0.000000,766130.000000,1.000000,837067310611.000000,1377431.000000
841000,5,229614,0.800000,1.000000,0.678318,1.000000,0.000000,0,0.000000,840994.000000,1.000000,837067310611.000000,1377431.000000
841000,6,229368,0.800000,1.000000,0.603133,1.000000,0.000000,0,0.000000,839528.000000,1.000000,837067310611.000000,1377431.000000
841000,7,229614,0.800000,1.000000,0.611238,1.000000,0.000000,0,0.000000,840998.000000,1.000000,837067310611.000000,1377431.000000
841000,8,229614,0.800000,1.000000,0.814669,1.000000,0.000000,0,0.000000,840997.000000,1.000000,837067310611.000000,1377431.000000
841000,9,222182,0.800000,1.000000,0.725802,1.000000,0.000000,0,0.000000,812585.000000,1.000000,837067310611.000000,1377431.000000
841000,10,229612,0.800000,1.000000,0.751066,1.000000,0.000000,0,0.000000,840985.000000,1.000000,837067310611.000000,1377431.000000
841000,11,229614,0.800000,1.000000,0.530080,1.000000,0.000000,0,0.000000,840991.000000,1.000000,837067310611.000000,1377431.000000
841000,12,229612,0.800000,1.000000,0.632262,1.000000,0.000000,0,0.000000,840944.000000,1.000000,837067310611.000000,1377431.000000
841000,13,229122,0.800000,1.000000,0.506021,1.000000,0.000000,0,0.000000,838614.000000,1.000000,837067310611.000000,1377431.000000
841000,14,229614,0.800000,1.000000,0.605279,1.000000,0.000000,1,679601.000000,841000.000000,1.000000,837067310611.000000,1377431.000000
841000,15,229609,0.800000,1.000000,0.593454,1.000000,0.000000,0,0.000000,817615.000000,1.000000,837067310611.000000,1377431.000000
842000,0,229506,0.800000,1.000000,0.731889,1.000000,0.000000,0,0.000000,827781.000000,1.000000,838795008442.000000,459659.000000
842000,1,229836,0.800000,1.000000,0.636150,1.000000,0.000000,0,0.000000,841944.000000,1.000000,838795008442.000000,459659.000000
842000,2,229839,0.800000,1.000000,0.533358,1.000000,0.000000,0,0.000000,841945.000000,1.000000,838795008442.000000,459659.000000
842000,3,229845,0.800000,1.000000,0.630255,1.000000,0.000000,0,0.000000,841943.000000,1.000000,838795008442.000000,459659.000000
842000,4,224423,0.800000,1.000000,0.456582,1.000000,0.000000,0,0.000000,766130.000000,1.000000,838795008442.000000,459659.000000
842000,5,229846,0.800000,1.000000,0.642530,1.000000,0.000000,0,0.000000,841994.000000,1.000000,838795008442.000000,459659.000000
842000,6,229761,0.800000,1.000000,0.579817,1.000000,0.000000,0,0.000000,839528.000000,1.000000,838795008442.000000,459659.000000
842000,7,229843,0.800000,1.000000,0.693641,1.000000,0.000000,0,0.000000,841798.000000,1.000000,838795008442.000000,459659.000000
842000,8,229846,0.800000,1.000000,0.609433,1.000000,0.000000,0,0.000000,841999.000000,1.000000,838795008442.000000,459659.000000
842000,9,222182,0.800000,1.000000,0.725802,1.000000,0.000000,0,0.000000,812585.000000,1.000000,838795008442.000000,459659.000000
842000,10,229831,0.800000,1.000000,0.575445,1.000000,0.000000,0,0.000000,841893.000000,1.000000,838795008442.000000,459659.000000
842000,11,229846,0.800000,1.000000,0.749772,1.000000,0.000000,1,712239.000000,842000.000000,1.000000,838795008442.000000,459659.000000
842000,12,229846,0.800000,1.000000,0.691120,1.000000,0.000000,0,0.000000,841997.000000,1.000000,838795008442.000000,459659.000000
842000,13,229122,0.800000,1.000000,0.506021,1.000000,0.000000,0,0.000000,838614.000000,1.000000,838795008442.000000,459659.000000
842000,14,229846,0.800000,1.000000,0.692875,1.000000,0.000000,0,0.000000,841987.000000,1.000000,838795008442.000000,459659.000000
842000,15,229846,0.800000,1.000000,0.591859,1.000000,0.000000,0,0.000000,841972.000000,1.000000,838795008442.000000,459659.000000
843000,0,229766,0.800000,1.000000,0.696617,1.000000,0.000000,0,0.000000,827781.000000,1.000000,840447312961.000000,1379841.000000
843000,1,230100,0.800000,1.000000,0.721887,1.000000,0.000000,0,0.000000,842997.000000,1.000000,840447312961.000000,1379841.000000
843000,2,230100,0.800000,1.000000,0.582306,1.000000,0.000000,0,0.000000,842993.000000,1.000000,840447312961.000000,1379841.000000
843000,3,230100,0.800000,1.000000,0.642378,1.000000,0.000000,0,0.000000,842991.000000,1.000000,840447312961.000000,1379841.000000
843000,4,224682,0.800000,1.000000,0.621598,1.000000,0.000000,0,0.000000,766130.000000,1.000000,840447312961.000000,1379841.000000
843000,5,230091,0.800000,1.000000,0.594109,1.000000,0.000000,0,0.000000,842899.000000,1.000000,840447312961.000000,1379841.000000
843000,6,230056,0.800000,1.000000,0.647890,1.000000,0.000000,0,0.000000,839528.000000,1.000000,840447312961.000000,1379841.000000
843000,7,230101,0.800000,1.000000,0.643139,1.000000,0.000000,0,0.000000,842999.000000,1.000000,840447312961.000000,1379841.000000
843000,8,230101,0.800000,1.000000,0.632687,1.000000,0.000000,0,0.000000,842998.000000,1.000000,840447312961.000000,1379841.000000
843000,9,222182,0.800000,1.000000,0.725802,1.000000,0.000000,0,0.000000,812585.000000,1.000000,840447312961.000000,1379841.000000
843000,10,230101,0.800000,1.000000,0.749580,1.000000,0.000000,1,682680.000000,843000.000000,1.000000,840447312961.000000,1379841.000000
843000,11,230099,0.800000,1.000000,0.627220,1.000000,0.000000,0,0.000000,842990.000000,1.000000,840447312961.000000,1379841.000000
843000,12,230098,0.800000,1.000000,0.629725,1.000000,0.000000,0,0.000000,842981.000000,1.000000,840447312961.000000,1379841.000000
843000,13,229122,0.800000,1.000000,0.506021,1.000000,0.000000,0,0.000000,838614.000000,1.000000,840447312961.000000,1379841.000000
843000,14,230092,0.800000,1.000000,0.717408,1.000000,0.000000,0,0.000000,842965.000000,1.000000,840447312961.000000,1379841.000000
843000,15,230072,0.800000,1.000000,0.515957,1.000000,0.000000,0,0.000000,842452.000000,1.000000,840447312961.000000,1379841.000000
844000,0,230151,0.800000,1.000000,0.588738,1.000000,0.000000,0,0.000000,827781.000000,1.000000,842272362776.000000,3214095.000000
844000,1,230368,0.800000,1.000000,0.688969,1.000000,0.000000,1,686276.000000,844000.000000,1.000000,842272362776.000000,3214095.000000
844000,2,230362,0.800000,1.000000,0.551116,1.000000,0.000000,0,0.000000,843729.000000,1.000000,842272362776.000000,3214095.000000
844000,3,230365,0.800000,1.000000,0.543339,1.000000,0.000000,0,0.000000,843987.000000,1.000000,842272362776.000000,3214095.000000
844000,4,225067,0.800000,1.000000,0.680557,1.000000,0.000000,0,0.000000,766130.000000,1.000000,842272362776.000000,3214095.000000
844000,5,230368,0.800000,1.000000,0.509199,1.000000,0.000000,0,0.000000,843991.000000,1.000000,842272362776.000000,3214095.000000
844000,6,230329,0.800000,1.000000,0.603707,1.000000,0.000000,0,0.000000,839528.000000,1.000000,842272362776.000000,3214095.000000
844000,7,230369,0.800000,1.000000,0.730346,1.000000,0.000000,0,0.000000,843997.000000,1.000000,842272362776.000000,3214095.000000
844000,8,230368,0.800000,1.000000,0.714242,1.000000,0.000000,0,0.000000,843983.000000,1.000000,842272362776.000000,3214095.000000
844000,9,222182,0.800000,1.000000,0.725802,1.000000,0.000000,0,0.000000,812585.000000,1.000000,842272362776.000000,3214095.000000
844000,10,230357,0.800000,1.000000,0.586621,1.000000,0.000000,0,0.000000,843959.000000,1.000000,842272362776.000000,3214095.000000
844000,11,230368,0.800000,1.000000,0.716574,1.000000,0.000000,0,0.000000,843994.000000,1.000000,842272362776.000000,3214095.000000
844000,12,230365,0.800000,1.000000,0.672437,1.000000,0.000000,0,0.000000,843939.000000,1.000000,842272362776.000000,3214095.000000
844000,13,229122,0.800000,1.000000,0.506021,1.000000,0.000000,0,0.000000,838614.000000,1.000000,842272362776.000000,3214095.000000
844000,14,230326,0.800000,1.000000,0.561959,1.000000,0.000000,0,0.000000,843829.000000,1.000000,842272362776.000000,3214095.000000
844000,15,230369,0.800000,1.000000,0.660462,1.000000,0.000000,0,0.000000,843998.000000,1.000000,842272362776.000000,3214095.000000
845000,0,230472,0.800000,1.000000,0.461713,1.000000,0.000000,0,0.000000,827781.000000,1.000000,844066725924.000000,450953.000000
845000,1,230635,0.800000,1.000000,0.656315,1.000000,0.000000,0,0.000000,844986.000000,1.000000,844066725924.000000,450953.000000
845000,2,230636,0.800000,1.000000,0.642040,1.000000,0.000000,0,0.000000,844999.000000,1.000000,844066725924.000000,450953.000000
845000,3,230632,0.800000,1.000000,0.647947,1.000000,0.000000,0,0.000000,844915.000000,1.000000,844066725924.000000,450953.000000
845000,4,225477,0.800000,1.000000,0.624318,1.000000,0.000000,0,0.000000,766130.000000,1.000000,844066725924.000000,450953.000000
845000,5,230637,0.800000,1.000000,0.606284,1.000000,0.000000,0,0.000000,844998.000000,1.000000,844066725924.000000,450953.000000
845000,6,230635,0.800000,1.000000,0.653896,1.000000,0.000000,0,0.000000,844987.000000,1.000000,844066725924.000000,450953.000000
845000,7,230580,0.800000,1.000000,0.712662,1.000000,0.000000,0,0.000000,844474.000000,1.000000,844066725924.000000,450953.000000
845000,8,230611,0.800000,1.000000,0.609353,1.000000,0.000000,0,0.000000,844794.000000,1.000000,844066725924.000000,450953.000000
845000,9,222182,0.800000,1.000000,0.725802,1.000000,0.000000,0,0.000000,812585.000000,1.000000,844066725924.000000,450953.000000
845000,10,230637,0.800000,1.000000,0.602110,1.000000,0.000000,1,684058.000000,845000.000000,1.000000,844066725924.000000,450953.000000
845000,11,230630,0.800000,1.000000,0.640861,1.000000,0.000000,0,0.000000,844862.000000,1.000000,844066725924.000000,450953.000000
845000,12,230583,0.800000,1.000000,0.625163,1.000000,0.000000,0,0.000000,844180.000000,1.000000,844066725924.000000,450953.000000
845000,13,229122,0.800000,1.000000,0.506021,1.000000,0.000000,0,0.000000,838614.000000,1.000000,844066725924.000000,450953.000000
845000,14,230633,0.800000,1.000000,0.619920,1.000000,0.000000,0,0.000000,844714.000000,1.000000,844066725924.000000,450953.000000
845000,15,230636,0.800000,1.000000,0.671681,1.000000,0.000000,0,0.000000,844994.000000,1.000000,844066725924.000000,450953.000000
846000,0,230866,0.800000,1.000000,0.571184,1.000000,0.000000,0,0.000000,827781.000000,1.000000,845856391359.000000,923574.000000
846000,1,230894,0.800000,1.000000,0.632863,1.000000,0.000000,0,0.000000,845964.000000,1.000000,845856391359.000000,923574.000000
846000,2,230895,0.800000,1.000000,0.752608,1.000000,0.000000,1,699194.000000,846000.000000,1.000000,845856391359.000000,923574.000000
846000,3,230889,0.800000,1.000000,0.635235,1.000000,0.000000,0,0.000000,845450.000000,1.000000,845856391359.000000,923574.000000
846000,4,225793,0.800000,1.000000,0.644241,1.000000,0.000000,0,0.000000,766130.000000,1.000000,845856391359.000000,923574.000000
846000,5,230895,0.800000,1.000000,0.667386,1.000000,0.000000,0,0.000000,845992.000000,1.000000,845856391359.000000,923574.000000
846000,6,230894,0.800000,1.000000,0.725597,1.000000,0.000000,0,0.000000,845990.000000,1.000000,845856391359.000000,923574.000000
846000,7,230880,0.800000,1.000000,0.791765,1.000000,0.000000,0,0.000000,844474.000000,1.000000,845856391359.000000,923574.000000
846000,8,230866,0.800000,1.000000,0.639651,1.000000,0.000000,0,0.000000,844794.000000,1.000000,845856391359.000000,923574.000000
846000,9,222182,0.800000,1.000000,0.725802,1.000000,0.000000,0,0.000000,812585.000000,1.000000,845856391359.000000,923574.000000
846000,10,230895,0.800000,1.000000,0.722270,1.000000,0.000000,0,0.000000,845996.000000,1.000000,845856391359.000000,923574.000000
846000,11,230893,0.800000,1.000000,0.546393,1.000000,0.000000,0,0.000000,845967.000000,1.000000,845856391359.000000,923574.000000
846000,12,230882,0.800000,1.000000,0.544160,1.000000,0.000000,0,0.000000,845745.000000,1.000000,845856391359.000000,923574.000000
846000,13,229122,0.800000,1.000000,0.506021,1.000000,0.000000,0,0.000000,838614.000000,1.000000,845856391359.000000,923574.000000
846000,14,230895,0.800000,1.000000,0.748522,1.000000,0.000000,0,0.000000,845999.000000,1.000000,845856391359.000000,923574.000000
846000,15,230882,0.800000,1.000000,0.565765,1.000000,0.000000,0,0.000000,845937.000000,1.000000,845856391359.000000,923574.000000
847000,0,231176,0.800000,1.000000,0.609062,1.000000,0.000000,0,0.000000,846991.000000,1.000000,847632452545.000000,462053.000000
847000,1,231175,0.800000,1.000000,0.728757,1.000000,0.000000,0,0.000000,846994.000000,1.000000,847632452545.000000,462053.000000
847000,2,231174,0.800000,1.000000,0.556131,1.000000,0.000000,0,0.000000,846948.000000,1.000000,847632452545.000000,462053.000000
847000,3,231171,0.800000,1.000000,0.674313,1.000000,0.000000,0,0.000000,846980.000000,1.000000,847632452545.000000,462053.000000
847000,4,226164,0.800000,1.000000,0.623609,1.000000,0.000000,0,0.000000,766130.000000,1.000000,847632452545.000000,462053.000000
847000,5,231158,0.800000,1.000000,0.560579,1.000000,0.000000,0,0.000000,846406.000000,1.000000,847632452545.000000,462053.000000
847000,6,231173,0.800000,1.000000,0.644822,1.000000,0.000000,0,0.000000,846988.000000,1.000000,847632452545.000000,462053.000000
847000,7,231175,0.800000,1.000000,0.635171,1.000000,0.000000,0,0.000000,846998.000000,1.000000,847632452545.000000,462053.000000
847000,8,231176,0.800000,1.000000,0.614855,1.000000,0.000000,0,0.000000,846990.000000,1.000000,847632452545.000000,462053.000000
847000,9,222182,0.800000,1.000000,0.725802,1.000000,0.000000,0,0.000000,812585.000000,1.000000,847632452545.000000,462053.000000
847000,10,231176,0.800000,1.000000,0.642610,1.000000,0.000000,0,0.000000,846993.000000,1.000000,847632452545.000000,462053.000000
847000,11,231176,0.800000,1.000000,0.655660,1.000000,0.000000,1,716292.000000,847000.000000,1.000000,847632452545.000000,462053.000000
847000,12,231118,0.800000,1.000000,0.686954,1.000000,0.000000,0,0.000000,846270.000000,1.000000,847632452545.000000,462053.000000
847000,13,229122,0.800000,1.000000,0.506021,1.000000,0.000000,0,0.000000,838614.000000,1.000000,847632452545.000000,462053.000000
847000,14,231027,0.800000,1.000000,0.670364,1.000000,0.000000,0,0.000000,846143.000000,1.000000,847632452545.000000,462053.000000
847000,15,231132,0.800000,1.000000,0.693492,1.000000,0.000000,0,0.000000,846842.000000,1.000000,847632452545.000000,462053.000000
848000,0,231435,0.800000,1.000000,0.711987,1.000000,0.000000,0,0.000000,847212.000000,1.000000,849533428494.000000,1851486.000000
848000,1,231441,0.800000,1.000000,0.629088,1.000000,0.000000,1,688920.000000,848000.000000,1.000000,849533428494.000000,1851486.000000
848000,2,231439,0.800000,1.000000,0.568995,1.000000,0.000000,0,0.000000,847960.000000,1.000000,849533428494.000000,1851486.000000
848000,3,231442,0.800000,1.000000,0.601109,1.000000,0.000000,0,0.000000,847981.000000,1.000000,849533428494.000000,1851486.000000
848000,4,226614,0.800000,1.000000,0.603972,1.000000,0.000000,0,0.000000,766130.000000,1.000000,849533428494.000000,1851486.000000
848000,5,231440,0.800000,1.000000,0.666621,1.000000,0.000000,0,0.000000,847988.000000,1.000000,849533428494.000000,1851486.000000
848000,6,231442,0.800000,1.000000,0.754771,1.000000,0.000000,0,0.000000,847993.000000,1.000000,849533428494.000000,1851486.000000
848000,7,231437,0.800000,1.000000,0.656026,1.000000,0.000000,0,0.000000,847846.000000,1.000000,849533428494.000000,1851486.000000
848000,8,231442,0.800000,1.000000,0.665413,1.000000,0.000000,0,0.000000,847999.000000,1.000000,849533428494.000000,1851486.000000
848000,9,222182,0.800000,1.000000,0.725802,1.000000,0.000000,0,0.000000,812585.000000,1.000000,849533428494.000000,1851486.000000
848000,10,231442,0.800000,1.000000,0.656392,1.000000,0.000000,0,0.000000,847995.000000,1.000000,849533428494.000000,1851486.000000
848000,11,231433,0.800000,1.000000,0.609050,1.000000,0.000000,0,0.000000,847736.000000,1.000000,849533428494.000000,1851486.000000
848000,12,231404,0.800000,1.000000,0.667065,1.000000,0.000000,0,0.000000,847763.000000,1.000000,849533428494.000000,1851486.000000
848000,13,229122,0.800000,1.000000,0.506021,1.000000,0.000000,0,0.000000,838614.000000,1.000000,849533428494.000000,1851486.000000
848000,14,231437,0.800000,1.000000,0.666525,1.000000,0.000000,0,0.000000,847973.000000,1.000000,849533428494.000000,1851486.000000
848000,15,231442,0.800000,1.000000,0.703309,1.000000,0.000000,0,0.000000,847996.000000,1.000000,849533428494.000000,1851486.000000
849000,0,231720,0.800000,1.000000,0.571261,1.000000,0.000000,0,0.000000,848981.000000,1.000000,851306159727.000000,1844240.000000
849000,1,231722,0.800000,1.000000,0.646781,1.000000,0.000000,0,0.000000,848999.000000,1.000000,851306159727.000000,1844240.000000
849000,2,231720,0.800000,1.000000,0.643950,1.000000,0.000000,0,0.000000,848994.000000,1.000000,851306159727.000000,1844240.000000
849000,3,231579,0.800000,1.000000,0.611718,1.000000,0.000000,0,0.000000,848142.000000,1.000000,851306159727.000000,1844240.000000
849000,4,226973,0.800000,1.000000,0.678511,1.000000,0.000000,0,0.000000,766130.000000,1.000000,851306159727.000000,1844240.000000
849000,5,231705,0.800000,1.000000,0.604692,1.000000,0.000000,0,0.000000,848748.000000,1.000000,851306159727.000000,1844240.000000
849000,6,231711,0.800000,1.000000,0.707564,1.000000,0.000000,0,0.000000,848799.000000,1.000000,851306159727.000000,1844240.000000
849000,7,231722,0.800000,1.000000,0.608654,1.000000,0.000000,0,0.000000,848995.000000,1.000000,851306159727.000000,1844240.000000
849000,8,231691,0.800000,1.000000,0.498251,1.000000,0.000000,0,0.000000,848873.000000,1.000000,851306159727.000000,1844240.000000
849000,9,222182,0.800000,1.000000,0.725802,1.000000,0.000000,0,0.000000,812585.000000,1.000000,851306159727.000000,1844240.000000
849000,10,231722,0.800000,1.000000,0.499625,1.000000,0.000000,0,0.000000,848996.000000,1.000000,851306159727.000000,1844240.000000
849000,11,231709,0.800000,1.000000,0.764433,1.000000,0.000000,0,0.000000,848714.000000,1.000000,851306159727.000000,1844240.000000
849000,12,231722,0.800000,1.000000,0.624128,1.000000,0.000000,1,678439.000000,849000.000000,1.000000,851306159727.000000,1844240.000000
849000,13,229122,0.800000,1.000000,0.506021,1.000000,0.000000,0,0.000000,838614.000000,1.000000,851306159727.000000,1844240.000000
849000,14,231721,0.800000,1.000000,0.606302,1.000000,0.000000,0,0.000000,848998.000000,1.000000,851306159727.000000,1844240.000000
849000,15,231708,0.800000,1.000000,0.706674,1.000000,0.000000,0,0.000000,848940.000000,1.000000,851306159727.000000,1844240.000000
850000,0,231988,0.800000,1.000000,0.822235,1.000000,0.000000,1,684298.000000,850000.000000,1.000000,853068217005.000000,2310167.000000
850000,1,231986,0.800000,1.000000,0.567917,1.000000,0.000000,0,0.000000,849899.000000,1.000000,853068217005.000000,2310167.000000
850000,2,231987,0.800000,1.000000,0.545281,1.000000,0.000000,0,0.000000,849949.000000,1.000000,853068217005.000000,2310167.000000
850000,3,231758,0.800000,1.000000,0.648095,1.000000,0.000000,0,0.000000,848142.000000,1.000000,853068217005.000000,2310167.000000
850000,4,227362,0.800000,1.000000,0.506947,1.000000,0.000000,0,0.000000,766130.000000,1.000000,853068217005.000000,2310167.000000
850000,5,231987,0.800000,1.000000,0.574899,1.000000,0.000000,0,0.000000,849996.000000,1.000000,853068217005.000000,2310167.000000
850000,6,231985,0.800000,1.000000,0.650466,1.000000,0.000000,0,0.000000,849781.000000,1.000000,853068217005.000000,2310167.000000
850000,7,231985,0.800000,1.000000,0.653279,1.000000,0.000000,0,0.000000,849985.000000,1.000000,853068217005.000000,2310167.000000
850000,8,231965,0.800000,1.000000,0.614081,1.000000,0.000000,0,0.000000,849532.000000,1.000000,853068217005.000000,2310167.000000
850000,9,222182,0.800000,1.000000,0.725802,1.000000,0.000000,0,0.000000,812585.000000,1.000000,853068217005.000000,2310167.000000
850000,10,231981,0.800000,1.000000,0.611771,1.000000,0.000000,0,0.000000,849625.000000,1.000000,853068217005.000000,2310167.000000
850000,11,231989,0.800000,1.000000,0.592445,1.000000,0.000000,0,0.000000,849990.000000,1.000000,853068217005.000000,2310167.000000
850000,12,231988,0.800000,1.000000,0.605335,1.000000,0.000000,0,0.000000,849997.000000,1.000000,853068217005.000000,2310167.000000
850000,13,229122,0.800000,1.000000,0.506021,1.000000,0.000000,0,0.000000,838614.000000,1.000000,853068217005.000000,2310167.000000
850000,14,231983,0.800000,1.000000,0.661231,1.000000,0.000000,0,0.000000,849981.000000,1.000000,853068217005.000000,2310167.000000
850000,15,231989,0.800000,1.000000,0.632815,1.000000,0.000000,0,0.000000,849999.000000,1.000000,853068217005.000000,2310167.000000
851000,0,232251,0.800000,1.000000,0.591792,1.000000,0.000000,0,0.000000,850999.000000,1.000000,854845288808.000000,1857730.000000
851000,1,232250,0.800000,1.000000,0.719130,1.000000,0.000000,0,0.000000,850960.000000,1.000000,854845288808.000000,1857730.000000
851000,2,232249,0.800000,1.000000,0.535370,1.000000,0.000000,0,0.000000,850988.000000,1.000000,854845288808.000000,1857730.000000
851000,3,232113,0.800000,1.000000,0.539652,1.000000,0.000000,0,0.000000,848142.000000,1.000000,854845288808.000000,1857730.000000
851000,4,227703,0.800000,1.000000,0.685924,1.000000,0.000000,0,0.000000,766130.000000,1.000000,854845288808.000000,1857730.000000
851000,5,232251,0.800000,1.000000,0.672901,1.000000,0.000000,1,675468.000000,851000.000000,1.000000,854845288808.000000,1857730.000000
851000,6,232208,0.800000,1.000000,0.599602,1.000000,0.000000,0,0.000000,850739.000000,1.000000,854845288808.000000,1857730.000000
851000,7,232250,0.800000,1.000000,0.589568,1.000000,0.000000,0,0.000000,850998.000000,1.000000,854845288808.000000,1857730.000000
851000,8,232248,0.800000,1.000000,0.609554,1.000000,0.000000,0,0.000000,850852.000000,1.000000,854845288808.000000,1857730.000000
851000,9,222182,0.800000,1.000000,0.725802,1.000000,0.000000,0,0.000000,812585.000000,1.000000,854845288808.000000,1857730.000000
851000,10,232251,0.800000,1.000000,0.665218,1.000000,0.000000,0,0.000000,850996.000000,1.000000,854845288808.000000,1857730.000000
851000,11,232247,0.800000,1.000000,0.615602,1.000000,0.000000,0,0.000000,850938.000000,1.000000,854845288808.000000,1857730.000000
851000,12,232252,0.800000,1.000000,0.648290,1.000000,0.000000,0,0.000000,850989.000000,1.000000,854845288808.000000,1857730.000000
851000,13,229122,0.800000,1.000000,0.506021,1.000000,0.000000,0,0.000000,838614.000000,1.000000,854845288808.000000,1857730.000000
851000,14,232251,0.800000,1.000000,0.701571,1.000000,0.000000,0,0.000000,850985.000000,1.000000,854845288808.000000,1857730.000000
851000,15,232244,0.800000,1.000000,0.703932,1.000000,0.000000,0,0.000000,850965.000000,1.000000,854845288808.000000,1857730.000000
852000,0,232499,0.800000,1.000000,0.713901,1.000000,0.000000,0,0.000000,851998.000000,1.000000,856527923344.000000,1386025.000000
852000,1,232491,0.800000,1.000000,0.596679,1.000000,0.000000,0,0.000000,851886.000000,1.000000,856527923344.000000,1386025.000000
852000,2,232499,0.800000,1.000000,0.623916,1.000000,0.000000,1,703445.000000,852000.000000,1.000000,856527923344.000000,1386025.000000
852000,3,232442,0.800000,1.000000,0.617961,1.000000,0.000000,0,0.000000,848142.000000,1.000000,856527923344.000000,1386025.000000
852000,4,228079,0.800000,1.000000,0.730307,1.000000,0.000000,0,0.000000,766130.000000,1.000000,856527923344.000000,1386025.000000
852000,5,232495,0.800000,1.000000,0.591631,1.000000,0.000000,0,0.000000,851962.000000,1.000000,856527923344.000000,1386025.000000
852000,6,232485,0.800000,1.000000,0.665154,1.000000,0.000000,0,0.000000,851821.000000,1.000000,856527923344.000000,1386025.000000
852000,7,232483,0.800000,1.000000,0.622231,1.000000,0.000000,0,0.000000,851931.000000,1.000000,856527923344.000000,1386025.000000
852000,8,232493,0.800000,1.000000,0.597507,1.000000,0.000000,0,0.000000,851644.000000,1.000000,856527923344.000000,1386025.000000
852000,9,222182,0.800000,1.000000,0.725802,1.000000,0.000000,0,0.000000,812585.000000,1.000000,856527923344.000000,1386025.000000
852000,10,232494,0.800000,1.000000,0.697446,1.000000,0.000000,0,0.000000,851899.000000,1.000000,856527923344.000000,1386025.000000
852000,11,232498,0.800000,1.000000,0.696547,1.000000,0.000000,0,0.000000,851989.000000,1.000000,856527923344.000000,1386025.000000
852000,12,232462,0.800000,1.000000,0.579714,1.000000,0.000000,0,0.000000,851079.000000,1.000000,856527923344.000000,1386025.000000
852000,13,229122,0.800000,1.000000,0.506021,1.000000,0.000000,0,0.000000,838614.000000,1.000000,856527923344.000000,1386025.000000
852000,14,232500,0.800000,1.000000,0.641218,1.000000,0.000000,0,0.000000,851997.000000,1.000000,856527923344.000000,1386025.000000
852000,15,232476,0.800000,1.000000,0.616214,1.000000,0.000000,0,0.000000,851818.000000,1.000000,856527923344.000000,1386025.000000
853000,0,232757,0.800000,1.000000,0.687553,1.000000,0.000000,0,0.000000,852992.000000,1.000000,858282383542.000000,1862062.000000
853000,1,232759,0.800000,1.000000,0.584576,1.000000,0.000000,0,0.000000,852987.000000,1.000000,858282383542.000000,1862062.000000
853000,2,232760,0.800000,1.000000,0.632858,1.000000,0.000000,0,0.000000,852999.000000,1.000000,858282383542.000000,1862062.000000
853000,3,232760,0.800000,1.000000,0.634219,1.000000,0.000000,1,682826.000000,853000.000000,1.000000,858282383542.000000,1862062.000000
853000,4,228446,0.800000,1.000000,0.640555,1.000000,0.000000,0,0.000000,766130.000000,1.000000,858282383542.000000,1862062.000000
853000,5,232755,0.800000,1.000000,0.648148,1.000000,0.000000,0,0.000000,852977.000000,1.000000,858282383542.000000,1862062.000000
853000,6,232704,0.800000,1.000000,0.472365,1.000000,0.000000,0,0.000000,852497.000000,1.000000,858282383542.000000,1862062.000000
853000,7,232760,0.800000,1.000000,0.658338,1.000000,0.000000,0,0.000000,852998.000000,1.000000,858282383542.000000,1862062.000000
853000,8,232735,0.800000,1.000000,0.668306,1.000000,0.000000,0,0.000000,852852.000000,1.000000,858282383542.000000,1862062.000000
853000,9,222182,0.800000,1.000000,0.725802,1.000000,0.000000,0,0.000000,812585.000000,1.000000,858282383542.000000,1862062.000000
853000,10,232760,0.800000,1.000000,0.546547,1.000000,0.000000,0,0.000000,852957.000000,1.000000,858282383542.000000,1862062.000000
853000,11,232754,0.800000,1.000000,0.459540,1.000000,0.000000,0,0.000000,852938.000000,1.000000,858282383542.000000,1862062.000000
853000,12,232705,0.800000,1.000000,0.658074,1.000000,0.000000,0,0.000000,852780.000000,1.000000,858282383542.000000,1862062.000000
853000,13,229122,0.800000,1.000000,0.506021,1.000000,0.000000,0,0.000000,838614.000000,1.000000,858282383542.000000,1862062.000000
853000,14,232760,0.800000,1.000000,0.469644,1.000000,0.000000,0,0.000000,852981.000000,1.000000,858282383542.000000,1862062.000000
853000,15,232759,0.800000,1.000000,0.719843,1.000000,0.000000,0,0.000000,852995.000000,1.000000,858282383542.000000,1862062.000000
854000,0,233018,0.800000,1.000000,0.554212,1.000000,0.000000,0,0.000000,853955.000000,1.000000,859886367287.000000,2330261.000000
854000,1,233026,0.800000,1.000000,0.730941,1.000000,0.000000,0,0.000000,853827.000000,1.000000,859886367287.000000,2330261.000000
854000,2,233027,0.800000,1.000000,0.688778,1.000000,0.000000,0,0.000000,853998.000000,1.000000,859886367287.000000,2330261.000000
854000,3,232913,0.800000,1.000000,0.616659,1.000000,0.000000,0,0.000000,853549.000000,1.000000,859886367287.000000,2330261.000000
854000,4,228732,0.800000,1.000000,0.663302,1.000000,0.000000,0,0.000000,766130.000000,1.000000,859886367287.000000,2330261.000000
854000,5,233022,0.800000,1.000000,0.762995,1.000000,0.000000,0,0.000000,853984.000000,1.000000,859886367287.000000,2330261.000000
854000,6,233025,0.800000,1.000000,0.522765,1.000000,0.000000,0,0.000000,853986.000000,1.000000,859886367287.000000,2330261.000000
854000,7,233027,0.800000,1.000000,0.678088,1.000000,0.000000,0,0.000000,853907.000000,1.000000,859886367287.000000,2330261.000000
854000,8,233026,0.800000,1.000000,0.606714,1.000000,0.000000,0,0.000000,853991.000000,1.000000,859886367287.000000,2330261.000000
854000,9,222182,0.800000,1.000000,0.725802,1.000000,0.000000,0,0.000000,812585.000000,1.000000,859886367287.000000,2330261.000000
854000,10,233027,0.800000,1.000000,0.613657,1.000000,0.000000,0,0.000000,853999.000000,1.000000,859886367287.000000,2330261.000000
854000,11,233026,0.800000,1.000000,0.554816,1.000000,0.000000,0,0.000000,853987.000000,1.000000,859886367287.000000,2330261.000000
854000,12,232705,0.800000,1.000000,0.658074,1.000000,0.000000,0,0.000000,852780.000000,1.000000,859886367287.000000,2330261.000000
854000,13,229122,0.800000,1.000000,0.506021,1.000000,0.000000,0,0.000000,838614.000000,1.000000,859886367287.000000,2330261.000000
854000,14,233022,0.800000,1.000000,0.564536,1.000000,0.000000,0,0.000000,853969.000000,1.000000,859886367287.000000,2330261.000000
854000,15,233027,0.800000,1.000000,0.607295,1.000000,0.000000,1,704859.000000,854000.000000,1.000000,859886367287.000000,2330261.000000
855000,0,233279,0.800000,1.000000,0.659917,1.000000,0.000000,0,0.000000,854995.000000,1.000000,861469828396.000000,2799064.000000
855000,1,233280,0.800000,1.000000,0.617544,1.000000,0.000000,0,0.000000,854996.000000,1.000000,861469828396.000000,2799064.000000
855000,2,233281,0.800000,1.000000,0.585031,1.000000,0.000000,0,0.000000,854998.000000,1.000000,861469828396.000000,2799064.000000
855000,3,233176,0.800000,1.000000,0.480200,1.000000,0.000000,0,0.000000,853549.000000,1.000000,861469828396.000000,2799064.000000
855000,4,229123,0.800000,1.000000,0.648595,1.000000,0.000000,0,0.000000,766130.000000,1.000000,861469828396.000000,2799064.000000
855000,5,233272,0.800000,1.000000,0.747354,1.000000,0.000000,0,0.000000,854966.000000,1.000000,861469828396.000000,2799064.000000
855000,6,233270,0.800000,1.000000,0.661356,1.000000,0.000000,0,0.000000,854871.000000,1.000000,861469828396.000000,2799064.000000
855000,7,233271,0.800000,1.000000,0.563202,1.000000,0.000000,0,0.000000,854582.000000,1.000000,861469828396.000000,2799064.000000
855000,8,233281,0.800000,1.000000,0.617001,1.000000,0.000000,0,0.000000,854999.000000,1.000000,861469828396.000000,2799064.000000
855000,9,222182,0.800000,1.000000,0.725802,1.000000,0.000000,0,0.000000,812585.000000,1.000000,861469828396.000000,2799064.000000
855000,10,233280,0.800000,1.000000,0.599241,1.000000,0.000000,0,0.000000,854992.000000,1.000000,861469828396.000000,2799064.000000
855000,11,233247,0.800000,1.000000,0.591311,1.000000,0.000000,0,0.000000,854380.000000,1.000000,861469828396.000000,2799064.000000
855000,12,232705,0.800000,1.000000,0.658074,1.000000,0.000000,0,0.000000,852780.000000,1.000000,861469828396.000000,2799064.000000
855000,13,229122,0.800000,1.000000,0.506021,1.000000,0.000000,0,0.000000,838614.000000,1.000000,861469828396.000000,2799064.000000
855000,14,233280,0.800000,1.000000,0.516960,1.000000,0.000000,0,0.000000,854976.000000,1.000000,861469828396.000000,2799064.000000
855000,15,233281,0.800000,1.000000,0.527966,1.000000,0.000000,1,705628.000000,855000.000000,1.000000,861469828396.000000,2799064.000000
856000,0,233524,0.800000,1.000000,0.499753,1.000000,0.000000,0,0.000000,855525.000000,1.000000,863115386514.000000,1401281.000000
856000,1,233391,0.800000,1.000000,0.705406,1.000000,0.000000,0,0.000000,855366.000000,1.000000,863115386514.000000,1401281.000000
856000,2,233539,0.800000,1.000000,0.451773,1.000000,0.000000,0,0.000000,855837.000000,1.000000,863115386514.000000,1401281.000000
856000,3,233506,0.800000,1.000000,0.552412,1.000000,0.000000,0,0.000000,853549.000000,1.000000,863115386514.000000,1401281.000000
856000,4,229512,0.800000,1.000000,0.696470,1.000000,0.000000,0,0.000000,766130.000000,1.000000,863115386514.000000,1401281.000000
856000,5,233551,0.800000,1.000000,0.663681,1.000000,0.000000,0,0.000000,855994.000000,1.000000,863115386514.000000,1401281.000000
856000,6,233551,0.800000,1.000000,0.658492,1.000000,0.000000,1,713725.000000,856000.000000,1.000000,863115386514.000000,1401281.000000
856000,7,233551,0.800000,1.000000,0.585154,1.000000,0.000000,0,0.000000,855992.000000,1.000000,863115386514.000000,1401281.000000
856000,8,233540,0.800000,1.000000,0.578747,1.000000,0.000000,0,0.000000,855810.000000,1.000000,863115386514.000000,1401281.000000
856000,9,222182,0.800000,1.000000,0.725802,1.000000,0.000000,0,0.000000,812585.000000,1.000000,863115386514.000000,1401281.000000
856000,10,233546,0.800000,1.000000,0.644429,1.000000,0.000000,0,0.000000,855964.000000,1.000000,863115386514.000000,1401281.000000
856000,11,233552,0.800000,1.000000,0.730122,1.000000,0.000000,0,0.000000,855999.000000,1.000000,863115386514.000000,1401281.000000
856000,12,232705,0.800000,1.000000,0.658074,1.000000,0.000000,0,0.000000,852780.000000,1.000000,863115386514.000000,1401281.000000
856000,13,229122,0.800000,1.000000,0.506021,1.000000,0.000000,0,0.000000,838614.000000,1.000000,863115386514.000000,1401281.000000
856000,14,233540,0.800000,1.000000,0.648695,1.000000,0.000000,0,0.000000,855942.000000,1.000000,863115386514.000000,1401281.000000
856000,15,233550,0.800000,1.000000,0.704261,1.000000,0.000000,0,0.000000,855966.000000,1.000000,863115386514.000000,1401281.000000
857000,0,233828,0.800000,1.000000,0.668997,1.000000,0.000000,0,0.000000,856997.000000,1.000000,864929229846.000000,1862792.000000
857000,1,233772,0.800000,1.000000,0.622430,1.000000,0.000000,0,0.000000,855366.000000,1.000000,864929229846.000000,1862792.000000
857000,2,233790,0.800000,1.000000,0.676368,1.000000,0.000000,0,0.000000,856625.000000,1.000000,864929229846.000000,1862792.000000
857000,3,233827,0.800000,1.000000,0.687655,1.000000,0.000000,0,0.000000,856962.000000,1.000000,864929229846.000000,1862792.000000
857000,4,229914,0.800000,1.000000,0.492777,1.000000,0.000000,0,0.000000,766130.000000,1.000000,864929229846.000000,1862792.000000
857000,5,233828,0.800000,1.000000,0.707515,1.000000,0.000000,0,0.000000,856998.000000,1.000000,864929229846.000000,1862792.000000
857000,6,233827,0.800000,1.000000,0.642661,1.000000,0.000000,0,0.000000,856979.000000,1.000000,864929229846.000000,1862792.000000
857000,7,233829,0.800000,1.000000,0.551957,1.000000,0.000000,0,0.000000,856983.000000,1.000000,864929229846.000000,1862792.000000
857000,8,233829,0.800000,1.000000,0.608213,1.000000,0.000000,1,710023.000000,857000.000000,1.000000,864929229846.000000,1862792.000000
857000,9,222182,0.800000,1.000000,0.725802,1.000000,0.000000,0,0.000000,812585.000000,1.000000,864929229846.000000,1862792.000000
857000,10,233810,0.800000,1.000000,0.549597,1.000000,0.000000,0,0.000000,856831.000000,1.000000,864929229846.000000,1862792.000000
857000,11,233829,0.800000,1.000000,0.612221,1.000000,0.000000,0,0.000000,856999.000000,1.000000,864929229846.000000,1862792.000000
857000,12,232705,0.800000,1.000000,0.658074,1.000000,0.000000,0,0.000000,852780.000000,1.000000,864929229846.000000,1862792.000000
857000,13,229122,0.800000,1.000000,0.506021,1.000000,0.000000,0,0.000000,838614.000000,1.000000,864929229846.000000,1862792.000000
857000,14,233830,0.800000,1.000000,0.680875,1.000000,0.000000,0,0.000000,856995.000000,1.000000,864929229846.000000,1862792.000000
857000,15,233828,0.800000,1.000000,0.678908,1.000000,0.000000,0,0.000000,856990.000000,1.000000,864929229846.000000,1862792.000000
858000,0,234068,0.800000,1.000000,0.640026,1.000000,0.000000,0,0.000000,857954.000000,1.000000,866486984088.000000,1865004.000000
858000,1,234044,0.800000,1.000000,0.673271,1.000000,0.000000,0,0.000000,855366.000000,1.000000,866486984088.000000,1865004.000000
858000,2,234059,0.800000,1.000000,0.551946,1.000000,0.000000,0,0.000000,857773.000000,1.000000,866486984088.000000,1865004.000000
858000,3,234066,0.800000,1.000000,0.678196,1.000000,0.000000,0,0.000000,857969.000000,1.000000,866486984088.000000,1865004.000000
858000,4,230319,0.800000,1.000000,0.579751,1.000000,0.000000,0,0.000000,766130.000000,1.000000,866486984088.000000,1865004.000000
858000,5,234072,0.800000,1.000000,0.639540,1.000000,0.000000,0,0.000000,857997.000000,1.000000,866486984088.000000,1865004.000000
858000,6,234069,0.800000,1.000000,0.667466,1.000000,0.000000,0,0.000000,857984.000000,1.000000,866486984088.000000,1865004.000000
858000,7,234069,0.800000,1.000000,0.553730,1.000000,0.000000,0,0.000000,857988.000000,1.000000,866486984088.000000,1865004.000000
858000,8,234072,0.800000,1.000000,0.673830,1.000000,0.000000,1,710595.000000,858000.000000,1.000000,866486984088.000000,1865004.000000
858000,9,222182,0.800000,1.000000,0.725802,1.000000,0.000000,0,0.000000,812585.000000,1.000000,866486984088.000000,1865004.000000
858000,10,234073,0.800000,1.000000,0.701076,1.000000,0.000000,0,0.000000,857999.000000,1.000000,866486984088.000000,1865004.000000
858000,11,234050,0.800000,1.000000,0.544243,1.000000,0.000000,0,0.000000,857618.000000,1.000000,866486984088.000000,1865004.000000
858000,12,232705,0.800000,1.000000,0.658074,1.000000,0.000000,0,0.000000,852780.000000,1.000000,866486984088.000000,1865004.000000
858000,13,229122,0.800000,1.000000,0.506021,1.000000,0.000000,0,0.000000,838614.000000,1.000000,866486984088.000000,1865004.000000
858000,14,234073,0.800000,1.000000,0.652271,1.000000,0.000000,0,0.000000,857995.000000,1.000000,866486984088.000000,1865004.000000
858000,15,234043,0.800000,1.000000,0.590334,1.000000,0.000000,0,0.000000,856990.000000,1.000000,866486984088.000000,1865004.000000
859000,0,234332,0.800000,1.000000,0.619332,1.000000,0.000000,0,0.000000,858922.000000,1.000000,868171323967.000000,1406035.000000
859000,1,234338,0.800000,1.000000,0.606670,1.000000,0.000000,0,0.000000,858554.000000,1.000000,868171323967.000000,1406035.000000
859000,2,234340,0.800000,1.000000,0.628402,1.000000,0.000000,0,0.000000,858960.000000,1.000000,868171323967.000000,1406035.000000
859000,3,234321,0.800000,1.000000,0.752573,1.000000,0.000000,0,0.000000,858264.000000,1.000000,868171323967.000000,1406035.000000
859000,4,230637,0.800000,1.000000,0.621510,1.000000,0.000000,0,0.000000,766130.000000,1.000000,868171323967.000000,1406035.000000
859000,5,234338,0.800000,1.000000,0.587825,1.000000,0.000000,0,0.000000,858954.000000,1.000000,868171323967.000000,1406035.000000
859000,6,234340,0.800000,1.000000,0.581238,1.000000,0.000000,1,716014.000000,859000.000000,1.000000,868171323967.000000,1406035.000000
859000,7,234340,0.800000,1.000000,0.768872,1.000000,0.000000,0,0.000000,858989.000000,1.000000,868171323967.000000,1406035.000000
859000,8,234341,0.800000,1.000000,0.600079,1.000000,0.000000,0,0.000000,858999.000000,1.000000,868171323967.000000,1406035.000000
859000,9,222182,0.800000,1.000000,0.725802,1.000000,0.000000,0,0.000000,812585.000000,1.000000,868171323967.000000,1406035.000000
859000,10,234341,0.800000,1.000000,0.743615,1.000000,0.000000,0,0.000000,858998.000000,1.000000,868171323967.000000,1406035.000000
859000,11,234335,0.800000,1.000000,0.691811,1.000000,0.000000,0,0.000000,858973.000000,1.000000,868171323967.000000,1406035.000000
859000,12,232705,0.800000,1.000000,0.658074,1.000000,0.000000,0,0.000000,852780.000000,1.000000,868171323967.000000,1406035.000000
859000,13,229122,0.800000,1.000000,0.506021,1.000000,0.000000,0,0.000000,838614.000000,1.000000,868171323967.000000,1406035.000000
859000,14,234335,0.800000,1.000000,0.551370,1.000000,0.000000,0,0.000000,858953.000000,1.000000,868171323967.000000,1406035.000000
859000,15,234340,0.800000,1.000000,0.604066,1.000000,0.000000,0,0.000000,858993.000000,1.000000,868171323967.000000,1406035.000000
860000,0,234590,0.800000,1.000000,0.678288,1.000000,0.000000,0,0.000000,859463.000000,1.000000,870072872860.000000,2321673.000000
860000,1,234607,0.800000,1.000000,0.702752,1.000000,0.000000,0,0.000000,859987.000000,1.000000,870072872860.000000,2321673.000000
860000,2,234602,0.800000,1.000000,0.602660,1.000000,0.000000,0,0.000000,859750.000000,1.000000,870072872860.000000,2321673.000000
860000,3,234610,0.800000,1.000000,0.722093,1.000000,0.000000,0,0.000000,859996.000000,1.000000,870072872860.000000,2321673.000000
860000,4,230950,0.800000,1.000000,0.661817,1.000000,0.000000,0,0.000000,766130.000000,1.000000,870072872860.000000,2321673.000000
860000,5,234599,0.800000,1.000000,0.569544,1.000000,0.000000,0,0.000000,859843.000000,1.000000,870072872860.000000,2321673.000000
860000,6,234611,0.800000,1.000000,0.694602,1.000000,0.000000,1,716655.000000,860000.000000,1.000000,870072872860.000000,2321673.000000
860000,7,234604,0.800000,1.000000,0.688628,1.000000,0.000000,0,0.000000,859702.000000,1.000000,870072872860.000000,2321673.000000
860000,8,234607,0.800000,1.000000,0.586978,1.000000,0.000000,0,0.000000,859975.000000,1.000000,870072872860.000000,2321673.000000
860000,9,222426,0.800000,1.000000,0.640922,1.000000,0.000000,0,0.000000,812585.000000,1.000000,870072872860.000000,2321673.000000
860000,10,234611,0.800000,1.000000,0.608924,1.000000,0.000000,0,0.000000,859998.000000,1.000000,870072872860.000000,2321673.000000
860000,11,234612,0.800000,1.000000,0.672313,1.000000,0.000000,0,0.000000,859999.000000,1.000000,870072872860.000000,2321673.000000
860000,12,232705,0.800000,1.000000,0.658074,1.000000,0.000000,0,0.000000,852780.000000,1.000000,870072872860.000000,2321673.000000
860000,13,229413,0.800000,1.000000,0.718810,1.000000,0.000000,0,0.000000,838614.000000,1.000000,870072872860.000000,2321673.000000
860000,14,234611,0.800000,1.000000,0.693038,1.000000,0.000000,0,0.000000,859863.000000,1.000000,870072872860.000000,2321673.000000
860000,15,234608,0.800000,1.000000,0.768689,1.000000,0.000000,0,0.000000,859985.000000,1.000000,870072872860.000000,2321673.000000
861000,0,234871,0.800000,1.000000,0.690075,1.000000,0.000000,0,0.000000,860998.000000,1.000000,871884852560.000000,939188.000000
861000,1,234868,0.800000,1.000000,0.647087,1.000000,0.000000,0,0.000000,860988.000000,1.000000,871884852560.000000,939188.000000
861000,2,234830,0.800000,1.000000,0.648959,1.000000,0.000000,0,0.000000,860657.000000,1.000000,871884852560.000000,939188.000000
861000,3,234859,0.800000,1.000000,0.673681,1.000000,0.000000,0,0.000000,860802.000000,1.000000,871884852560.000000,939188.000000
861000,4,231228,0.800000,1.000000,0.709641,1.000000,0.000000,0,0.000000,766130.000000,1.000000,871884852560.000000,939188.000000
861000,5,234871,0.800000,1.000000,0.708092,1.000000,0.000000,1,683072.000000,861000.000000,1.000000,871884852560.000000,939188.000000
861000,6,234868,0.800000,1.000000,0.655943,1.000000,0.000000,0,0.000000,860970.000000,1.000000,871884852560.000000,939188.000000
861000,7,234872,0.800000,1.000000,0.643064,1.000000,0.000000,0,0.000000,860989.000000,1.000000,871884852560.000000,939188.000000
861000,8,234814,0.800000,1.000000,0.655624,1.000000,0.000000,0,0.000000,860021.000000,1.000000,871884852560.000000,939188.000000
861000,9,222781,0.800000,1.000000,0.534559,1.000000,0.000000,0,0.000000,812585.000000,1.000000,871884852560.000000,939188.000000
861000,10,234862,0.800000,1.000000,0.729144,1.000000,0.000000,0,0.000000,860899.000000,1.000000,871884852560.000000,939188.000000
861000,11,234723,0.800000,1.000000,0.671860,1.000000,0.000000,0,0.000000,860161.000000,1.000000,871884852560.000000,939188.000000
861000,12,232705,0.800000,1.000000,0.658074,1.000000,0.000000,0,0.000000,852780.000000,1.000000,871884852560.000000,939188.000000
861000,13,229762,0.800000,1.000000,0.578984,1.000000,0.000000,0,0.000000,838614.000000,1.000000,871884852560.000000,939188.000000
861000,14,234871,0.800000,1.000000,0.661279,1.000000,0.000000,0,0.000000,860993.000000,1.000000,871884852560.000000,939188.000000
861000,15,234871,0.800000,1.000000,0.613013,1.000000,0.000000,0,0.000000,860999.000000,1.000000,871884852560.000000,939188.000000
862000,0,235099,0.800000,1.000000,0.636521,1.000000,0.000000,0,0.000000,861273.000000,1.000000,873951411932.000000,2322947.000000
862000,1,235130,0.800000,1.000000,0.617034,1.000000,0.000000,0,0.000000,861999.000000,1.000000,873951411932.000000,2322947.000000
862000,2,235131,0.800000,1.000000,0.578785,1.000000,0.000000,0,0.000000,861972.000000,1.000000,873951411932.000000,2322947.000000
862000,3,235091,0.800000,1.000000,0.562676,1.000000,0.000000,0,0.000000,861828.000000,1.000000,873951411932.000000,2322947.000000
862000,4,231497,0.800000,1.000000,0.693356,1.000000,0.000000,0,0.000000,766130.000000,1.000000,873951411932.000000,2322947.000000
862000,5,235131,0.800000,1.000000,0.677892,1.000000,0.000000,1,683668.000000,862000.000000,1.000000,873951411932.000000,2322947.000000
862000,6,235131,0.800000,1.000000,0.612603,1.000000,0.000000,0,0.000000,861985.000000,1.000000,873951411932.000000,2322947.000000
862000,7,235130,0.800000,1.000000,0.643852,1.000000,0.000000,0,0.000000,861989.000000,1.000000,873951411932.000000,2322947.000000
862000,8,235131,0.800000,1.000000,0.699536,1.000000,0.000000,0,0.000000,861998.000000,1.000000,873951411932.000000,2322947.000000
862000,9,223161,0.800000,1.000000,0.535020,1.000000,0.000000,0,0.000000,812585.000000,1.000000,873951411932.000000,2322947.000000
862000,10,235129,0.800000,1.000000,0.797994,1.000000,0.000000,0,0.000000,861825.000000,1.000000,873951411932.000000,2322947.000000
862000,11,235025,0.800000,1.000000,0.682152,1.000000,0.000000,0,0.000000,860161.000000,1.000000,873951411932.000000,2322947.000000
862000,12,232925,0.800000,1.000000,0.668587,1.000000,0.000000,0,0.000000,852780.000000,1.000000,873951411932.000000,2322947.000000
862000,13,230188,0.800000,1.000000,0.643886,1.000000,0.000000,0,0.000000,838614.000000,1.000000,873951411932.000000,2322947.000000
862000,14,235129,0.800000,1.000000,0.702084,1.000000,0.000000,0,0.000000,861995.000000,1.000000,873951411932.000000,2322947.000000
862000,15,235060,0.800000,1.000000,0.623278,1.000000,0.000000,0,0.000000,861707.000000,1.000000,873951411932.000000,2322947.000000
863000,0,235387,0.800000,1.000000,0.606552,1.000000,0.000000,0,0.000000,862998.000000,1.000000,875946240020.000000,2800514.000000
863000,1,235375,0.800000,1.000000,0.656359,1.000000,0.000000,0,0.000000,862882.000000,1.000000,875946240020.000000,2800514.000000
863000,2,235386,0.800000,1.000000,0.654388,1.000000,0.000000,0,0.000000,862993.000000,1.000000,875946240020.000000,2800514.000000
863000,3,235382,0.800000,1.000000,0.647352,1.000000,0.000000,0,0.000000,862937.000000,1.000000,875946240020.000000,2800514.000000
863000,4,231830,0.800000,1.000000,0.667783,1.000000,0.000000,0,0.000000,766130.000000,1.000000,875946240020.000000,2800514.000000
863000,5,235241,0.800000,1.000000,0.454278,1.000000,0.000000,0,0.000000,862431.000000,1.000000,875946240020.000000,2800514.000000
863000,6,235385,0.800000,1.000000,0.663360,1.000000,0.000000,0,0.000000,862979.000000,1.000000,875946240020.000000,2800514.000000
863000,7,235383,0.800000,1.000000,0.588355,1.000000,0.000000,0,0.000000,862945.000000,1.000000,875946240020.000000,2800514.000000
863000,8,235380,0.800000,1.000000,0.597593,1.000000,0.000000,0,0.000000,862920.000000,1.000000,875946240020.000000,2800514.000000
863000,9,223466,0.800000,1.000000,0.603899,1.000000,0.000000,0,0.000000,812585.000000,1.000000,875946240020.000000,2800514.000000
863000,10,235387,0.800000,1.000000,0.658418,1.000000,0.000000,1,697091.000000,863000.000000,1.000000,875946240020.000000,2800514.000000
863000,11,235388,0.800000,1.000000,0.639504,1.000000,0.000000,0,0.000000,862999.000000,1.000000,875946240020.000000,2800514.000000
863000,12,233203,0.800000,1.000000,0.611266,1.000000,0.000000,0,0.000000,852780.000000,1.000000,875946240020.000000,2800514.000000
863000,13,230520,0.800000,1.000000,0.614309,1.000000,0.000000,0,0.000000,838614.000000,1.000000,875946240020.000000,2800514.000000
863000,14,235383,0.800000,1.000000,0.621479,1.000000,0.000000,0,0.000000,862957.000000,1.000000,875946240020.000000,2800514.000000
863000,15,235262,0.800000,1.000000,0.617172,1.000000,0.000000,0,0.000000,861707.000000,1.000000,875946240020.000000,2800514.000000
864000,0,235580,0.800000,1.000000,0.625198,1.000000,0.000000,0,0.000000,863117.000000,1.000000,877880678895.000000,471249.000000
864000,1,235623,0.800000,1.000000,0.667763,1.000000,0.000000,0,0.000000,863991.000000,1.000000,877880678895.000000,471249.000000
864000,2,235626,0.800000,1.000000,0.719489,1.000000,0.000000,0,0.000000,863998.000000,1.000000,877880678895.000000,471249.000000
864000,3,235623,0.800000,1.000000,0.597929,1.000000,0.000000,0,0.000000,863980.000000,1.000000,877880678895.000000,471249.000000
864000,4,232196,0.800000,1.000000,0.587841,1.000000,0.000000,0,0.000000,766130.000000,1.000000,877880678895.000000,471249.000000
864000,5,235422,0.800000,1.000000,0.671663,1.000000,0.000000,0,0.000000,862431.000000,1.000000,877880678895.000000,471249.000000
864000,6,235625,0.800000,1.000000,0.498755,1.000000,0.000000,0,0.000000,863985.000000,1.000000,877880678895.000000,471249.000000
864000,7,235626,0.800000,1.000000,0.695231,1.000000,0.000000,1,701156.000000,864000.000000,1.000000,877880678895.000000,471249.000000
864000,8,235626,0.800000,1.000000,0.513066,1.000000,0.000000,0,0.000000,863967.000000,1.000000,877880678895.000000,471249.000000
864000,9,223772,0.800000,1.000000,0.629265,1.000000,0.000000,0,0.000000,812585.000000,1.000000,877880678895.000000,471249.000000
864000,10,235623,0.800000,1.000000,0.517547,1.000000,0.000000,0,0.000000,863975.000000,1.000000,877880678895.000000,471249.000000
864000,11,235626,0.800000,1.000000,0.648678,1.000000,0.000000,0,0.000000,863997.000000,1.000000,877880678895.000000,471249.000000
864000,12,233535,0.800000,1.000000,0.741942,1.000000,0.000000,0,0.000000,852780.000000,1.000000,877880678895.000000,471249.000000
864000,13,230905,0.800000,1.000000,0.670831,1.000000,0.000000,0,0.000000,838614.000000,1.000000,877880678895.000000,471249.000000
864000,14,235626,0.800000,1.000000,0.635136,1.000000,0.000000,0,0.000000,863995.000000,1.000000,877880678895.000000,471249.000000
864000,15,235463,0.800000,1.000000,0.665828,1.000000,0.000000,0,0.000000,861707.000000,1.000000,877880678895.000000,471249.000000
865000,0,235892,0.800000,1.000000,0.607259,1.000000,0.000000,0,0.000000,864986.000000,1.000000,880142980374.000000,2354885.000000
865000,1,235894,0.800000,1.000000,0.619118,1.000000,0.000000,0,0.000000,864998.000000,1.000000,880142980374.000000,2354885.000000
865000,2,235895,0.800000,1.000000,0.682678,1.000000,0.000000,0,0.000000,864999.000000,1.000000,880142980374.000000,2354885.000000
865000,3,235887,0.800000,1.000000,0.768725,1.000000,0.000000,0,0.000000,864959.000000,1.000000,880142980374.000000,2354885.000000
865000,4,232485,0.800000,1.000000,0.674125,1.000000,0.000000,0,0.000000,766130.000000,1.000000,880142980374.000000,2354885.000000
865000,5,235732,0.800000,1.000000,0.756720,1.000000,0.000000,0,0.000000,862431.000000,1.000000,880142980374.000000,2354885.000000
865000,6,235895,0.800000,1.000000,0.529717,1.000000,0.000000,1,720161.000000,865000.000000,1.000000,880142980374.000000,2354885.000000
865000,7,235895,0.800000,1.000000,0.663714,1.000000,0.000000,0,0.000000,864976.000000,1.000000,880142980374.000000,2354885.000000
865000,8,235883,0.800000,1.000000,0.663509,1.000000,0.000000,0,0.000000,864907.000000,1.000000,880142980374.000000,2354885.000000
865000,9,224177,0.800000,1.000000,0.629402,1.000000,0.000000,0,0.000000,812585.000000,1.000000,880142980374.000000,2354885.000000
865000,10,235892,0.800000,1.000000,0.715299,1.000000,0.000000,0,0.000000,864943.000000,1.000000,880142980374.000000,2354885.000000
865000,11,235890,0.800000,1.000000,0.732873,1.000000,0.000000,0,0.000000,864712.000000,1.000000,880142980374.000000,2354885.000000
865000,12,233925,0.800000,1.000000,0.599032,1.000000,0.000000,0,0.000000,852780.000000,1.000000,880142980374.000000,2354885.000000
865000,13,231250,0.800000,1.000000,0.520328,1.000000,0.000000,0,0.000000,838614.000000,1.000000,880142980374.000000,2354885.000000
865000,14,235895,0.800000,1.000000,0.626160,1.000000,0.000000,0,0.000000,864997.000000,1.000000,880142980374.000000,2354885.000000
865000,15,235843,0.800000,1.000000,0.690682,1.000000,0.000000,0,0.000000,861707.000000,1.000000,880142980374.000000,2354885.000000
866000,0,236160,0.800000,1.000000,0.687242,1.000000,0.000000,1,697033.000000,866000.000000,1.000000,882313701244.000000,1416945.000000
866000,1,236159,0.800000,1.000000,0.652183,1.000000,0.000000,0,0.000000,865995.000000,1.000000,882313701244.000000,1416945.000000
866000,2,236161,0.800000,1.000000,0.735867,1.000000,0.000000,0,0.000000,865999.000000,1.000000,882313701244.000000,1416945.000000
866000,3,236161,0.800000,1.000000,0.664047,1.000000,0.000000,0,0.000000,865997.000000,1.000000,882313701244.000000,1416945.000000
866000,4,232852,0.800000,1.000000,0.574584,1.000000,0.000000,0,0.000000,766130.000000,1.000000,882313701244.000000,1416945.000000
866000,5,236109,0.800000,1.000000,0.611058,1.000000,0.000000,0,0.000000,862431.000000,1.000000,882313701244.000000,1416945.000000
866000,6,235993,0.800000,1.000000,0.724500,1.000000,0.000000,0,0.000000,865288.000000,1.000000,882313701244.000000,1416945.000000
866000,7,236107,0.800000,1.000000,0.637584,1.000000,0.000000,0,0.000000,865728.000000,1.000000,882313701244.000000,1416945.000000
866000,8,236160,0.800000,1.000000,0.668515,1.000000,0.000000,0,0.000000,865967.000000,1.000000,882313701244.000000,1416945.000000
866000,9,224572,0.800000,1.000000,0.600032,1.000000,0.000000,0,0.000000,812585.000000,1.000000,882313701244.000000,1416945.000000
866000,10,236156,0.800000,1.000000,0.630319,1.000000,0.000000,0,0.000000,865980.000000,1.000000,882313701244.000000,1416945.000000
866000,11,236161,0.800000,1.000000,0.653577,1.000000,0.000000,0,0.000000,865989.000000,1.000000,882313701244.000000,1416945.000000
866000,12,234240,0.800000,1.000000,0.560674,1.000000,0.000000,0,0.000000,852780.000000,1.000000,882313701244.000000,1416945.000000
866000,13,231660,0.800000,1.000000,0.751611,1.000000,0.000000,0,0.000000,838614.000000,1.000000,882313701244.000000,1416945.000000
866000,14,236154,0.800000,1.000000,0.575679,1.000000,0.000000,0,0.000000,865842.000000,1.000000,882313701244.000000,1416945.000000
866000,15,236159,0.800000,1.000000,0.487725,1.000000,0.000000,0,0.000000,865931.000000,1.000000,882313701244.000000,1416945.000000
867000,0,236364,0.800000,1.000000,0.594378,1.000000,0.000000,0,0.000000,866880.000000,1.000000,884079989058.000000,1871774.000000
867000,1,236382,0.800000,1.000000,0.549460,1.000000,0.000000,0,0.000000,866993.000000,1.000000,884079989058.000000,1871774.000000
867000,2,236340,0.800000,1.000000,0.689522,1.000000,0.000000,0,0.000000,866739.000000,1.000000,884079989058.000000,1871774.000000
867000,3,236368,0.800000,1.000000,0.766182,1.000000,0.000000,0,0.000000,866517.000000,1.000000,884079989058.000000,1871774.000000
867000,4,233246,0.800000,1.000000,0.677248,1.000000,0.000000,0,0.000000,766130.000000,1.000000,884079989058.000000,1871774.000000
867000,5,236382,0.800000,1.000000,0.642461,1.000000,0.000000,0,0.000000,866999.000000,1.000000,884079989058.000000,1871774.000000
867000,6,236034,0.800000,1.000000,0.730260,1.000000,0.000000,0,0.000000,865288.000000,1.000000,884079989058.000000,1871774.000000
867000,7,236306,0.800000,1.000000,0.653704,1.000000,0.000000,0,0.000000,865728.000000,1.000000,884079989058.000000,1871774.000000
867000,8,236383,0.800000,1.000000,0.512521,1.000000,0.000000,1,717162.000000,867000.000000,1.000000,884079989058.000000,1871774.000000
867000,9,224969,0.800000,1.000000,0.621847,1.000000,0.000000,0,0.000000,812585.000000,1.000000,884079989058.000000,1871774.000000
867000,10,236325,0.800000,1.000000,0.603555,1.000000,0.000000,0,0.000000,866637.000000,1.000000,884079989058.000000,1871774.000000
867000,11,236383,0.800000,1.000000,0.633221,1.000000,0.000000,0,0.000000,866998.000000,1.000000,884079989058.000000,1871774.000000
867000,12,234611,0.800000,1.000000,0.622529,1.000000,0.000000,0,0.000000,852780.000000,1.000000,884079989058.000000,1871774.000000
867000,13,231998,0.800000,1.000000,0.499355,1.000000,0.000000,0,0.000000,838614.000000,1.000000,884079989058.000000,1871774.000000
867000,14,236382,0.800000,1.000000,0.704122,1.000000,0.000000,0,0.000000,866985.000000,1.000000,884079989058.000000,1871774.000000
867000,15,236263,0.800000,1.000000,0.709559,1.000000,0.000000,0,0.000000,866406.000000,1.000000,884079989058.000000,1871774.000000
868000,0,236600,0.800000,1.000000,0.701543,1.000000,0.000000,0,0.000000,867985.000000,1.000000,886006746114.000000,3767042.000000
868000,1,236601,0.800000,1.000000,0.751399,1.000000,0.000000,1,703162.000000,868000.000000,1.000000,886006746114.000000,3767042.000000
868000,2,236572,0.800000,1.000000,0.600537,1.000000,0.000000,0,0.000000,866739.000000,1.000000,886006746114.000000,3767042.000000
868000,3,236498,0.800000,1.000000,0.621096,1.000000,0.000000,0,0.000000,867508.000000,1.000000,886006746114.000000,3767042.000000
868000,4,233586,0.800000,1.000000,0.641765,1.000000,0.000000,0,0.000000,766130.000000,1.000000,886006746114.000000,3767042.000000
868000,5,236600,0.800000,1.000000,0.699902,1.000000,0.000000,0,0.000000,867990.000000,1.000000,886006746114.000000,3767042.000000
868000,6,236440,0.800000,1.000000,0.591070,1.000000,0.000000,0,0.000000,865288.000000,1.000000,886006746114.000000,3767042.000000
868000,7,236602,0.800000,1.000000,0.537307,1.000000,0.000000,0,0.000000,867993.000000,1.000000,886006746114.000000,3767042.000000
868000,8,236601,0.800000,1.000000,0.648493,1.000000,0.000000,0,0.000000,867998.000000,1.000000,886006746114.000000,3767042.000000
868000,9,225238,0.800000,1.000000,0.694226,1.000000,0.000000,0,0.000000,812585.000000,1.000000,886006746114.000000,3767042.000000
868000,10,236601,0.800000,1.000000,0.584004,1.000000,0.000000,0,0.000000,867975.000000,1.000000,886006746114.000000,3767042.000000
868000,11,236599,0.800000,1.000000,0.583478,1.000000,0.000000,0,0.000000,867969.000000,1.000000,886006746114.000000,3767042.000000
868000,12,234934,0.800000,1.000000,0.785277,1.000000,0.000000,0,0.000000,852780.000000,1.000000,886006746114.000000,3767042.000000
868000,13,232211,0.800000,1.000000,0.581312,1.000000,0.000000,0,0.000000,838614.000000,1.000000,886006746114.000000,3767042.000000
868000,14,236600,0.800000,1.000000,0.646310,1.000000,0.000000,0,0.000000,867943.000000,1.000000,886006746114.000000,3767042.000000
868000,15,236551,0.800000,1.000000,0.674516,1.000000,0.000000,0,0.000000,866406.000000,1.000000,886006746114.000000,3767042.000000
869000,0,236852,0.800000,1.000000,0.680969,1.000000,0.000000,0,0.000000,868875.000000,1.000000,887971962750.000000,-12.000000
869000,1,236857,0.800000,1.000000,0.641321,1.000000,0.000000,0,0.000000,868992.000000,1.000000,887971962750.000000,-12.000000
869000,2,236854,0.800000,1.000000,0.569880,1.000000,0.000000,0,0.000000,868935.000000,1.000000,887971962750.000000,-12.000000
869000,3,236515,0.800000,1.000000,0.701226,1.000000,0.000000,0,0.000000,867508.000000,1.000000,887971962750.000000,-12.000000
869000,4,233803,0.800000,1.000000,0.574144,1.000000,0.000000,0,0.000000,766130.000000,1.000000,887971962750.000000,-12.000000
869000,5,236857,0.800000,1.000000,0.605758,1.000000,0.000000,0,0.000000,868999.000000,1.000000,887971962750.000000,-12.000000
869000,6,236776,0.800000,1.000000,0.692754,1.000000,0.000000,0,0.000000,865288.000000,1.000000,887971962750.000000,-12.000000
869000,7,236855,0.800000,1.000000,0.638621,1.000000,0.000000,0,0.000000,868989.000000,1.000000,887971962750.000000,-12.000000
869000,8,236854,0.800000,1.000000,0.636128,1.000000,0.000000,0,0.000000,868968.000000,1.000000,887971962750.000000,-12.000000
869000,9,225568,0.800000,1.000000,0.688216,1.000000,0.000000,0,0.000000,812585.000000,1.000000,887971962750.000000,-12.000000
869000,10,236857,0.800000,1.000000,0.646855,1.000000,0.000000,1,701436.000000,869000.000000,1.000000,887971962750.000000,-12.000000
869000,11,236858,0.800000,1.000000,0.762994,1.000000,0.000000,0,0.000000,868998.000000,1.000000,887971962750.000000,-12.000000
869000,12,235260,0.800000,1.000000,0.719880,1.000000,0.000000,0,0.000000,852780.000000,1.000000,887971962750.000000,-12.000000
869000,13,232546,0.800000,1.000000,0.600021,1.000000,0.000000,0,0.000000,838614.000000,1.000000,887971962750.000000,-12.000000
869000,14,236842,0.800000,1.000000,0.696298,1.000000,0.000000,0,0.000000,868922.000000,1.000000,887971962750.000000,-12.000000
869000,15,236858,0.800000,1.000000,0.602397,1.000000,0.000000,0,0.000000,868997.000000,1.000000,887971962750.000000,-12.000000
870000,0,237087,0.800000,1.000000,0.516469,1.000000,0.000000,0,0.000000,869867.000000,1.000000,890116840337.000000,1896282.000000
870000,1,237082,0.800000,1.000000,0.553842,1.000000,0.000000,0,0.000000,869320.000000,1.000000,890116840337.000000,1896282.000000
870000,2,237097,0.800000,1.000000,0.647098,1.000000,0.000000,0,0.000000,869418.000000,1.000000,890116840337.000000,1896282.000000
870000,3,236869,0.800000,1.000000,0.591355,1.000000,0.000000,0,0.000000,867508.000000,1.000000,890116840337.000000,1896282.000000
870000,4,234189,0.800000,1.000000,0.721584,1.000000,0.000000,0,0.000000,766130.000000,1.000000,890116840337.000000,1896282.000000
870000,5,237105,0.800000,1.000000,0.854387,1.000000,0.000000,0,0.000000,869999.000000,1.000000,890116840337.000000,1896282.000000
870000,6,237051,0.800000,1.000000,0.625458,1.000000,0.000000,0,0.000000,865288.000000,1.000000,890116840337.000000,1896282.000000
870000,7,237106,0.800000,1.000000,0.698944,1.000000,0.000000,0,0.000000,869998.000000,1.000000,890116840337.000000,1896282.000000
870000,8,237105,0.800000,1.000000,0.649229,1.000000,0.000000,0,0.000000,869966.000000,1.000000,890116840337.000000,1896282.000000
870000,9,225928,0.800000,1.000000,0.581576,1.000000,0.000000,0,0.000000,812585.000000,1.000000,890116840337.000000,1896282.000000
870000,10,237106,0.800000,1.000000,0.710239,1.000000,0.000000,1,702198.000000,870000.000000,1.000000,890116840337.000000,1896282.000000
870000,11,237106,0.800000,1.000000,0.705390,1.000000,0.000000,0,0.000000,869995.000000,1.000000,890116840337.000000,1896282.000000
870000,12,235598,0.800000,1.000000,0.736581,1.000000,0.000000,0,0.000000,852780.000000,1.000000,890116840337.000000,1896282.000000
870000,13,232931,0.800000,1.000000,0.682277,1.000000,0.000000,0,0.000000,838614.000000,1.000000,890116840337.000000,1896282.000000
870000,14,237103,0.800000,1.000000,0.534684,1.000000,0.000000,0,0.000000,869976.000000,1.000000,890116840337.000000,1896282.000000
870000,15,237106,0.800000,1.000000,0.642073,1.000000,0.000000,0,0.000000,869992.000000,1.000000,890116840337.000000,1896282.000000
871000,0,237362,0.800000,1.000000,0.614072,1.000000,0.000000,0,0.000000,870972.000000,1.000000,892162277279.000000,2817880.000000
871000,1,237354,0.800000,1.000000,0.663557,1.000000,0.000000,0,0.000000,870740.000000,1.000000,892162277279.000000,2817880.000000
871000,2,237363,0.800000,1.000000,0.661919,1.000000,0.000000,0,0.000000,870944.000000,1.000000,892162277279.000000,2817880.000000
871000,3,237204,0.800000,1.000000,0.605638,1.000000,0.000000,0,0.000000,867508.000000,1.000000,892162277279.000000,2817880.000000
871000,4,234591,0.800000,1.000000,0.574438,1.000000,0.000000,0,0.000000,766130.000000,1.000000,892162277279.000000,2817880.000000
871000,5,237359,0.800000,1.000000,0.587898,1.000000,0.000000,0,0.000000,870992.000000,1.000000,892162277279.000000,2817880.000000
871000,6,237362,0.800000,1.000000,0.723642,1.000000,0.000000,0,0.000000,870999.000000,1.000000,892162277279.000000,2817880.000000
871000,7,237340,0.800000,1.000000,0.541812,1.000000,0.000000,0,0.000000,870844.000000,1.000000,892162277279.000000,2817880.000000
871000,8,237363,0.800000,1.000000,0.686118,1.000000,0.000000,0,0.000000,870998.000000,1.000000,892162277279.000000,2817880.000000
871000,9,226266,0.800000,1.000000,0.597572,1.000000,0.000000,0,0.000000,812585.000000,1.000000,892162277279.000000,2817880.000000
871000,10,237362,0.800000,1.000000,0.631200,1.000000,0.000000,0,0.000000,870991.000000,1.000000,892162277279.000000,2817880.000000
871000,11,237352,0.800000,1.000000,0.526401,1.000000,0.000000,0,0.000000,870949.000000,1.000000,892162277279.000000,2817880.000000
871000,12,235654,0.800000,1.000000,0.739201,1.000000,0.000000,0,0.000000,852780.000000,1.000000,892162277279.000000,2817880.000000
871000,13,233249,0.800000,1.000000,0.755246,1.000000,0.000000,0,0.000000,838614.000000,1.000000,892162277279.000000,2817880.000000
871000,14,237363,0.800000,1.000000,0.672729,1.000000,0.000000,0,0.000000,870996.000000,1.000000,892162277279.000000,2817880.000000
871000,15,237363,0.800000,1.000000,0.695167,1.000000,0.000000,1,718784.000000,871000.000000,1.000000,892162277279.000000,2817880.000000
872000,0,237616,0.800000,1.000000,0.631717,1.000000,0.000000,0,0.000000,871919.000000,1.000000,894145535411.000000,3323345.000000
872000,1,237615,0.800000,1.000000,0.629626,1.000000,0.000000,0,0.000000,871987.000000,1.000000,894145535411.000000,3323345.000000
872000,2,237591,0.800000,1.000000,0.560136,1.000000,0.000000,0,0.000000,871652.000000,1.000000,894145535411.000000,3323345.000000
872000,3,237579,0.800000,1.000000,0.649079,1.000000,0.000000,0,0.000000,867508.000000,1.000000,894145535411.000000,3323345.000000
872000,4,235017,0.800000,1.000000,0.619774,1.000000,0.000000,0,0.000000,766130.000000,1.000000,894145535411.000000,3323345.000000
872000,5,237443,0.800000,1.000000,0.679737,1.000000,0.000000,0,0.000000,871287.000000,1.000000,894145535411.000000,3323345.000000
872000,6,237614,0.800000,1.000000,0.622136,1.000000,0.000000,0,0.000000,871988.000000,1.000000,894145535411.000000,3323345.000000
872000,7,237618,0.800000,1.000000,0.720851,1.000000,0.000000,0,0.000000,871996.000000,1.000000,894145535411.000000,3323345.000000
872000,8,237608,0.800000,1.000000,0.689318,1.000000,0.000000,0,0.000000,871959.000000,1.000000,894145535411.000000,3323345.000000
872000,9,226282,0.800000,1.000000,0.615676,1.000000,0.000000,0,0.000000,812585.000000,1.000000,894145535411.000000,3323345.000000
872000,10,237618,0.800000,1.000000,0.680330,1.000000,0.000000,1,703738.000000,872000.000000,1.000000,894145535411.000000,3323345.000000
872000,11,237619,0.800000,1.000000,0.581353,1.000000,0.000000,0,0.000000,871921.000000,1.000000,894145535411.000000,3323345.000000
872000,12,236034,0.800000,1.000000,0.613077,1.000000,0.000000,0,0.000000,852780.000000,1.000000,894145535411.000000,3323345.000000
872000,13,233606,0.800000,1.000000,0.599480,1.000000,0.000000,0,0.000000,838614.000000,1.000000,894145535411.000000,3323345.000000
872000,14,237618,0.800000,1.000000,0.688168,1.000000,0.000000,0,0.000000,871995.000000,1.000000,894145535411.000000,3323345.000000
872000,15,237619,0.800000,1.000000,0.575712,1.000000,0.000000,0,0.000000,871999.000000,1.000000,894145535411.000000,3323345.000000
873000,0,237881,0.800000,1.000000,0.473833,1.000000,0.000000,0,0.000000,872990.000000,1.000000,896146826092.000000,2841332.000000
873000,1,237797,0.800000,1.000000,0.675391,1.000000,0.000000,0,0.000000,872489.000000,1.000000,896146826092.000000,2841332.000000
873000,2,237852,0.800000,1.000000,0.668090,1.000000,0.000000,0,0.000000,872872.000000,1.000000,896146826092.000000,2841332.000000
873000,3,237881,0.800000,1.000000,0.654762,1.000000,0.000000,0,0.000000,872993.000000,1.000000,896146826092.000000,2841332.000000
873000,4,235377,0.800000,1.000000,0.625093,1.000000,0.000000,0,0.000000,766130.000000,1.000000,896146826092.000000,2841332.000000
873000,5,237688,0.800000,1.000000,0.641675,1.000000,0.000000,0,0.000000,871287.000000,1.000000,896146826092.000000,2841332.000000
873000,6,237878,0.800000,1.000000,0.583989,1.000000,0.000000,0,0.000000,872953.000000,1.000000,896146826092.000000,2841332.000000
873000,7,237882,0.800000,1.000000,0.740400,1.000000,0.000000,0,0.000000,872999.000000,1.000000,896146826092.000000,2841332.000000
873000,8,237882,0.800000,1.000000,0.543154,1.000000,0.000000,0,0.000000,872983.000000,1.000000,896146826092.000000,2841332.000000
873000,9,226452,0.800000,1.000000,0.617579,1.000000,0.000000,0,0.000000,812585.000000,1.000000,896146826092.000000,2841332.000000
873000,10,237882,0.800000,1.000000,0.625674,1.000000,0.000000,1,704413.000000,873000.000000,1.000000,896146826092.000000,2841332.000000
873000,11,237830,0.800000,1.000000,0.709322,1.000000,0.000000,0,0.000000,872445.000000,1.000000,896146826092.000000,2841332.000000
873000,12,236333,0.800000,1.000000,0.569161,1.000000,0.000000,0,0.000000,852780.000000,1.000000,896146826092.000000,2841332.000000
873000,13,233959,0.800000,1.000000,0.634338,1.000000,0.000000,0,0.000000,838614.000000,1.000000,896146826092.000000,2841332.000000
873000,14,237875,0.800000,1.000000,0.640432,1.000000,0.000000,0,0.000000,872939.000000,1.000000,896146826092.000000,2841332.000000
873000,15,237877,0.800000,1.000000,0.771030,1.000000,0.000000,0,0.000000,872967.000000,1.000000,896146826092.000000,2841332.000000
874000,0,238084,0.800000,1.000000,0.621634,1.000000,0.000000,0,0.000000,873993.000000,1.000000,898025675121.000000,1401241.000000
874000,1,237940,0.800000,1.000000,0.615755,1.000000,0.000000,0,0.000000,872489.000000,1.000000,898025675121.000000,1401241.000000
874000,2,238085,0.800000,1.000000,0.692665,1.000000,0.000000,1,719622.000000,874000.000000,1.000000,898025675121.000000,1401241.000000
874000,3,238086,0.800000,1.000000,0.644648,1.000000,0.000000,0,0.000000,873997.000000,1.000000,898025675121.000000,1401241.000000
874000,4,235724,0.800000,1.000000,0.698877,1.000000,0.000000,0,0.000000,766130.000000,1.000000,898025675121.000000,1401241.000000
874000,5,238070,0.800000,1.000000,0.691222,1.000000,0.000000,0,0.000000,871287.000000,1.000000,898025675121.000000,1401241.000000
874000,6,238078,0.800000,1.000000,0.690630,1.000000,0.000000,0,0.000000,873972.000000,1.000000,898025675121.000000,1401241.000000
874000,7,238072,0.800000,1.000000,0.638744,1.000000,0.000000,0,0.000000,873847.000000,1.000000,898025675121.000000,1401241.000000
874000,8,238079,0.800000,1.000000,0.566916,1.000000,0.000000,0,0.000000,873975.000000,1.000000,898025675121.000000,1401241.000000
874000,9,226826,0.800000,1.000000,0.561370,1.000000,0.000000,0,0.000000,812585.000000,1.000000,898025675121.000000,1401241.000000
874000,10,238086,0.800000,1.000000,0.623467,1.000000,0.000000,0,0.000000,873998.000000,1.000000,898025675121.000000,1401241.000000
874000,11,238059,0.800000,1.000000,0.623353,1.000000,0.000000,0,0.000000,872445.000000,1.000000,898025675121.000000,1401241.000000
874000,12,236659,0.800000,1.000000,0.646914,1.000000,0.000000,0,0.000000,852780.000000,1.000000,898025675121.000000,1401241.000000
874000,13,234320,0.800000,1.000000,0.656511,1.000000,0.000000,0,0.000000,838614.000000,1.000000,898025675121.000000,1401241.000000
874000,14,238055,0.800000,1.000000,0.555736,1.000000,0.000000,0,0.000000,873314.000000,1.000000,898025675121.000000,1401241.000000
874000,15,238080,0.800000,1.000000,0.595312,1.000000,0.000000,0,0.000000,873963.000000,1.000000,898025675121.000000,1401241.000000
875000,0,238330,0.800000,1.000000,0.609900,1.000000,0.000000,0,0.000000,874998.000000,1.000000,899979392999.000000,2855356.000000
875000,1,238256,0.800000,1.000000,0.655185,1.000000,0.000000,0,0.000000,872489.000000,1.000000,899979392999.000000,2855356.000000
875000,2,238223,0.800000,1.000000,0.590096,1.000000,0.000000,0,0.000000,874571.000000,1.000000,899979392999.000000,2855356.000000
875000,3,238321,0.800000,1.000000,0.718000,1.000000,0.000000,0,0.000000,874870.000000,1.000000,899979392999.000000,2855356.000000
875000,4,236033,0.800000,1.000000,0.564967,1.000000,0.000000,0,0.000000,766130.000000,1.000000,899979392999.000000,2855356.000000
875000,5,238331,0.800000,1.000000,0.662788,1.000000,0.000000,0,0.000000,874958.000000,1.000000,899979392999.000000,2855356.000000
875000,6,238313,0.800000,1.000000,0.593477,1.000000,0.000000,0,0.000000,874524.000000,1.000000,899979392999.000000,2855356.000000
875000,7,238325,0.800000,1.000000,0.542639,1.000000,0.000000,0,0.000000,874912.000000,1.000000,899979392999.000000,2855356.000000
875000,8,238331,0.800000,1.000000,0.728986,1.000000,0.000000,0,0.000000,874999.000000,1.000000,899979392999.000000,2855356.000000
875000,9,227198,0.800000,1.000000,0.708505,1.000000,0.000000,0,0.000000,812585.000000,1.000000,899979392999.000000,2855356.000000
875000,10,238331,0.800000,1.000000,0.733862,1.000000,0.000000,0,0.000000,874996.000000,1.000000,899979392999.000000,2855356.000000
875000,11,238205,0.800000,1.000000,0.713852,1.000000,0.000000,0,0.000000,874490.000000,1.000000,899979392999.000000,2855356.000000
875000,12,236964,0.800000,1.000000,0.657706,1.000000,0.000000,0,0.000000,852780.000000,1.000000,899979392999.000000,2855356.000000
875000,13,234610,0.800000,1.000000,0.630440,1.000000,0.000000,0,0.000000,838614.000000,1.000000,899979392999.000000,2855356.000000
875000,14,238331,0.800000,1.000000,0.711353,1.000000,0.000000,1,704321.000000,875000.000000,1.000000,899979392999.000000,2855356.000000
875000,15,238329,0.800000,1.000000,0.620936,1.000000,0.000000,0,0.000000,874990.000000,1.000000,899979392999.000000,2855356.000000
876000,0,238578,0.800000,1.000000,0.622336,1.000000,0.000000,0,0.000000,875999.000000,1.000000,901952019435.000000,2383091.000000
876000,1,238577,0.800000,1.000000,0.555540,1.000000,0.000000,0,0.000000,875900.000000,1.000000,901952019435.000000,2383091.000000
876000,2,238543,0.800000,1.000000,0.616182,1.000000,0.000000,0,0.000000,874571.000000,1.000000,901952019435.000000,2383091.000000
876000,3,238573,0.800000,1.000000,0.786468,1.000000,0.000000,0,0.000000,875978.000000,1.000000,901952019435.000000,2383091.000000
876000,4,236456,0.800000,1.000000,0.815227,1.000000,0.000000,0,0.000000,766130.000000,1.000000,901952019435.000000,2383091.000000
876000,5,238574,0.800000,1.000000,0.679598,1.000000,0.000000,0,0.000000,875824.000000,1.000000,901952019435.000000,2383091.000000
876000,6,238578,0.800000,1.000000,0.642677,1.000000,0.000000,0,0.000000,875942.000000,1.000000,901952019435.000000,2383091.000000
876000,7,238578,0.800000,1.000000,0.696977,1.000000,0.000000,0,0.000000,875997.000000,1.000000,901952019435.000000,2383091.000000
876000,8,238579,0.800000,1.000000,0.632271,1.000000,0.000000,0,0.000000,875998.000000,1.000000,901952019435.000000,2383091.000000
876000,9,227508,0.800000,1.000000,0.536853,1.000000,0.000000,0,0.000000,812585.000000,1.000000,901952019435.000000,2383091.000000
876000,10,238472,0.800000,1.000000,0.738655,1.000000,0.000000,0,0.000000,875538.000000,1.000000,901952019435.000000,2383091.000000
876000,11,238205,0.800000,1.000000,0.713852,1.000000,0.000000,0,0.000000,874490.000000,1.000000,901952019435.000000,2383091.000000
876000,12,237240,0.800000,1.000000,0.650541,1.000000,0.000000,0,0.000000,852780.000000,1.000000,901952019435.000000,2383091.000000
876000,13,234975,0.800000,1.000000,0.712907,1.000000,0.000000,0,0.000000,838614.000000,1.000000,901952019435.000000,2383091.000000
876000,14,238579,0.800000,1.000000,0.693923,1.000000,0.000000,1,704962.000000,876000.000000,1.000000,901952019435.000000,2383091.000000
876000,15,238578,0.800000,1.000000,0.713148,1.000000,0.000000,0,0.000000,875995.000000,1.000000,901952019435.000000,2383091.000000
877000,0,238822,0.800000,1.000000,0.720676,1.000000,0.000000,0,0.000000,876996.000000,1.000000,904041629680.000000,477609.000000
877000,1,238822,0.800000,1.000000,0.565262,1.000000,0.000000,0,0.000000,876962.000000,1.000000,904041629680.000000,477609.000000
877000,2,238819,0.800000,1.000000,0.592266,1.000000,0.000000,0,0.000000,876780.000000,1.000000,904041629680.000000,477609.000000
877000,3,238819,0.800000,1.000000,0.695732,1.000000,0.000000,0,0.000000,876969.000000,1.000000,904041629680.000000,477609.000000
877000,4,236811,0.800000,1.000000,0.734707,1.000000,0.000000,0,0.000000,766130.000000,1.000000,904041629680.000000,477609.000000
877000,5,238822,0.800000,1.000000,0.732742,1.000000,0.000000,0,0.000000,876999.000000,1.000000,904041629680.000000,477609.000000
877000,6,238780,0.800000,1.000000,0.640473,1.000000,0.000000,0,0.000000,876839.000000,1.000000,904041629680.000000,477609.000000
877000,7,238823,0.800000,1.000000,0.625596,1.000000,0.000000,1,710569.000000,877000.000000,1.000000,904041629680.000000,477609.000000
877000,8,238805,0.800000,1.000000,0.600964,1.000000,0.000000,0,0.000000,876395.000000,1.000000,904041629680.000000,477609.000000
877000,9,227738,0.800000,1.000000,0.652505,1.000000,0.000000,0,0.000000,812585.000000,1.000000,904041629680.000000,477609.000000
877000,10,238821,0.800000,1.000000,0.777974,1.000000,0.000000,0,0.000000,876990.000000,1.000000,904041629680.000000,477609.000000
877000,11,238505,0.800000,1.000000,0.640916,1.000000,0.000000,0,0.000000,874490.000000,1.000000,904041629680.000000,477609.000000
877000,12,237608,0.800000,1.000000,0.701841,1.000000,0.000000,0,0.000000,852780.000000,1.000000,904041629680.000000,477609.000000
877000,13,235357,0.800000,1.000000,0.763658,1.000000,0.000000,0,0.000000,838614.000000,1.000000,904041629680.000000,477609.000000
877000,14,238818,0.800000,1.000000,0.691623,1.000000,0.000000,0,0.000000,876916.000000,1.000000,904041629680.000000,477609.000000
877000,15,238822,0.800000,1.000000,0.596341,1.000000,0.000000,0,0.000000,876982.000000,1.000000,904041629680.000000,477609.000000
878000,0,239054,0.800000,1.000000,0.615942,1.000000,0.000000,0,0.000000,877954.000000,1.000000,906023694987.000000,2383867.000000
878000,1,239059,0.800000,1.000000,0.602742,1.000000,0.000000,0,0.000000,877995.000000,1.000000,906023694987.000000,2383867.000000
878000,2,239060,0.800000,1.000000,0.605505,1.000000,0.000000,0,0.000000,877996.000000,1.000000,906023694987.000000,2383867.000000
878000,3,239058,0.800000,1.000000,0.725268,1.000000,0.000000,0,0.000000,877997.000000,1.000000,906023694987.000000,2383867.000000
878000,4,237150,0.800000,1.000000,0.649951,1.000000,0.000000,0,0.000000,766130.000000,1.000000,906023694987.000000,2383867.000000
878000,5,239059,0.800000,1.000000,0.669481,1.000000,0.000000,0,0.000000,877994.000000,1.000000,906023694987.000000,2383867.000000
878000,6,239037,0.800000,1.000000,0.697754,1.000000,0.000000,0,0.000000,877441.000000,1.000000,906023694987.000000,2383867.000000
878000,7,238944,0.800000,1.000000,0.557319,1.000000,0.000000,0,0.000000,877444.000000,1.000000,906023694987.000000,2383867.000000
878000,8,239059,0.800000,1.000000,0.559846,1.000000,0.000000,0,0.000000,877999.000000,1.000000,906023694987.000000,2383867.000000
878000,9,228025,0.800000,1.000000,0.555725,1.000000,0.000000,0,0.000000,812585.000000,1.000000,906023694987.000000,2383867.000000
878000,10,239012,0.800000,1.000000,0.708815,1.000000,0.000000,0,0.000000,876990.000000,1.000000,906023694987.000000,2383867.000000
878000,11,238909,0.800000,1.000000,0.681954,1.000000,0.000000,0,0.000000,874490.000000,1.000000,906023694987.000000,2383867.000000
878000,12,237872,0.800000,1.000000,0.654125,1.000000,0.000000,0,0.000000,852780.000000,1.000000,906023694987.000000,2383867.000000
878000,13,235745,0.800000,1.000000,0.772175,1.000000,0.000000,0,0.000000,838614.000000,1.000000,906023694987.000000,2383867.000000
878000,14,239060,0.800000,1.000000,0.548457,1.000000,0.000000,0,0.000000,877988.000000,1.000000,906023694987.000000,2383867.000000
878000,15,239060,0.800000,1.000000,0.613216,1.000000,0.000000,1,723531.000000,878000.000000,1.000000,906023694987.000000,2383867.000000
879000,0,239295,0.800000,1.000000,0.579452,1.000000,0.000000,0,0.000000,878999.000000,1.000000,908189300551.000000,3344533.000000
879000,1,239295,0.800000,1.000000,0.636267,1.000000,0.000000,0,0.000000,878984.000000,1.000000,908189300551.000000,3344533.000000
879000,2,239295,0.800000,1.000000,0.633212,1.000000,0.000000,1,723629.000000,879000.000000,1.000000,908189300551.000000,3344533.000000
879000,3,239268,0.800000,1.000000,0.639073,1.000000,0.000000,0,0.000000,878731.000000,1.000000,908189300551.000000,3344533.000000
879000,4,237532,0.800000,1.000000,0.747811,1.000000,0.000000,0,0.000000,766130.000000,1.000000,908189300551.000000,3344533.000000
879000,5,239284,0.800000,1.000000,0.554967,1.000000,0.000000,0,0.000000,878938.000000,1.000000,908189300551.000000,3344533.000000
879000,6,239293,0.800000,1.000000,0.529539,1.000000,0.000000,0,0.000000,878884.000000,1.000000,908189300551.000000,3344533.000000
879000,7,239291,0.800000,1.000000,0.515471,1.000000,0.000000,0,0.000000,878951.000000,1.000000,908189300551.000000,3344533.000000
879000,8,239272,0.800000,1.000000,0.575164,1.000000,0.000000,0,0.000000,878266.000000,1.000000,908189300551.000000,3344533.000000
879000,9,228351,0.800000,1.000000,0.671733,1.000000,0.000000,0,0.000000,812585.000000,1.000000,908189300551.000000,3344533.000000
879000,10,239294,0.800000,1.000000,0.688790,1.000000,0.000000,0,0.000000,878992.000000,1.000000,908189300551.000000,3344533.000000
879000,11,239294,0.800000,1.000000,0.692803,1.000000,0.000000,0,0.000000,878996.000000,1.000000,908189300551.000000,3344533.000000
879000,12,238267,0.800000,1.000000,0.650587,1.000000,0.000000,0,0.000000,852780.000000,1.000000,908189300551.000000,3344533.000000
879000,13,236096,0.800000,1.000000,0.632971,1.000000,0.000000,0,0.000000,838614.000000,1.000000,908189300551.000000,3344533.000000
879000,14,239296,0.800000,1.000000,0.582171,1.000000,0.000000,0,0.000000,878998.000000,1.000000,908189300551.000000,3344533.000000
879000,15,239292,0.800000,1.000000,0.749769,1.000000,0.000000,0,0.000000,878899.000000,1.000000,908189300551.000000,3344533.000000
880000,0,239540,0.800000,1.000000,0.589850,1.000000,0.000000,0,0.000000,879966.000000,1.000000,910052355151.000000,1914432.000000
880000,1,239547,0.800000,1.000000,0.728652,1.000000,0.000000,0,0.000000,879970.000000,1.000000,910052355151.000000,1914432.000000
880000,2,239547,0.800000,1.000000,0.759647,1.000000,0.000000,0,0.000000,879998.000000,1.000000,910052355151.000000,1914432.000000
880000,3,239547,0.800000,1.000000,0.572281,1.000000,0.000000,0,0.000000,879999.000000,1.000000,910052355151.000000,1914432.000000
880000,4,237738,0.800000,1.000000,0.642060,1.000000,0.000000,0,0.000000,766130.000000,1.000000,910052355151.000000,1914432.000000
880000,5,239547,0.800000,1.000000,0.593489,1.000000,0.000000,0,0.000000,879994.000000,1.000000,910052355151.000000,1914432.000000
880000,6,239548,0.800000,1.000000,0.697694,1.000000,0.000000,1,732773.000000,880000.000000,1.000000,910052355151.000000,1914432.000000
880000,7,239481,0.800000,1.000000,0.737192,1.000000,0.000000,0,0.000000,879721.000000,1.000000,910052355151.000000,1914432.000000
880000,8,239434,0.800000,1.000000,0.724479,1.000000,0.000000,0,0.000000,879511.000000,1.000000,910052355151.000000,1914432.000000
880000,9,228699,0.800000,1.000000,0.685809,1.000000,0.000000,0,0.000000,812585.000000,1.000000,910052355151.000000,1914432.000000
880000,10,239417,0.800000,1.000000,0.589745,1.000000,0.000000,0,0.000000,878992.000000,1.000000,910052355151.000000,1914432.000000
880000,11,239545,0.800000,1.000000,0.685139,1.000000,0.000000,0,0.000000,879960.000000,1.000000,910052355151.000000,1914432.000000
880000,12,238581,0.800000,1.000000,0.705059,1.000000,0.000000,0,0.000000,852780.000000,1.000000,910052355151.000000,1914432.000000
880000,13,236430,0.800000,1.000000,0.649318,1.000000,0.000000,0,0.000000,838614.000000,1.000000,910052355151.000000,1914432.000000
880000,14,239485,0.800000,1.000000,0.708966,1.000000,0.000000,0,0.000000,879736.000000,1.000000,910052355151.000000,1914432.000000
880000,15,239543,0.800000,1.000000,0.513323,1.000000,0.000000,0,0.000000,879921.000000,1.000000,910052355151.000000,1914432.000000
881000,0,239787,0.800000,1.000000,0.633173,1.000000,0.000000,0,0.000000,880961.000000,1.000000,911888327578.000000,3328263.000000
881000,1,239791,0.800000,1.000000,0.708369,1.000000,0.000000,0,0.000000,880996.000000,1.000000,911888327578.000000,3328263.000000
881000,2,239782,0.800000,1.000000,0.553200,1.000000,0.000000,0,0.000000,880901.000000,1.000000,911888327578.000000,3328263.000000
881000,3,239789,0.800000,1.000000,0.540364,1.000000,0.000000,0,0.000000,880993.000000,1.000000,911888327578.000000,3328263.000000
881000,4,237922,0.800000,1.000000,0.600891,1.000000,0.000000,0,0.000000,766130.000000,1.000000,911888327578.000000,3328263.000000
881000,5,239791,0.800000,1.000000,0.757684,1.000000,0.000000,1,698884.000000,881000.000000,1.000000,911888327578.000000,3328263.000000
881000,6,239791,0.800000,1.000000,0.583246,1.000000,0.000000,0,0.000000,880988.000000,1.000000,911888327578.000000,3328263.000000
881000,7,239481,0.800000,1.000000,0.737192,1.000000,0.000000,0,0.000000,879721.000000,1.000000,911888327578.000000,3328263.000000
881000,8,239434,0.800000,1.000000,0.724479,1.000000,0.000000,0,0.000000,879511.000000,1.000000,911888327578.000000,3328263.000000
881000,9,229109,0.800000,1.000000,0.660529,1.000000,0.000000,0,0.000000,812585.000000,1.000000,911888327578.000000,3328263.000000
881000,10,239789,0.800000,1.000000,0.652383,1.000000,0.000000,0,0.000000,878992.000000,1.000000,911888327578.000000,3328263.000000
881000,11,239792,0.800000,1.000000,0.733224,1.000000,0.000000,0,0.000000,880998.000000,1.000000,911888327578.000000,3328263.000000
881000,12,239024,0.800000,1.000000,0.633820,1.000000,0.000000,0,0.000000,852780.000000,1.000000,911888327578.000000,3328263.000000
881000,13,236839,0.800000,1.000000,0.682824,1.000000,0.000000,0,0.000000,838614.000000,1.000000,911888327578.000000,3328263.000000
881000,14,239574,0.800000,1.000000,0.443054,1.000000,0.000000,0,0.000000,879736.000000,1.000000,911888327578.000000,3328263.000000
881000,15,239791,0.800000,1.000000,0.762503,1.000000,0.000000,0,0.000000,880999.000000,1.000000,911888327578.000000,3328263.000000
882000,0,240033,0.800000,1.000000,0.584201,1.000000,0.000000,0,0.000000,881986.000000,1.000000,913929970983.000000,953966.000000
882000,1,240033,0.800000,1.000000,0.599298,1.000000,0.000000,1,714357.000000,882000.000000,1.000000,913929970983.000000,953966.000000
882000,2,240031,0.800000,1.000000,0.687551,1.000000,0.000000,0,0.000000,881983.000000,1.000000,913929970983.000000,953966.000000
882000,3,240034,0.800000,1.000000,0.646554,1.000000,0.000000,0,0.000000,881978.000000,1.000000,913929970983.000000,953966.000000
882000,4,238284,0.800000,1.000000,0.697346,1.000000,0.000000,0,0.000000,766130.000000,1.000000,913929970983.000000,953966.000000
882000,5,240032,0.800000,1.000000,0.652967,1.000000,0.000000,0,0.000000,881929.000000,1.000000,913929970983.000000,953966.000000
882000,6,240033,0.800000,1.000000,0.731705,1.000000,0.000000,0,0.000000,881997.000000,1.000000,913929970983.000000,953966.000000
882000,7,239772,0.800000,1.000000,0.532977,1.000000,0.000000,0,0.000000,879721.000000,1.000000,913929970983.000000,953966.000000
882000,8,239434,0.800000,1.000000,0.724479,1.000000,0.000000,0,0.000000,879511.000000,1.000000,913929970983.000000,953966.000000
882000,9,229499,0.800000,1.000000,0.706718,1.000000,0.000000,0,0.000000,812585.000000,1.000000,913929970983.000000,953966.000000
882000,10,240034,0.800000,1.000000,0.717860,1.000000,0.000000,0,0.000000,881993.000000,1.000000,913929970983.000000,953966.000000
882000,11,240031,0.800000,1.000000,0.597013,1.000000,0.000000,0,0.000000,881971.000000,1.000000,913929970983.000000,953966.000000
882000,12,239340,0.800000,1.000000,0.604731,1.000000,0.000000,0,0.000000,852780.000000,1.000000,913929970983.000000,953966.000000
882000,13,237212,0.800000,1.000000,0.688095,1.000000,0.000000,0,0.000000,838614.000000,1.000000,913929970983.000000,953966.000000
882000,14,239931,0.800000,1.000000,0.502668,1.000000,0.000000,0,0.000000,879736.000000,1.000000,913929970983.000000,953966.000000
882000,15,240034,0.800000,1.000000,0.683882,1.000000,0.000000,0,0.000000,881999.000000,1.000000,913929970983.000000,953966.000000
883000,0,240234,0.800000,1.000000,0.658197,1.000000,0.000000,0,0.000000,882985.000000,1.000000,915708927811.000000,1913950.000000
883000,1,240231,0.800000,1.000000,0.656217,1.000000,0.000000,0,0.000000,882966.000000,1.000000,915708927811.000000,1913950.000000
883000,2,240236,0.800000,1.000000,0.662578,1.000000,0.000000,0,0.000000,882988.000000,1.000000,915708927811.000000,1913950.000000
883000,3,240238,0.800000,1.000000,0.706751,1.000000,0.000000,0,0.000000,882998.000000,1.000000,915708927811.000000,1913950.000000
883000,4,238714,0.800000,1.000000,0.599524,1.000000,0.000000,0,0.000000,766130.000000,1.000000,915708927811.000000,1913950.000000
883000,5,240232,0.800000,1.000000,0.584592,1.000000,0.000000,0,0.000000,882841.000000,1.000000,915708927811.000000,1913950.000000
883000,6,240155,0.800000,1.000000,0.742108,1.000000,0.000000,0,0.000000,882587.000000,1.000000,915708927811.000000,1913950.000000
883000,7,240141,0.800000,1.000000,0.639699,1.000000,0.000000,0,0.000000,879721.000000,1.000000,915708927811.000000,1913950.000000
883000,8,239489,0.800000,1.000000,0.727189,1.000000,0.000000,0,0.000000,879511.000000,1.000000,915708927811.000000,1913950.000000
883000,9,229809,0.800000,1.000000,0.616818,1.000000,0.000000,0,0.000000,812585.000000,1.000000,915708927811.000000,1913950.000000
883000,10,240238,0.800000,1.000000,0.748125,1.000000,0.000000,0,0.000000,882999.000000,1.000000,915708927811.000000,1913950.000000
883000,11,240238,0.800000,1.000000,0.707442,1.000000,0.000000,1,744425.000000,883000.000000,1.000000,915708927811.000000,1913950.000000
883000,12,239693,0.800000,1.000000,0.684127,1.000000,0.000000,0,0.000000,852780.000000,1.000000,915708927811.000000,1913950.000000
883000,13,237564,0.800000,1.000000,0.658069,1.000000,0.000000,0,0.000000,838614.000000,1.000000,915708927811.000000,1913950.000000
883000,14,240048,0.800000,1.000000,0.703455,1.000000,0.000000,0,0.000000,879736.000000,1.000000,915708927811.000000,1913950.000000
883000,15,240233,0.800000,1.000000,0.608581,1.000000,0.000000,0,0.000000,882942.000000,1.000000,915708927811.000000,1913950.000000
884000,0,240423,0.800000,1.000000,0.603425,1.000000,0.000000,0,0.000000,883902.000000,1.000000,917314521249.000000,1437551.000000
884000,1,240436,0.800000,1.000000,0.638651,1.000000,0.000000,0,0.000000,883996.000000,1.000000,917314521249.000000,1437551.000000
884000,2,240298,0.800000,1.000000,0.801015,1.000000,0.000000,0,0.000000,883162.000000,1.000000,917314521249.000000,1437551.000000
884000,3,240427,0.800000,1.000000,0.672311,1.000000,0.000000,0,0.000000,883964.000000,1.000000,917314521249.000000,1437551.000000
884000,4,239046,0.800000,1.000000,0.618303,1.000000,0.000000,0,0.000000,766130.000000,1.000000,917314521249.000000,1437551.000000
884000,5,240435,0.800000,1.000000,0.600463,1.000000,0.000000,0,0.000000,883976.000000,1.000000,917314521249.000000,1437551.000000
884000,6,240155,0.800000,1.000000,0.742108,1.000000,0.000000,0,0.000000,882587.000000,1.000000,917314521249.000000,1437551.000000
884000,7,240436,0.800000,1.000000,0.728815,1.000000,0.000000,1,717000.000000,884000.000000,1.000000,917314521249.000000,1437551.000000
884000,8,239841,0.800000,1.000000,0.618423,1.000000,0.000000,0,0.000000,879511.000000,1.000000,917314521249.000000,1437551.000000
884000,9,230187,0.800000,1.000000,0.612026,1.000000,0.000000,0,0.000000,812585.000000,1.000000,917314521249.000000,1437551.000000
884000,10,240339,0.800000,1.000000,0.646149,1.000000,0.000000,0,0.000000,883494.000000,1.000000,917314521249.000000,1437551.000000
884000,11,240437,0.800000,1.000000,0.727376,1.000000,0.000000,0,0.000000,883999.000000,1.000000,917314521249.000000,1437551.000000
884000,12,240008,0.800000,1.000000,0.654392,1.000000,0.000000,0,0.000000,852780.000000,1.000000,917314521249.000000,1437551.000000
884000,13,237905,0.800000,1.000000,0.534504,1.000000,0.000000,0,0.000000,838614.000000,1.000000,917314521249.000000,1437551.000000
884000,14,240048,0.800000,1.000000,0.703455,1.000000,0.000000,0,0.000000,879736.000000,1.000000,917314521249.000000,1437551.000000
884000,15,240436,0.800000,1.000000,0.634328,1.000000,0.000000,0,0.000000,883993.000000,1.000000,917314521249.000000,1437551.000000
885000,0,240649,0.800000,1.000000,0.603453,1.000000,0.000000,0,0.000000,884989.000000,1.000000,919186364298.000000,2401199.000000
885000,1,240651,0.800000,1.000000,0.624902,1.000000,0.000000,0,0.000000,884998.000000,1.000000,919186364298.000000,2401199.000000
885000,2,240650,0.800000,1.000000,0.597071,1.000000,0.000000,0,0.000000,884993.000000,1.000000,919186364298.000000,2401199.000000
885000,3,240649,0.800000,1.000000,0.621055,1.000000,0.000000,0,0.000000,884994.000000,1.000000,919186364298.000000,2401199.000000
885000,4,239443,0.800000,1.000000,0.619696,1.000000,0.000000,0,0.000000,766130.000000,1.000000,919186364298.000000,2401199.000000
885000,5,240650,0.800000,1.000000,0.487207,1.000000,0.000000,0,0.000000,884975.000000,1.000000,919186364298.000000,2401199.000000
885000,6,240155,0.800000,1.000000,0.742108,1.000000,0.000000,0,0.000000,882587.000000,1.000000,919186364298.000000,2401199.000000
885000,7,240650,0.800000,1.000000,0.620022,1.000000,0.000000,0,0.000000,884999.000000,1.000000,919186364298.000000,2401199.000000
885000,8,240181,0.800000,1.000000,0.615486,1.000000,0.000000,0,0.000000,879511.000000,1.000000,919186364298.000000,2401199.000000
885000,9,230538,0.800000,1.000000,0.683903,1.000000,0.000000,0,0.000000,812585.000000,1.000000,919186364298.000000,2401199.000000
885000,10,240499,0.800000,1.000000,0.672405,1.000000,0.000000,0,0.000000,883494.000000,1.000000,919186364298.000000,2401199.000000
885000,11,240650,0.800000,1.000000,0.713675,1.000000,0.000000,0,0.000000,884981.000000,1.000000,919186364298.000000,2401199.000000
885000,12,240403,0.800000,1.000000,0.591672,1.000000,0.000000,0,0.000000,852780.000000,1.000000,919186364298.000000,2401199.000000
885000,13,238249,0.800000,1.000000,0.537552,1.000000,0.000000,0,0.000000,838614.000000,1.000000,919186364298.000000,2401199.000000
885000,14,240102,0.800000,1.000000,0.592414,1.000000,0.000000,0,0.000000,879736.000000,1.000000,919186364298.000000,2401199.000000
885000,15,240651,0.800000,1.000000,0.686827,1.000000,0.000000,1,728279.000000,885000.000000,1.000000,919186364298.000000,2401199.000000
886000,0,240883,0.800000,1.000000,0.693207,1.000000,0.000000,0,0.000000,885996.000000,1.000000,921350392916.000000,2885264.000000
886000,1,240882,0.800000,1.000000,0.463870,1.000000,0.000000,0,0.000000,885941.000000,1.000000,921350392916.000000,2885264.000000
886000,2,240873,0.800000,1.000000,0.570840,1.000000,0.000000,0,0.000000,885854.000000,1.000000,921350392916.000000,2885264.000000
886000,3,240885,0.800000,1.000000,0.662123,1.000000,0.000000,0,0.000000,885998.000000,1.000000,921350392916.000000,2885264.000000
886000,4,239793,0.800000,1.000000,0.562458,1.000000,0.000000,0,0.000000,766130.000000,1.000000,921350392916.000000,2885264.000000
886000,5,240881,0.800000,1.000000,0.615555,1.000000,0.000000,0,0.000000,885977.000000,1.000000,921350392916.000000,2885264.000000
886000,6,240155,0.800000,1.000000,0.742108,1.000000,0.000000,0,0.000000,882587.000000,1.000000,921350392916.000000,2885264.000000
886000,7,240883,0.800000,1.000000,0.770540,1.000000,0.000000,0,0.000000,885887.000000,1.000000,921350392916.000000,2885264.000000
886000,8,240588,0.800000,1.000000,0.644735,1.000000,0.000000,0,0.000000,879511.000000,1.000000,921350392916.000000,2885264.000000
886000,9,230941,0.800000,1.000000,0.495811,1.000000,0.000000,0,0.000000,812585.000000,1.000000,921350392916.000000,2885264.000000
886000,10,240885,0.800000,1.000000,0.667268,1.000000,0.000000,1,714847.000000,886000.000000,1.000000,921350392916.000000,2885264.000000
886000,11,240885,0.800000,1.000000,0.520497,1.000000,0.000000,0,0.000000,885986.000000,1.000000,921350392916.000000,2885264.000000
886000,12,240760,0.800000,1.000000,0.619173,1.000000,0.000000,0,0.000000,852780.000000,1.000000,921350392916.000000,2885264.000000
886000,13,238635,0.800000,1.000000,0.572106,1.000000,0.000000,0,0.000000,838614.000000,1.000000,921350392916.000000,2885264.000000
886000,14,240473,0.800000,1.000000,0.620937,1.000000,0.000000,0,0.000000,879736.000000,1.000000,921350392916.000000,2885264.000000
886000,15,240886,0.800000,1.000000,0.655402,1.000000,0.000000,0,0.000000,885995.000000,1.000000,921350392916.000000,2885264.000000
887000,0,241121,0.800000,1.000000,0.578547,1.000000,0.000000,0,0.000000,886991.000000,1.000000,923540595061.000000,2890152.000000
887000,1,241121,0.800000,1.000000,0.685191,1.000000,0.000000,0,0.000000,886997.000000,1.000000,923540595061.000000,2890152.000000
887000,2,241118,0.800000,1.000000,0.590108,1.000000,0.000000,0,0.000000,886966.000000,1.000000,923540595061.000000,2890152.000000
887000,3,241121,0.800000,1.000000,0.755392,1.000000,0.000000,0,0.000000,886998.000000,1.000000,923540595061.000000,2890152.000000
887000,4,240158,0.800000,1.000000,0.788336,1.000000,0.000000,0,0.000000,766130.000000,1.000000,923540595061.000000,2890152.000000
887000,5,241119,0.800000,1.000000,0.677003,1.000000,0.000000,0,0.000000,886990.000000,1.000000,923540595061.000000,2890152.000000
887000,6,240445,0.800000,1.000000,0.758541,1.000000,0.000000,0,0.000000,882587.000000,1.000000,923540595061.000000,2890152.000000
887000,7,241121,0.800000,1.000000,0.703393,1.000000,0.000000,1,718881.000000,887000.000000,1.000000,923540595061.000000,2890152.000000
887000,8,240984,0.800000,1.000000,0.578705,1.000000,0.000000,0,0.000000,879511.000000,1.000000,923540595061.000000,2890152.000000
887000,9,231306,0.800000,1.000000,0.648606,1.000000,0.000000,0,0.000000,812585.000000,1.000000,923540595061.000000,2890152.000000
887000,10,241121,0.800000,1.000000,0.649687,1.000000,0.000000,0,0.000000,886994.000000,1.000000,923540595061.000000,2890152.000000
887000,11,241113,0.800000,1.000000,0.596421,1.000000,0.000000,0,0.000000,886104.000000,1.000000,923540595061.000000,2890152.000000
887000,12,241116,0.800000,1.000000,0.718372,1.000000,0.000000,0,0.000000,852780.000000,1.000000,923540595061.000000,2890152.000000
887000,13,238928,0.800000,1.000000,0.635117,1.000000,0.000000,0,0.000000,838614.000000,1.000000,923540595061.000000,2890152.000000
887000,14,240845,0.800000,1.000000,0.714771,1.000000,0.000000,0,0.000000,879736.000000,1.000000,923540595061.000000,2890152.000000
887000,15,241116,0.800000,1.000000,0.528560,1.000000,0.000000,0,0.000000,886962.000000,1.000000,923540595061.000000,2890152.000000
888000,0,241364,0.800000,1.000000,0.667110,1.000000,0.000000,0,0.000000,887998.000000,1.000000,925552814294.000000,964358.000000
888000,1,241161,0.800000,1.000000,0.699816,1.000000,0.000000,0,0.000000,887118.000000,1.000000,925552814294.000000,964358.000000
888000,2,241364,0.800000,1.000000,0.602090,1.000000,0.000000,0,0.000000,887987.000000,1.000000,925552814294.000000,964358.000000
888000,3,241364,0.800000,1.000000,0.572365,1.000000,0.000000,1,709991.000000,888000.000000,1.000000,925552814294.000000,964358.000000
888000,4,240412,0.800000,1.000000,0.601483,1.000000,0.000000,0,0.000000,766130.000000,1.000000,925552814294.000000,964358.000000
888000,5,241361,0.800000,1.000000,0.692672,1.000000,0.000000,0,0.000000,887979.000000,1.000000,925552814294.000000,964358.000000
888000,6,240819,0.800000,1.000000,0.653264,1.000000,0.000000,0,0.000000,882587.000000,1.000000,925552814294.000000,964358.000000
888000,7,241357,0.800000,1.000000,0.660435,1.000000,0.000000,0,0.000000,887966.000000,1.000000,925552814294.000000,964358.000000
888000,8,241360,0.800000,1.000000,0.583329,1.000000,0.000000,0,0.000000,887947.000000,1.000000,925552814294.000000,964358.000000
888000,9,231670,0.800000,1.000000,0.609982,1.000000,0.000000,0,0.000000,812585.000000,1.000000,925552814294.000000,964358.000000
888000,10,241365,0.800000,1.000000,0.627700,1.000000,0.000000,0,0.000000,887995.000000,1.000000,925552814294.000000,964358.000000
888000,11,241365,0.800000,1.000000,0.656375,1.000000,0.000000,0,0.000000,887994.000000,1.000000,925552814294.000000,964358.000000
888000,12,241214,0.800000,1.000000,0.674439,1.000000,0.000000,0,0.000000,887301.000000,1.000000,925552814294.000000,964358.000000
888000,13,239302,0.800000,1.000000,0.687677,1.000000,0.000000,0,0.000000,838614.000000,1.000000,925552814294.000000,964358.000000
888000,14,241204,0.800000,1.000000,0.725958,1.000000,0.000000,0,0.000000,879736.000000,1.000000,925552814294.000000,964358.000000
888000,15,241362,0.800000,1.000000,0.684326,1.000000,0.000000,0,0.000000,887624.000000,1.000000,925552814294.000000,964358.000000
889000,0,241616,0.800000,1.000000,0.785487,1.000000,0.000000,0,0.000000,888996.000000,1.000000,927576003399.000000,1448899.000000
889000,1,241336,0.800000,1.000000,0.725140,1.000000,0.000000,0,0.000000,887118.000000,1.000000,927576003399.000000,1448899.000000
889000,2,241612,0.800000,1.000000,0.561183,1.000000,0.000000,0,0.000000,888973.000000,1.000000,927576003399.000000,1448899.000000
889000,3,241606,0.800000,1.000000,0.599781,1.000000,0.000000,0,0.000000,888917.000000,1.000000,927576003399.000000,1448899.000000
889000,4,240738,0.800000,1.000000,0.593079,1.000000,0.000000,0,0.000000,766130.000000,1.000000,927576003399.000000,1448899.000000
889000,5,241617,0.800000,1.000000,0.613197,1.000000,0.000000,1,704568.000000,889000.000000,1.000000,927576003399.000000,1448899.000000
889000,6,241077,0.800000,1.000000,0.725702,1.000000,0.000000,0,0.000000,882587.000000,1.000000,927576003399.000000,1448899.000000
889000,7,241617,0.800000,1.000000,0.611357,1.000000,0.000000,0,0.000000,888992.000000,1.000000,927576003399.000000,1448899.000000
889000,8,241617,0.800000,1.000000,0.688399,1.000000,0.000000,0,0.000000,888997.000000,1.000000,927576003399.000000,1448899.000000
889000,9,232016,0.800000,1.000000,0.628161,1.000000,0.000000,0,0.000000,812585.000000,1.000000,927576003399.000000,1448899.000000
889000,10,241617,0.800000,1.000000,0.605595,1.000000,0.000000,0,0.000000,888999.000000,1.000000,927576003399.000000,1448899.000000
889000,11,241618,0.800000,1.000000,0.735091,1.000000,0.000000,0,0.000000,888998.000000,1.000000,927576003399.000000,1448899.000000
889000,12,241497,0.800000,1.000000,0.622688,1.000000,0.000000,0,0.000000,887301.000000,1.000000,927576003399.000000,1448899.000000
889000,13,239520,0.800000,1.000000,0.609722,1.000000,0.000000,0,0.000000,838614.000000,1.000000,927576003399.000000,1448899.000000
889000,14,241557,0.800000,1.000000,0.804490,1.000000,0.000000,0,0.000000,879736.000000,1.000000,927576003399.000000,1448899.000000
889000,15,241590,0.800000,1.000000,0.612285,1.000000,0.000000,0,0.000000,888800.000000,1.000000,927576003399.000000,1448899.000000
890000,0,241884,0.800000,1.000000,0.651448,1.000000,0.000000,0,0.000000,889976.000000,1.000000,929892448247.000000,3360595.000000
890000,1,241691,0.800000,1.000000,0.654499,1.000000,0.000000,0,0.000000,887118.000000,1.000000,929892448247.000000,3360595.000000
890000,2,241889,0.800000,1.000000,0.581441,1.000000,0.000000,0,0.000000,889998.000000,1.000000,929892448247.000000,3360595.000000
890000,3,241869,0.800000,1.000000,0.708702,1.000000,0.000000,0,0.000000,889920.000000,1.000000,929892448247.000000,3360595.000000
890000,4,241012,0.800000,1.000000,0.721130,1.000000,0.000000,0,0.000000,766130.000000,1.000000,929892448247.000000,3360595.000000
890000,5,241888,0.800000,1.000000,0.654600,1.000000,0.000000,0,0.000000,889982.000000,1.000000,929892448247.000000,3360595.000000
890000,6,241449,0.800000,1.000000,0.660220,1.000000,0.000000,0,0.000000,882587.000000,1.000000,929892448247.000000,3360595.000000
890000,7,241889,0.800000,1.000000,0.712142,1.000000,0.000000,0,0.000000,889999.000000,1.000000,929892448247.000000,3360595.000000
890000,8,241889,0.800000,1.000000,0.624002,1.000000,0.000000,0,0.000000,889992.000000,1.000000,929892448247.000000,3360595.000000
890000,9,232378,0.800000,1.000000,0.658327,1.000000,0.000000,0,0.000000,812585.000000,1.000000,929892448247.000000,3360595.000000
890000,10,241889,0.800000,1.000000,0.558490,1.000000,0.000000,0,0.000000,889967.000000,1.000000,929892448247.000000,3360595.000000
890000,11,241889,0.800000,1.000000,0.619776,1.000000,0.000000,0,0.000000,889984.000000,1.000000,929892448247.000000,3360595.000000
890000,12,241889,0.800000,1.000000,0.631640,1.000000,0.000000,1,718412.000000,890000.000000,1.000000,929892448247.000000,3360595.000000
890000,13,239805,0.800000,1.000000,0.572019,1.000000,0.000000,0,0.000000,838614.000000,1.000000,929892448247.000000,3360595.000000
890000,14,241879,0.800000,1.000000,0.674335,1.000000,0.000000,0,0.000000,889892.000000,1.000000,929892448247.000000,3360595.000000
890000,15,241872,0.800000,1.000000,0.602697,1.000000,0.000000,0,0.000000,889719.000000,1.000000,929892448247.000000,3360595.000000
891000,0,242041,0.800000,1.000000,0.476895,1.000000,0.000000,0,0.000000,890538.000000,1.000000,932061954578.000000,2885900.000000
891000,1,242029,0.800000,1.000000,0.755939,1.000000,0.000000,0,0.000000,887118.000000,1.000000,932061954578.000000,2885900.000000
891000,2,242148,0.800000,1.000000,0.427503,1.000000,0.000000,0,0.000000,890984.000000,1.000000,932061954578.000000,2885900.000000
891000,3,242057,0.800000,1.000000,0.632535,1.000000,0.000000,0,0.000000,890187.000000,1.000000,932061954578.000000,2885900.000000
891000,4,241411,0.800000,1.000000,0.680311,1.000000,0.000000,0,0.000000,766130.000000,1.000000,932061954578.000000,2885900.000000
891000,5,242148,0.800000,1.000000,0.769910,1.000000,0.000000,0,0.000000,890998.000000,1.000000,932061954578.000000,2885900.000000
891000,6,241842,0.800000,1.000000,0.542204,1.000000,0.000000,0,0.000000,882587.000000,1.000000,932061954578.000000,2885900.000000
891000,7,242149,0.800000,1.000000,0.695612,1.000000,0.000000,0,0.000000,890996.000000,1.000000,932061954578.000000,2885900.000000
891000,8,242144,0.800000,1.000000,0.610839,1.000000,0.000000,0,0.000000,890907.000000,1.000000,932061954578.000000,2885900.000000
891000,9,232734,0.800000,1.000000,0.635680,1.000000,0.000000,0,0.000000,812585.000000,1.000000,932061954578.000000,2885900.000000
891000,10,242148,0.800000,1.000000,0.723240,1.000000,0.000000,0,0.000000,890895.000000,1.000000,932061954578.000000,2885900.000000
891000,11,242149,0.800000,1.000000,0.738821,1.000000,0.000000,0,0.000000,890999.000000,1.000000,932061954578.000000,2885900.000000
891000,12,242141,0.800000,1.000000,0.659501,1.000000,0.000000,0,0.000000,890965.000000,1.000000,932061954578.000000,2885900.000000
891000,13,240125,0.800000,1.000000,0.716677,1.000000,0.000000,0,0.000000,838614.000000,1.000000,932061954578.000000,2885900.000000
891000,14,242149,0.800000,1.000000,0.640017,1.000000,0.000000,1,718131.000000,891000.000000,1.000000,932061954578.000000,2885900.000000
891000,15,242147,0.800000,1.000000,0.552513,1.000000,0.000000,0,0.000000,890954.000000,1.000000,932061954578.000000,2885900.000000
892000,0,242357,0.800000,1.000000,0.629351,1.000000,0.000000,0,0.000000,890538.000000,1.000000,934382628162.000000,1938852.000000
892000,1,242408,0.800000,1.000000,0.698357,1.000000,0.000000,0,0.000000,891997.000000,1.000000,934382628162.000000,1938852.000000
892000,2,242408,0.800000,1.000000,0.711186,1.000000,0.000000,1,731622.000000,892000.000000,1.000000,934382628162.000000,1938852.000000
892000,3,242332,0.800000,1.000000,0.801970,1.000000,0.000000,0,0.000000,890187.000000,1.000000,934382628162.000000,1938852.000000
892000,4,241821,0.800000,1.000000,0.670584,1.000000,0.000000,0,0.000000,766130.000000,1.000000,934382628162.000000,1938852.000000
892000,5,242409,0.800000,1.000000,0.650618,1.000000,0.000000,0,0.000000,891750.000000,1.000000,934382628162.000000,1938852.000000
892000,6,242206,0.800000,1.000000,0.572876,1.000000,0.000000,0,0.000000,882587.000000,1.000000,934382628162.000000,1938852.000000
892000,7,242408,0.800000,1.000000,0.484689,1.000000,0.000000,0,0.000000,891976.000000,1.000000,934382628162.000000,1938852.000000
892000,8,242406,0.800000,1.000000,0.561644,1.000000,0.000000,0,0.000000,891911.000000,1.000000,934382628162.000000,1938852.000000
892000,9,233097,0.800000,1.000000,0.708015,1.000000,0.000000,0,0.000000,812585.000000,1.000000,934382628162.000000,1938852.000000
892000,10,242406,0.800000,1.000000,0.619813,1.000000,0.000000,0,0.000000,891985.000000,1.000000,934382628162.000000,1938852.000000
892000,11,242409,0.800000,1.000000,0.726648,1.000000,0.000000,0,0.000000,891999.000000,1.000000,934382628162.000000,1938852.000000
892000,12,242408,0.800000,1.000000,0.608267,1.000000,0.000000,0,0.000000,891988.000000,1.000000,934382628162.000000,1938852.000000
892000,13,240480,0.800000,1.000000,0.555764,1.000000,0.000000,0,0.000000,838614.000000,1.000000,934382628162.000000,1938852.000000
892000,14,242407,0.800000,1.000000,0.731151,1.000000,0.000000,0,0.000000,891993.000000,1.000000,934382628162.000000,1938852.000000
892000,15,242408,0.800000,1.000000,0.696390,1.000000,0.000000,0,0.000000,891954.000000,1.000000,934382628162.000000,1938852.000000
893000,0,242693,0.800000,1.000000,0.709824,1.000000,0.000000,0,0.000000,892996.000000,1.000000,936618203611.000000,3877634.000000
893000,1,242693,0.800000,1.000000,0.670889,1.000000,0.000000,1,723018.000000,893000.000000,1.000000,936618203611.000000,3877634.000000
893000,2,242675,0.800000,1.000000,0.630711,1.000000,0.000000,0,0.000000,892875.000000,1.000000,936618203611.000000,3877634.000000
893000,3,242652,0.800000,1.000000,0.477628,1.000000,0.000000,0,0.000000,890187.000000,1.000000,936618203611.000000,3877634.000000
893000,4,242235,0.800000,1.000000,0.530426,1.000000,0.000000,0,0.000000,766130.000000,1.000000,936618203611.000000,3877634.000000
893000,5,242666,0.800000,1.000000,0.696956,1.000000,0.000000,0,0.000000,892825.000000,1.000000,936618203611.000000,3877634.000000
893000,6,242508,0.800000,1.000000,0.688680,1.000000,0.000000,0,0.000000,882587.000000,1.000000,936618203611.000000,3877634.000000
893000,7,242693,0.800000,1.000000,0.641962,1.000000,0.000000,0,0.000000,892975.000000,1.000000,936618203611.000000,3877634.000000
893000,8,242560,0.800000,1.000000,0.700302,1.000000,0.000000,0,0.000000,892365.000000,1.000000,936618203611.000000,3877634.000000
893000,9,233380,0.800000,1.000000,0.606222,1.000000,0.000000,0,0.000000,812585.000000,1.000000,936618203611.000000,3877634.000000
893000,10,242693,0.800000,1.000000,0.658238,1.000000,0.000000,0,0.000000,892982.000000,1.000000,936618203611.000000,3877634.000000
893000,11,242688,0.800000,1.000000,0.546611,1.000000,0.000000,0,0.000000,892968.000000,1.000000,936618203611.000000,3877634.000000
893000,12,242693,0.800000,1.000000,0.725984,1.000000,0.000000,0,0.000000,892999.000000,1.000000,936618203611.000000,3877634.000000
893000,13,240776,0.800000,1.000000,0.763199,1.000000,0.000000,0,0.000000,838614.000000,1.000000,936618203611.000000,3877634.000000
893000,14,242694,0.800000,1.000000,0.705003,1.000000,0.000000,0,0.000000,892997.000000,1.000000,936618203611.000000,3877634.000000
893000,15,242694,0.800000,1.000000,0.741770,1.000000,0.000000,0,0.000000,892998.000000,1.000000,936618203611.000000,3877634.000000
894000,0,242952,0.800000,1.000000,0.654712,1.000000,0.000000,1,718277.000000,894000.000000,1.000000,938884114360.000000,1925136.000000
894000,1,242953,0.800000,1.000000,0.661780,1.000000,0.000000,0,0.000000,893998.000000,1.000000,938884114360.000000,1925136.000000
894000,2,242953,0.800000,1.000000,0.633436,1.000000,0.000000,0,0.000000,893999.000000,1.000000,938884114360.000000,1925136.000000
894000,3,242950,0.800000,1.000000,0.615685,1.000000,0.000000,0,0.000000,893975.000000,1.000000,938884114360.000000,1925136.000000
894000,4,242608,0.800000,1.000000,0.684276,1.000000,0.000000,0,0.000000,766130.000000,1.000000,938884114360.000000,1925136.000000
894000,5,242938,0.800000,1.000000,0.741689,1.000000,0.000000,0,0.000000,893570.000000,1.000000,938884114360.000000,1925136.000000
894000,6,242870,0.800000,1.000000,0.519394,1.000000,0.000000,0,0.000000,882587.000000,1.000000,938884114360.000000,1925136.000000
894000,7,242952,0.800000,1.000000,0.684246,1.000000,0.000000,0,0.000000,893992.000000,1.000000,938884114360.000000,1925136.000000
894000,8,242883,0.800000,1.000000,0.697459,1.000000,0.000000,0,0.000000,892365.000000,1.000000,938884114360.000000,1925136.000000
894000,9,233784,0.800000,1.000000,0.743592,1.000000,0.000000,0,0.000000,812585.000000,1.000000,938884114360.000000,1925136.000000
894000,10,242924,0.800000,1.000000,0.592664,1.000000,0.000000,0,0.000000,893229.000000,1.000000,938884114360.000000,1925136.000000
894000,11,242952,0.800000,1.000000,0.591400,1.000000,0.000000,0,0.000000,893996.000000,1.000000,938884114360.000000,1925136.000000
894000,12,242952,0.800000,1.000000,0.620772,1.000000,0.000000,0,0.000000,893988.000000,1.000000,938884114360.000000,1925136.000000
894000,13,241142,0.800000,1.000000,0.694330,1.000000,0.000000,0,0.000000,838614.000000,1.000000,938884114360.000000,1925136.000000
894000,14,242947,0.800000,1.000000,0.522022,1.000000,0.000000,0,0.000000,893934.000000,1.000000,938884114360.000000,1925136.000000
894000,15,242918,0.800000,1.000000,0.726863,1.000000,0.000000,0,0.000000,893816.000000,1.000000,938884114360.000000,1925136.000000
895000,0,243176,0.800000,1.000000,0.577720,1.000000,0.000000,0,0.000000,894996.000000,1.000000,940806613243.000000,2914624.000000
895000,1,243178,0.800000,1.000000,0.733012,1.000000,0.000000,0,0.000000,894997.000000,1.000000,940806613243.000000,2914624.000000
895000,2,243147,0.800000,1.000000,0.609258,1.000000,0.000000,0,0.000000,894369.000000,1.000000,940806613243.000000,2914624.000000
895000,3,243177,0.800000,1.000000,0.564515,1.000000,0.000000,0,0.000000,894898.000000,1.000000,940806613243.000000,2914624.000000
895000,4,242961,0.800000,1.000000,0.633263,1.000000,0.000000,0,0.000000,766130.000000,1.000000,940806613243.000000,2914624.000000
895000,5,243178,0.800000,1.000000,0.661566,1.000000,0.000000,0,0.000000,894995.000000,1.000000,940806613243.000000,2914624.000000
895000,6,243137,0.800000,1.000000,0.685248,1.000000,0.000000,0,0.000000,882587.000000,1.000000,940806613243.000000,2914624.000000
895000,7,243179,0.800000,1.000000,0.659045,1.000000,0.000000,0,0.000000,894999.000000,1.000000,940806613243.000000,2914624.000000
895000,8,243128,0.800000,1.000000,0.522794,1.000000,0.000000,0,0.000000,892365.000000,1.000000,940806613243.000000,2914624.000000
895000,9,234133,0.800000,1.000000,0.584523,1.000000,0.000000,0,0.000000,812585.000000,1.000000,940806613243.000000,2914624.000000
895000,10,243179,0.800000,1.000000,0.701602,1.000000,0.000000,1,721921.000000,895000.000000,1.000000,940806613243.000000,2914624.000000
895000,11,243179,0.800000,1.000000,0.640446,1.000000,0.000000,0,0.000000,894989.000000,1.000000,940806613243.000000,2914624.000000
895000,12,243179,0.800000,1.000000,0.642540,1.000000,0.000000,0,0.000000,894998.000000,1.000000,940806613243.000000,2914624.000000
895000,13,241505,0.800000,1.000000,0.708538,1.000000,0.000000,0,0.000000,838614.000000,1.000000,940806613243.000000,2914624.000000
895000,14,243160,0.800000,1.000000,0.568853,1.000000,0.000000,0,0.000000,894910.000000,1.000000,940806613243.000000,2914624.000000
895000,15,243053,0.800000,1.000000,0.589058,1.000000,0.000000,0,0.000000,893816.000000,1.000000,940806613243.000000,2914624.000000
896000,0,243450,0.800000,1.000000,0.644042,1.000000,0.000000,0,0.000000,895993.000000,1.000000,943166598217.000000,1439701.000000
896000,1,243450,0.800000,1.000000,0.634270,1.000000,0.000000,0,0.000000,895999.000000,1.000000,943166598217.000000,1439701.000000
896000,2,243450,0.800000,1.000000,0.685449,1.000000,0.000000,1,734819.000000,896000.000000,1.000000,943166598217.000000,1439701.000000
896000,3,243447,0.800000,1.000000,0.704763,1.000000,0.000000,0,0.000000,895985.000000,1.000000,943166598217.000000,1439701.000000
896000,4,243372,0.800000,1.000000,0.718215,1.000000,0.000000,0,0.000000,766130.000000,1.000000,943166598217.000000,1439701.000000
896000,5,243450,0.800000,1.000000,0.543171,1.000000,0.000000,0,0.000000,895958.000000,1.000000,943166598217.000000,1439701.000000
896000,6,243451,0.800000,1.000000,0.708708,1.000000,0.000000,0,0.000000,895998.000000,1.000000,943166598217.000000,1439701.000000
896000,7,243448,0.800000,1.000000,0.527484,1.000000,0.000000,0,0.000000,895992.000000,1.000000,943166598217.000000,1439701.000000
896000,8,243451,0.800000,1.000000,0.680407,1.000000,0.000000,0,0.000000,895996.000000,1.000000,943166598217.000000,1439701.000000
896000,9,234540,0.800000,1.000000,0.630885,1.000000,0.000000,0,0.000000,812585.000000,1.000000,943166598217.000000,1439701.000000
896000,10,243423,0.800000,1.000000,0.712251,1.000000,0.000000,0,0.000000,895179.000000,1.000000,943166598217.000000,1439701.000000
896000,11,243439,0.800000,1.000000,0.686492,1.000000,0.000000,0,0.000000,895951.000000,1.000000,943166598217.000000,1439701.000000
896000,12,243389,0.800000,1.000000,0.592955,1.000000,0.000000,0,0.000000,895774.000000,1.000000,943166598217.000000,1439701.000000
896000,13,241931,0.800000,1.000000,0.688823,1.000000,0.000000,0,0.000000,838614.000000,1.000000,943166598217.000000,1439701.000000
896000,14,243445,0.800000,1.000000,0.664492,1.000000,0.000000,0,0.000000,895971.000000,1.000000,943166598217.000000,1439701.000000
896000,15,243381,0.800000,1.000000,0.658810,1.000000,0.000000,0,0.000000,893816.000000,1.000000,943166598217.000000,1439701.000000
897000,0,243729,0.800000,1.000000,0.670463,1.000000,0.000000,0,0.000000,896910.000000,1.000000,945586625533.000000,2434493.000000
897000,1,243729,0.800000,1.000000,0.568225,1.000000,0.000000,0,0.000000,896993.000000,1.000000,945586625533.000000,2434493.000000
897000,2,243726,0.800000,1.000000,0.723444,1.000000,0.000000,0,0.000000,896904.000000,1.000000,945586625533.000000,2434493.000000
897000,3,243729,0.800000,1.000000,0.617060,1.000000,0.000000,0,0.000000,896833.000000,1.000000,945586625533.000000,2434493.000000
897000,4,243730,0.800000,1.000000,0.728601,1.000000,0.000000,1,746333.000000,897000.000000,1.000000,945586625533.000000,2434493.000000
897000,5,243728,0.800000,1.000000,0.617185,1.000000,0.000000,0,0.000000,896987.000000,1.000000,945586625533.000000,2434493.000000
897000,6,243727,0.800000,1.000000,0.698838,1.000000,0.000000,0,0.000000,896990.000000,1.000000,945586625533.000000,2434493.000000
897000,7,243730,0.800000,1.000000,0.722488,1.000000,0.000000,0,0.000000,896994.000000,1.000000,945586625533.000000,2434493.000000
897000,8,243731,0.800000,1.000000,0.647384,1.000000,0.000000,0,0.000000,896996.000000,1.000000,945586625533.000000,2434493.000000
897000,9,234981,0.800000,1.000000,0.686050,1.000000,0.000000,0,0.000000,812585.000000,1.000000,945586625533.000000,2434493.000000
897000,10,243727,0.800000,1.000000,0.579423,1.000000,0.000000,0,0.000000,896952.000000,1.000000,945586625533.000000,2434493.000000
897000,11,243725,0.800000,1.000000,0.569290,1.000000,0.000000,0,0.000000,896795.000000,1.000000,945586625533.000000,2434493.000000
897000,12,243731,0.800000,1.000000,0.701688,1.000000,0.000000,0,0.000000,896999.000000,1.000000,945586625533.000000,2434493.000000
897000,13,242332,0.800000,1.000000,0.714453,1.000000,0.000000,0,0.000000,838614.000000,1.000000,945586625533.000000,2434493.000000
897000,14,243726,0.800000,1.000000,0.655563,1.000000,0.000000,0,0.000000,896988.000000,1.000000,945586625533.000000,2434493.000000
897000,15,243722,0.800000,1.000000,0.684565,1.000000,0.000000,0,0.000000,893816.000000,1.000000,945586625533.000000,2434493.000000
898000,0,243923,0.800000,1.000000,0.607077,1.000000,0.000000,0,0.000000,897498.000000,1.000000,947675943697.000000,1951868.000000
898000,1,243996,0.800000,1.000000,0.713617,1.000000,0.000000,0,0.000000,897643.000000,1.000000,947675943697.000000,1951868.000000
898000,2,244002,0.800000,1.000000,0.659189,1.000000,0.000000,0,0.000000,897974.000000,1.000000,947675943697.000000,1951868.000000
898000,3,244003,0.800000,1.000000,0.522640,1.000000,0.000000,0,0.000000,897958.000000,1.000000,947675943697.000000,1951868.000000
898000,4,244003,0.800000,1.000000,0.635550,1.000000,0.000000,0,0.000000,897995.000000,1.000000,947675943697.000000,1951868.000000
898000,5,244004,0.800000,1.000000,0.726051,1.000000,0.000000,1,710918.000000,898000.000000,1.000000,947675943697.000000,1951868.000000
898000,6,243939,0.800000,1.000000,0.661858,1.000000,0.000000,0,0.000000,897257.000000,1.000000,947675943697.000000,1951868.000000
898000,7,244005,0.800000,1.000000,0.724662,1.000000,0.000000,0,0.000000,897999.000000,1.000000,947675943697.000000,1951868.000000
898000,8,243968,0.800000,1.000000,0.700373,1.000000,0.000000,0,0.000000,897345.000000,1.000000,947675943697.000000,1951868.000000
898000,9,235264,0.800000,1.000000,0.542666,1.000000,0.000000,0,0.000000,812585.000000,1.000000,947675943697.000000,1951868.000000
898000,10,244004,0.800000,1.000000,0.641970,1.000000,0.000000,0,0.000000,897990.000000,1.000000,947675943697.000000,1951868.000000
898000,11,244003,0.800000,1.000000,0.618560,1.000000,0.000000,0,0.000000,897983.000000,1.000000,947675943697.000000,1951868.000000
898000,12,243998,0.800000,1.000000,0.575941,1.000000,0.000000,0,0.000000,897951.000000,1.000000,947675943697.000000,1951868.000000
898000,13,242695,0.800000,1.000000,0.681331,1.000000,0.000000,0,0.000000,838614.000000,1.000000,947675943697.000000,1951868.000000
898000,14,244005,0.800000,1.000000,0.592545,1.000000,0.000000,0,0.000000,897981.000000,1.000000,947675943697.000000,1951868.000000
898000,15,243987,0.800000,1.000000,0.533438,1.000000,0.000000,0,0.000000,897718.000000,1.000000,947675943697.000000,1951868.000000
899000,0,244269,0.800000,1.000000,0.639558,1.000000,0.000000,0,0.000000,898997.000000,1.000000,949616871894.000000,3905722.000000
899000,1,244270,0.800000,1.000000,0.682122,1.000000,0.000000,0,0.000000,898998.000000,1.000000,949616871894.000000,3905722.000000
899000,2,244269,0.800000,1.000000,0.682425,1.000000,0.000000,0,0.000000,898999.000000,1.000000,949616871894.000000,3905722.000000
899000,3,244270,0.800000,1.000000,0.616092,1.000000,0.000000,1,718080.000000,899000.000000,1.000000,949616871894.000000,3905722.000000
899000,4,244271,0.800000,1.000000,0.709209,1.000000,0.000000,0,0.000000,898992.000000,1.000000,949616871894.000000,3905722.000000
899000,5,244081,0.800000,1.000000,0.631145,1.000000,0.000000,0,0.000000,898291.000000,1.000000,949616871894.000000,3905722.000000
899000,6,244267,0.800000,1.000000,0.533556,1.000000,0.000000,0,0.000000,898941.000000,1.000000,949616871894.000000,3905722.000000
899000,7,244264,0.800000,1.000000,0.630251,1.000000,0.000000,0,0.000000,898745.000000,1.000000,949616871894.000000,3905722.000000
899000,8,244264,0.800000,1.000000,0.626112,1.000000,0.000000,0,0.000000,898401.000000,1.000000,949616871894.000000,3905722.000000
899000,9,235264,0.800000,1.000000,0.542666,1.000000,0.000000,0,0.000000,812585.000000,1.000000,949616871894.000000,3905722.000000
899000,10,244267,0.800000,1.000000,0.615772,1.000000,0.000000,0,0.000000,898982.000000,1.000000,949616871894.000000,3905722.000000
899000,11,244243,0.800000,1.000000,0.668374,1.000000,0.000000,0,0.000000,898739.000000,1.000000,949616871894.000000,3905722.000000
899000,12,244265,0.800000,1.000000,0.645463,1.000000,0.000000,0,0.000000,898833.000000,1.000000,949616871894.000000,3905722.000000
899000,13,243019,0.800000,1.000000,0.681964,1.000000,0.000000,0,0.000000,838614.000000,1.000000,949616871894.000000,3905722.000000
899000,14,244263,0.800000,1.000000,0.670517,1.000000,0.000000,0,0.000000,898960.000000,1.000000,949616871894.000000,3905722.000000
899000,15,244230,0.800000,1.000000,0.590168,1.000000,0.000000,0,0.000000,898810.000000,1.000000,949616871894.000000,3905722.000000
900000,0,244553,0.800000,1.000000,0.477811,1.000000,0.000000,0,0.000000,899984.000000,1.000000,951698991436.000000,0.000000
900000,1,244556,0.800000,1.000000,0.571952,1.000000,0.000000,0,0.000000,899989.000000,1.000000,951698991436.000000,0.000000
900000,2,244555,0.800000,1.000000,0.693811,1.000000,0.000000,0,0.000000,899995.000000,1.000000,951698991436.000000,0.000000
900000,3,244555,0.800000,1.000000,0.684386,1.000000,0.000000,0,0.000000,899991.000000,1.000000,951698991436.000000,0.000000
900000,4,244549,0.800000,1.000000,0.568621,1.000000,0.000000,0,0.000000,899903.000000,1.000000,951698991436.000000,0.000000
900000,5,244355,0.800000,1.000000,0.516149,1.000000,0.000000,0,0.000000,898291.000000,1.000000,951698991436.000000,0.000000
900000,6,244550,0.800000,1.000000,0.603235,1.000000,0.000000,0,0.000000,899924.000000,1.000000,951698991436.000000,0.000000
900000,7,244555,0.800000,1.000000,0.609954,1.000000,0.000000,0,0.000000,899985.000000,1.000000,951698991436.000000,0.000000
900000,8,244556,0.800000,1.000000,0.654590,1.000000,0.000000,0,0.000000,899999.000000,1.000000,951698991436.000000,0.000000
900000,9,235454,0.800000,1.000000,0.482970,1.000000,0.000000,0,0.000000,812585.000000,1.000000,951698991436.000000,0.000000
900000,10,244552,0.800000,1.000000,0.658620,1.000000,0.000000,0,0.000000,899904.000000,1.000000,951698991436.000000,0.000000
900000,11,244555,0.800000,1.000000,0.622524,1.000000,0.000000,0,0.000000,899960.000000,1.000000,951698991436.000000,0.000000
900000,12,244557,0.800000,1.000000,0.804931,1.000000,0.000000,1,725883.000000,900000.000000,1.000000,951698991436.000000,0.000000
900000,13,243244,0.800000,1.000000,0.622635,1.000000,0.000000,0,0.000000,838614.000000,1.000000,951698991436.000000,0.000000
900000,14,244518,0.800000,1.000000,0.645960,1.000000,0.000000,0,0.000000,899491.000000,1.000000,951698991436.000000,0.000000
900000,15,244380,0.800000,1.000000,0.707982,1.000000,0.000000,0,0.000000,898810.000000,1.000000,951698991436.000000,0.000000
901000,0,244828,0.800000,1.000000,0.789017,1.000000,0.000000,0,0.000000,900999.000000,1.000000,953855412118.000000,1958134.000000
901000,1,244814,0.800000,1.000000,0.587199,1.000000,0.000000,0,0.000000,900765.000000,1.000000,953855412118.000000,1958134.000000
901000,2,244822,0.800000,1.000000,0.629561,1.000000,0.000000,0,0.000000,900963.000000,1.000000,953855412118.000000,1958134.000000
901000,3,244824,0.800000,1.000000,0.773729,1.000000,0.000000,0,0.000000,900984.000000,1.000000,953855412118.000000,1958134.000000
901000,4,244822,0.800000,1.000000,0.681754,1.000000,0.000000,0,0.000000,900973.000000,1.000000,953855412118.000000,1958134.000000
901000,5,244668,0.800000,1.000000,0.667817,1.000000,0.000000,0,0.000000,898291.000000,1.000000,953855412118.000000,1958134.000000
901000,6,244825,0.800000,1.000000,0.656281,1.000000,0.000000,0,0.000000,900933.000000,1.000000,953855412118.000000,1958134.000000
901000,7,244707,0.800000,1.000000,0.462273,1.000000,0.000000,0,0.000000,900535.000000,1.000000,953855412118.000000,1958134.000000
901000,8,244828,0.800000,1.000000,0.718674,1.000000,0.000000,0,0.000000,900997.000000,1.000000,953855412118.000000,1958134.000000
901000,9,235701,0.800000,1.000000,0.393399,1.000000,0.000000,0,0.000000,812585.000000,1.000000,953855412118.000000,1958134.000000
901000,10,244828,0.800000,1.000000,0.605028,1.000000,0.000000,0,0.000000,900995.000000,1.000000,953855412118.000000,1958134.000000
901000,11,244827,0.800000,1.000000,0.666051,1.000000,0.000000,0,0.000000,900994.000000,1.000000,953855412118.000000,1958134.000000
901000,12,244827,0.800000,1.000000,0.670110,1.000000,0.000000,0,0.000000,900951.000000,1.000000,953855412118.000000,1958134.000000
901000,13,243607,0.800000,1.000000,0.673772,1.000000,0.000000,0,0.000000,838614.000000,1.000000,953855412118.000000,1958134.000000
901000,14,244828,0.800000,1.000000,0.734667,1.000000,0.000000,1,725948.000000,901000.000000,1.000000,953855412118.000000,1958134.000000
901000,15,244706,0.800000,1.000000,0.645249,1.000000,0.000000,0,0.000000,898810.000000,1.000000,953855412118.000000,1958134.000000
902000,0,245066,0.800000,1.000000,0.629049,1.000000,0.000000,0,0.000000,901989.000000,1.000000,955853586074.000000,1470123.000000
902000,1,245063,0.800000,1.000000,0.586219,1.000000,0.000000,0,0.000000,901960.000000,1.000000,955853586074.000000,1470123.000000
902000,2,245066,0.800000,1.000000,0.667661,1.000000,0.000000,0,0.000000,901999.000000,1.000000,955853586074.000000,1470123.000000
902000,3,245055,0.800000,1.000000,0.553594,1.000000,0.000000,0,0.000000,901779.000000,1.000000,955853586074.000000,1470123.000000
902000,4,245066,0.800000,1.000000,0.618154,1.000000,0.000000,0,0.000000,901994.000000,1.000000,955853586074.000000,1470123.000000
902000,5,244911,0.800000,1.000000,0.610163,1.000000,0.000000,0,0.000000,898291.000000,1.000000,955853586074.000000,1470123.000000
902000,6,245066,0.800000,1.000000,0.528235,1.000000,0.000000,0,0.000000,901990.000000,1.000000,955853586074.000000,1470123.000000
902000,7,245064,0.800000,1.000000,0.739008,1.000000,0.000000,0,0.000000,901893.000000,1.000000,955853586074.000000,1470123.000000
902000,8,245066,0.800000,1.000000,0.709953,1.000000,0.000000,1,745861.000000,902000.000000,1.000000,955853586074.000000,1470123.000000
902000,9,235941,0.800000,1.000000,0.602046,1.000000,0.000000,0,0.000000,812585.000000,1.000000,955853586074.000000,1470123.000000
902000,10,245050,0.800000,1.000000,0.484051,1.000000,0.000000,0,0.000000,901901.000000,1.000000,955853586074.000000,1470123.000000
902000,11,245066,0.800000,1.000000,0.660158,1.000000,0.000000,0,0.000000,901997.000000,1.000000,955853586074.000000,1470123.000000
902000,12,245054,0.800000,1.000000,0.514705,1.000000,0.000000,0,0.000000,901746.000000,1.000000,955853586074.000000,1470123.000000
902000,13,244006,0.800000,1.000000,0.688379,1.000000,0.000000,0,0.000000,838614.000000,1.000000,955853586074.000000,1470123.000000
902000,14,245037,0.800000,1.000000,0.724264,1.000000,0.000000,0,0.000000,901826.000000,1.000000,955853586074.000000,1470123.000000
902000,15,244975,0.800000,1.000000,0.625598,1.000000,0.000000,0,0.000000,898810.000000,1.000000,955853586074.000000,1470123.000000
903000,0,245324,0.800000,1.000000,0.639817,1.000000,0.000000,0,0.000000,902844.000000,1.000000,957846366160.000000,1471985.000000
903000,1,245333,0.800000,1.000000,0.614403,1.000000,0.000000,0,0.000000,902556.000000,1.000000,957846366160.000000,1471985.000000
903000,2,245117,0.800000,1.000000,0.768918,1.000000,0.000000,0,0.000000,902104.000000,1.000000,957846366160.000000,1471985.000000
903000,3,245338,0.800000,1.000000,0.669516,1.000000,0.000000,0,0.000000,902876.000000,1.000000,957846366160.000000,1471985.000000
903000,4,245336,0.800000,1.000000,0.668733,1.000000,0.000000,0,0.000000,902974.000000,1.000000,957846366160.000000,1471985.000000
903000,5,245140,0.800000,1.000000,0.737299,1.000000,0.000000,0,0.000000,898291.000000,1.000000,957846366160.000000,1471985.000000
903000,6,245340,0.800000,1.000000,0.622780,1.000000,0.000000,0,0.000000,902987.000000,1.000000,957846366160.000000,1471985.000000
903000,7,245341,0.800000,1.000000,0.486614,1.000000,0.000000,0,0.000000,902996.000000,1.000000,957846366160.000000,1471985.000000
903000,8,245341,0.800000,1.000000,0.637984,1.000000,0.000000,0,0.000000,902997.000000,1.000000,957846366160.000000,1471985.000000
903000,9,236074,0.800000,1.000000,0.659236,1.000000,0.000000,0,0.000000,812585.000000,1.000000,957846366160.000000,1471985.000000
903000,10,245340,0.800000,1.000000,0.556252,1.000000,0.000000,0,0.000000,902963.000000,1.000000,957846366160.000000,1471985.000000
903000,11,245341,0.800000,1.000000,0.728441,1.000000,0.000000,1,757775.000000,903000.000000,1.000000,957846366160.000000,1471985.000000
903000,12,245340,0.800000,1.000000,0.605115,1.000000,0.000000,0,0.000000,902993.000000,1.000000,957846366160.000000,1471985.000000
903000,13,244271,0.800000,1.000000,0.664806,1.000000,0.000000,0,0.000000,838614.000000,1.000000,957846366160.000000,1471985.000000
903000,14,245341,0.800000,1.000000,0.576328,1.000000,0.000000,0,0.000000,902983.000000,1.000000,957846366160.000000,1471985.000000
903000,15,245305,0.800000,1.000000,0.628656,1.000000,0.000000,0,0.000000,898810.000000,1.000000,957846366160.000000,1471985.000000
904000,0,245609,0.800000,1.000000,0.591796,1.000000,0.000000,0,0.000000,903997.000000,1.000000,959934384889.000000,3927204.000000
904000,1,245608,0.800000,1.000000,0.711005,1.000000,0.000000,0,0.000000,903999.000000,1.000000,959934384889.000000,3927204.000000
904000,2,245464,0.800000,1.000000,0.639664,1.000000,0.000000,0,0.000000,902104.000000,1.000000,959934384889.000000,3927204.000000
904000,3,245609,0.800000,1.000000,0.590469,1.000000,0.000000,0,0.000000,903998.000000,1.000000,959934384889.000000,3927204.000000
904000,4,245609,0.800000,1.000000,0.628924,1.000000,0.000000,0,0.000000,903991.000000,1.000000,959934384889.000000,3927204.000000
904000,5,245481,0.800000,1.000000,0.642239,1.000000,0.000000,0,0.000000,898291.000000,1.000000,959934384889.000000,3927204.000000
904000,6,245609,0.800000,1.000000,0.632497,1.000000,0.000000,0,0.000000,903992.000000,1.000000,959934384889.000000,3927204.000000
904000,7,245607,0.800000,1.000000,0.494133,1.000000,0.000000,0,0.000000,903975.000000,1.000000,959934384889.000000,3927204.000000
904000,8,245379,0.800000,1.000000,0.613166,1.000000,0.000000,0,0.000000,903095.000000,1.000000,959934384889.000000,3927204.000000
904000,9,236395,0.800000,1.000000,0.591816,1.000000,0.000000,0,0.000000,812585.000000,1.000000,959934384889.000000,3927204.000000
904000,10,245609,0.800000,1.000000,0.656432,1.000000,0.000000,1,728976.000000,904000.000000,1.000000,959934384889.000000,3927204.000000
904000,11,245557,0.800000,1.000000,0.632754,1.000000,0.000000,0,0.000000,903658.000000,1.000000,959934384889.000000,3927204.000000
904000,12,245607,0.800000,1.000000,0.583842,1.000000,0.000000,0,0.000000,903968.000000,1.000000,959934384889.000000,3927204.000000
904000,13,244575,0.800000,1.000000,0.641151,1.000000,0.000000,0,0.000000,838614.000000,1.000000,959934384889.000000,3927204.000000
904000,14,245609,0.800000,1.000000,0.720690,1.000000,0.000000,0,0.000000,903976.000000,1.000000,959934384889.000000,3927204.000000
904000,15,245562,0.800000,1.000000,0.814858,1.000000,0.000000,0,0.000000,903793.000000,1.000000,959934384889.000000,3927204.000000
905000,0,245873,0.800000,1.000000,0.563168,1.000000,0.000000,0,0.000000,904883.000000,1.000000,962261457316.000000,3423563.000000
905000,1,245871,0.800000,1.000000,0.618286,1.000000,0.000000,0,0.000000,904986.000000,1.000000,962261457316.000000,3423563.000000
905000,2,245850,0.800000,1.000000,0.753707,1.000000,0.000000,0,0.000000,902104.000000,1.000000,962261457316.000000,3423563.000000
905000,3,245873,0.800000,1.000000,0.613470,1.000000,0.000000,0,0.000000,904997.000000,1.000000,962261457316.000000,3423563.000000
905000,4,245873,0.800000,1.000000,0.703987,1.000000,0.000000,0,0.000000,904993.000000,1.000000,962261457316.000000,3423563.000000
905000,5,245822,0.800000,1.000000,0.550858,1.000000,0.000000,0,0.000000,898291.000000,1.000000,962261457316.000000,3423563.000000
905000,6,245873,0.800000,1.000000,0.572755,1.000000,0.000000,0,0.000000,904998.000000,1.000000,962261457316.000000,3423563.000000
905000,7,245874,0.800000,1.000000,0.639790,1.000000,0.000000,0,0.000000,904942.000000,1.000000,962261457316.000000,3423563.000000
905000,8,245710,0.800000,1.000000,0.720436,1.000000,0.000000,0,0.000000,903095.000000,1.000000,962261457316.000000,3423563.000000
905000,9,236718,0.800000,1.000000,0.557788,1.000000,0.000000,0,0.000000,812585.000000,1.000000,962261457316.000000,3423563.000000
905000,10,245873,0.800000,1.000000,0.674837,1.000000,0.000000,0,0.000000,904962.000000,1.000000,962261457316.000000,3423563.000000
905000,11,245864,0.800000,1.000000,0.727482,1.000000,0.000000,0,0.000000,903658.000000,1.000000,962261457316.000000,3423563.000000
905000,12,245873,0.800000,1.000000,0.763079,1.000000,0.000000,0,0.000000,904999.000000,1.000000,962261457316.000000,3423563.000000
905000,13,244959,0.800000,1.000000,0.646577,1.000000,0.000000,0,0.000000,838614.000000,1.000000,962261457316.000000,3423563.000000
905000,14,245858,0.800000,1.000000,0.642588,1.000000,0.000000,0,0.000000,904947.000000,1.000000,962261457316.000000,3423563.000000
905000,15,245874,0.800000,1.000000,0.723297,1.000000,0.000000,1,745978.000000,905000.000000,1.000000,962261457316.000000,3423563.000000
906000,0,246143,0.800000,1.000000,0.549765,1.000000,0.000000,0,0.000000,905846.000000,1.000000,964558786938.000000,0.000000
906000,1,246133,0.800000,1.000000,0.527747,1.000000,0.000000,0,0.000000,905913.000000,1.000000,964558786938.000000,0.000000
906000,2,246154,0.800000,1.000000,0.610901,1.000000,0.000000,0,0.000000,905962.000000,1.000000,964558786938.000000,0.000000
906000,3,246150,0.800000,1.000000,0.749775,1.000000,0.000000,0,0.000000,905979.000000,1.000000,964558786938.000000,0.000000
906000,4,246129,0.800000,1.000000,0.635175,1.000000,0.000000,0,0.000000,905111.000000,1.000000,964558786938.000000,0.000000
906000,5,246095,0.800000,1.000000,0.727132,1.000000,0.000000,0,0.000000,905620.000000,1.000000,964558786938.000000,0.000000
906000,6,246081,0.800000,1.000000,0.520492,1.000000,0.000000,0,0.000000,905666.000000,1.000000,964558786938.000000,0.000000
906000,7,246155,0.800000,1.000000,0.626181,1.000000,0.000000,1,733147.000000,906000.000000,1.000000,964558786938.000000,0.000000
906000,8,246081,0.800000,1.000000,0.584465,1.000000,0.000000,0,0.000000,903095.000000,1.000000,964558786938.000000,0.000000
906000,9,237128,0.800000,1.000000,0.642273,1.000000,0.000000,0,0.000000,812585.000000,1.000000,964558786938.000000,0.000000
906000,10,246096,0.800000,1.000000,0.588823,1.000000,0.000000,0,0.000000,905729.000000,1.000000,964558786938.000000,0.000000
906000,11,246155,0.800000,1.000000,0.684000,1.000000,0.000000,0,0.000000,905998.000000,1.000000,964558786938.000000,0.000000
906000,12,246156,0.800000,1.000000,0.690795,1.000000,0.000000,0,0.000000,905993.000000,1.000000,964558786938.000000,0.000000
906000,13,245357,0.800000,1.000000,0.716497,1.000000,0.000000,0,0.000000,838614.000000,1.000000,964558786938.000000,0.000000
906000,14,246155,0.800000,1.000000,0.663313,1.000000,0.000000,0,0.000000,905996.000000,1.000000,964558786938.000000,0.000000
906000,15,246156,0.800000,1.000000,0.744711,1.000000,0.000000,0,0.000000,905999.000000,1.000000,964558786938.000000,0.000000
907000,0,246416,0.800000,1.000000,0.602239,1.000000,0.000000,1,727772.000000,907000.000000,1.000000,966809752466.000000,2462567.000000
907000,1,246409,0.800000,1.000000,0.571564,1.000000,0.000000,0,0.000000,906770.000000,1.000000,966809752466.000000,2462567.000000
907000,2,246416,0.800000,1.000000,0.638833,1.000000,0.000000,0,0.000000,906983.000000,1.000000,966809752466.000000,2462567.000000
907000,3,246417,0.800000,1.000000,0.664208,1.000000,0.000000,0,0.000000,906999.000000,1.000000,966809752466.000000,2462567.000000
907000,4,246416,0.800000,1.000000,0.680096,1.000000,0.000000,0,0.000000,906998.000000,1.000000,966809752466.000000,2462567.000000
907000,5,246406,0.800000,1.000000,0.662802,1.000000,0.000000,0,0.000000,905620.000000,1.000000,966809752466.000000,2462567.000000
907000,6,246299,0.800000,1.000000,0.541939,1.000000,0.000000,0,0.000000,905666.000000,1.000000,966809752466.000000,2462567.000000
907000,7,246415,0.800000,1.000000,0.629390,1.000000,0.000000,0,0.000000,906941.000000,1.000000,966809752466.000000,2462567.000000
907000,8,246413,0.800000,1.000000,0.637552,1.000000,0.000000,0,0.000000,906974.000000,1.000000,966809752466.000000,2462567.000000
907000,9,237477,0.800000,1.000000,0.651909,1.000000,0.000000,0,0.000000,812585.000000,1.000000,966809752466.000000,2462567.000000
907000,10,246413,0.800000,1.000000,0.584407,1.000000,0.000000,0,0.000000,906981.000000,1.000000,966809752466.000000,2462567.000000
907000,11,246407,0.800000,1.000000,0.753751,1.000000,0.000000,0,0.000000,906873.000000,1.000000,966809752466.000000,2462567.000000
907000,12,246416,0.800000,1.000000,0.654845,1.000000,0.000000,0,0.000000,906993.000000,1.000000,966809752466.000000,2462567.000000
907000,13,245754,0.800000,1.000000,0.646557,1.000000,0.000000,0,0.000000,838614.000000,1.000000,966809752466.000000,2462567.000000
907000,14,246417,0.800000,1.000000,0.660970,1.000000,0.000000,0,0.000000,906860.000000,1.000000,966809752466.000000,2462567.000000
907000,15,246417,0.800000,1.000000,0.631604,1.000000,0.000000,0,0.000000,906963.000000,1.000000,966809752466.000000,2462567.000000
908000,0,246696,0.800000,1.000000,0.645301,1.000000,0.000000,0,0.000000,907991.000000,1.000000,969131621171.000000,2448073.000000
908000,1,246699,0.800000,1.000000,0.704681,1.000000,0.000000,0,0.000000,907998.000000,1.000000,969131621171.000000,2448073.000000
908000,2,246695,0.800000,1.000000,0.563929,1.000000,0.000000,0,0.000000,907231.000000,1.000000,969131621171.000000,2448073.000000
908000,3,246699,0.800000,1.000000,0.576983,1.000000,0.000000,1,724614.000000,908000.000000,1.000000,969131621171.000000,2448073.000000
908000,4,246687,0.800000,1.000000,0.648581,1.000000,0.000000,0,0.000000,907718.000000,1.000000,969131621171.000000,2448073.000000
908000,5,246699,0.800000,1.000000,0.603023,1.000000,0.000000,0,0.000000,907981.000000,1.000000,969131621171.000000,2448073.000000
908000,6,246683,0.800000,1.000000,0.736619,1.000000,0.000000,0,0.000000,905666.000000,1.000000,969131621171.000000,2448073.000000
908000,7,246688,0.800000,1.000000,0.701119,1.000000,0.000000,0,0.000000,907938.000000,1.000000,969131621171.000000,2448073.000000
908000,8,246699,0.800000,1.000000,0.648091,1.000000,0.000000,0,0.000000,907993.000000,1.000000,969131621171.000000,2448073.000000
908000,9,237848,0.800000,1.000000,0.723769,1.000000,0.000000,0,0.000000,812585.000000,1.000000,969131621171.000000,2448073.000000
908000,10,246700,0.800000,1.000000,0.602272,1.000000,0.000000,0,0.000000,907988.000000,1.000000,969131621171.000000,2448073.000000
908000,11,246700,0.800000,1.000000,0.676505,1.000000,0.000000,0,0.000000,907999.000000,1.000000,969131621171.000000,2448073.000000
908000,12,246652,0.800000,1.000000,0.725937,1.000000,0.000000,0,0.000000,907084.000000,1.000000,969131621171.000000,2448073.000000
908000,13,246096,0.800000,1.000000,0.721818,1.000000,0.000000,0,0.000000,838614.000000,1.000000,969131621171.000000,2448073.000000
908000,14,246690,0.800000,1.000000,0.517861,1.000000,0.000000,0,0.000000,907950.000000,1.000000,969131621171.000000,2448073.000000
908000,15,246700,0.800000,1.000000,0.694616,1.000000,0.000000,0,0.000000,907995.000000,1.000000,969131621171.000000,2448073.000000
909000,0,246880,0.800000,1.000000,0.712976,1.000000,0.000000,0,0.000000,908260.000000,1.000000,971469290859.000000,3933036.000000
909000,1,246987,0.800000,1.000000,0.682831,1.000000,0.000000,0,0.000000,908998.000000,1.000000,971469290859.000000,3933036.000000
909000,2,246987,0.800000,1.000000,0.771283,1.000000,0.000000,0,0.000000,908999.000000,1.000000,971469290859.000000,3933036.000000
909000,3,246975,0.800000,1.000000,0.691373,1.000000,0.000000,0,0.000000,908968.000000,1.000000,971469290859.000000,3933036.000000
909000,4,246987,0.800000,1.000000,0.704236,1.000000,0.000000,0,0.000000,908997.000000,1.000000,971469290859.000000,3933036.000000
909000,5,246986,0.800000,1.000000,0.786158,1.000000,0.000000,0,0.000000,908996.000000,1.000000,971469290859.000000,3933036.000000
909000,6,246972,0.800000,1.000000,0.563400,1.000000,0.000000,0,0.000000,908342.000000,1.000000,971469290859.000000,3933036.000000
909000,7,246978,0.800000,1.000000,0.566784,1.000000,0.000000,0,0.000000,908957.000000,1.000000,971469290859.000000,3933036.000000
909000,8,246984,0.800000,1.000000,0.686532,1.000000,0.000000,0,0.000000,908858.000000,1.000000,971469290859.000000,3933036.000000
909000,9,238237,0.800000,1.000000,0.660640,1.000000,0.000000,0,0.000000,812585.000000,1.000000,971469290859.000000,3933036.000000
909000,10,246987,0.800000,1.000000,0.603039,1.000000,0.000000,1,733109.000000,909000.000000,1.000000,971469290859.000000,3933036.000000
909000,11,246982,0.800000,1.000000,0.592217,1.000000,0.000000,0,0.000000,908983.000000,1.000000,971469290859.000000,3933036.000000
909000,12,246987,0.800000,1.000000,0.678633,1.000000,0.000000,0,0.000000,908990.000000,1.000000,971469290859.000000,3933036.000000
909000,13,246482,0.800000,1.000000,0.517466,1.000000,0.000000,0,0.000000,838614.000000,1.000000,971469290859.000000,3933036.000000
909000,14,246986,0.800000,1.000000,0.548077,1.000000,0.000000,0,0.000000,908952.000000,1.000000,971469290859.000000,3933036.000000
909000,15,246984,0.800000,1.000000,0.480854,1.000000,0.000000,0,0.000000,908933.000000,1.000000,971469290859.000000,3933036.000000
910000,0,247248,0.800000,1.000000,0.514054,1.000000,0.000000,0,0.000000,908260.000000,1.000000,973588706371.000000,1483459.000000
910000,1,247128,0.800000,1.000000,0.697625,1.000000,0.000000,0,0.000000,909174.000000,1.000000,973588706371.000000,1483459.000000
910000,2,247244,0.800000,1.000000,0.714601,1.000000,0.000000,0,0.000000,909858.000000,1.000000,973588706371.000000,1483459.000000
910000,3,247252,0.800000,1.000000,0.749140,1.000000,0.000000,1,726195.000000,910000.000000,1.000000,973588706371.000000,1483459.000000
910000,4,247247,0.800000,1.000000,0.731766,1.000000,0.000000,0,0.000000,909951.000000,1.000000,973588706371.000000,1483459.000000
910000,5,247252,0.800000,1.000000,0.591736,1.000000,0.000000,0,0.000000,909964.000000,1.000000,973588706371.000000,1483459.000000
910000,6,247231,0.800000,1.000000,0.701472,1.000000,0.000000,0,0.000000,909860.000000,1.000000,973588706371.000000,1483459.000000
910000,7,247253,0.800000,1.000000,0.775227,1.000000,0.000000,0,0.000000,909999.000000,1.000000,973588706371.000000,1483459.000000
910000,8,247247,0.800000,1.000000,0.572729,1.000000,0.000000,0,0.000000,909944.000000,1.000000,973588706371.000000,1483459.000000
910000,9,238548,0.800000,1.000000,0.758531,1.000000,0.000000,0,0.000000,812585.000000,1.000000,973588706371.000000,1483459.000000
910000,10,247253,0.800000,1.000000,0.685385,1.000000,0.000000,0,0.000000,909997.000000,1.000000,973588706371.000000,1483459.000000
910000,11,247251,0.800000,1.000000,0.590968,1.000000,0.000000,0,0.000000,909961.000000,1.000000,973588706371.000000,1483459.000000
910000,12,247253,0.800000,1.000000,0.680255,1.000000,0.000000,0,0.000000,909993.000000,1.000000,973588706371.000000,1483459.000000
910000,13,246790,0.800000,1.000000,0.735122,1.000000,0.000000,0,0.000000,838614.000000,1.000000,973588706371.000000,1483459.000000
910000,14,247242,0.800000,1.000000,0.673252,1.000000,0.000000,0,0.000000,909019.000000,1.000000,973588706371.000000,1483459.000000
910000,15,247242,0.800000,1.000000,0.752012,1.000000,0.000000,0,0.000000,909646.000000,1.000000,973588706371.000000,1483459.000000
911000,0,247541,0.800000,1.000000,0.595466,1.000000,0.000000,0,0.000000,910999.000000,1.000000,975978565344.000000,2953302.000000
911000,1,247451,0.800000,1.000000,0.694583,1.000000,0.000000,0,0.000000,909174.000000,1.000000,975978565344.000000,2953302.000000
911000,2,247541,0.800000,1.000000,0.703779,1.000000,0.000000,1,746616.000000,911000.000000,1.000000,975978565344.000000,2953302.000000
911000,3,247540,0.800000,1.000000,0.646956,1.000000,0.000000,0,0.000000,910994.000000,1.000000,975978565344.000000,2953302.000000
911000,4,247542,0.800000,1.000000,0.655970,1.000000,0.000000,0,0.000000,910948.000000,1.000000,975978565344.000000,2953302.000000
911000,5,247539,0.800000,1.000000,0.576956,1.000000,0.000000,0,0.000000,910846.000000,1.000000,975978565344.000000,2953302.000000
911000,6,247541,0.800000,1.000000,0.711192,1.000000,0.000000,0,0.000000,910998.000000,1.000000,975978565344.000000,2953302.000000
911000,7,247542,0.800000,1.000000,0.594738,1.000000,0.000000,0,0.000000,910968.000000,1.000000,975978565344.000000,2953302.000000
911000,8,247528,0.800000,1.000000,0.636621,1.000000,0.000000,0,0.000000,910895.000000,1.000000,975978565344.000000,2953302.000000
911000,9,238953,0.800000,1.000000,0.533544,1.000000,0.000000,0,0.000000,812585.000000,1.000000,975978565344.000000,2953302.000000
911000,10,247542,0.800000,1.000000,0.730170,1.000000,0.000000,0,0.000000,910995.000000,1.000000,975978565344.000000,2953302.000000
911000,11,247504,0.800000,1.000000,0.779992,1.000000,0.000000,0,0.000000,910219.000000,1.000000,975978565344.000000,2953302.000000
911000,12,247540,0.800000,1.000000,0.603673,1.000000,0.000000,0,0.000000,910992.000000,1.000000,975978565344.000000,2953302.000000
911000,13,247149,0.800000,1.000000,0.677953,1.000000,0.000000,0,0.000000,838614.000000,1.000000,975978565344.000000,2953302.000000
911000,14,247534,0.800000,1.000000,0.638849,1.000000,0.000000,0,0.000000,910743.000000,1.000000,975978565344.000000,2953302.000000
911000,15,247539,0.800000,1.000000,0.627748,1.000000,0.000000,0,0.000000,910961.000000,1.000000,975978565344.000000,2953302.000000
912000,0,247808,0.800000,1.000000,0.578866,1.000000,0.000000,0,0.000000,911597.000000,1.000000,978320750869.000000,2460673.000000
912000,1,247799,0.800000,1.000000,0.811203,1.000000,0.000000,0,0.000000,909174.000000,1.000000,978320750869.000000,2460673.000000
912000,2,247823,0.800000,1.000000,0.624960,1.000000,0.000000,0,0.000000,911998.000000,1.000000,978320750869.000000,2460673.000000
912000,3,247818,0.800000,1.000000,0.688684,1.000000,0.000000,0,0.000000,911951.000000,1.000000,978320750869.000000,2460673.000000
912000,4,247823,0.800000,1.000000,0.559705,1.000000,0.000000,0,0.000000,911968.000000,1.000000,978320750869.000000,2460673.000000
912000,5,247823,0.800000,1.000000,0.668335,1.000000,0.000000,0,0.000000,911999.000000,1.000000,978320750869.000000,2460673.000000
912000,6,247769,0.800000,1.000000,0.644535,1.000000,0.000000,0,0.000000,911139.000000,1.000000,978320750869.000000,2460673.000000
912000,7,247821,0.800000,1.000000,0.578072,1.000000,0.000000,0,0.000000,911984.000000,1.000000,978320750869.000000,2460673.000000
912000,8,247819,0.800000,1.000000,0.684234,1.000000,0.000000,0,0.000000,911977.000000,1.000000,978320750869.000000,2460673.000000
912000,9,239363,0.800000,1.000000,0.630632,1.000000,0.000000,0,0.000000,812585.000000,1.000000,978320750869.000000,2460673.000000
912000,10,247817,0.800000,1.000000,0.539613,1.000000,0.000000,0,0.000000,911725.000000,1.000000,978320750869.000000,2460673.000000
912000,11,247821,0.800000,1.000000,0.556509,1.000000,0.000000,0,0.000000,911985.000000,1.000000,978320750869.000000,2460673.000000
912000,12,247823,0.800000,1.000000,0.568366,1.000000,0.000000,1,735087.000000,912000.000000,1.000000,978320750869.000000,2460673.000000
912000,13,247507,0.800000,1.000000,0.637483,1.000000,0.000000,0,0.000000,838614.000000,1.000000,978320750869.000000,2460673.000000
912000,14,247813,0.800000,1.000000,0.650398,1.000000,0.000000,0,0.000000,911895.000000,1.000000,978320750869.000000,2460673.000000
912000,15,247822,0.800000,1.000000,0.638191,1.000000,0.000000,0,0.000000,911995.000000,1.000000,978320750869.000000,2460673.000000
913000,0,248057,0.800000,1.000000,0.437027,1.000000,0.000000,0,0.000000,912513.000000,1.000000,980378572332.000000,2463851.000000
913000,1,248057,0.800000,1.000000,0.654367,1.000000,0.000000,0,0.000000,912859.000000,1.000000,980378572332.000000,2463851.000000
913000,2,248080,0.800000,1.000000,0.720261,1.000000,0.000000,0,0.000000,912937.000000,1.000000,980378572332.000000,2463851.000000
913000,3,248094,0.800000,1.000000,0.649292,1.000000,0.000000,0,0.000000,912797.000000,1.000000,980378572332.000000,2463851.000000
913000,4,248095,0.800000,1.000000,0.505455,1.000000,0.000000,0,0.000000,912984.000000,1.000000,980378572332.000000,2463851.000000
913000,5,248098,0.800000,1.000000,0.695436,1.000000,0.000000,1,724440.000000,913000.000000,1.000000,980378572332.000000,2463851.000000
913000,6,248072,0.800000,1.000000,0.635263,1.000000,0.000000,0,0.000000,912900.000000,1.000000,980378572332.000000,2463851.000000
913000,7,248097,0.800000,1.000000,0.651313,1.000000,0.000000,0,0.000000,912997.000000,1.000000,980378572332.000000,2463851.000000
913000,8,248098,0.800000,1.000000,0.755102,1.000000,0.000000,0,0.000000,912999.000000,1.000000,980378572332.000000,2463851.000000
913000,9,239624,0.800000,1.000000,0.599902,1.000000,0.000000,0,0.000000,812585.000000,1.000000,980378572332.000000,2463851.000000
913000,10,248097,0.800000,1.000000,0.483753,1.000000,0.000000,0,0.000000,912978.000000,1.000000,980378572332.000000,2463851.000000
913000,11,248099,0.800000,1.000000,0.705223,1.000000,0.000000,0,0.000000,912993.000000,1.000000,980378572332.000000,2463851.000000
913000,12,247904,0.800000,1.000000,0.657250,1.000000,0.000000,0,0.000000,912289.000000,1.000000,980378572332.000000,2463851.000000
913000,13,247845,0.800000,1.000000,0.724090,1.000000,0.000000,0,0.000000,838614.000000,1.000000,980378572332.000000,2463851.000000
913000,14,248012,0.800000,1.000000,0.614996,1.000000,0.000000,0,0.000000,912523.000000,1.000000,980378572332.000000,2463851.000000
913000,15,248099,0.800000,1.000000,0.678531,1.000000,0.000000,0,0.000000,912968.000000,1.000000,980378572332.000000,2463851.000000
914000,0,248371,0.800000,1.000000,0.642386,1.000000,0.000000,0,0.000000,913962.000000,1.000000,982690206175.000000,1970176.000000
914000,1,248374,0.800000,1.000000,0.713588,1.000000,0.000000,0,0.000000,913998.000000,1.000000,982690206175.000000,1970176.000000
914000,2,248370,0.800000,1.000000,0.587720,1.000000,0.000000,0,0.000000,913929.000000,1.000000,982690206175.000000,1970176.000000
914000,3,248374,0.800000,1.000000,0.519802,1.000000,0.000000,0,0.000000,913992.000000,1.000000,982690206175.000000,1970176.000000
914000,4,248374,0.800000,1.000000,0.714373,1.000000,0.000000,0,0.000000,913997.000000,1.000000,982690206175.000000,1970176.000000
914000,5,248361,0.800000,1.000000,0.531756,1.000000,0.000000,0,0.000000,913858.000000,1.000000,982690206175.000000,1970176.000000
914000,6,248374,0.800000,1.000000,0.671491,1.000000,0.000000,0,0.000000,913999.000000,1.000000,982690206175.000000,1970176.000000
914000,7,248373,0.800000,1.000000,0.671113,1.000000,0.000000,0,0.000000,913980.000000,1.000000,982690206175.000000,1970176.000000
914000,8,248374,0.800000,1.000000,0.652004,1.000000,0.000000,1,755868.000000,914000.000000,1.000000,982690206175.000000,1970176.000000
914000,9,239982,0.800000,1.000000,0.650127,1.000000,0.000000,0,0.000000,812585.000000,1.000000,982690206175.000000,1970176.000000
914000,10,248275,0.800000,1.000000,0.645403,1.000000,0.000000,0,0.000000,913666.000000,1.000000,982690206175.000000,1970176.000000
914000,11,248372,0.800000,1.000000,0.618168,1.000000,0.000000,0,0.000000,913983.000000,1.000000,982690206175.000000,1970176.000000
914000,12,248201,0.800000,1.000000,0.593052,1.000000,0.000000,0,0.000000,912289.000000,1.000000,982690206175.000000,1970176.000000
914000,13,248179,0.800000,1.000000,0.624234,1.000000,0.000000,0,0.000000,838614.000000,1.000000,982690206175.000000,1970176.000000
914000,14,248370,0.800000,1.000000,0.712958,1.000000,0.000000,0,0.000000,913985.000000,1.000000,982690206175.000000,1970176.000000
914000,15,248373,0.800000,1.000000,0.716696,1.000000,0.000000,0,0.000000,913917.000000,1.000000,982690206175.000000,1970176.000000
915000,0,248657,0.800000,1.000000,0.690835,1.000000,0.000000,0,0.000000,914995.000000,1.000000,984946211696.000000,497311.000000
915000,1,248560,0.800000,1.000000,0.662614,1.000000,0.000000,0,0.000000,914303.000000,1.000000,984946211696.000000,497311.000000
915000,2,248657,0.800000,1.000000,0.723266,1.000000,0.000000,0,0.000000,914999.000000,1.000000,984946211696.000000,497311.000000
915000,3,248657,0.800000,1.000000,0.722861,1.000000,0.000000,1,730146.000000,915000.000000,1.000000,984946211696.000000,497311.000000
915000,4,248643,0.800000,1.000000,0.632693,1.000000,0.000000,0,0.000000,914954.000000,1.000000,984946211696.000000,497311.000000
915000,5,248656,0.800000,1.000000,0.698090,1.000000,0.000000,0,0.000000,914992.000000,1.000000,984946211696.000000,497311.000000
915000,6,248613,0.800000,1.000000,0.536296,1.000000,0.000000,0,0.000000,914056.000000,1.000000,984946211696.000000,497311.000000
915000,7,248656,0.800000,1.000000,0.723305,1.000000,0.000000,0,0.000000,914969.000000,1.000000,984946211696.000000,497311.000000
915000,8,248654,0.800000,1.000000,0.701184,1.000000,0.000000,0,0.000000,914990.000000,1.000000,984946211696.000000,497311.000000
915000,9,240381,0.800000,1.000000,0.576795,1.000000,0.000000,0,0.000000,812585.000000,1.000000,984946211696.000000,497311.000000
915000,10,248527,0.800000,1.000000,0.658420,1.000000,0.000000,0,0.000000,913666.000000,1.000000,984946211696.000000,497311.000000
915000,11,248573,0.800000,1.000000,0.499092,1.000000,0.000000,0,0.000000,914681.000000,1.000000,984946211696.000000,497311.000000
915000,12,248541,0.800000,1.000000,0.743378,1.000000,0.000000,0,0.000000,912289.000000,1.000000,984946211696.000000,497311.000000
915000,13,248563,0.800000,1.000000,0.614509,1.000000,0.000000,0,0.000000,838614.000000,1.000000,984946211696.000000,497311.000000
915000,14,248657,0.800000,1.000000,0.564523,1.000000,0.000000,0,0.000000,914996.000000,1.000000,984946211696.000000,497311.000000
915000,15,248655,0.800000,1.000000,0.636498,1.000000,0.000000,0,0.000000,914988.000000,1.000000,984946211696.000000,497311.000000
916000,0,248876,0.800000,1.000000,0.687124,1.000000,0.000000,0,0.000000,915872.000000,1.000000,987106568620.000000,1991056.000000
916000,1,248897,0.800000,1.000000,0.752164,1.000000,0.000000,0,0.000000,914303.000000,1.000000,987106568620.000000,1991056.000000
916000,2,248904,0.800000,1.000000,0.602631,1.000000,0.000000,0,0.000000,915985.000000,1.000000,987106568620.000000,1991056.000000
916000,3,248898,0.800000,1.000000,0.744467,1.000000,0.000000,0,0.000000,915957.000000,1.000000,987106568620.000000,1991056.000000
916000,4,248901,0.800000,1.000000,0.674045,1.000000,0.000000,0,0.000000,915982.000000,1.000000,987106568620.000000,1991056.000000
916000,5,248850,0.800000,1.000000,0.599419,1.000000,0.000000,0,0.000000,915128.000000,1.000000,987106568620.000000,1991056.000000
916000,6,248905,0.800000,1.000000,0.703864,1.000000,0.000000,0,0.000000,915998.000000,1.000000,987106568620.000000,1991056.000000
916000,7,248903,0.800000,1.000000,0.604633,1.000000,0.000000,0,0.000000,915959.000000,1.000000,987106568620.000000,1991056.000000
916000,8,248904,0.800000,1.000000,0.610347,1.000000,0.000000,0,0.000000,915996.000000,1.000000,987106568620.000000,1991056.000000
916000,9,240610,0.800000,1.000000,0.641451,1.000000,0.000000,0,0.000000,812585.000000,1.000000,987106568620.000000,1991056.000000
916000,10,248891,0.800000,1.000000,0.581314,1.000000,0.000000,0,0.000000,913666.000000,1.000000,987106568620.000000,1991056.000000
916000,11,248880,0.800000,1.000000,0.730157,1.000000,0.000000,0,0.000000,914681.000000,1.000000,987106568620.000000,1991056.000000
916000,12,248901,0.800000,1.000000,0.615131,1.000000,0.000000,0,0.000000,912289.000000,1.000000,987106568620.000000,1991056.000000
916000,13,248871,0.800000,1.000000,0.571384,1.000000,0.000000,0,0.000000,838614.000000,1.000000,987106568620.000000,1991056.000000
916000,14,248904,0.800000,1.000000,0.673487,1.000000,0.000000,0,0.000000,915999.000000,1.000000,987106568620.000000,1991056.000000
916000,15,248905,0.800000,1.000000,0.630468,1.000000,0.000000,1,753812.000000,916000.000000,1.000000,987106568620.000000,1991056.000000
917000,0,249149,0.800000,1.000000,0.743364,1.000000,0.000000,0,0.000000,915872.000000,1.000000,989418251058.000000,1993484.000000
917000,1,249188,0.800000,1.000000,0.591472,1.000000,0.000000,0,0.000000,916980.000000,1.000000,989418251058.000000,1993484.000000
917000,2,249167,0.800000,1.000000,0.533333,1.000000,0.000000,0,0.000000,916895.000000,1.000000,989418251058.000000,1993484.000000
917000,3,249191,0.800000,1.000000,0.663503,1.000000,0.000000,0,0.000000,916997.000000,1.000000,989418251058.000000,1993484.000000
917000,4,249187,0.800000,1.000000,0.665055,1.000000,0.000000,0,0.000000,916724.000000,1.000000,989418251058.000000,1993484.000000
917000,5,249185,0.800000,1.000000,0.570422,1.000000,0.000000,0,0.000000,916765.000000,1.000000,989418251058.000000,1993484.000000
917000,6,249165,0.800000,1.000000,0.438372,1.000000,0.000000,0,0.000000,916572.000000,1.000000,989418251058.000000,1993484.000000
917000,7,249191,0.800000,1.000000,0.661601,1.000000,0.000000,0,0.000000,916999.000000,1.000000,989418251058.000000,1993484.000000
917000,8,249190,0.800000,1.000000,0.573968,1.000000,0.000000,0,0.000000,916945.000000,1.000000,989418251058.000000,1993484.000000
917000,9,240934,0.800000,1.000000,0.696044,1.000000,0.000000,0,0.000000,812585.000000,1.000000,989418251058.000000,1993484.000000
917000,10,249172,0.800000,1.000000,0.627670,1.000000,0.000000,0,0.000000,916840.000000,1.000000,989418251058.000000,1993484.000000
917000,11,249191,0.800000,1.000000,0.654261,1.000000,0.000000,0,0.000000,916987.000000,1.000000,989418251058.000000,1993484.000000
917000,12,249184,0.800000,1.000000,0.538324,1.000000,0.000000,0,0.000000,916408.000000,1.000000,989418251058.000000,1993484.000000
917000,13,249179,0.800000,1.000000,0.736738,1.000000,0.000000,0,0.000000,916955.000000,1.000000,989418251058.000000,1993484.000000
917000,14,249188,0.800000,1.000000,0.634454,1.000000,0.000000,0,0.000000,916964.000000,1.000000,989418251058.000000,1993484.000000
917000,15,249191,0.800000,1.000000,0.656083,1.000000,0.000000,1,754552.000000,917000.000000,1.000000,989418251058.000000,1993484.000000
918000,0,249498,0.800000,1.000000,0.660360,1.000000,0.000000,1,737123.000000,918000.000000,1.000000,991912652681.000000,3975388.000000
918000,1,249495,0.800000,1.000000,0.663455,1.000000,0.000000,0,0.000000,917966.000000,1.000000,991912652681.000000,3975388.000000
918000,2,249494,0.800000,1.000000,0.759235,1.000000,0.000000,0,0.000000,917983.000000,1.000000,991912652681.000000,3975388.000000
918000,3,249495,0.800000,1.000000,0.651417,1.000000,0.000000,0,0.000000,917993.000000,1.000000,991912652681.000000,3975388.000000
918000,4,249495,0.800000,1.000000,0.581180,1.000000,0.000000,0,0.000000,917962.000000,1.000000,991912652681.000000,3975388.000000
918000,5,249498,0.800000,1.000000,0.677266,1.000000,0.000000,0,0.000000,917996.000000,1.000000,991912652681.000000,3975388.000000
918000,6,249497,0.800000,1.000000,0.634822,1.000000,0.000000,0,0.000000,917906.000000,1.000000,991912652681.000000,3975388.000000
918000,7,249496,0.800000,1.000000,0.600864,1.000000,0.000000,0,0.000000,917918.000000,1.000000,991912652681.000000,3975388.000000
918000,8,249494,0.800000,1.000000,0.545901,1.000000,0.000000,0,0.000000,917869.000000,1.000000,991912652681.000000,3975388.000000
918000,9,241265,0.800000,1.000000,0.642832,1.000000,0.000000,0,0.000000,812585.000000,1.000000,991912652681.000000,3975388.000000
918000,10,249499,0.800000,1.000000,0.609103,1.000000,0.000000,0,0.000000,917992.000000,1.000000,991912652681.000000,3975388.000000
918000,11,249499,0.800000,1.000000,0.675216,1.000000,0.000000,0,0.000000,917994.000000,1.000000,991912652681.000000,3975388.000000
918000,12,249495,0.800000,1.000000,0.675259,1.000000,0.000000,0,0.000000,917981.000000,1.000000,991912652681.000000,3975388.000000
918000,13,249494,0.800000,1.000000,0.657513,1.000000,0.000000,0,0.000000,917922.000000,1.000000,991912652681.000000,3975388.000000
918000,14,249453,0.800000,1.000000,0.597058,1.000000,0.000000,0,0.000000,917598.000000,1.000000,991912652681.000000,3975388.000000
918000,15,249498,0.800000,1.000000,0.734187,1.000000,0.000000,0,0.000000,917999.000000,1.000000,991912652681.000000,3975388.000000
919000,0,249781,0.800000,1.000000,0.717492,1.000000,0.000000,0,0.000000,918998.000000,1.000000,994139956950.000000,3979886.000000
919000,1,249781,0.800000,1.000000,0.647041,1.000000,0.000000,1,743800.000000,919000.000000,1.000000,994139956950.000000,3979886.000000
919000,2,249782,0.800000,1.000000,0.808728,1.000000,0.000000,0,0.000000,918999.000000,1.000000,994139956950.000000,3979886.000000
919000,3,249782,0.800000,1.000000,0.665557,1.000000,0.000000,0,0.000000,918995.000000,1.000000,994139956950.000000,3979886.000000
919000,4,249779,0.800000,1.000000,0.657397,1.000000,0.000000,0,0.000000,918991.000000,1.000000,994139956950.000000,3979886.000000
919000,5,249750,0.800000,1.000000,0.667939,1.000000,0.000000,0,0.000000,918725.000000,1.000000,994139956950.000000,3979886.000000
919000,6,249780,0.800000,1.000000,0.570703,1.000000,0.000000,0,0.000000,918985.000000,1.000000,994139956950.000000,3979886.000000
919000,7,249694,0.800000,1.000000,0.681668,1.000000,0.000000,0,0.000000,918277.000000,1.000000,994139956950.000000,3979886.000000
919000,8,249782,0.800000,1.000000,0.697558,1.000000,0.000000,0,0.000000,918691.000000,1.000000,994139956950.000000,3979886.000000
919000,9,241564,0.800000,1.000000,0.692459,1.000000,0.000000,0,0.000000,812585.000000,1.000000,994139956950.000000,3979886.000000
919000,10,249779,0.800000,1.000000,0.725460,1.000000,0.000000,0,0.000000,918875.000000,1.000000,994139956950.000000,3979886.000000
919000,11,249777,0.800000,1.000000,0.612055,1.000000,0.000000,0,0.000000,918974.000000,1.000000,994139956950.000000,3979886.000000
919000,12,249782,0.800000,1.000000,0.553452,1.000000,0.000000,0,0.000000,918953.000000,1.000000,994139956950.000000,3979886.000000
919000,13,249782,0.800000,1.000000,0.598806,1.000000,0.000000,0,0.000000,918992.000000,1.000000,994139956950.000000,3979886.000000
919000,14,249767,0.800000,1.000000,0.586622,1.000000,0.000000,0,0.000000,917598.000000,1.000000,994139956950.000000,3979886.000000
919000,15,249774,0.800000,1.000000,0.613083,1.000000,0.000000,0,0.000000,918814.000000,1.000000,994139956950.000000,3979886.000000
920000,0,250063,0.800000,1.000000,0.726601,1.000000,0.000000,0,0.000000,919997.000000,1.000000,996383096059.000000,3000726.000000
920000,1,250063,0.800000,1.000000,0.706342,1.000000,0.000000,0,0.000000,919998.000000,1.000000,996383096059.000000,3000726.000000
920000,2,250063,0.800000,1.000000,0.675070,1.000000,0.000000,1,752764.000000,920000.000000,1.000000,996383096059.000000,3000726.000000
920000,3,250059,0.800000,1.000000,0.653638,1.000000,0.000000,0,0.000000,919805.000000,1.000000,996383096059.000000,3000726.000000
920000,4,250064,0.800000,1.000000,0.745293,1.000000,0.000000,0,0.000000,919999.000000,1.000000,996383096059.000000,3000726.000000
920000,5,250061,0.800000,1.000000,0.609223,1.000000,0.000000,0,0.000000,919989.000000,1.000000,996383096059.000000,3000726.000000
920000,6,250027,0.800000,1.000000,0.648925,1.000000,0.000000,0,0.000000,919065.000000,1.000000,996383096059.000000,3000726.000000
920000,7,249916,0.800000,1.000000,0.703619,1.000000,0.000000,0,0.000000,918277.000000,1.000000,996383096059.000000,3000726.000000
920000,8,250063,0.800000,1.000000,0.637126,1.000000,0.000000,0,0.000000,919994.000000,1.000000,996383096059.000000,3000726.000000
920000,9,241966,0.800000,1.000000,0.647407,1.000000,0.000000,0,0.000000,812585.000000,1.000000,996383096059.000000,3000726.000000
920000,10,250055,0.800000,1.000000,0.628131,1.000000,0.000000,0,0.000000,919967.000000,1.000000,996383096059.000000,3000726.000000
920000,11,250027,0.800000,1.000000,0.609610,1.000000,0.000000,0,0.000000,918974.000000,1.000000,996383096059.000000,3000726.000000
920000,12,250064,0.800000,1.000000,0.642479,1.000000,0.000000,0,0.000000,919995.000000,1.000000,996383096059.000000,3000726.000000
920000,13,250061,0.800000,1.000000,0.560438,1.000000,0.000000,0,0.000000,919974.000000,1.000000,996383096059.000000,3000726.000000
920000,14,250062,0.800000,1.000000,0.702240,1.000000,0.000000,0,0.000000,919996.000000,1.000000,996383096059.000000,3000726.000000
920000,15,250023,0.800000,1.000000,0.575650,1.000000,0.000000,0,0.000000,919656.000000,1.000000,996383096059.000000,3000726.000000
921000,0,250311,0.800000,1.000000,0.619496,1.000000,0.000000,0,0.000000,920442.000000,1.000000,998560254010.000000,2002288.000000
921000,1,250330,0.800000,1.000000,0.671655,1.000000,0.000000,0,0.000000,920998.000000,1.000000,998560254010.000000,2002288.000000
921000,2,250329,0.800000,1.000000,0.744089,1.000000,0.000000,0,0.000000,920982.000000,1.000000,998560254010.000000,2002288.000000
921000,3,250303,0.800000,1.000000,0.642756,1.000000,0.000000,0,0.000000,920108.000000,1.000000,998560254010.000000,2002288.000000
921000,4,250320,0.800000,1.000000,0.581809,1.000000,0.000000,0,0.000000,920925.000000,1.000000,998560254010.000000,2002288.000000
921000,5,250328,0.800000,1.000000,0.675176,1.000000,0.000000,0,0.000000,920990.000000,1.000000,998560254010.000000,2002288.000000
921000,6,250330,0.800000,1.000000,0.700525,1.000000,0.000000,0,0.000000,920999.000000,1.000000,998560254010.000000,2002288.000000
921000,7,250323,0.800000,1.000000,0.653453,1.000000,0.000000,0,0.000000,918277.000000,1.000000,998560254010.000000,2002288.000000
921000,8,250187,0.800000,1.000000,0.731577,1.000000,0.000000,0,0.000000,920330.000000,1.000000,998560254010.000000,2002288.000000
921000,9,242333,0.800000,1.000000,0.561969,1.000000,0.000000,0,0.000000,812585.000000,1.000000,998560254010.000000,2002288.000000
921000,10,250330,0.800000,1.000000,0.670149,1.000000,0.000000,0,0.000000,920997.000000,1.000000,998560254010.000000,2002288.000000
921000,11,250326,0.800000,1.000000,0.654593,1.000000,0.000000,0,0.000000,920985.000000,1.000000,998560254010.000000,2002288.000000
921000,12,250284,0.800000,1.000000,0.487742,1.000000,0.000000,0,0.000000,920002.000000,1.000000,998560254010.000000,2002288.000000
921000,13,250330,0.800000,1.000000,0.618453,1.000000,0.000000,0,0.000000,920992.000000,1.000000,998560254010.000000,2002288.000000
921000,14,250306,0.800000,1.000000,0.757195,1.000000,0.000000,0,0.000000,920566.000000,1.000000,998560254010.000000,2002288.000000
921000,15,250330,0.800000,1.000000,0.546122,1.000000,0.000000,1,757716.000000,921000.000000,1.000000,998560254010.000000,2002288.000000
922000,0,250608,0.800000,1.000000,0.567895,1.000000,0.000000,0,0.000000,921999.000000,1.000000,1000867147990.000000,1487847.000000
922000,1,250607,0.800000,1.000000,0.538102,1.000000,0.000000,0,0.000000,921800.000000,1.000000,1000867147990.000000,1487847.000000
922000,2,250608,0.800000,1.000000,0.651855,1.000000,0.000000,1,754081.000000,922000.000000,1.000000,1000867147990.000000,1487847.000000
922000,3,250577,0.800000,1.000000,0.479404,1.000000,0.000000,0,0.000000,921220.000000,1.000000,1000867147990.000000,1487847.000000
922000,4,250609,0.800000,1.000000,0.659456,1.000000,0.000000,0,0.000000,921965.000000,1.000000,1000867147990.000000,1487847.000000
922000,5,250589,0.800000,1.000000,0.748738,1.000000,0.000000,0,0.000000,921604.000000,1.000000,1000867147990.000000,1487847.000000
922000,6,250609,0.800000,1.000000,0.575420,1.000000,0.000000,0,0.000000,921997.000000,1.000000,1000867147990.000000,1487847.000000
922000,7,250608,0.800000,1.000000,0.643751,1.000000,0.000000,0,0.000000,921998.000000,1.000000,1000867147990.000000,1487847.000000
922000,8,250489,0.800000,1.000000,0.652242,1.000000,0.000000,0,0.000000,920330.000000,1.000000,1000867147990.000000,1487847.000000
922000,9,242729,0.800000,1.000000,0.634747,1.000000,0.000000,0,0.000000,812585.000000,1.000000,1000867147990.000000,1487847.000000
922000,10,250591,0.800000,1.000000,0.743792,1.000000,0.000000,0,0.000000,921048.000000,1.000000,1000867147990.000000,1487847.000000
922000,11,250608,0.800000,1.000000,0.694630,1.000000,0.000000,0,0.000000,921987.000000,1.000000,1000867147990.000000,1487847.000000
922000,12,250599,0.800000,1.000000,0.754514,1.000000,0.000000,0,0.000000,921961.000000,1.000000,1000867147990.000000,1487847.000000
922000,13,250593,0.800000,1.000000,0.691469,1.000000,0.000000,0,0.000000,921888.000000,1.000000,1000867147990.000000,1487847.000000
922000,14,250588,0.800000,1.000000,0.725381,1.000000,0.000000,0,0.000000,921814.000000,1.000000,1000867147990.000000,1487847.000000
922000,15,250606,0.800000,1.000000,0.612379,1.000000,0.000000,0,0.000000,921977.000000,1.000000,1000867147990.000000,1487847.000000
923000,0,250889,0.800000,1.000000,0.560973,1.000000,0.000000,0,0.000000,922979.000000,1.000000,1003239991101.000000,1003564.000000
923000,1,250887,0.800000,1.000000,0.733695,1.000000,0.000000,0,0.000000,922573.000000,1.000000,1003239991101.000000,1003564.000000
923000,2,250866,0.800000,1.000000,0.668896,1.000000,0.000000,0,0.000000,922766.000000,1.000000,1003239991101.000000,1003564.000000
923000,3,250880,0.800000,1.000000,0.706421,1.000000,0.000000,0,0.000000,922942.000000,1.000000,1003239991101.000000,1003564.000000
923000,4,250886,0.800000,1.000000,0.700396,1.000000,0.000000,0,0.000000,922232.000000,1.000000,1003239991101.000000,1003564.000000
923000,5,250890,0.800000,1.000000,0.601019,1.000000,0.000000,0,0.000000,922997.000000,1.000000,1003239991101.000000,1003564.000000
923000,6,250892,0.800000,1.000000,0.546919,1.000000,0.000000,0,0.000000,922998.000000,1.000000,1003239991101.000000,1003564.000000
923000,7,250881,0.800000,1.000000,0.646080,1.000000,0.000000,0,0.000000,922943.000000,1.000000,1003239991101.000000,1003564.000000
923000,8,250854,0.800000,1.000000,0.465526,1.000000,0.000000,0,0.000000,920330.000000,1.000000,1003239991101.000000,1003564.000000
923000,9,243090,0.800000,1.000000,0.604670,1.000000,0.000000,0,0.000000,812585.000000,1.000000,1003239991101.000000,1003564.000000
923000,10,250886,0.800000,1.000000,0.708143,1.000000,0.000000,0,0.000000,922631.000000,1.000000,1003239991101.000000,1003564.000000
923000,11,250891,0.800000,1.000000,0.601100,1.000000,0.000000,0,0.000000,922987.000000,1.000000,1003239991101.000000,1003564.000000
923000,12,250892,0.800000,1.000000,0.693666,1.000000,0.000000,0,0.000000,922999.000000,1.000000,1003239991101.000000,1003564.000000
923000,13,250892,0.800000,1.000000,0.709691,1.000000,0.000000,1,750831.000000,923000.000000,1.000000,1003239991101.000000,1003564.000000
923000,14,250893,0.800000,1.000000,0.610608,1.000000,0.000000,0,0.000000,922996.000000,1.000000,1003239991101.000000,1003564.000000
923000,15,250892,0.800000,1.000000,0.629081,1.000000,0.000000,0,0.000000,922992.000000,1.000000,1003239991101.000000,1003564.000000
924000,0,251192,0.800000,1.000000,0.573762,1.000000,0.000000,0,0.000000,923990.000000,1.000000,1005531080393.000000,2998268.000000
924000,1,251192,0.800000,1.000000,0.580704,1.000000,0.000000,0,0.000000,923997.000000,1.000000,1005531080393.000000,2998268.000000
924000,2,251106,0.800000,1.000000,0.726807,1.000000,0.000000,0,0.000000,922766.000000,1.000000,1005531080393.000000,2998268.000000
924000,3,251177,0.800000,1.000000,0.631973,1.000000,0.000000,0,0.000000,923655.000000,1.000000,1005531080393.000000,2998268.000000
924000,4,251189,0.800000,1.000000,0.656279,1.000000,0.000000,0,0.000000,923938.000000,1.000000,1005531080393.000000,2998268.000000
924000,5,251192,0.800000,1.000000,0.643326,1.000000,0.000000,0,0.000000,923995.000000,1.000000,1005531080393.000000,2998268.000000
924000,6,251192,0.800000,1.000000,0.634090,1.000000,0.000000,0,0.000000,923991.000000,1.000000,1005531080393.000000,2998268.000000
924000,7,251177,0.800000,1.000000,0.619296,1.000000,0.000000,0,0.000000,923840.000000,1.000000,1005531080393.000000,2998268.000000
924000,8,251191,0.800000,1.000000,0.734135,1.000000,0.000000,0,0.000000,923996.000000,1.000000,1005531080393.000000,2998268.000000
924000,9,243239,0.800000,1.000000,0.540944,1.000000,0.000000,0,0.000000,812585.000000,1.000000,1005531080393.000000,2998268.000000
924000,10,251183,0.800000,1.000000,0.698447,1.000000,0.000000,0,0.000000,923841.000000,1.000000,1005531080393.000000,2998268.000000
924000,11,251174,0.800000,1.000000,0.467297,1.000000,0.000000,0,0.000000,923876.000000,1.000000,1005531080393.000000,2998268.000000
924000,12,251179,0.800000,1.000000,0.581157,1.000000,0.000000,0,0.000000,923922.000000,1.000000,1005531080393.000000,2998268.000000
924000,13,251191,0.800000,1.000000,0.644141,1.000000,0.000000,0,0.000000,923998.000000,1.000000,1005531080393.000000,2998268.000000
924000,14,251192,0.800000,1.000000,0.693432,1.000000,0.000000,1,744578.000000,924000.000000,1.000000,1005531080393.000000,2998268.000000
924000,15,251163,0.800000,1.000000,0.659508,1.000000,0.000000,0,0.000000,923748.000000,1.000000,1005531080393.000000,2998268.000000
925000,0,251472,0.800000,1.000000,0.708723,1.000000,0.000000,0,0.000000,924979.000000,1.000000,1007851869029.000000,2011798.000000
925000,1,251479,0.800000,1.000000,0.692189,1.000000,0.000000,0,0.000000,924989.000000,1.000000,1007851869029.000000,2011798.000000
925000,2,251479,0.800000,1.000000,0.758075,1.000000,0.000000,0,0.000000,924998.000000,1.000000,1007851869029.000000,2011798.000000
925000,3,251345,0.800000,1.000000,0.690675,1.000000,0.000000,0,0.000000,924158.000000,1.000000,1007851869029.000000,2011798.000000
925000,4,251480,0.800000,1.000000,0.673332,1.000000,0.000000,0,0.000000,924994.000000,1.000000,1007851869029.000000,2011798.000000
925000,5,251480,0.800000,1.000000,0.643396,1.000000,0.000000,0,0.000000,924999.000000,1.000000,1007851869029.000000,2011798.000000
925000,6,251480,0.800000,1.000000,0.584005,1.000000,0.000000,0,0.000000,924981.000000,1.000000,1007851869029.000000,2011798.000000
925000,7,251474,0.800000,1.000000,0.576982,1.000000,0.000000,0,0.000000,924885.000000,1.000000,1007851869029.000000,2011798.000000
925000,8,251476,0.800000,1.000000,0.663078,1.000000,0.000000,0,0.000000,924968.000000,1.000000,1007851869029.000000,2011798.000000
925000,9,243584,0.800000,1.000000,0.595276,1.000000,0.000000,0,0.000000,812585.000000,1.000000,1007851869029.000000,2011798.000000
925000,10,251464,0.800000,1.000000,0.516258,1.000000,0.000000,0,0.000000,924937.000000,1.000000,1007851869029.000000,2011798.000000
925000,11,251467,0.800000,1.000000,0.515842,1.000000,0.000000,0,0.000000,924875.000000,1.000000,1007851869029.000000,2011798.000000
925000,12,251470,0.800000,1.000000,0.583307,1.000000,0.000000,0,0.000000,924810.000000,1.000000,1007851869029.000000,2011798.000000
925000,13,251479,0.800000,1.000000,0.583299,1.000000,0.000000,0,0.000000,924970.000000,1.000000,1007851869029.000000,2011798.000000
925000,14,251480,0.800000,1.000000,0.628648,1.000000,0.000000,1,745323.000000,925000.000000,1.000000,1007851869029.000000,2011798.000000
925000,15,251448,0.800000,1.000000,0.752386,1.000000,0.000000,0,0.000000,924849.000000,1.000000,1007851869029.000000,2011798.000000
926000,0,251753,0.800000,1.000000,0.583603,1.000000,0.000000,0,0.000000,925988.000000,1.000000,1010064748223.000000,1510141.000000
926000,1,251753,0.800000,1.000000,0.660979,1.000000,0.000000,0,0.000000,925990.000000,1.000000,1010064748223.000000,1510141.000000
926000,2,251754,0.800000,1.000000,0.546238,1.000000,0.000000,0,0.000000,925994.000000,1.000000,1010064748223.000000,1510141.000000
926000,3,251734,0.800000,1.000000,0.670546,1.000000,0.000000,0,0.000000,924158.000000,1.000000,1010064748223.000000,1510141.000000
926000,4,251746,0.800000,1.000000,0.496234,1.000000,0.000000,0,0.000000,925913.000000,1.000000,1010064748223.000000,1510141.000000
926000,5,251704,0.800000,1.000000,0.771903,1.000000,0.000000,0,0.000000,925161.000000,1.000000,1010064748223.000000,1510141.000000
926000,6,251754,0.800000,1.000000,0.653613,1.000000,0.000000,0,0.000000,925999.000000,1.000000,1010064748223.000000,1510141.000000
926000,7,251755,0.800000,1.000000,0.590399,1.000000,0.000000,0,0.000000,925996.000000,1.000000,1010064748223.000000,1510141.000000
926000,8,251742,0.800000,1.000000,0.624255,1.000000,0.000000,0,0.000000,925946.000000,1.000000,1010064748223.000000,1510141.000000
926000,9,243918,0.800000,1.000000,0.612573,1.000000,0.000000,0,0.000000,812585.000000,1.000000,1010064748223.000000,1510141.000000
926000,10,251752,0.800000,1.000000,0.654605,1.000000,0.000000,0,0.000000,925985.000000,1.000000,1010064748223.000000,1510141.000000
926000,11,251583,0.800000,1.000000,0.655232,1.000000,0.000000,0,0.000000,924875.000000,1.000000,1010064748223.000000,1510141.000000
926000,12,251755,0.800000,1.000000,0.563796,1.000000,0.000000,0,0.000000,925991.000000,1.000000,1010064748223.000000,1510141.000000
926000,13,251755,0.800000,1.000000,0.656344,1.000000,0.000000,1,753147.000000,926000.000000,1.000000,1010064748223.000000,1510141.000000
926000,14,251752,0.800000,1.000000,0.729260,1.000000,0.000000,0,0.000000,925986.000000,1.000000,1010064748223.000000,1510141.000000
926000,15,251755,0.800000,1.000000,0.570546,1.000000,0.000000,0,0.000000,925993.000000,1.000000,1010064748223.000000,1510141.000000
927000,0,252050,0.800000,1.000000,0.580501,1.000000,0.000000,0,0.000000,926981.000000,1.000000,1012528541284.000000,2504839.000000
927000,1,252025,0.800000,1.000000,0.704744,1.000000,0.000000,0,0.000000,926541.000000,1.000000,1012528541284.000000,2504839.000000
927000,2,252051,0.800000,1.000000,0.707072,1.000000,0.000000,1,758558.000000,927000.000000,1.000000,1012528541284.000000,2504839.000000
927000,3,252044,0.800000,1.000000,0.480772,1.000000,0.000000,0,0.000000,926918.000000,1.000000,1012528541284.000000,2504839.000000
927000,4,252051,0.800000,1.000000,0.706603,1.000000,0.000000,0,0.000000,926998.000000,1.000000,1012528541284.000000,2504839.000000
927000,5,252052,0.800000,1.000000,0.654822,1.000000,0.000000,0,0.000000,926999.000000,1.000000,1012528541284.000000,2504839.000000
927000,6,252048,0.800000,1.000000,0.726273,1.000000,0.000000,0,0.000000,926939.000000,1.000000,1012528541284.000000,2504839.000000
927000,7,252047,0.800000,1.000000,0.599510,1.000000,0.000000,0,0.000000,926967.000000,1.000000,1012528541284.000000,2504839.000000
927000,8,252052,0.800000,1.000000,0.625180,1.000000,0.000000,0,0.000000,926995.000000,1.000000,1012528541284.000000,2504839.000000
927000,9,244251,0.800000,1.000000,0.604170,1.000000,0.000000,0,0.000000,812585.000000,1.000000,1012528541284.000000,2504839.000000
927000,10,252046,0.800000,1.000000,0.630740,1.000000,0.000000,0,0.000000,926940.000000,1.000000,1012528541284.000000,2504839.000000
927000,11,251984,0.800000,1.000000,0.739284,1.000000,0.000000,0,0.000000,924875.000000,1.000000,1012528541284.000000,2504839.000000
927000,12,252015,0.800000,1.000000,0.651762,1.000000,0.000000,0,0.000000,926735.000000,1.000000,1012528541284.000000,2504839.000000
927000,13,252051,0.800000,1.000000,0.648649,1.000000,0.000000,0,0.000000,926994.000000,1.000000,1012528541284.000000,2504839.000000
927000,14,252050,0.800000,1.000000,0.734482,1.000000,0.000000,0,0.000000,926993.000000,1.000000,1012528541284.000000,2504839.000000
927000,15,252049,0.800000,1.000000,0.586218,1.000000,0.000000,0,0.000000,926989.000000,1.000000,1012528541284.000000,2504839.000000
928000,0,252342,0.800000,1.000000,0.611493,1.000000,0.000000,0,0.000000,927993.000000,1.000000,1014791329966.000000,2018640.000000
928000,1,252342,0.800000,1.000000,0.527610,1.000000,0.000000,0,0.000000,927988.000000,1.000000,1014791329966.000000,2018640.000000
928000,2,252297,0.800000,1.000000,0.581620,1.000000,0.000000,0,0.000000,927619.000000,1.000000,1014791329966.000000,2018640.000000
928000,3,252337,0.800000,1.000000,0.545905,1.000000,0.000000,0,0.000000,927850.000000,1.000000,1014791329966.000000,2018640.000000
928000,4,252340,0.800000,1.000000,0.505190,1.000000,0.000000,0,0.000000,927961.000000,1.000000,1014791329966.000000,2018640.000000
928000,5,252340,0.800000,1.000000,0.545827,1.000000,0.000000,0,0.000000,927989.000000,1.000000,1014791329966.000000,2018640.000000
928000,6,252342,0.800000,1.000000,0.695135,1.000000,0.000000,0,0.000000,927996.000000,1.000000,1014791329966.000000,2018640.000000
928000,7,252156,0.800000,1.000000,0.639921,1.000000,0.000000,0,0.000000,927206.000000,1.000000,1014791329966.000000,2018640.000000
928000,8,252298,0.800000,1.000000,0.526756,1.000000,0.000000,0,0.000000,927672.000000,1.000000,1014791329966.000000,2018640.000000
928000,9,244628,0.800000,1.000000,0.553149,1.000000,0.000000,0,0.000000,812585.000000,1.000000,1014791329966.000000,2018640.000000
928000,10,252298,0.800000,1.000000,0.655085,1.000000,0.000000,0,0.000000,927770.000000,1.000000,1014791329966.000000,2018640.000000
928000,11,252335,0.800000,1.000000,0.702849,1.000000,0.000000,0,0.000000,927952.000000,1.000000,1014791329966.000000,2018640.000000
928000,12,252342,0.800000,1.000000,0.687738,1.000000,0.000000,1,748635.000000,928000.000000,1.000000,1014791329966.000000,2018640.000000
928000,13,252323,0.800000,1.000000,0.608047,1.000000,0.000000,0,0.000000,927751.000000,1.000000,1014791329966.000000,2018640.000000
928000,14,252301,0.800000,1.000000,0.720023,1.000000,0.000000,0,0.000000,927173.000000,1.000000,1014791329966.000000,2018640.000000
928000,15,252343,0.800000,1.000000,0.638848,1.000000,0.000000,0,0.000000,927998.000000,1.000000,1014791329966.000000,2018640.000000
929000,0,252618,0.800000,1.000000,0.654806,1.000000,0.000000,0,0.000000,928870.000000,1.000000,1017041227410.000000,-6.000000
929000,1,252629,0.800000,1.000000,0.552894,1.000000,0.000000,0,0.000000,928986.000000,1.000000,1017041227410.000000,-6.000000
929000,2,252557,0.800000,1.000000,0.551377,1.000000,0.000000,0,0.000000,927619.000000,1.000000,1017041227410.000000,-6.000000
929000,3,252630,0.800000,1.000000,0.645720,1.000000,0.000000,0,0.000000,928995.000000,1.000000,1017041227410.000000,-6.000000
929000,4,252631,0.800000,1.000000,0.738250,1.000000,0.000000,0,0.000000,928996.000000,1.000000,1017041227410.000000,-6.000000
929000,5,252631,0.800000,1.000000,0.732698,1.000000,0.000000,0,0.000000,928999.000000,1.000000,1017041227410.000000,-6.000000
929000,6,252619,0.800000,1.000000,0.648415,1.000000,0.000000,0,0.000000,928896.000000,1.000000,1017041227410.000000,-6.000000
929000,7,252156,0.800000,1.000000,0.639921,1.000000,0.000000,0,0.000000,927206.000000,1.000000,1017041227410.000000,-6.000000
929000,8,252631,0.800000,1.000000,0.629798,1.000000,0.000000,0,0.000000,928962.000000,1.000000,1017041227410.000000,-6.000000
929000,9,244967,0.800000,1.000000,0.676897,1.000000,0.000000,0,0.000000,812585.000000,1.000000,1017041227410.000000,-6.000000
929000,10,252628,0.800000,1.000000,0.568934,1.000000,0.000000,0,0.000000,928971.000000,1.000000,1017041227410.000000,-6.000000
929000,11,252631,0.800000,1.000000,0.625737,1.000000,0.000000,1,779522.000000,929000.000000,1.000000,1017041227410.000000,-6.000000
929000,12,252627,0.800000,1.000000,0.561822,1.000000,0.000000,0,0.000000,928978.000000,1.000000,1017041227410.000000,-6.000000
929000,13,252632,0.800000,1.000000,0.732933,1.000000,0.000000,0,0.000000,928998.000000,1.000000,1017041227410.000000,-6.000000
929000,14,252623,0.800000,1.000000,0.712211,1.000000,0.000000,0,0.000000,927173.000000,1.000000,1017041227410.000000,-6.000000
929000,15,252620,0.800000,1.000000,0.624790,1.000000,0.000000,0,0.000000,928821.000000,1.000000,1017041227410.000000,-6.000000
930000,0,252901,0.800000,1.000000,0.687516,1.000000,0.000000,0,0.000000,929998.000000,1.000000,1019187802096.000000,2528963.000000
930000,1,252901,0.800000,1.000000,0.723899,1.000000,0.000000,1,751954.000000,930000.000000,1.000000,1019187802096.000000,2528963.000000
930000,2,252881,0.800000,1.000000,0.620797,1.000000,0.000000,0,0.000000,927619.000000,1.000000,1019187802096.000000,2528963.000000
930000,3,252897,0.800000,1.000000,0.636762,1.000000,0.000000,0,0.000000,929931.000000,1.000000,1019187802096.000000,2528963.000000
930000,4,252902,0.800000,1.000000,0.669465,1.000000,0.000000,0,0.000000,929999.000000,1.000000,1019187802096.000000,2528963.000000
930000,5,252898,0.800000,1.000000,0.670280,1.000000,0.000000,0,0.000000,929930.000000,1.000000,1019187802096.000000,2528963.000000
930000,6,252895,0.800000,1.000000,0.647935,1.000000,0.000000,0,0.000000,929928.000000,1.000000,1019187802096.000000,2528963.000000
930000,7,252375,0.800000,1.000000,0.654831,1.000000,0.000000,0,0.000000,927206.000000,1.000000,1019187802096.000000,2528963.000000
930000,8,252758,0.800000,1.000000,0.648120,1.000000,0.000000,0,0.000000,929483.000000,1.000000,1019187802096.000000,2528963.000000
930000,9,245340,0.800000,1.000000,0.650689,1.000000,0.000000,0,0.000000,812585.000000,1.000000,1019187802096.000000,2528963.000000
930000,10,252893,0.800000,1.000000,0.607290,1.000000,0.000000,0,0.000000,929962.000000,1.000000,1019187802096.000000,2528963.000000
930000,11,252862,0.800000,1.000000,0.724884,1.000000,0.000000,0,0.000000,929742.000000,1.000000,1019187802096.000000,2528963.000000
930000,12,252902,0.800000,1.000000,0.645140,1.000000,0.000000,0,0.000000,929979.000000,1.000000,1019187802096.000000,2528963.000000
930000,13,252902,0.800000,1.000000,0.696872,1.000000,0.000000,0,0.000000,929997.000000,1.000000,1019187802096.000000,2528963.000000
930000,14,252901,0.800000,1.000000,0.717473,1.000000,0.000000,0,0.000000,929992.000000,1.000000,1019187802096.000000,2528963.000000
930000,15,252880,0.800000,1.000000,0.612454,1.000000,0.000000,0,0.000000,928821.000000,1.000000,1019187802096.000000,2528963.000000
931000,0,253176,0.800000,1.000000,0.624836,1.000000,0.000000,0,0.000000,930962.000000,1.000000,1021287402156.000000,1012724.000000
931000,1,253180,0.800000,1.000000,0.701148,1.000000,0.000000,0,0.000000,930998.000000,1.000000,1021287402156.000000,1012724.000000
931000,2,253181,0.800000,1.000000,0.717877,1.000000,0.000000,0,0.000000,930993.000000,1.000000,1021287402156.000000,1012724.000000
931000,3,253181,0.800000,1.000000,0.650028,1.000000,0.000000,0,0.000000,930966.000000,1.000000,1021287402156.000000,1012724.000000
931000,4,253181,0.800000,1.000000,0.680806,1.000000,0.000000,1,772961.000000,931000.000000,1.000000,1021287402156.000000,1012724.000000
931000,5,253178,0.800000,1.000000,0.642315,1.000000,0.000000,0,0.000000,930949.000000,1.000000,1021287402156.000000,1012724.000000
931000,6,253182,0.800000,1.000000,0.757432,1.000000,0.000000,0,0.000000,930999.000000,1.000000,1021287402156.000000,1012724.000000
931000,7,252575,0.800000,1.000000,0.581343,1.000000,0.000000,0,0.000000,927206.000000,1.000000,1021287402156.000000,1012724.000000
931000,8,252758,0.800000,1.000000,0.648120,1.000000,0.000000,0,0.000000,929483.000000,1.000000,1021287402156.000000,1012724.000000
931000,9,245700,0.800000,1.000000,0.584742,1.000000,0.000000,0,0.000000,812585.000000,1.000000,1021287402156.000000,1012724.000000
931000,10,253181,0.800000,1.000000,0.623318,1.000000,0.000000,0,0.000000,930995.000000,1.000000,1021287402156.000000,1012724.000000
931000,11,253159,0.800000,1.000000,0.577749,1.000000,0.000000,0,0.000000,930882.000000,1.000000,1021287402156.000000,1012724.000000
931000,12,253090,0.800000,1.000000,0.639840,1.000000,0.000000,0,0.000000,930319.000000,1.000000,1021287402156.000000,1012724.000000
931000,13,253181,0.800000,1.000000,0.604061,1.000000,0.000000,0,0.000000,930997.000000,1.000000,1021287402156.000000,1012724.000000
931000,14,253179,0.800000,1.000000,0.569891,1.000000,0.000000,0,0.000000,930927.000000,1.000000,1021287402156.000000,1012724.000000
931000,15,253166,0.800000,1.000000,0.632668,1.000000,0.000000,0,0.000000,930633.000000,1.000000,1021287402156.000000,1012724.000000
932000,0,253438,0.800000,1.000000,0.557836,1.000000,0.000000,0,0.000000,931911.000000,1.000000,1023594293213.000000,1520705.000000
932000,1,253456,0.800000,1.000000,0.641598,1.000000,0.000000,0,0.000000,931998.000000,1.000000,1023594293213.000000,1520705.000000
932000,2,253453,0.800000,1.000000,0.663330,1.000000,0.000000,0,0.000000,931970.000000,1.000000,1023594293213.000000,1520705.000000
932000,3,253458,0.800000,1.000000,0.755374,1.000000,0.000000,0,0.000000,931999.000000,1.000000,1023594293213.000000,1520705.000000
932000,4,253457,0.800000,1.000000,0.648240,1.000000,0.000000,0,0.000000,931992.000000,1.000000,1023594293213.000000,1520705.000000
932000,5,253454,0.800000,1.000000,0.583542,1.000000,0.000000,0,0.000000,931941.000000,1.000000,1023594293213.000000,1520705.000000
932000,6,253458,0.800000,1.000000,0.837926,1.000000,0.000000,1,777246.000000,932000.000000,1.000000,1023594293213.000000,1520705.000000
932000,7,252962,0.800000,1.000000,0.661984,1.000000,0.000000,0,0.000000,927206.000000,1.000000,1023594293213.000000,1520705.000000
932000,8,252876,0.800000,1.000000,0.621201,1.000000,0.000000,0,0.000000,929483.000000,1.000000,1023594293213.000000,1520705.000000
932000,9,246126,0.800000,1.000000,0.731730,1.000000,0.000000,0,0.000000,812585.000000,1.000000,1023594293213.000000,1520705.000000
932000,10,253448,0.800000,1.000000,0.622256,1.000000,0.000000,0,0.000000,931885.000000,1.000000,1023594293213.000000,1520705.000000
932000,11,253455,0.800000,1.000000,0.608542,1.000000,0.000000,0,0.000000,931791.000000,1.000000,1023594293213.000000,1520705.000000
932000,12,253441,0.800000,1.000000,0.673357,1.000000,0.000000,0,0.000000,930319.000000,1.000000,1023594293213.000000,1520705.000000
932000,13,253457,0.800000,1.000000,0.710029,1.000000,0.000000,0,0.000000,931995.000000,1.000000,1023594293213.000000,1520705.000000
932000,14,253450,0.800000,1.000000,0.736611,1.000000,0.000000,0,0.000000,931979.000000,1.000000,1023594293213.000000,1520705.000000
932000,15,253426,0.800000,1.000000,0.552304,1.000000,0.000000,0,0.000000,931505.000000,1.000000,1023594293213.000000,1520705.000000
933000,0,253742,0.800000,1.000000,0.594976,1.000000,0.000000,0,0.000000,932977.000000,1.000000,1026026411755.000000,2536493.000000
933000,1,253724,0.800000,1.000000,0.577871,1.000000,0.000000,0,0.000000,932934.000000,1.000000,1026026411755.000000,2536493.000000
933000,2,253741,0.800000,1.000000,0.684998,1.000000,0.000000,0,0.000000,932798.000000,1.000000,1026026411755.000000,2536493.000000
933000,3,253742,0.800000,1.000000,0.628679,1.000000,0.000000,0,0.000000,932982.000000,1.000000,1026026411755.000000,2536493.000000
933000,4,253743,0.800000,1.000000,0.684290,1.000000,0.000000,0,0.000000,932992.000000,1.000000,1026026411755.000000,2536493.000000
933000,5,253699,0.800000,1.000000,0.557244,1.000000,0.000000,0,0.000000,932848.000000,1.000000,1026026411755.000000,2536493.000000
933000,6,253743,0.800000,1.000000,0.618398,1.000000,0.000000,0,0.000000,932999.000000,1.000000,1026026411755.000000,2536493.000000
933000,7,253295,0.800000,1.000000,0.635835,1.000000,0.000000,0,0.000000,927206.000000,1.000000,1026026411755.000000,2536493.000000
933000,8,253277,0.800000,1.000000,0.580830,1.000000,0.000000,0,0.000000,929483.000000,1.000000,1026026411755.000000,2536493.000000
933000,9,246518,0.800000,1.000000,0.616867,1.000000,0.000000,0,0.000000,812585.000000,1.000000,1026026411755.000000,2536493.000000
933000,10,253742,0.800000,1.000000,0.649084,1.000000,0.000000,0,0.000000,932987.000000,1.000000,1026026411755.000000,2536493.000000
933000,11,253702,0.800000,1.000000,0.714482,1.000000,0.000000,0,0.000000,932771.000000,1.000000,1026026411755.000000,2536493.000000
933000,12,253743,0.800000,1.000000,0.651522,1.000000,0.000000,1,752689.000000,933000.000000,1.000000,1026026411755.000000,2536493.000000
933000,13,253744,0.800000,1.000000,0.652529,1.000000,0.000000,0,0.000000,932995.000000,1.000000,1026026411755.000000,2536493.000000
933000,14,253726,0.800000,1.000000,0.728042,1.000000,0.000000,0,0.000000,932289.000000,1.000000,1026026411755.000000,2536493.000000
933000,15,253742,0.800000,1.000000,0.750335,1.000000,0.000000,0,0.000000,932993.000000,1.000000,1026026411755.000000,2536493.000000
934000,0,254028,0.800000,1.000000,0.677940,1.000000,0.000000,0,0.000000,933992.000000,1.000000,1028422818264.000000,2525341.000000
934000,1,254026,0.800000,1.000000,0.622930,1.000000,0.000000,0,0.000000,933997.000000,1.000000,1028422818264.000000,2525341.000000
934000,2,254028,0.800000,1.000000,0.679738,1.000000,0.000000,0,0.000000,933996.000000,1.000000,1028422818264.000000,2525341.000000
934000,3,254026,0.800000,1.000000,0.557015,1.000000,0.000000,0,0.000000,933980.000000,1.000000,1028422818264.000000,2525341.000000
934000,4,254006,0.800000,1.000000,0.647814,1.000000,0.000000,0,0.000000,933687.000000,1.000000,1028422818264.000000,2525341.000000
934000,5,254026,0.800000,1.000000,0.514056,1.000000,0.000000,0,0.000000,933969.000000,1.000000,1028422818264.000000,2525341.000000
934000,6,254027,0.800000,1.000000,0.698683,1.000000,0.000000,0,0.000000,933999.000000,1.000000,1028422818264.000000,2525341.000000
934000,7,253683,0.800000,1.000000,0.755958,1.000000,0.000000,0,0.000000,927206.000000,1.000000,1028422818264.000000,2525341.000000
934000,8,253641,0.800000,1.000000,0.679290,1.000000,0.000000,0,0.000000,929483.000000,1.000000,1028422818264.000000,2525341.000000
934000,9,246950,0.800000,1.000000,0.740134,1.000000,0.000000,0,0.000000,812585.000000,1.000000,1028422818264.000000,2525341.000000
934000,10,254004,0.800000,1.000000,0.606114,1.000000,0.000000,0,0.000000,933858.000000,1.000000,1028422818264.000000,2525341.000000
934000,11,253822,0.800000,1.000000,0.675353,1.000000,0.000000,0,0.000000,932771.000000,1.000000,1028422818264.000000,2525341.000000
934000,12,254006,0.800000,1.000000,0.660984,1.000000,0.000000,0,0.000000,933787.000000,1.000000,1028422818264.000000,2525341.000000
934000,13,254027,0.800000,1.000000,0.579002,1.000000,0.000000,0,0.000000,933993.000000,1.000000,1028422818264.000000,2525341.000000
934000,14,254028,0.800000,1.000000,0.674369,1.000000,0.000000,1,752886.000000,934000.000000,1.000000,1028422818264.000000,2525341.000000
934000,15,254028,0.800000,1.000000,0.625765,1.000000,0.000000,0,0.000000,933988.000000,1.000000,1028422818264.000000,2525341.000000
935000,0,254286,0.800000,1.000000,0.643237,1.000000,0.000000,0,0.000000,934999.000000,1.000000,1030655551085.000000,3544685.000000
935000,1,254281,0.800000,1.000000,0.581301,1.000000,0.000000,0,0.000000,934961.000000,1.000000,1030655551085.000000,3544685.000000
935000,2,254202,0.800000,1.000000,0.631650,1.000000,0.000000,0,0.000000,934002.000000,1.000000,1030655551085.000000,3544685.000000
935000,3,254284,0.800000,1.000000,0.608619,1.000000,0.000000,0,0.000000,934985.000000,1.000000,1030655551085.000000,3544685.000000
935000,4,254270,0.800000,1.000000,0.721363,1.000000,0.000000,0,0.000000,934767.000000,1.000000,1030655551085.000000,3544685.000000
935000,5,254286,0.800000,1.000000,0.593829,1.000000,0.000000,0,0.000000,934997.000000,1.000000,1030655551085.000000,3544685.000000
935000,6,254287,0.800000,1.000000,0.648181,1.000000,0.000000,1,779266.000000,935000.000000,1.000000,1030655551085.000000,3544685.000000
935000,7,253993,0.800000,1.000000,0.545915,1.000000,0.000000,0,0.000000,927206.000000,1.000000,1030655551085.000000,3544685.000000
935000,8,254034,0.800000,1.000000,0.738761,1.000000,0.000000,0,0.000000,929483.000000,1.000000,1030655551085.000000,3544685.000000
935000,9,247288,0.800000,1.000000,0.600824,1.000000,0.000000,0,0.000000,812585.000000,1.000000,1030655551085.000000,3544685.000000
935000,10,254285,0.800000,1.000000,0.545554,1.000000,0.000000,0,0.000000,934624.000000,1.000000,1030655551085.000000,3544685.000000
935000,11,254188,0.800000,1.000000,0.641355,1.000000,0.000000,0,0.000000,932771.000000,1.000000,1030655551085.000000,3544685.000000
935000,12,254229,0.800000,1.000000,0.649813,1.000000,0.000000,0,0.000000,934773.000000,1.000000,1030655551085.000000,3544685.000000
935000,13,254282,0.800000,1.000000,0.712967,1.000000,0.000000,0,0.000000,934929.000000,1.000000,1030655551085.000000,3544685.000000
935000,14,254276,0.800000,1.000000,0.653707,1.000000,0.000000,0,0.000000,934692.000000,1.000000,1030655551085.000000,3544685.000000
935000,15,254288,0.800000,1.000000,0.617087,1.000000,0.000000,0,0.000000,934969.000000,1.000000,1030655551085.000000,3544685.000000
936000,0,254524,0.800000,1.000000,0.713080,1.000000,0.000000,0,0.000000,935037.000000,1.000000,1032946092238.000000,3054114.000000
936000,1,254544,0.800000,1.000000,0.706355,1.000000,0.000000,1,756250.000000,936000.000000,1.000000,1032946092238.000000,3054114.000000
936000,2,254545,0.800000,1.000000,0.763883,1.000000,0.000000,0,0.000000,935997.000000,1.000000,1032946092238.000000,3054114.000000
936000,3,254545,0.800000,1.000000,0.635915,1.000000,0.000000,0,0.000000,935949.000000,1.000000,1032946092238.000000,3054114.000000
936000,4,254544,0.800000,1.000000,0.744583,1.000000,0.000000,0,0.000000,935829.000000,1.000000,1032946092238.000000,3054114.000000
936000,5,254540,0.800000,1.000000,0.622261,1.000000,0.000000,0,0.000000,935752.000000,1.000000,1032946092238.000000,3054114.000000
936000,6,254532,0.800000,1.000000,0.509312,1.000000,0.000000,0,0.000000,935273.000000,1.000000,1032946092238.000000,3054114.000000
936000,7,254283,0.800000,1.000000,0.698810,1.000000,0.000000,0,0.000000,927206.000000,1.000000,1032946092238.000000,3054114.000000
936000,8,254344,0.800000,1.000000,0.558340,1.000000,0.000000,0,0.000000,929483.000000,1.000000,1032946092238.000000,3054114.000000
936000,9,247677,0.800000,1.000000,0.671131,1.000000,0.000000,0,0.000000,812585.000000,1.000000,1032946092238.000000,3054114.000000
936000,10,254544,0.800000,1.000000,0.642916,1.000000,0.000000,0,0.000000,935995.000000,1.000000,1032946092238.000000,3054114.000000
936000,11,254545,0.800000,1.000000,0.651881,1.000000,0.000000,0,0.000000,935998.000000,1.000000,1032946092238.000000,3054114.000000
936000,12,254494,0.800000,1.000000,0.623061,1.000000,0.000000,0,0.000000,934773.000000,1.000000,1032946092238.000000,3054114.000000
936000,13,254545,0.800000,1.000000,0.662297,1.000000,0.000000,0,0.000000,935999.000000,1.000000,1032946092238.000000,3054114.000000
936000,14,254524,0.800000,1.000000,0.552084,1.000000,0.000000,0,0.000000,935698.000000,1.000000,1032946092238.000000,3054114.000000
936000,15,254542,0.800000,1.000000,0.624798,1.000000,0.000000,0,0.000000,935946.000000,1.000000,1032946092238.000000,3054114.000000
937000,0,254806,0.800000,1.000000,0.635426,1.000000,0.000000,0,0.000000,936993.000000,1.000000,1035263803427.000000,2038332.000000
937000,1,254807,0.800000,1.000000,0.627759,1.000000,0.000000,0,0.000000,936992.000000,1.000000,1035263803427.000000,2038332.000000
937000,2,254789,0.800000,1.000000,0.682772,1.000000,0.000000,0,0.000000,936019.000000,1.000000,1035263803427.000000,2038332.000000
937000,3,254807,0.800000,1.000000,0.608394,1.000000,0.000000,1,747582.000000,937000.000000,1.000000,1035263803427.000000,2038332.000000
937000,4,254775,0.800000,1.000000,0.565384,1.000000,0.000000,0,0.000000,936229.000000,1.000000,1035263803427.000000,2038332.000000
937000,5,254808,0.800000,1.000000,0.713319,1.000000,0.000000,0,0.000000,936998.000000,1.000000,1035263803427.000000,2038332.000000
937000,6,254758,0.800000,1.000000,0.736213,1.000000,0.000000,0,0.000000,936188.000000,1.000000,1035263803427.000000,2038332.000000
937000,7,254662,0.800000,1.000000,0.577303,1.000000,0.000000,0,0.000000,927206.000000,1.000000,1035263803427.000000,2038332.000000
937000,8,254749,0.800000,1.000000,0.653617,1.000000,0.000000,0,0.000000,929483.000000,1.000000,1035263803427.000000,2038332.000000
937000,9,248053,0.800000,1.000000,0.704818,1.000000,0.000000,0,0.000000,812585.000000,1.000000,1035263803427.000000,2038332.000000
937000,10,254808,0.800000,1.000000,0.605936,1.000000,0.000000,0,0.000000,936975.000000,1.000000,1035263803427.000000,2038332.000000
937000,11,254806,0.800000,1.000000,0.518391,1.000000,0.000000,0,0.000000,936953.000000,1.000000,1035263803427.000000,2038332.000000
937000,12,254796,0.800000,1.000000,0.698202,1.000000,0.000000,0,0.000000,936658.000000,1.000000,1035263803427.000000,2038332.000000
937000,13,254794,0.800000,1.000000,0.542924,1.000000,0.000000,0,0.000000,936802.000000,1.000000,1035263803427.000000,2038332.000000
937000,14,254808,0.800000,1.000000,0.664733,1.000000,0.000000,0,0.000000,936996.000000,1.000000,1035263803427.000000,2038332.000000
937000,15,254807,0.800000,1.000000,0.665662,1.000000,0.000000,0,0.000000,936995.000000,1.000000,1035263803427.000000,2038332.000000
938000,0,255020,0.800000,1.000000,0.668819,1.000000,0.000000,0,0.000000,937543.000000,1.000000,1037409379381.000000,1517073.000000
938000,1,255069,0.800000,1.000000,0.601138,1.000000,0.000000,0,0.000000,937986.000000,1.000000,1037409379381.000000,1517073.000000
938000,2,254957,0.800000,1.000000,0.675615,1.000000,0.000000,0,0.000000,937530.000000,1.000000,1037409379381.000000,1517073.000000
938000,3,255069,0.800000,1.000000,0.775812,1.000000,0.000000,0,0.000000,937996.000000,1.000000,1037409379381.000000,1517073.000000
938000,4,255068,0.800000,1.000000,0.701319,1.000000,0.000000,0,0.000000,937995.000000,1.000000,1037409379381.000000,1517073.000000
938000,5,255016,0.800000,1.000000,0.697772,1.000000,0.000000,0,0.000000,937466.000000,1.000000,1037409379381.000000,1517073.000000
938000,6,255069,0.800000,1.000000,0.533508,1.000000,0.000000,0,0.000000,937999.000000,1.000000,1037409379381.000000,1517073.000000
938000,7,254968,0.800000,1.000000,0.656901,1.000000,0.000000,0,0.000000,927206.000000,1.000000,1037409379381.000000,1517073.000000
938000,8,255022,0.800000,1.000000,0.682005,1.000000,0.000000,0,0.000000,929483.000000,1.000000,1037409379381.000000,1517073.000000
938000,9,248496,0.800000,1.000000,0.673875,1.000000,0.000000,0,0.000000,812585.000000,1.000000,1037409379381.000000,1517073.000000
938000,10,255070,0.800000,1.000000,0.610093,1.000000,0.000000,1,756663.000000,938000.000000,1.000000,1037409379381.000000,1517073.000000
938000,11,254961,0.800000,1.000000,0.554339,1.000000,0.000000,0,0.000000,937542.000000,1.000000,1037409379381.000000,1517073.000000
938000,12,255070,0.800000,1.000000,0.750060,1.000000,0.000000,0,0.000000,937998.000000,1.000000,1037409379381.000000,1517073.000000
938000,13,255060,0.800000,1.000000,0.554025,1.000000,0.000000,0,0.000000,937957.000000,1.000000,1037409379381.000000,1517073.000000
938000,14,255070,0.800000,1.000000,0.585226,1.000000,0.000000,0,0.000000,937932.000000,1.000000,1037409379381.000000,1517073.000000
938000,15,255068,0.800000,1.000000,0.600178,1.000000,0.000000,0,0.000000,937984.000000,1.000000,1037409379381.000000,1517073.000000
939000,0,255297,0.800000,1.000000,0.612368,1.000000,0.000000,0,0.000000,938995.000000,1.000000,1039385139003.000000,4071904.000000
939000,1,255297,0.800000,1.000000,0.627635,1.000000,0.000000,0,0.000000,938996.000000,1.000000,1039385139003.000000,4071904.000000
939000,2,255226,0.800000,1.000000,0.739663,1.000000,0.000000,0,0.000000,937530.000000,1.000000,1039385139003.000000,4071904.000000
939000,3,255297,0.800000,1.000000,0.667242,1.000000,0.000000,1,748846.000000,939000.000000,1.000000,1039385139003.000000,4071904.000000
939000,4,255297,0.800000,1.000000,0.663008,1.000000,0.000000,0,0.000000,938635.000000,1.000000,1039385139003.000000,4071904.000000
939000,5,255295,0.800000,1.000000,0.579426,1.000000,0.000000,0,0.000000,938930.000000,1.000000,1039385139003.000000,4071904.000000
939000,6,255297,0.800000,1.000000,0.551732,1.000000,0.000000,0,0.000000,938997.000000,1.000000,1039385139003.000000,4071904.000000
939000,7,255275,0.800000,1.000000,0.581489,1.000000,0.000000,0,0.000000,938850.000000,1.000000,1039385139003.000000,4071904.000000
939000,8,255084,0.800000,1.000000,0.595834,1.000000,0.000000,0,0.000000,929483.000000,1.000000,1039385139003.000000,4071904.000000
939000,9,248904,0.800000,1.000000,0.607342,1.000000,0.000000,0,0.000000,812585.000000,1.000000,1039385139003.000000,4071904.000000
939000,10,255297,0.800000,1.000000,0.634636,1.000000,0.000000,0,0.000000,938998.000000,1.000000,1039385139003.000000,4071904.000000
939000,11,255248,0.800000,1.000000,0.699889,1.000000,0.000000,0,0.000000,937542.000000,1.000000,1039385139003.000000,4071904.000000
939000,12,255241,0.800000,1.000000,0.636203,1.000000,0.000000,0,0.000000,938659.000000,1.000000,1039385139003.000000,4071904.000000
939000,13,255294,0.800000,1.000000,0.715655,1.000000,0.000000,0,0.000000,938498.000000,1.000000,1039385139003.000000,4071904.000000
939000,14,255297,0.800000,1.000000,0.663400,1.000000,0.000000,0,0.000000,938999.000000,1.000000,1039385139003.000000,4071904.000000
939000,15,255289,0.800000,1.000000,0.634576,1.000000,0.000000,0,0.000000,938957.000000,1.000000,1039385139003.000000,4071904.000000
940000,0,255548,0.800000,1.000000,0.710902,1.000000,0.000000,0,0.000000,939341.000000,1.000000,1041794523937.000000,4587307.000000
940000,1,255584,0.800000,1.000000,0.710203,1.000000,0.000000,0,0.000000,939989.000000,1.000000,1041794523937.000000,4587307.000000
940000,2,255586,0.800000,1.000000,0.742677,1.000000,0.000000,0,0.000000,939998.000000,1.000000,1041794523937.000000,4587307.000000
940000,3,255534,0.800000,1.000000,0.552866,1.000000,0.000000,0,0.000000,939532.000000,1.000000,1041794523937.000000,4587307.000000
940000,4,255567,0.800000,1.000000,0.706683,1.000000,0.000000,0,0.000000,939884.000000,1.000000,1041794523937.000000,4587307.000000
940000,5,255586,0.800000,1.000000,0.701167,1.000000,0.000000,1,745802.000000,940000.000000,1.000000,1041794523937.000000,4587307.000000
940000,6,255587,0.800000,1.000000,0.775142,1.000000,0.000000,0,0.000000,939999.000000,1.000000,1041794523937.000000,4587307.000000
940000,7,255571,0.800000,1.000000,0.575793,1.000000,0.000000,0,0.000000,939724.000000,1.000000,1041794523937.000000,4587307.000000
940000,8,255428,0.800000,1.000000,0.577843,1.000000,0.000000,0,0.000000,929483.000000,1.000000,1041794523937.000000,4587307.000000
940000,9,249200,0.800000,1.000000,0.584011,1.000000,0.000000,0,0.000000,812585.000000,1.000000,1041794523937.000000,4587307.000000
940000,10,255586,0.800000,1.000000,0.708153,1.000000,0.000000,0,0.000000,939996.000000,1.000000,1041794523937.000000,4587307.000000
940000,11,255586,0.800000,1.000000,0.662025,1.000000,0.000000,0,0.000000,939988.000000,1.000000,1041794523937.000000,4587307.000000
940000,12,255586,0.800000,1.000000,0.628869,1.000000,0.000000,0,0.000000,939983.000000,1.000000,1041794523937.000000,4587307.000000
940000,13,255587,0.800000,1.000000,0.641400,1.000000,0.000000,0,0.000000,939987.000000,1.000000,1041794523937.000000,4587307.000000
940000,14,255565,0.800000,1.000000,0.697732,1.000000,0.000000,0,0.000000,939901.000000,1.000000,1041794523937.000000,4587307.000000
940000,15,255558,0.800000,1.000000,0.641890,1.000000,0.000000,0,0.000000,939626.000000,1.000000,1041794523937.000000,4587307.000000
941000,0,255868,0.800000,1.000000,0.579581,1.000000,0.000000,0,0.000000,940976.000000,1.000000,1044189427266.000000,2545935.000000
941000,1,255865,0.800000,1.000000,0.791373,1.000000,0.000000,0,0.000000,940988.000000,1.000000,1044189427266.000000,2545935.000000
941000,2,255831,0.800000,1.000000,0.593828,1.000000,0.000000,0,0.000000,940329.000000,1.000000,1044189427266.000000,2545935.000000
941000,3,255846,0.800000,1.000000,0.660839,1.000000,0.000000,0,0.000000,939532.000000,1.000000,1044189427266.000000,2545935.000000
941000,4,255867,0.800000,1.000000,0.758253,1.000000,0.000000,0,0.000000,940488.000000,1.000000,1044189427266.000000,2545935.000000
941000,5,255856,0.800000,1.000000,0.580858,1.000000,0.000000,0,0.000000,940950.000000,1.000000,1044189427266.000000,2545935.000000
941000,6,255868,0.800000,1.000000,0.716652,1.000000,0.000000,0,0.000000,940999.000000,1.000000,1044189427266.000000,2545935.000000
941000,7,255866,0.800000,1.000000,0.589892,1.000000,0.000000,0,0.000000,940873.000000,1.000000,1044189427266.000000,2545935.000000
941000,8,255758,0.800000,1.000000,0.658952,1.000000,0.000000,0,0.000000,929483.000000,1.000000,1044189427266.000000,2545935.000000
941000,9,249527,0.800000,1.000000,0.559162,1.000000,0.000000,0,0.000000,812585.000000,1.000000,1044189427266.000000,2545935.000000
941000,10,255868,0.800000,1.000000,0.660259,1.000000,0.000000,1,758808.000000,941000.000000,1.000000,1044189427266.000000,2545935.000000
941000,11,255864,0.800000,1.000000,0.682816,1.000000,0.000000,0,0.000000,940984.000000,1.000000,1044189427266.000000,2545935.000000
941000,12,255866,0.800000,1.000000,0.674226,1.000000,0.000000,0,0.000000,940987.000000,1.000000,1044189427266.000000,2545935.000000
941000,13,255869,0.800000,1.000000,0.749896,1.000000,0.000000,0,0.000000,940998.000000,1.000000,1044189427266.000000,2545935.000000
941000,14,255862,0.800000,1.000000,0.627607,1.000000,0.000000,0,0.000000,939901.000000,1.000000,1044189427266.000000,2545935.000000
941000,15,255869,0.800000,1.000000,0.691926,1.000000,0.000000,0,0.000000,940995.000000,1.000000,1044189427266.000000,2545935.000000
942000,0,256145,0.800000,1.000000,0.599401,1.000000,0.000000,0,0.000000,941976.000000,1.000000,1046563524625.000000,2561439.000000
942000,1,256145,0.800000,1.000000,0.701399,1.000000,0.000000,0,0.000000,941386.000000,1.000000,1046563524625.000000,2561439.000000
942000,2,256130,0.800000,1.000000,0.556694,1.000000,0.000000,0,0.000000,941871.000000,1.000000,1046563524625.000000,2561439.000000
942000,3,256146,0.800000,1.000000,0.626147,1.000000,0.000000,0,0.000000,941984.000000,1.000000,1046563524625.000000,2561439.000000
942000,4,256145,0.800000,1.000000,0.733991,1.000000,0.000000,0,0.000000,941995.000000,1.000000,1046563524625.000000,2561439.000000
942000,5,256145,0.800000,1.000000,0.674084,1.000000,0.000000,0,0.000000,941993.000000,1.000000,1046563524625.000000,2561439.000000
942000,6,256146,0.800000,1.000000,0.673357,1.000000,0.000000,0,0.000000,941977.000000,1.000000,1046563524625.000000,2561439.000000
942000,7,256136,0.800000,1.000000,0.728060,1.000000,0.000000,0,0.000000,941969.000000,1.000000,1046563524625.000000,2561439.000000
942000,8,256146,0.800000,1.000000,0.689001,1.000000,0.000000,1,781499.000000,942000.000000,1.000000,1046563524625.000000,2561439.000000
942000,9,249936,0.800000,1.000000,0.622573,1.000000,0.000000,0,0.000000,812585.000000,1.000000,1046563524625.000000,2561439.000000
942000,10,256138,0.800000,1.000000,0.660854,1.000000,0.000000,0,0.000000,941943.000000,1.000000,1046563524625.000000,2561439.000000
942000,11,256130,0.800000,1.000000,0.691260,1.000000,0.000000,0,0.000000,941879.000000,1.000000,1046563524625.000000,2561439.000000
942000,12,256070,0.800000,1.000000,0.550402,1.000000,0.000000,0,0.000000,941454.000000,1.000000,1046563524625.000000,2561439.000000
942000,13,256146,0.800000,1.000000,0.764654,1.000000,0.000000,0,0.000000,941994.000000,1.000000,1046563524625.000000,2561439.000000
942000,14,256146,0.800000,1.000000,0.615143,1.000000,0.000000,0,0.000000,941983.000000,1.000000,1046563524625.000000,2561439.000000
942000,15,256147,0.800000,1.000000,0.682668,1.000000,0.000000,0,0.000000,941998.000000,1.000000,1046563524625.000000,2561439.000000
943000,0,256346,0.800000,1.000000,0.618776,1.000000,0.000000,0,0.000000,942725.000000,1.000000,1048747970533.000000,4090256.000000
943000,1,256419,0.800000,1.000000,0.648398,1.000000,0.000000,0,0.000000,942997.000000,1.000000,1048747970533.000000,4090256.000000
943000,2,256419,0.800000,1.000000,0.609555,1.000000,0.000000,0,0.000000,942915.000000,1.000000,1048747970533.000000,4090256.000000
943000,3,256420,0.800000,1.000000,0.630959,1.000000,0.000000,0,0.000000,942999.000000,1.000000,1048747970533.000000,4090256.000000
943000,4,256376,0.800000,1.000000,0.597255,1.000000,0.000000,0,0.000000,942752.000000,1.000000,1048747970533.000000,4090256.000000
943000,5,256420,0.800000,1.000000,0.585809,1.000000,0.000000,1,748302.000000,943000.000000,1.000000,1048747970533.000000,4090256.000000
943000,6,256420,0.800000,1.000000,0.577707,1.000000,0.000000,0,0.000000,942992.000000,1.000000,1048747970533.000000,4090256.000000
943000,7,256363,0.800000,1.000000,0.702117,1.000000,0.000000,0,0.000000,942294.000000,1.000000,1048747970533.000000,4090256.000000
943000,8,256400,0.800000,1.000000,0.556650,1.000000,0.000000,0,0.000000,942682.000000,1.000000,1048747970533.000000,4090256.000000
943000,9,250268,0.800000,1.000000,0.736699,1.000000,0.000000,0,0.000000,812585.000000,1.000000,1048747970533.000000,4090256.000000
943000,10,256420,0.800000,1.000000,0.627263,1.000000,0.000000,0,0.000000,942998.000000,1.000000,1048747970533.000000,4090256.000000
943000,11,256408,0.800000,1.000000,0.635963,1.000000,0.000000,0,0.000000,942141.000000,1.000000,1048747970533.000000,4090256.000000
943000,12,256421,0.800000,1.000000,0.555417,1.000000,0.000000,0,0.000000,942989.000000,1.000000,1048747970533.000000,4090256.000000
943000,13,256421,0.800000,1.000000,0.596402,1.000000,0.000000,0,0.000000,942996.000000,1.000000,1048747970533.000000,4090256.000000
943000,14,256404,0.800000,1.000000,0.703282,1.000000,0.000000,0,0.000000,942783.000000,1.000000,1048747970533.000000,4090256.000000
943000,15,256342,0.800000,1.000000,0.462148,1.000000,0.000000,0,0.000000,942456.000000,1.000000,1048747970533.000000,4090256.000000
944000,0,256651,0.800000,1.000000,0.643879,1.000000,0.000000,0,0.000000,942725.000000,1.000000,1050892422636.000000,2566727.000000
944000,1,256674,0.800000,1.000000,0.643008,1.000000,0.000000,0,0.000000,943967.000000,1.000000,1050892422636.000000,2566727.000000
944000,2,256679,0.800000,1.000000,0.634804,1.000000,0.000000,0,0.000000,943999.000000,1.000000,1050892422636.000000,2566727.000000
944000,3,256678,0.800000,1.000000,0.635775,1.000000,0.000000,0,0.000000,943997.000000,1.000000,1050892422636.000000,2566727.000000
944000,4,256678,0.800000,1.000000,0.664440,1.000000,0.000000,0,0.000000,942752.000000,1.000000,1050892422636.000000,2566727.000000
944000,5,256677,0.800000,1.000000,0.774356,1.000000,0.000000,0,0.000000,943194.000000,1.000000,1050892422636.000000,2566727.000000
944000,6,256677,0.800000,1.000000,0.545256,1.000000,0.000000,0,0.000000,943987.000000,1.000000,1050892422636.000000,2566727.000000
944000,7,256651,0.800000,1.000000,0.583906,1.000000,0.000000,0,0.000000,943593.000000,1.000000,1050892422636.000000,2566727.000000
944000,8,256680,0.800000,1.000000,0.741100,1.000000,0.000000,1,783045.000000,944000.000000,1.000000,1050892422636.000000,2566727.000000
944000,9,250574,0.800000,1.000000,0.479114,1.000000,0.000000,0,0.000000,812585.000000,1.000000,1050892422636.000000,2566727.000000
944000,10,256681,0.800000,1.000000,0.634436,1.000000,0.000000,0,0.000000,943993.000000,1.000000,1050892422636.000000,2566727.000000
944000,11,256590,0.800000,1.000000,0.628894,1.000000,0.000000,0,0.000000,943505.000000,1.000000,1050892422636.000000,2566727.000000
944000,12,256677,0.800000,1.000000,0.630738,1.000000,0.000000,0,0.000000,943981.000000,1.000000,1050892422636.000000,2566727.000000
944000,13,256678,0.800000,1.000000,0.679632,1.000000,0.000000,0,0.000000,943990.000000,1.000000,1050892422636.000000,2566727.000000
944000,14,256530,0.800000,1.000000,0.743995,1.000000,0.000000,0,0.000000,943390.000000,1.000000,1050892422636.000000,2566727.000000
944000,15,256679,0.800000,1.000000,0.513502,1.000000,0.000000,0,0.000000,943986.000000,1.000000,1050892422636.000000,2566727.000000
945000,0,256955,0.800000,1.000000,0.727965,1.000000,0.000000,0,0.000000,944910.000000,1.000000,1053129602797.000000,3584985.000000
945000,1,256958,0.800000,1.000000,0.666524,1.000000,0.000000,1,763028.000000,945000.000000,1.000000,1053129602797.000000,3584985.000000
945000,2,256955,0.800000,1.000000,0.655599,1.000000,0.000000,0,0.000000,944994.000000,1.000000,1053129602797.000000,3584985.000000
945000,3,256956,0.800000,1.000000,0.546992,1.000000,0.000000,0,0.000000,944978.000000,1.000000,1053129602797.000000,3584985.000000
945000,4,256957,0.800000,1.000000,0.622835,1.000000,0.000000,0,0.000000,944929.000000,1.000000,1053129602797.000000,3584985.000000
945000,5,256957,0.800000,1.000000,0.630121,1.000000,0.000000,0,0.000000,944998.000000,1.000000,1053129602797.000000,3584985.000000
945000,6,256959,0.800000,1.000000,0.667793,1.000000,0.000000,0,0.000000,944995.000000,1.000000,1053129602797.000000,3584985.000000
945000,7,256832,0.800000,1.000000,0.652662,1.000000,0.000000,0,0.000000,943593.000000,1.000000,1053129602797.000000,3584985.000000
945000,8,256959,0.800000,1.000000,0.678167,1.000000,0.000000,0,0.000000,944996.000000,1.000000,1053129602797.000000,3584985.000000
945000,9,250872,0.800000,1.000000,0.650288,1.000000,0.000000,0,0.000000,812585.000000,1.000000,1053129602797.000000,3584985.000000
945000,10,256958,0.800000,1.000000,0.698806,1.000000,0.000000,0,0.000000,944992.000000,1.000000,1053129602797.000000,3584985.000000
945000,11,256910,0.800000,1.000000,0.611030,1.000000,0.000000,0,0.000000,943505.000000,1.000000,1053129602797.000000,3584985.000000
945000,12,256959,0.800000,1.000000,0.722589,1.000000,0.000000,0,0.000000,944999.000000,1.000000,1053129602797.000000,3584985.000000
945000,13,256957,0.800000,1.000000,0.590583,1.000000,0.000000,0,0.000000,944937.000000,1.000000,1053129602797.000000,3584985.000000
945000,14,256872,0.800000,1.000000,0.649696,1.000000,0.000000,0,0.000000,943390.000000,1.000000,1053129602797.000000,3584985.000000
945000,15,256801,0.800000,1.000000,0.700199,1.000000,0.000000,0,0.000000,944402.000000,1.000000,1053129602797.000000,3584985.000000
946000,0,257219,0.800000,1.000000,0.686316,1.000000,0.000000,0,0.000000,945936.000000,1.000000,1055478365009.000000,3074694.000000
946000,1,257196,0.800000,1.000000,0.676492,1.000000,0.000000,0,0.000000,945854.000000,1.000000,1055478365009.000000,3074694.000000
946000,2,257190,0.800000,1.000000,0.604105,1.000000,0.000000,0,0.000000,945300.000000,1.000000,1055478365009.000000,3074694.000000
946000,3,257224,0.800000,1.000000,0.592170,1.000000,0.000000,0,0.000000,945998.000000,1.000000,1055478365009.000000,3074694.000000
946000,4,257223,0.800000,1.000000,0.633632,1.000000,0.000000,0,0.000000,945996.000000,1.000000,1055478365009.000000,3074694.000000
946000,5,257225,0.800000,1.000000,0.675792,1.000000,0.000000,0,0.000000,945995.000000,1.000000,1055478365009.000000,3074694.000000
946000,6,257209,0.800000,1.000000,0.675017,1.000000,0.000000,0,0.000000,945924.000000,1.000000,1055478365009.000000,3074694.000000
946000,7,257225,0.800000,1.000000,0.642061,1.000000,0.000000,0,0.000000,945999.000000,1.000000,1055478365009.000000,3074694.000000
946000,8,257225,0.800000,1.000000,0.643731,1.000000,0.000000,1,784753.000000,946000.000000,1.000000,1055478365009.000000,3074694.000000
946000,9,251284,0.800000,1.000000,0.663381,1.000000,0.000000,0,0.000000,812585.000000,1.000000,1055478365009.000000,3074694.000000
946000,10,257211,0.800000,1.000000,0.525944,1.000000,0.000000,0,0.000000,945949.000000,1.000000,1055478365009.000000,3074694.000000
946000,11,257218,0.800000,1.000000,0.592948,1.000000,0.000000,0,0.000000,945962.000000,1.000000,1055478365009.000000,3074694.000000
946000,12,257224,0.800000,1.000000,0.817263,1.000000,0.000000,0,0.000000,945991.000000,1.000000,1055478365009.000000,3074694.000000
946000,13,257215,0.800000,1.000000,0.686632,1.000000,0.000000,0,0.000000,945972.000000,1.000000,1055478365009.000000,3074694.000000
946000,14,257220,0.800000,1.000000,0.660444,1.000000,0.000000,0,0.000000,945980.000000,1.000000,1055478365009.000000,3074694.000000
946000,15,257087,0.800000,1.000000,0.684164,1.000000,0.000000,0,0.000000,944402.000000,1.000000,1055478365009.000000,3074694.000000
947000,0,257493,0.800000,1.000000,0.701397,1.000000,0.000000,0,0.000000,946987.000000,1.000000,1057708682315.000000,3077796.000000
947000,1,257499,0.800000,1.000000,0.798467,1.000000,0.000000,0,0.000000,946999.000000,1.000000,1057708682315.000000,3077796.000000
947000,2,257499,0.800000,1.000000,0.645145,1.000000,0.000000,1,775210.000000,947000.000000,1.000000,1057708682315.000000,3077796.000000
947000,3,257417,0.800000,1.000000,0.555706,1.000000,0.000000,0,0.000000,945998.000000,1.000000,1057708682315.000000,3077796.000000
947000,4,257498,0.800000,1.000000,0.604677,1.000000,0.000000,0,0.000000,946978.000000,1.000000,1057708682315.000000,3077796.000000
947000,5,257498,0.800000,1.000000,0.825624,1.000000,0.000000,0,0.000000,946997.000000,1.000000,1057708682315.000000,3077796.000000
947000,6,257497,0.800000,1.000000,0.639355,1.000000,0.000000,0,0.000000,946983.000000,1.000000,1057708682315.000000,3077796.000000
947000,7,257499,0.800000,1.000000,0.634095,1.000000,0.000000,0,0.000000,946994.000000,1.000000,1057708682315.000000,3077796.000000
947000,8,257478,0.800000,1.000000,0.609516,1.000000,0.000000,0,0.000000,946329.000000,1.000000,1057708682315.000000,3077796.000000
947000,9,251662,0.800000,1.000000,0.782124,1.000000,0.000000,0,0.000000,812585.000000,1.000000,1057708682315.000000,3077796.000000
947000,10,257499,0.800000,1.000000,0.696784,1.000000,0.000000,0,0.000000,946998.000000,1.000000,1057708682315.000000,3077796.000000
947000,11,257461,0.800000,1.000000,0.556011,1.000000,0.000000,0,0.000000,946712.000000,1.000000,1057708682315.000000,3077796.000000
947000,12,257488,0.800000,1.000000,0.631095,1.000000,0.000000,0,0.000000,946960.000000,1.000000,1057708682315.000000,3077796.000000
947000,13,257325,0.800000,1.000000,0.614461,1.000000,0.000000,0,0.000000,946342.000000,1.000000,1057708682315.000000,3077796.000000
947000,14,257497,0.800000,1.000000,0.602418,1.000000,0.000000,0,0.000000,946970.000000,1.000000,1057708682315.000000,3077796.000000
947000,15,257427,0.800000,1.000000,0.719810,1.000000,0.000000,0,0.000000,944402.000000,1.000000,1057708682315.000000,3077796.000000
948000,0,257752,0.800000,1.000000,0.580742,1.000000,0.000000,1,760814.000000,948000.000000,1.000000,1059901675602.000000,3092978.000000
948000,1,257753,0.800000,1.000000,0.531449,1.000000,0.000000,0,0.000000,947994.000000,1.000000,1059901675602.000000,3092978.000000
948000,2,257741,0.800000,1.000000,0.654228,1.000000,0.000000,0,0.000000,947861.000000,1.000000,1059901675602.000000,3092978.000000
948000,3,257753,0.800000,1.000000,0.670708,1.000000,0.000000,0,0.000000,947999.000000,1.000000,1059901675602.000000,3092978.000000
948000,4,257713,0.800000,1.000000,0.694709,1.000000,0.000000,0,0.000000,947593.000000,1.000000,1059901675602.000000,3092978.000000
948000,5,257742,0.800000,1.000000,0.633479,1.000000,0.000000,0,0.000000,947850.000000,1.000000,1059901675602.000000,3092978.000000
948000,6,257694,0.800000,1.000000,0.520645,1.000000,0.000000,0,0.000000,947165.000000,1.000000,1059901675602.000000,3092978.000000
948000,7,257713,0.800000,1.000000,0.646172,1.000000,0.000000,0,0.000000,947108.000000,1.000000,1059901675602.000000,3092978.000000
948000,8,257752,0.800000,1.000000,0.549593,1.000000,0.000000,0,0.000000,947995.000000,1.000000,1059901675602.000000,3092978.000000
948000,9,252038,0.800000,1.000000,0.627382,1.000000,0.000000,0,0.000000,812585.000000,1.000000,1059901675602.000000,3092978.000000
948000,10,257679,0.800000,1.000000,0.626215,1.000000,0.000000,0,0.000000,947706.000000,1.000000,1059901675602.000000,3092978.000000
948000,11,257751,0.800000,1.000000,0.606181,1.000000,0.000000,0,0.000000,947991.000000,1.000000,1059901675602.000000,3092978.000000
948000,12,257753,0.800000,1.000000,0.775110,1.000000,0.000000,0,0.000000,947998.000000,1.000000,1059901675602.000000,3092978.000000
948000,13,257669,0.800000,1.000000,0.653064,1.000000,0.000000,0,0.000000,946342.000000,1.000000,1059901675602.000000,3092978.000000
948000,14,257749,0.800000,1.000000,0.680079,1.000000,0.000000,0,0.000000,947844.000000,1.000000,1059901675602.000000,3092978.000000
948000,15,257750,0.800000,1.000000,0.573687,1.000000,0.000000,0,0.000000,947986.000000,1.000000,1059901675602.000000,3092978.000000
949000,0,258021,0.800000,1.000000,0.721683,1.000000,0.000000,0,0.000000,948866.000000,1.000000,1062180524947.000000,1536653.000000
949000,1,258025,0.800000,1.000000,0.715431,1.000000,0.000000,1,765369.000000,949000.000000,1.000000,1062180524947.000000,1536653.000000
949000,2,257879,0.800000,1.000000,0.674458,1.000000,0.000000,0,0.000000,948455.000000,1.000000,1062180524947.000000,1536653.000000
949000,3,258017,0.800000,1.000000,0.674999,1.000000,0.000000,0,0.000000,948732.000000,1.000000,1062180524947.000000,1536653.000000
949000,4,257972,0.800000,1.000000,0.662076,1.000000,0.000000,0,0.000000,947593.000000,1.000000,1062180524947.000000,1536653.000000
949000,5,258026,0.800000,1.000000,0.627169,1.000000,0.000000,0,0.000000,948992.000000,1.000000,1062180524947.000000,1536653.000000
949000,6,258004,0.800000,1.000000,0.557540,1.000000,0.000000,0,0.000000,947165.000000,1.000000,1062180524947.000000,1536653.000000
949000,7,258011,0.800000,1.000000,0.714893,1.000000,0.000000,0,0.000000,948901.000000,1.000000,1062180524947.000000,1536653.000000
949000,8,258026,0.800000,1.000000,0.679056,1.000000,0.000000,0,0.000000,948999.000000,1.000000,1062180524947.000000,1536653.000000
949000,9,252420,0.800000,1.000000,0.623917,1.000000,0.000000,0,0.000000,812585.000000,1.000000,1062180524947.000000,1536653.000000
949000,10,258000,0.800000,1.000000,0.661136,1.000000,0.000000,0,0.000000,947706.000000,1.000000,1062180524947.000000,1536653.000000
949000,11,258016,0.800000,1.000000,0.560572,1.000000,0.000000,0,0.000000,948617.000000,1.000000,1062180524947.000000,1536653.000000
949000,12,258026,0.800000,1.000000,0.784163,1.000000,0.000000,0,0.000000,948997.000000,1.000000,1062180524947.000000,1536653.000000
949000,13,257936,0.800000,1.000000,0.649804,1.000000,0.000000,0,0.000000,946342.000000,1.000000,1062180524947.000000,1536653.000000
949000,14,258025,0.800000,1.000000,0.688458,1.000000,0.000000,0,0.000000,948981.000000,1.000000,1062180524947.000000,1536653.000000
949000,15,258025,0.800000,1.000000,0.702278,1.000000,0.000000,0,0.000000,948996.000000,1.000000,1062180524947.000000,1536653.000000
950000,0,258295,0.800000,1.000000,0.620798,1.000000,0.000000,0,0.000000,949996.000000,1.000000,1064360039279.000000,3088324.000000
950000,1,258293,0.800000,1.000000,0.644132,1.000000,0.000000,0,0.000000,949991.000000,1.000000,1064360039279.000000,3088324.000000
950000,2,257879,0.800000,1.000000,0.674458,1.000000,0.000000,0,0.000000,948455.000000,1.000000,1064360039279.000000,3088324.000000
950000,3,258294,0.800000,1.000000,0.532440,1.000000,0.000000,0,0.000000,949951.000000,1.000000,1064360039279.000000,3088324.000000
950000,4,258295,0.800000,1.000000,0.533118,1.000000,0.000000,0,0.000000,949994.000000,1.000000,1064360039279.000000,3088324.000000
950000,5,258262,0.800000,1.000000,0.742044,1.000000,0.000000,0,0.000000,949259.000000,1.000000,1064360039279.000000,3088324.000000
950000,6,258296,0.800000,1.000000,0.660351,1.000000,0.000000,0,0.000000,949998.000000,1.000000,1064360039279.000000,3088324.000000
950000,7,258295,0.800000,1.000000,0.601926,1.000000,0.000000,0,0.000000,949883.000000,1.000000,1064360039279.000000,3088324.000000
950000,8,258294,0.800000,1.000000,0.554131,1.000000,0.000000,0,0.000000,949901.000000,1.000000,1064360039279.000000,3088324.000000
950000,9,252724,0.800000,1.000000,0.719379,1.000000,0.000000,0,0.000000,812585.000000,1.000000,1064360039279.000000,3088324.000000
950000,10,258252,0.800000,1.000000,0.580895,1.000000,0.000000,0,0.000000,949836.000000,1.000000,1064360039279.000000,3088324.000000
950000,11,258296,0.800000,1.000000,0.694422,1.000000,0.000000,0,0.000000,949999.000000,1.000000,1064360039279.000000,3088324.000000
950000,12,258296,0.800000,1.000000,0.777130,1.000000,0.000000,1,765593.000000,950000.000000,1.000000,1064360039279.000000,3088324.000000
950000,13,258297,0.800000,1.000000,0.753975,1.000000,0.000000,0,0.000000,946342.000000,1.000000,1064360039279.000000,3088324.000000
950000,14,258295,0.800000,1.000000,0.608075,1.000000,0.000000,0,0.000000,949965.000000,1.000000,1064360039279.000000,3088324.000000
950000,15,258294,0.800000,1.000000,0.633703,1.000000,0.000000,0,0.000000,949986.000000,1.000000,1064360039279.000000,3088324.000000
951000,0,258581,0.800000,1.000000,0.542343,1.000000,0.000000,0,0.000000,950914.000000,1.000000,1066629598011.000000,2585777.000000
951000,1,258588,0.800000,1.000000,0.549393,1.000000,0.000000,0,0.000000,950625.000000,1.000000,1066629598011.000000,2585777.000000
951000,2,257879,0.800000,1.000000,0.674458,1.000000,0.000000,0,0.000000,948455.000000,1.000000,1066629598011.000000,2585777.000000
951000,3,258567,0.800000,1.000000,0.647251,1.000000,0.000000,0,0.000000,949951.000000,1.000000,1066629598011.000000,2585777.000000
951000,4,258595,0.800000,1.000000,0.721067,1.000000,0.000000,0,0.000000,950998.000000,1.000000,1066629598011.000000,2585777.000000
951000,5,258519,0.800000,1.000000,0.644758,1.000000,0.000000,0,0.000000,949259.000000,1.000000,1066629598011.000000,2585777.000000
951000,6,258593,0.800000,1.000000,0.631995,1.000000,0.000000,0,0.000000,950968.000000,1.000000,1066629598011.000000,2585777.000000
951000,7,258584,0.800000,1.000000,0.540390,1.000000,0.000000,0,0.000000,950928.000000,1.000000,1066629598011.000000,2585777.000000
951000,8,258593,0.800000,1.000000,0.707136,1.000000,0.000000,0,0.000000,950991.000000,1.000000,1066629598011.000000,2585777.000000
951000,9,253052,0.800000,1.000000,0.660121,1.000000,0.000000,0,0.000000,812585.000000,1.000000,1066629598011.000000,2585777.000000
951000,10,258575,0.800000,1.000000,0.732010,1.000000,0.000000,0,0.000000,950929.000000,1.000000,1066629598011.000000,2585777.000000
951000,11,258593,0.800000,1.000000,0.677052,1.000000,0.000000,0,0.000000,950977.000000,1.000000,1066629598011.000000,2585777.000000
951000,12,258595,0.800000,1.000000,0.829275,1.000000,0.000000,1,766233.000000,951000.000000,1.000000,1066629598011.000000,2585777.000000
951000,13,258549,0.800000,1.000000,0.745906,1.000000,0.000000,0,0.000000,950754.000000,1.000000,1066629598011.000000,2585777.000000
951000,14,258596,0.800000,1.000000,0.714417,1.000000,0.000000,0,0.000000,950996.000000,1.000000,1066629598011.000000,2585777.000000
951000,15,258596,0.800000,1.000000,0.557714,1.000000,0.000000,0,0.000000,950989.000000,1.000000,1066629598011.000000,2585777.000000
952000,0,258886,0.800000,1.000000,0.694464,1.000000,0.000000,1,763742.000000,952000.000000,1.000000,1069012896427.000000,2060120.000000
952000,1,258884,0.800000,1.000000,0.653163,1.000000,0.000000,0,0.000000,951594.000000,1.000000,1069012896427.000000,2060120.000000
952000,2,257879,0.800000,1.000000,0.674458,1.000000,0.000000,0,0.000000,948455.000000,1.000000,1069012896427.000000,2060120.000000
952000,3,258884,0.800000,1.000000,0.671459,1.000000,0.000000,0,0.000000,951992.000000,1.000000,1069012896427.000000,2060120.000000
952000,4,258887,0.800000,1.000000,0.628988,1.000000,0.000000,0,0.000000,951998.000000,1.000000,1069012896427.000000,2060120.000000
952000,5,258863,0.800000,1.000000,0.568576,1.000000,0.000000,0,0.000000,949259.000000,1.000000,1069012896427.000000,2060120.000000
952000,6,258871,0.800000,1.000000,0.490784,1.000000,0.000000,0,0.000000,951908.000000,1.000000,1069012896427.000000,2060120.000000
952000,7,258886,0.800000,1.000000,0.605244,1.000000,0.000000,0,0.000000,951999.000000,1.000000,1069012896427.000000,2060120.000000
952000,8,258881,0.800000,1.000000,0.579356,1.000000,0.000000,0,0.000000,951830.000000,1.000000,1069012896427.000000,2060120.000000
952000,9,253441,0.800000,1.000000,0.706244,1.000000,0.000000,0,0.000000,812585.000000,1.000000,1069012896427.000000,2060120.000000
952000,10,258884,0.800000,1.000000,0.709893,1.000000,0.000000,0,0.000000,951868.000000,1.000000,1069012896427.000000,2060120.000000
952000,11,258885,0.800000,1.000000,0.710814,1.000000,0.000000,0,0.000000,951936.000000,1.000000,1069012896427.000000,2060120.000000
952000,12,258885,0.800000,1.000000,0.578709,1.000000,0.000000,0,0.000000,951983.000000,1.000000,1069012896427.000000,2060120.000000
952000,13,258885,0.800000,1.000000,0.572969,1.000000,0.000000,0,0.000000,951972.000000,1.000000,1069012896427.000000,2060120.000000
952000,14,258881,0.800000,1.000000,0.635197,1.000000,0.000000,0,0.000000,951979.000000,1.000000,1069012896427.000000,2060120.000000
952000,15,258887,0.800000,1.000000,0.602401,1.000000,0.000000,0,0.000000,951997.000000,1.000000,1069012896427.000000,2060120.000000
953000,0,259135,0.800000,1.000000,0.644085,1.000000,0.000000,0,0.000000,952997.000000,1.000000,1070868838276.000000,2073068.000000
953000,1,259135,0.800000,1.000000,0.650772,1.000000,0.000000,1,765207.000000,953000.000000,1.000000,1070868838276.000000,2073068.000000
953000,2,257879,0.800000,1.000000,0.674458,1.000000,0.000000,0,0.000000,948455.000000,1.000000,1070868838276.000000,2073068.000000
953000,3,259133,0.800000,1.000000,0.690742,1.000000,0.000000,0,0.000000,952974.000000,1.000000,1070868838276.000000,2073068.000000
953000,4,258911,0.800000,1.000000,0.631821,1.000000,0.000000,0,0.000000,952058.000000,1.000000,1070868838276.000000,2073068.000000
953000,5,259135,0.800000,1.000000,0.636497,1.000000,0.000000,0,0.000000,952990.000000,1.000000,1070868838276.000000,2073068.000000
953000,6,259133,0.800000,1.000000,0.645153,1.000000,0.000000,0,0.000000,952733.000000,1.000000,1070868838276.000000,2073068.000000
953000,7,259129,0.800000,1.000000,0.656254,1.000000,0.000000,0,0.000000,952569.000000,1.000000,1070868838276.000000,2073068.000000
953000,8,259129,0.800000,1.000000,0.628299,1.000000,0.000000,0,0.000000,952721.000000,1.000000,1070868838276.000000,2073068.000000
953000,9,253737,0.800000,1.000000,0.655685,1.000000,0.000000,0,0.000000,812585.000000,1.000000,1070868838276.000000,2073068.000000
953000,10,259134,0.800000,1.000000,0.648117,1.000000,0.000000,0,0.000000,952994.000000,1.000000,1070868838276.000000,2073068.000000
953000,11,259134,0.800000,1.000000,0.725292,1.000000,0.000000,0,0.000000,952995.000000,1.000000,1070868838276.000000,2073068.000000
953000,12,259135,0.800000,1.000000,0.669523,1.000000,0.000000,0,0.000000,952998.000000,1.000000,1070868838276.000000,2073068.000000
953000,13,259132,0.800000,1.000000,0.681244,1.000000,0.000000,0,0.000000,952962.000000,1.000000,1070868838276.000000,2073068.000000
953000,14,259135,0.800000,1.000000,0.689645,1.000000,0.000000,0,0.000000,952999.000000,1.000000,1070868838276.000000,2073068.000000
953000,15,259132,0.800000,1.000000,0.583166,1.000000,0.000000,0,0.000000,952988.000000,1.000000,1070868838276.000000,2073068.000000
954000,0,259412,0.800000,1.000000,0.566758,1.000000,0.000000,0,0.000000,953988.000000,1.000000,1073085205151.000000,2583573.000000
954000,1,259410,0.800000,1.000000,0.463282,1.000000,0.000000,0,0.000000,953954.000000,1.000000,1073085205151.000000,2583573.000000
954000,2,257879,0.800000,1.000000,0.674458,1.000000,0.000000,0,0.000000,948455.000000,1.000000,1073085205151.000000,2583573.000000
954000,3,259399,0.800000,1.000000,0.658164,1.000000,0.000000,0,0.000000,953820.000000,1.000000,1073085205151.000000,2583573.000000
954000,4,259276,0.800000,1.000000,0.729850,1.000000,0.000000,0,0.000000,952058.000000,1.000000,1073085205151.000000,2583573.000000
954000,5,259414,0.800000,1.000000,0.626660,1.000000,0.000000,0,0.000000,953999.000000,1.000000,1073085205151.000000,2583573.000000
954000,6,259413,0.800000,1.000000,0.668440,1.000000,0.000000,0,0.000000,953996.000000,1.000000,1073085205151.000000,2583573.000000
954000,7,259413,0.800000,1.000000,0.559797,1.000000,0.000000,0,0.000000,953991.000000,1.000000,1073085205151.000000,2583573.000000
954000,8,259413,0.800000,1.000000,0.686959,1.000000,0.000000,0,0.000000,953995.000000,1.000000,1073085205151.000000,2583573.000000
954000,9,254150,0.800000,1.000000,0.591313,1.000000,0.000000,0,0.000000,812585.000000,1.000000,1073085205151.000000,2583573.000000
954000,10,259367,0.800000,1.000000,0.632012,1.000000,0.000000,0,0.000000,953123.000000,1.000000,1073085205151.000000,2583573.000000
954000,11,259413,0.800000,1.000000,0.591377,1.000000,0.000000,0,0.000000,953993.000000,1.000000,1073085205151.000000,2583573.000000
954000,12,259414,0.800000,1.000000,0.749537,1.000000,0.000000,1,768625.000000,954000.000000,1.000000,1073085205151.000000,2583573.000000
954000,13,259402,0.800000,1.000000,0.661927,1.000000,0.000000,0,0.000000,953926.000000,1.000000,1073085205151.000000,2583573.000000
954000,14,259388,0.800000,1.000000,0.682317,1.000000,0.000000,0,0.000000,953690.000000,1.000000,1073085205151.000000,2583573.000000
954000,15,259378,0.800000,1.000000,0.587199,1.000000,0.000000,0,0.000000,953866.000000,1.000000,1073085205151.000000,2583573.000000
955000,0,259671,0.800000,1.000000,0.677164,1.000000,0.000000,0,0.000000,954220.000000,1.000000,1075355526071.000000,2586443.000000
955000,1,259661,0.800000,1.000000,0.633809,1.000000,0.000000,0,0.000000,953954.000000,1.000000,1075355526071.000000,2586443.000000
955000,2,257944,0.800000,1.000000,0.692815,1.000000,0.000000,0,0.000000,948455.000000,1.000000,1075355526071.000000,2586443.000000
955000,3,259678,0.800000,1.000000,0.643736,1.000000,0.000000,1,762256.000000,955000.000000,1.000000,1075355526071.000000,2586443.000000
955000,4,259669,0.800000,1.000000,0.677803,1.000000,0.000000,0,0.000000,952058.000000,1.000000,1075355526071.000000,2586443.000000
955000,5,259678,0.800000,1.000000,0.734391,1.000000,0.000000,0,0.000000,954995.000000,1.000000,1075355526071.000000,2586443.000000
955000,6,259677,0.800000,1.000000,0.511661,1.000000,0.000000,0,0.000000,954887.000000,1.000000,1075355526071.000000,2586443.000000
955000,7,259678,0.800000,1.000000,0.651014,1.000000,0.000000,0,0.000000,954999.000000,1.000000,1075355526071.000000,2586443.000000
955000,8,259676,0.800000,1.000000,0.581903,1.000000,0.000000,0,0.000000,954949.000000,1.000000,1075355526071.000000,2586443.000000
955000,9,254536,0.800000,1.000000,0.638119,1.000000,0.000000,0,0.000000,812585.000000,1.000000,1075355526071.000000,2586443.000000
955000,10,259672,0.800000,1.000000,0.712676,1.000000,0.000000,0,0.000000,954349.000000,1.000000,1075355526071.000000,2586443.000000
955000,11,259675,0.800000,1.000000,0.658791,1.000000,0.000000,0,0.000000,954979.000000,1.000000,1075355526071.000000,2586443.000000
955000,12,259672,0.800000,1.000000,0.639390,1.000000,0.000000,0,0.000000,954970.000000,1.000000,1075355526071.000000,2586443.000000
955000,13,259679,0.800000,1.000000,0.609494,1.000000,0.000000,0,0.000000,954998.000000,1.000000,1075355526071.000000,2586443.000000
955000,14,259678,0.800000,1.000000,0.552695,1.000000,0.000000,0,0.000000,954981.000000,1.000000,1075355526071.000000,2586443.000000
955000,15,259679,0.800000,1.000000,0.691217,1.000000,0.000000,0,0.000000,954996.000000,1.000000,1075355526071.000000,2586443.000000
956000,0,259969,0.800000,1.000000,0.654996,1.000000,0.000000,0,0.000000,955739.000000,1.000000,1077723897558.000000,2079582.000000
956000,1,259975,0.800000,1.000000,0.588838,1.000000,0.000000,1,767820.000000,956000.000000,1.000000,1077723897558.000000,2079582.000000
956000,2,258286,0.800000,1.000000,0.708156,1.000000,0.000000,0,0.000000,948455.000000,1.000000,1077723897558.000000,2079582.000000
956000,3,259854,0.800000,1.000000,0.612818,1.000000,0.000000,0,0.000000,955579.000000,1.000000,1077723897558.000000,2079582.000000
956000,4,259975,0.800000,1.000000,0.579739,1.000000,0.000000,0,0.000000,955992.000000,1.000000,1077723897558.000000,2079582.000000
956000,5,259965,0.800000,1.000000,0.646654,1.000000,0.000000,0,0.000000,955849.000000,1.000000,1077723897558.000000,2079582.000000
956000,6,259976,0.800000,1.000000,0.736990,1.000000,0.000000,0,0.000000,955994.000000,1.000000,1077723897558.000000,2079582.000000
956000,7,259976,0.800000,1.000000,0.610326,1.000000,0.000000,0,0.000000,955996.000000,1.000000,1077723897558.000000,2079582.000000
956000,8,259974,0.800000,1.000000,0.561070,1.000000,0.000000,0,0.000000,955965.000000,1.000000,1077723897558.000000,2079582.000000
956000,9,254891,0.800000,1.000000,0.580143,1.000000,0.000000,0,0.000000,812585.000000,1.000000,1077723897558.000000,2079582.000000
956000,10,259976,0.800000,1.000000,0.599754,1.000000,0.000000,0,0.000000,955995.000000,1.000000,1077723897558.000000,2079582.000000
956000,11,259976,0.800000,1.000000,0.692968,1.000000,0.000000,0,0.000000,955998.000000,1.000000,1077723897558.000000,2079582.000000
956000,12,259866,0.800000,1.000000,0.633663,1.000000,0.000000,0,0.000000,954970.000000,1.000000,1077723897558.000000,2079582.000000
956000,13,259904,0.800000,1.000000,0.571387,1.000000,0.000000,0,0.000000,955652.000000,1.000000,1077723897558.000000,2079582.000000
956000,14,259951,0.800000,1.000000,0.665676,1.000000,0.000000,0,0.000000,955363.000000,1.000000,1077723897558.000000,2079582.000000
956000,15,259976,0.800000,1.000000,0.706327,1.000000,0.000000,0,0.000000,955999.000000,1.000000,1077723897558.000000,2079582.000000
957000,0,260271,0.800000,1.000000,0.673291,1.000000,0.000000,0,0.000000,956979.000000,1.000000,1080234167816.000000,4153858.000000
957000,1,260231,0.800000,1.000000,0.679264,1.000000,0.000000,0,0.000000,956849.000000,1.000000,1080234167816.000000,4153858.000000
957000,2,258619,0.800000,1.000000,0.641788,1.000000,0.000000,0,0.000000,948455.000000,1.000000,1080234167816.000000,4153858.000000
957000,3,259980,0.800000,1.000000,0.623538,1.000000,0.000000,0,0.000000,955579.000000,1.000000,1080234167816.000000,4153858.000000
957000,4,260272,0.800000,1.000000,0.678172,1.000000,0.000000,0,0.000000,956998.000000,1.000000,1080234167816.000000,4153858.000000
957000,5,260271,0.800000,1.000000,0.743264,1.000000,0.000000,0,0.000000,956952.000000,1.000000,1080234167816.000000,4153858.000000
957000,6,260269,0.800000,1.000000,0.599320,1.000000,0.000000,0,0.000000,956892.000000,1.000000,1080234167816.000000,4153858.000000
957000,7,260272,0.800000,1.000000,0.653215,1.000000,0.000000,0,0.000000,956999.000000,1.000000,1080234167816.000000,4153858.000000
957000,8,260270,0.800000,1.000000,0.695163,1.000000,0.000000,0,0.000000,956908.000000,1.000000,1080234167816.000000,4153858.000000
957000,9,255326,0.800000,1.000000,0.618630,1.000000,0.000000,0,0.000000,812585.000000,1.000000,1080234167816.000000,4153858.000000
957000,10,260271,0.800000,1.000000,0.661231,1.000000,0.000000,0,0.000000,956996.000000,1.000000,1080234167816.000000,4153858.000000
957000,11,260272,0.800000,1.000000,0.682499,1.000000,0.000000,1,802089.000000,957000.000000,1.000000,1080234167816.000000,4153858.000000
957000,12,260216,0.800000,1.000000,0.676370,1.000000,0.000000,0,0.000000,954970.000000,1.000000,1080234167816.000000,4153858.000000
957000,13,260244,0.800000,1.000000,0.658343,1.000000,0.000000,0,0.000000,955652.000000,1.000000,1080234167816.000000,4153858.000000
957000,14,260273,0.800000,1.000000,0.530159,1.000000,0.000000,0,0.000000,956984.000000,1.000000,1080234167816.000000,4153858.000000
957000,15,260269,0.800000,1.000000,0.552445,1.000000,0.000000,0,0.000000,956964.000000,1.000000,1080234167816.000000,4153858.000000
958000,0,260561,0.800000,1.000000,0.579441,1.000000,0.000000,0,0.000000,957993.000000,1.000000,1082703713159.000000,1563271.000000
958000,1,260560,0.800000,1.000000,0.535837,1.000000,0.000000,0,0.000000,957985.000000,1.000000,1082703713159.000000,1563271.000000
958000,2,258968,0.800000,1.000000,0.593925,1.000000,0.000000,0,0.000000,948455.000000,1.000000,1082703713159.000000,1563271.000000
958000,3,260297,0.800000,1.000000,0.483092,1.000000,0.000000,0,0.000000,955579.000000,1.000000,1082703713159.000000,1563271.000000
958000,4,260512,0.800000,1.000000,0.556883,1.000000,0.000000,0,0.000000,957522.000000,1.000000,1082703713159.000000,1563271.000000
958000,5,260561,0.800000,1.000000,0.594899,1.000000,0.000000,0,0.000000,957999.000000,1.000000,1082703713159.000000,1563271.000000
958000,6,260530,0.800000,1.000000,0.531273,1.000000,0.000000,0,0.000000,957775.000000,1.000000,1082703713159.000000,1563271.000000
958000,7,260561,0.800000,1.000000,0.693302,1.000000,0.000000,1,777121.000000,958000.000000,1.000000,1082703713159.000000,1563271.000000
958000,8,260546,0.800000,1.000000,0.592156,1.000000,0.000000,0,0.000000,957921.000000,1.000000,1082703713159.000000,1563271.000000
958000,9,255686,0.800000,1.000000,0.662645,1.000000,0.000000,0,0.000000,812585.000000,1.000000,1082703713159.000000,1563271.000000
958000,10,260527,0.800000,1.000000,0.650251,1.000000,0.000000,0,0.000000,957871.000000,1.000000,1082703713159.000000,1563271.000000
958000,11,260562,0.800000,1.000000,0.709688,1.000000,0.000000,0,0.000000,957995.000000,1.000000,1082703713159.000000,1563271.000000
958000,12,260562,0.800000,1.000000,0.689759,1.000000,0.000000,0,0.000000,957997.000000,1.000000,1082703713159.000000,1563271.000000
958000,13,260546,0.800000,1.000000,0.607909,1.000000,0.000000,0,0.000000,957875.000000,1.000000,1082703713159.000000,1563271.000000
958000,14,260543,0.800000,1.000000,0.668176,1.000000,0.000000,0,0.000000,957856.000000,1.000000,1082703713159.000000,1563271.000000
958000,15,260555,0.800000,1.000000,0.654275,1.000000,0.000000,0,0.000000,957970.000000,1.000000,1082703713159.000000,1563271.000000
959000,0,260828,0.800000,1.000000,0.660218,1.000000,0.000000,0,0.000000,958990.000000,1.000000,1085067021804.000000,2607799.000000
959000,1,260814,0.800000,1.000000,0.616292,1.000000,0.000000,0,0.000000,958934.000000,1.000000,1085067021804.000000,2607799.000000
959000,2,259349,0.800000,1.000000,0.757819,1.000000,0.000000,0,0.000000,948455.000000,1.000000,1085067021804.000000,2607799.000000
959000,3,260644,0.800000,1.000000,0.624052,1.000000,0.000000,0,0.000000,955579.000000,1.000000,1085067021804.000000,2607799.000000
959000,4,260801,0.800000,1.000000,0.632181,1.000000,0.000000,0,0.000000,958863.000000,1.000000,1085067021804.000000,2607799.000000
959000,5,260813,0.800000,1.000000,0.619076,1.000000,0.000000,0,0.000000,958913.000000,1.000000,1085067021804.000000,2607799.000000
959000,6,260831,0.800000,1.000000,0.547005,1.000000,0.000000,0,0.000000,958994.000000,1.000000,1085067021804.000000,2607799.000000
959000,7,260815,0.800000,1.000000,0.619521,1.000000,0.000000,0,0.000000,958250.000000,1.000000,1085067021804.000000,2607799.000000
959000,8,260826,0.800000,1.000000,0.689447,1.000000,0.000000,0,0.000000,958972.000000,1.000000,1085067021804.000000,2607799.000000
959000,9,255986,0.800000,1.000000,0.596569,1.000000,0.000000,0,0.000000,812585.000000,1.000000,1085067021804.000000,2607799.000000
959000,10,260764,0.800000,1.000000,0.590052,1.000000,0.000000,0,0.000000,958555.000000,1.000000,1085067021804.000000,2607799.000000
959000,11,260831,0.800000,1.000000,0.657002,1.000000,0.000000,0,0.000000,958999.000000,1.000000,1085067021804.000000,2607799.000000
959000,12,260831,0.800000,1.000000,0.702582,1.000000,0.000000,1,772893.000000,959000.000000,1.000000,1085067021804.000000,2607799.000000
959000,13,260829,0.800000,1.000000,0.593297,1.000000,0.000000,0,0.000000,958988.000000,1.000000,1085067021804.000000,2607799.000000
959000,14,260824,0.800000,1.000000,0.710446,1.000000,0.000000,0,0.000000,958787.000000,1.000000,1085067021804.000000,2607799.000000
959000,15,260832,0.800000,1.000000,0.587313,1.000000,0.000000,0,0.000000,958998.000000,1.000000,1085067021804.000000,2607799.000000
960000,0,261101,0.800000,1.000000,0.594904,1.000000,0.000000,0,0.000000,959995.000000,1.000000,1087427098521.000000,2611009.000000
960000,1,261101,0.800000,1.000000,0.675536,1.000000,0.000000,0,0.000000,959999.000000,1.000000,1087427098521.000000,2611009.000000
960000,2,259764,0.800000,1.000000,0.616948,1.000000,0.000000,0,0.000000,948455.000000,1.000000,1087427098521.000000,2611009.000000
960000,3,260937,0.800000,1.000000,0.597950,1.000000,0.000000,0,0.000000,955579.000000,1.000000,1087427098521.000000,2611009.000000
960000,4,261101,0.800000,1.000000,0.585585,1.000000,0.000000,0,0.000000,959969.000000,1.000000,1087427098521.000000,2611009.000000
960000,5,261045,0.800000,1.000000,0.677436,1.000000,0.000000,0,0.000000,958913.000000,1.000000,1087427098521.000000,2611009.000000
960000,6,261090,0.800000,1.000000,0.686288,1.000000,0.000000,0,0.000000,959872.000000,1.000000,1087427098521.000000,2611009.000000
960000,7,261095,0.800000,1.000000,0.586823,1.000000,0.000000,0,0.000000,959979.000000,1.000000,1087427098521.000000,2611009.000000
960000,8,261101,0.800000,1.000000,0.653084,1.000000,0.000000,1,796000.000000,960000.000000,1.000000,1087427098521.000000,2611009.000000
960000,9,256343,0.800000,1.000000,0.655686,1.000000,0.000000,0,0.000000,812585.000000,1.000000,1087427098521.000000,2611009.000000
960000,10,261098,0.800000,1.000000,0.485994,1.000000,0.000000,0,0.000000,959981.000000,1.000000,1087427098521.000000,2611009.000000
960000,11,261060,0.800000,1.000000,0.605130,1.000000,0.000000,0,0.000000,959767.000000,1.000000,1087427098521.000000,2611009.000000
960000,12,261102,0.800000,1.000000,0.593917,1.000000,0.000000,0,0.000000,959983.000000,1.000000,1087427098521.000000,2611009.000000
960000,13,261080,0.800000,1.000000,0.786866,1.000000,0.000000,0,0.000000,959596.000000,1.000000,1087427098521.000000,2611009.000000
960000,14,261029,0.800000,1.000000,0.550812,1.000000,0.000000,0,0.000000,959694.000000,1.000000,1087427098521.000000,2611009.000000
960000,15,261102,0.800000,1.000000,0.771687,1.000000,0.000000,0,0.000000,959997.000000,1.000000,1087427098521.000000,2611009.000000
961000,0,261342,0.800000,1.000000,0.720170,1.000000,0.000000,0,0.000000,960227.000000,1.000000,1089558250723.000000,1568085.000000
961000,1,261306,0.800000,1.000000,0.541371,1.000000,0.000000,0,0.000000,960720.000000,1.000000,1089558250723.000000,1568085.000000
961000,2,260046,0.800000,1.000000,0.594517,1.000000,0.000000,0,0.000000,948455.000000,1.000000,1089558250723.000000,1568085.000000
961000,3,261272,0.800000,1.000000,0.726173,1.000000,0.000000,0,0.000000,955579.000000,1.000000,1089558250723.000000,1568085.000000
961000,4,261353,0.800000,1.000000,0.745676,1.000000,0.000000,0,0.000000,960997.000000,1.000000,1089558250723.000000,1568085.000000
961000,5,261328,0.800000,1.000000,0.571713,1.000000,0.000000,0,0.000000,960881.000000,1.000000,1089558250723.000000,1568085.000000
961000,6,261347,0.800000,1.000000,0.730309,1.000000,0.000000,0,0.000000,960841.000000,1.000000,1089558250723.000000,1568085.000000
961000,7,261354,0.800000,1.000000,0.683705,1.000000,0.000000,0,0.000000,960999.000000,1.000000,1089558250723.000000,1568085.000000
961000,8,261354,0.800000,1.000000,0.574700,1.000000,0.000000,1,796813.000000,961000.000000,1.000000,1089558250723.000000,1568085.000000
961000,9,256739,0.800000,1.000000,0.593728,1.000000,0.000000,0,0.000000,812585.000000,1.000000,1089558250723.000000,1568085.000000
961000,10,261353,0.800000,1.000000,0.712332,1.000000,0.000000,0,0.000000,960993.000000,1.000000,1089558250723.000000,1568085.000000
961000,11,261299,0.800000,1.000000,0.689816,1.000000,0.000000,0,0.000000,960649.000000,1.000000,1089558250723.000000,1568085.000000
961000,12,261342,0.800000,1.000000,0.709076,1.000000,0.000000,0,0.000000,960947.000000,1.000000,1089558250723.000000,1568085.000000
961000,13,261337,0.800000,1.000000,0.612652,1.000000,0.000000,0,0.000000,960921.000000,1.000000,1089558250723.000000,1568085.000000
961000,14,261110,0.800000,1.000000,0.621224,1.000000,0.000000,0,0.000000,959694.000000,1.000000,1089558250723.000000,1568085.000000
961000,15,261355,0.800000,1.000000,0.612667,1.000000,0.000000,0,0.000000,960984.000000,1.000000,1089558250723.000000,1568085.000000
962000,0,261603,0.800000,1.000000,0.593100,1.000000,0.000000,0,0.000000,961993.000000,1.000000,1091543340786.000000,520899.000000
962000,1,261606,0.800000,1.000000,0.718214,1.000000,0.000000,0,0.000000,961994.000000,1.000000,1091543340786.000000,520899.000000
962000,2,260453,0.800000,1.000000,0.662999,1.000000,0.000000,0,0.000000,948455.000000,1.000000,1091543340786.000000,520899.000000
962000,3,261558,0.800000,1.000000,0.644155,1.000000,0.000000,0,0.000000,955579.000000,1.000000,1091543340786.000000,520899.000000
962000,4,261602,0.800000,1.000000,0.694166,1.000000,0.000000,0,0.000000,961979.000000,1.000000,1091543340786.000000,520899.000000
962000,5,261328,0.800000,1.000000,0.571713,1.000000,0.000000,0,0.000000,960881.000000,1.000000,1091543340786.000000,520899.000000
962000,6,261606,0.800000,1.000000,0.646178,1.000000,0.000000,0,0.000000,961996.000000,1.000000,1091543340786.000000,520899.000000
962000,7,261606,0.800000,1.000000,0.682069,1.000000,0.000000,0,0.000000,961999.000000,1.000000,1091543340786.000000,520899.000000
962000,8,261516,0.800000,1.000000,0.764455,1.000000,0.000000,0,0.000000,961645.000000,1.000000,1091543340786.000000,520899.000000
962000,9,256782,0.800000,1.000000,0.666174,1.000000,0.000000,0,0.000000,812585.000000,1.000000,1091543340786.000000,520899.000000
962000,10,261606,0.800000,1.000000,0.696546,1.000000,0.000000,1,775500.000000,962000.000000,1.000000,1091543340786.000000,520899.000000
962000,11,261604,0.800000,1.000000,0.773181,1.000000,0.000000,0,0.000000,961931.000000,1.000000,1091543340786.000000,520899.000000
962000,12,261604,0.800000,1.000000,0.549153,1.000000,0.000000,0,0.000000,961992.000000,1.000000,1091543340786.000000,520899.000000
962000,13,261600,0.800000,1.000000,0.544838,1.000000,0.000000,0,0.000000,961957.000000,1.000000,1091543340786.000000,520899.000000
962000,14,261368,0.800000,1.000000,0.658187,1.000000,0.000000,0,0.000000,959694.000000,1.000000,1091543340786.000000,520899.000000
962000,15,261594,0.800000,1.000000,0.614422,1.000000,0.000000,0,0.000000,961948.000000,1.000000,1091543340786.000000,520899.000000
963000,0,261860,0.800000,1.000000,0.697291,1.000000,0.000000,0,0.000000,962996.000000,1.000000,1093641279844.000000,2616563.000000
963000,1,261861,0.800000,1.000000,0.711047,1.000000,0.000000,0,0.000000,962997.000000,1.000000,1093641279844.000000,2616563.000000
963000,2,260852,0.800000,1.000000,0.673674,1.000000,0.000000,0,0.000000,948455.000000,1.000000,1093641279844.000000,2616563.000000
963000,3,261860,0.800000,1.000000,0.785957,1.000000,0.000000,0,0.000000,962999.000000,1.000000,1093641279844.000000,2616563.000000
963000,4,261858,0.800000,1.000000,0.739608,1.000000,0.000000,0,0.000000,962993.000000,1.000000,1093641279844.000000,2616563.000000
963000,5,261528,0.800000,1.000000,0.602705,1.000000,0.000000,0,0.000000,960881.000000,1.000000,1093641279844.000000,2616563.000000
963000,6,261857,0.800000,1.000000,0.553552,1.000000,0.000000,0,0.000000,962973.000000,1.000000,1093641279844.000000,2616563.000000
963000,7,261850,0.800000,1.000000,0.715167,1.000000,0.000000,0,0.000000,962924.000000,1.000000,1093641279844.000000,2616563.000000
963000,8,261857,0.800000,1.000000,0.528638,1.000000,0.000000,0,0.000000,962947.000000,1.000000,1093641279844.000000,2616563.000000
963000,9,256782,0.800000,1.000000,0.666174,1.000000,0.000000,0,0.000000,812585.000000,1.000000,1093641279844.000000,2616563.000000
963000,10,261859,0.800000,1.000000,0.617615,1.000000,0.000000,0,0.000000,962979.000000,1.000000,1093641279844.000000,2616563.000000
963000,11,261861,0.800000,1.000000,0.643479,1.000000,0.000000,1,806333.000000,963000.000000,1.000000,1093641279844.000000,2616563.000000
963000,12,261861,0.800000,1.000000,0.690713,1.000000,0.000000,0,0.000000,962998.000000,1.000000,1093641279844.000000,2616563.000000
963000,13,261853,0.800000,1.000000,0.448111,1.000000,0.000000,0,0.000000,962962.000000,1.000000,1093641279844.000000,2616563.000000
963000,14,261596,0.800000,1.000000,0.620858,1.000000,0.000000,0,0.000000,959694.000000,1.000000,1093641279844.000000,2616563.000000
963000,15,261851,0.800000,1.000000,0.653175,1.000000,0.000000,0,0.000000,962949.000000,1.000000,1093641279844.000000,2616563.000000
964000,0,262124,0.800000,1.000000,0.606777,1.000000,0.000000,0,0.000000,963995.000000,1.000000,1095724803024.000000,2620671.000000
964000,1,262123,0.800000,1.000000,0.634150,1.000000,0.000000,0,0.000000,963994.000000,1.000000,1095724803024.000000,2620671.000000
964000,2,261103,0.800000,1.000000,0.542939,1.000000,0.000000,0,0.000000,948455.000000,1.000000,1095724803024.000000,2620671.000000
964000,3,262124,0.800000,1.000000,0.606578,1.000000,0.000000,1,770734.000000,964000.000000,1.000000,1095724803024.000000,2620671.000000
964000,4,262119,0.800000,1.000000,0.720439,1.000000,0.000000,0,0.000000,963978.000000,1.000000,1095724803024.000000,2620671.000000
964000,5,261905,0.800000,1.000000,0.672517,1.000000,0.000000,0,0.000000,960881.000000,1.000000,1095724803024.000000,2620671.000000
964000,6,262124,0.800000,1.000000,0.575263,1.000000,0.000000,0,0.000000,963764.000000,1.000000,1095724803024.000000,2620671.000000
964000,7,262094,0.800000,1.000000,0.618819,1.000000,0.000000,0,0.000000,962924.000000,1.000000,1095724803024.000000,2620671.000000
964000,8,262124,0.800000,1.000000,0.649728,1.000000,0.000000,0,0.000000,963997.000000,1.000000,1095724803024.000000,2620671.000000
964000,9,256782,0.800000,1.000000,0.666174,1.000000,0.000000,0,0.000000,812585.000000,1.000000,1095724803024.000000,2620671.000000
964000,10,262114,0.800000,1.000000,0.666369,1.000000,0.000000,0,0.000000,963888.000000,1.000000,1095724803024.000000,2620671.000000
964000,11,262074,0.800000,1.000000,0.748820,1.000000,0.000000,0,0.000000,963065.000000,1.000000,1095724803024.000000,2620671.000000
964000,12,262120,0.800000,1.000000,0.735657,1.000000,0.000000,0,0.000000,963815.000000,1.000000,1095724803024.000000,2620671.000000
964000,13,262122,0.800000,1.000000,0.556599,1.000000,0.000000,0,0.000000,963935.000000,1.000000,1095724803024.000000,2620671.000000
964000,14,261848,0.800000,1.000000,0.634371,1.000000,0.000000,0,0.000000,959694.000000,1.000000,1095724803024.000000,2620671.000000
964000,15,262124,0.800000,1.000000,0.655634,1.000000,0.000000,0,0.000000,963999.000000,1.000000,1095724803024.000000,2620671.000000
965000,0,262396,0.800000,1.000000,0.554327,1.000000,0.000000,0,0.000000,964971.000000,1.000000,1097989705744.000000,1574057.000000
965000,1,262396,0.800000,1.000000,0.564183,1.000000,0.000000,0,0.000000,964967.000000,1.000000,1097989705744.000000,1574057.000000
965000,2,261443,0.800000,1.000000,0.682744,1.000000,0.000000,0,0.000000,948455.000000,1.000000,1097989705744.000000,1574057.000000
965000,3,262397,0.800000,1.000000,0.697816,1.000000,0.000000,1,771530.000000,965000.000000,1.000000,1097989705744.000000,1574057.000000
965000,4,262398,0.800000,1.000000,0.568751,1.000000,0.000000,0,0.000000,964993.000000,1.000000,1097989705744.000000,1574057.000000
965000,5,262251,0.800000,1.000000,0.582268,1.000000,0.000000,0,0.000000,960881.000000,1.000000,1097989705744.000000,1574057.000000
965000,6,262397,0.800000,1.000000,0.530618,1.000000,0.000000,0,0.000000,964983.000000,1.000000,1097989705744.000000,1574057.000000
965000,7,262397,0.800000,1.000000,0.569427,1.000000,0.000000,0,0.000000,964994.000000,1.000000,1097989705744.000000,1574057.000000
965000,8,262398,0.800000,1.000000,0.784160,1.000000,0.000000,0,0.000000,964999.000000,1.000000,1097989705744.000000,1574057.000000
965000,9,256782,0.800000,1.000000,0.666174,1.000000,0.000000,0,0.000000,812585.000000,1.000000,1097989705744.000000,1574057.000000
965000,10,262382,0.800000,1.000000,0.578394,1.000000,0.000000,0,0.000000,964811.000000,1.000000,1097989705744.000000,1574057.000000
965000,11,262398,0.800000,1.000000,0.605791,1.000000,0.000000,0,0.000000,964996.000000,1.000000,1097989705744.000000,1574057.000000
965000,12,262381,0.800000,1.000000,0.572907,1.000000,0.000000,0,0.000000,964919.000000,1.000000,1097989705744.000000,1574057.000000
965000,13,262383,0.800000,1.000000,0.585849,1.000000,0.000000,0,0.000000,964698.000000,1.000000,1097989705744.000000,1574057.000000
965000,14,262250,0.800000,1.000000,0.709186,1.000000,0.000000,0,0.000000,959694.000000,1.000000,1097989705744.000000,1574057.000000
965000,15,262295,0.800000,1.000000,0.674371,1.000000,0.000000,0,0.000000,964048.000000,1.000000,1097989705744.000000,1574057.000000
966000,0,262665,0.800000,1.000000,0.609895,1.000000,0.000000,0,0.000000,965114.000000,1.000000,1100353249401.000000,1050680.000000
966000,1,262670,0.800000,1.000000,0.603156,1.000000,0.000000,0,0.000000,965982.000000,1.000000,1100353249401.000000,1050680.000000
966000,2,261788,0.800000,1.000000,0.586961,1.000000,0.000000,0,0.000000,948455.000000,1.000000,1100353249401.000000,1050680.000000
966000,3,262670,0.800000,1.000000,0.611554,1.000000,0.000000,0,0.000000,965999.000000,1.000000,1100353249401.000000,1050680.000000
966000,4,262636,0.800000,1.000000,0.532326,1.000000,0.000000,0,0.000000,965736.000000,1.000000,1100353249401.000000,1050680.000000
966000,5,262649,0.800000,1.000000,0.635178,1.000000,0.000000,0,0.000000,960881.000000,1.000000,1100353249401.000000,1050680.000000
966000,6,262670,0.800000,1.000000,0.656052,1.000000,0.000000,1,802460.000000,966000.000000,1.000000,1100353249401.000000,1050680.000000
966000,7,262656,0.800000,1.000000,0.732586,1.000000,0.000000,0,0.000000,965687.000000,1.000000,1100353249401.000000,1050680.000000
966000,8,262671,0.800000,1.000000,0.692519,1.000000,0.000000,0,0.000000,965971.000000,1.000000,1100353249401.000000,1050680.000000
966000,9,256782,0.800000,1.000000,0.666174,1.000000,0.000000,0,0.000000,812585.000000,1.000000,1100353249401.000000,1050680.000000
966000,10,262671,0.800000,1.000000,0.654791,1.000000,0.000000,0,0.000000,965995.000000,1.000000,1100353249401.000000,1050680.000000
966000,11,262671,0.800000,1.000000,0.626325,1.000000,0.000000,0,0.000000,965997.000000,1.000000,1100353249401.000000,1050680.000000
966000,12,262669,0.800000,1.000000,0.524628,1.000000,0.000000,0,0.000000,965959.000000,1.000000,1100353249401.000000,1050680.000000
966000,13,262671,0.800000,1.000000,0.591456,1.000000,0.000000,0,0.000000,965998.000000,1.000000,1100353249401.000000,1050680.000000
966000,14,262651,0.800000,1.000000,0.563138,1.000000,0.000000,0,0.000000,959694.000000,1.000000,1100353249401.000000,1050680.000000
966000,15,262657,0.800000,1.000000,0.681158,1.000000,0.000000,0,0.000000,965950.000000,1.000000,1100353249401.000000,1050680.000000
967000,0,262939,0.800000,1.000000,0.642755,1.000000,0.000000,0,0.000000,966992.000000,1.000000,1102586246067.000000,2617495.000000
967000,1,262938,0.800000,1.000000,0.585072,1.000000,0.000000,0,0.000000,966890.000000,1.000000,1102586246067.000000,2617495.000000
967000,2,261986,0.800000,1.000000,0.616856,1.000000,0.000000,0,0.000000,948455.000000,1.000000,1102586246067.000000,2617495.000000
967000,3,262930,0.800000,1.000000,0.631855,1.000000,0.000000,0,0.000000,966576.000000,1.000000,1102586246067.000000,2617495.000000
967000,4,262935,0.800000,1.000000,0.642012,1.000000,0.000000,0,0.000000,966932.000000,1.000000,1102586246067.000000,2617495.000000
967000,5,262941,0.800000,1.000000,0.670046,1.000000,0.000000,0,0.000000,966997.000000,1.000000,1102586246067.000000,2617495.000000
967000,6,262926,0.800000,1.000000,0.578949,1.000000,0.000000,0,0.000000,966129.000000,1.000000,1102586246067.000000,2617495.000000
967000,7,262941,0.800000,1.000000,0.677745,1.000000,0.000000,0,0.000000,966998.000000,1.000000,1102586246067.000000,2617495.000000
967000,8,262941,0.800000,1.000000,0.737143,1.000000,0.000000,0,0.000000,966999.000000,1.000000,1102586246067.000000,2617495.000000
967000,9,256997,0.800000,1.000000,0.611561,1.000000,0.000000,0,0.000000,812585.000000,1.000000,1102586246067.000000,2617495.000000
967000,10,262940,0.800000,1.000000,0.677041,1.000000,0.000000,0,0.000000,966993.000000,1.000000,1102586246067.000000,2617495.000000
967000,11,262939,0.800000,1.000000,0.668961,1.000000,0.000000,0,0.000000,966994.000000,1.000000,1102586246067.000000,2617495.000000
967000,12,262941,0.800000,1.000000,0.646632,1.000000,0.000000,1,778916.000000,967000.000000,1.000000,1102586246067.000000,2617495.000000
967000,13,262931,0.800000,1.000000,0.574184,1.000000,0.000000,0,0.000000,966853.000000,1.000000,1102586246067.000000,2617495.000000
967000,14,262937,0.800000,1.000000,0.585508,1.000000,0.000000,0,0.000000,966958.000000,1.000000,1102586246067.000000,2617495.000000
967000,15,262939,0.800000,1.000000,0.654785,1.000000,0.000000,0,0.000000,966914.000000,1.000000,1102586246067.000000,2617495.000000
968000,0,263167,0.800000,1.000000,0.664213,1.000000,0.000000,0,0.000000,967836.000000,1.000000,1104719891310.000000,2093872.000000
968000,1,263204,0.800000,1.000000,0.662569,1.000000,0.000000,1,776761.000000,968000.000000,1.000000,1104719891310.000000,2093872.000000
968000,2,262298,0.800000,1.000000,0.602101,1.000000,0.000000,0,0.000000,948455.000000,1.000000,1104719891310.000000,2093872.000000
968000,3,263147,0.800000,1.000000,0.629336,1.000000,0.000000,0,0.000000,967230.000000,1.000000,1104719891310.000000,2093872.000000
968000,4,263169,0.800000,1.000000,0.640834,1.000000,0.000000,0,0.000000,967509.000000,1.000000,1104719891310.000000,2093872.000000
968000,5,263205,0.800000,1.000000,0.566124,1.000000,0.000000,0,0.000000,967990.000000,1.000000,1104719891310.000000,2093872.000000
968000,6,263204,0.800000,1.000000,0.661047,1.000000,0.000000,0,0.000000,967999.000000,1.000000,1104719891310.000000,2093872.000000
968000,7,263173,0.800000,1.000000,0.684514,1.000000,0.000000,0,0.000000,967865.000000,1.000000,1104719891310.000000,2093872.000000
968000,8,263054,0.800000,1.000000,0.509836,1.000000,0.000000,0,0.000000,967112.000000,1.000000,1104719891310.000000,2093872.000000
968000,9,257377,0.800000,1.000000,0.571016,1.000000,0.000000,0,0.000000,812585.000000,1.000000,1104719891310.000000,2093872.000000
968000,10,263205,0.800000,1.000000,0.649597,1.000000,0.000000,0,0.000000,967998.000000,1.000000,1104719891310.000000,2093872.000000
968000,11,263205,0.800000,1.000000,0.579014,1.000000,0.000000,0,0.000000,967963.000000,1.000000,1104719891310.000000,2093872.000000
968000,12,263187,0.800000,1.000000,0.648178,1.000000,0.000000,0,0.000000,967129.000000,1.000000,1104719891310.000000,2093872.000000
968000,13,263202,0.800000,1.000000,0.651923,1.000000,0.000000,0,0.000000,967887.000000,1.000000,1104719891310.000000,2093872.000000
968000,14,263172,0.800000,1.000000,0.679282,1.000000,0.000000,0,0.000000,967587.000000,1.000000,1104719891310.000000,2093872.000000
968000,15,263197,0.800000,1.000000,0.625345,1.000000,0.000000,0,0.000000,967926.000000,1.000000,1104719891310.000000,2093872.000000
969000,0,263457,0.800000,1.000000,0.625361,1.000000,0.000000,0,0.000000,968989.000000,1.000000,1106913450755.000000,2096104.000000
969000,1,263460,0.800000,1.000000,0.669421,1.000000,0.000000,0,0.000000,968996.000000,1.000000,1106913450755.000000,2096104.000000
969000,2,262461,0.800000,1.000000,0.562026,1.000000,0.000000,0,0.000000,948455.000000,1.000000,1106913450755.000000,2096104.000000
969000,3,263452,0.800000,1.000000,0.642929,1.000000,0.000000,0,0.000000,968959.000000,1.000000,1106913450755.000000,2096104.000000
969000,4,263396,0.800000,1.000000,0.700990,1.000000,0.000000,0,0.000000,967509.000000,1.000000,1106913450755.000000,2096104.000000
969000,5,263460,0.800000,1.000000,0.554347,1.000000,0.000000,0,0.000000,968977.000000,1.000000,1106913450755.000000,2096104.000000
969000,6,263461,0.800000,1.000000,0.635902,1.000000,0.000000,0,0.000000,968999.000000,1.000000,1106913450755.000000,2096104.000000
969000,7,263459,0.800000,1.000000,0.617135,1.000000,0.000000,0,0.000000,968987.000000,1.000000,1106913450755.000000,2096104.000000
969000,8,263325,0.800000,1.000000,0.747453,1.000000,0.000000,0,0.000000,967112.000000,1.000000,1106913450755.000000,2096104.000000
969000,9,257699,0.800000,1.000000,0.717704,1.000000,0.000000,0,0.000000,812585.000000,1.000000,1106913450755.000000,2096104.000000
969000,10,263461,0.800000,1.000000,0.681977,1.000000,0.000000,1,780348.000000,969000.000000,1.000000,1106913450755.000000,2096104.000000
969000,11,263435,0.800000,1.000000,0.697314,1.000000,0.000000,0,0.000000,968511.000000,1.000000,1106913450755.000000,2096104.000000
969000,12,263455,0.800000,1.000000,0.613638,1.000000,0.000000,0,0.000000,968976.000000,1.000000,1106913450755.000000,2096104.000000
969000,13,263444,0.800000,1.000000,0.594304,1.000000,0.000000,0,0.000000,968694.000000,1.000000,1106913450755.000000,2096104.000000
969000,14,263453,0.800000,1.000000,0.697106,1.000000,0.000000,0,0.000000,968967.000000,1.000000,1106913450755.000000,2096104.000000
969000,15,263461,0.800000,1.000000,0.692178,1.000000,0.000000,0,0.000000,968998.000000,1.000000,1106913450755.000000,2096104.000000
970000,0,263753,0.800000,1.000000,0.551633,1.000000,0.000000,0,0.000000,969959.000000,1.000000,1109560490272.000000,4206900.000000
970000,1,263757,0.800000,1.000000,0.557487,1.000000,0.000000,0,0.000000,969992.000000,1.000000,1109560490272.000000,4206900.000000
970000,2,262845,0.800000,1.000000,0.617206,1.000000,0.000000,0,0.000000,948455.000000,1.000000,1109560490272.000000,4206900.000000
970000,3,263756,0.800000,1.000000,0.687620,1.000000,0.000000,0,0.000000,969997.000000,1.000000,1109560490272.000000,4206900.000000
970000,4,263752,0.800000,1.000000,0.645287,1.000000,0.000000,0,0.000000,969982.000000,1.000000,1109560490272.000000,4206900.000000
970000,5,263747,0.800000,1.000000,0.465629,1.000000,0.000000,0,0.000000,969937.000000,1.000000,1109560490272.000000,4206900.000000
970000,6,263757,0.800000,1.000000,0.678565,1.000000,0.000000,0,0.000000,969999.000000,1.000000,1109560490272.000000,4206900.000000
970000,7,263744,0.800000,1.000000,0.669431,1.000000,0.000000,0,0.000000,969898.000000,1.000000,1109560490272.000000,4206900.000000
970000,8,263686,0.800000,1.000000,0.720479,1.000000,0.000000,0,0.000000,967112.000000,1.000000,1109560490272.000000,4206900.000000
970000,9,258094,0.800000,1.000000,0.743988,1.000000,0.000000,0,0.000000,812585.000000,1.000000,1109560490272.000000,4206900.000000
970000,10,263757,0.800000,1.000000,0.659212,1.000000,0.000000,0,0.000000,969998.000000,1.000000,1109560490272.000000,4206900.000000
970000,11,263756,0.800000,1.000000,0.670589,1.000000,0.000000,0,0.000000,969957.000000,1.000000,1109560490272.000000,4206900.000000
970000,12,263757,0.800000,1.000000,0.626731,1.000000,0.000000,1,781546.000000,970000.000000,1.000000,1109560490272.000000,4206900.000000
970000,13,263738,0.800000,1.000000,0.621893,1.000000,0.000000,0,0.000000,969838.000000,1.000000,1109560490272.000000,4206900.000000
970000,14,263714,0.800000,1.000000,0.605511,1.000000,0.000000,0,0.000000,969459.000000,1.000000,1109560490272.000000,4206900.000000
970000,15,263757,0.800000,1.000000,0.717657,1.000000,0.000000,0,0.000000,969985.000000,1.000000,1109560490272.000000,4206900.000000
971000,0,264054,0.800000,1.000000,0.544838,1.000000,0.000000,0,0.000000,970606.000000,1.000000,1112223467227.000000,4751219.000000
971000,1,264054,0.800000,1.000000,0.623274,1.000000,0.000000,0,0.000000,970777.000000,1.000000,1112223467227.000000,4751219.000000
971000,2,263203,0.800000,1.000000,0.703680,1.000000,0.000000,0,0.000000,948455.000000,1.000000,1112223467227.000000,4751219.000000
971000,3,264054,0.800000,1.000000,0.638509,1.000000,0.000000,0,0.000000,970998.000000,1.000000,1112223467227.000000,4751219.000000
971000,4,264054,0.800000,1.000000,0.644607,1.000000,0.000000,0,0.000000,970988.000000,1.000000,1112223467227.000000,4751219.000000
971000,5,264055,0.800000,1.000000,0.543582,1.000000,0.000000,0,0.000000,970996.000000,1.000000,1112223467227.000000,4751219.000000
971000,6,264054,0.800000,1.000000,0.712352,1.000000,0.000000,0,0.000000,970995.000000,1.000000,1112223467227.000000,4751219.000000
971000,7,264053,0.800000,1.000000,0.673092,1.000000,0.000000,0,0.000000,970855.000000,1.000000,1112223467227.000000,4751219.000000
971000,8,264054,0.800000,1.000000,0.665217,1.000000,0.000000,0,0.000000,970936.000000,1.000000,1112223467227.000000,4751219.000000
971000,9,258487,0.800000,1.000000,0.720391,1.000000,0.000000,0,0.000000,812585.000000,1.000000,1112223467227.000000,4751219.000000
971000,10,264055,0.800000,1.000000,0.609609,1.000000,0.000000,0,0.000000,970999.000000,1.000000,1112223467227.000000,4751219.000000
971000,11,264039,0.800000,1.000000,0.548343,1.000000,0.000000,0,0.000000,970899.000000,1.000000,1112223467227.000000,4751219.000000
971000,12,264054,0.800000,1.000000,0.704204,1.000000,0.000000,0,0.000000,970962.000000,1.000000,1112223467227.000000,4751219.000000
971000,13,264055,0.800000,1.000000,0.682726,1.000000,0.000000,1,788031.000000,971000.000000,1.000000,1112223467227.000000,4751219.000000
971000,14,264046,0.800000,1.000000,0.514584,1.000000,0.000000,0,0.000000,970965.000000,1.000000,1112223467227.000000,4751219.000000
971000,15,264054,0.800000,1.000000,0.646929,1.000000,0.000000,0,0.000000,970994.000000,1.000000,1112223467227.000000,4751219.000000
972000,0,264343,0.800000,1.000000,0.632407,1.000000,0.000000,0,0.000000,971708.000000,1.000000,1114782755745.000000,3689739.000000
972000,1,264357,0.800000,1.000000,0.626314,1.000000,0.000000,0,0.000000,971985.000000,1.000000,1114782755745.000000,3689739.000000
972000,2,263588,0.800000,1.000000,0.614867,1.000000,0.000000,0,0.000000,948455.000000,1.000000,1114782755745.000000,3689739.000000
972000,3,264356,0.800000,1.000000,0.736891,1.000000,0.000000,0,0.000000,971998.000000,1.000000,1114782755745.000000,3689739.000000
972000,4,264349,0.800000,1.000000,0.600821,1.000000,0.000000,0,0.000000,971938.000000,1.000000,1114782755745.000000,3689739.000000
972000,5,264355,0.800000,1.000000,0.671105,1.000000,0.000000,0,0.000000,971956.000000,1.000000,1114782755745.000000,3689739.000000
972000,6,264356,0.800000,1.000000,0.628565,1.000000,0.000000,0,0.000000,971997.000000,1.000000,1114782755745.000000,3689739.000000
972000,7,264357,0.800000,1.000000,0.617559,1.000000,0.000000,0,0.000000,971989.000000,1.000000,1114782755745.000000,3689739.000000
972000,8,264328,0.800000,1.000000,0.541500,1.000000,0.000000,0,0.000000,971294.000000,1.000000,1114782755745.000000,3689739.000000
972000,9,258838,0.800000,1.000000,0.694549,1.000000,0.000000,0,0.000000,812585.000000,1.000000,1114782755745.000000,3689739.000000
972000,10,264334,0.800000,1.000000,0.539896,1.000000,0.000000,0,0.000000,971558.000000,1.000000,1114782755745.000000,3689739.000000
972000,11,264340,0.800000,1.000000,0.569159,1.000000,0.000000,0,0.000000,971859.000000,1.000000,1114782755745.000000,3689739.000000
972000,12,264355,0.800000,1.000000,0.683471,1.000000,0.000000,0,0.000000,971993.000000,1.000000,1114782755745.000000,3689739.000000
972000,13,264307,0.800000,1.000000,0.665448,1.000000,0.000000,0,0.000000,971146.000000,1.000000,1114782755745.000000,3689739.000000
972000,14,264357,0.800000,1.000000,0.584090,1.000000,0.000000,0,0.000000,971999.000000,1.000000,1114782755745.000000,3689739.000000
972000,15,264357,0.800000,1.000000,0.732884,1.000000,0.000000,1,795021.000000,972000.000000,1.000000,1114782755745.000000,3689739.000000
973000,0,264648,0.800000,1.000000,0.546779,1.000000,0.000000,0,0.000000,972999.000000,1.000000,1117241322055.000000,4751087.000000
973000,1,264541,0.800000,1.000000,0.624145,1.000000,0.000000,0,0.000000,972412.000000,1.000000,1117241322055.000000,4751087.000000
973000,2,263970,0.800000,1.000000,0.685392,1.000000,0.000000,0,0.000000,948455.000000,1.000000,1117241322055.000000,4751087.000000
973000,3,264648,0.800000,1.000000,0.664069,1.000000,0.000000,1,777788.000000,973000.000000,1.000000,1117241322055.000000,4751087.000000
973000,4,264635,0.800000,1.000000,0.463956,1.000000,0.000000,0,0.000000,972726.000000,1.000000,1117241322055.000000,4751087.000000
973000,5,264645,0.800000,1.000000,0.642123,1.000000,0.000000,0,0.000000,972971.000000,1.000000,1117241322055.000000,4751087.000000
973000,6,264639,0.800000,1.000000,0.662402,1.000000,0.000000,0,0.000000,972942.000000,1.000000,1117241322055.000000,4751087.000000
973000,7,264647,0.800000,1.000000,0.549510,1.000000,0.000000,0,0.000000,972984.000000,1.000000,1117241322055.000000,4751087.000000
973000,8,264648,0.800000,1.000000,0.520748,1.000000,0.000000,0,0.000000,972990.000000,1.000000,1117241322055.000000,4751087.000000
973000,9,259186,0.800000,1.000000,0.589661,1.000000,0.000000,0,0.000000,812585.000000,1.000000,1117241322055.000000,4751087.000000
973000,10,264638,0.800000,1.000000,0.598311,1.000000,0.000000,0,0.000000,972764.000000,1.000000,1117241322055.000000,4751087.000000
973000,11,264623,0.800000,1.000000,0.640439,1.000000,0.000000,0,0.000000,972357.000000,1.000000,1117241322055.000000,4751087.000000
973000,12,264531,0.800000,1.000000,0.641489,1.000000,0.000000,0,0.000000,972571.000000,1.000000,1117241322055.000000,4751087.000000
973000,13,264648,0.800000,1.000000,0.688094,1.000000,0.000000,0,0.000000,972992.000000,1.000000,1117241322055.000000,4751087.000000
973000,14,264638,0.800000,1.000000,0.576888,1.000000,0.000000,0,0.000000,972935.000000,1.000000,1117241322055.000000,4751087.000000
973000,15,264648,0.800000,1.000000,0.716411,1.000000,0.000000,0,0.000000,972997.000000,1.000000,1117241322055.000000,4751087.000000
974000,0,264897,0.800000,1.000000,0.699082,1.000000,0.000000,0,0.000000,973992.000000,1.000000,1119324041613.000000,1059274.000000
974000,1,264739,0.800000,1.000000,0.709737,1.000000,0.000000,0,0.000000,972412.000000,1.000000,1119324041613.000000,1059274.000000
974000,2,264348,0.800000,1.000000,0.530544,1.000000,0.000000,0,0.000000,948455.000000,1.000000,1119324041613.000000,1059274.000000
974000,3,264843,0.800000,1.000000,0.654968,1.000000,0.000000,0,0.000000,973245.000000,1.000000,1119324041613.000000,1059274.000000
974000,4,264898,0.800000,1.000000,0.634974,1.000000,0.000000,0,0.000000,973998.000000,1.000000,1119324041613.000000,1059274.000000
974000,5,264898,0.800000,1.000000,0.587663,1.000000,0.000000,0,0.000000,973989.000000,1.000000,1119324041613.000000,1059274.000000
974000,6,264897,0.800000,1.000000,0.522387,1.000000,0.000000,0,0.000000,973961.000000,1.000000,1119324041613.000000,1059274.000000
974000,7,264896,0.800000,1.000000,0.715736,1.000000,0.000000,0,0.000000,973991.000000,1.000000,1119324041613.000000,1059274.000000
974000,8,264874,0.800000,1.000000,0.601333,1.000000,0.000000,0,0.000000,973863.000000,1.000000,1119324041613.000000,1059274.000000
974000,9,259575,0.800000,1.000000,0.618177,1.000000,0.000000,0,0.000000,812585.000000,1.000000,1119324041613.000000,1059274.000000
974000,10,264898,0.800000,1.000000,0.718134,1.000000,0.000000,1,783982.000000,974000.000000,1.000000,1119324041613.000000,1059274.000000
974000,11,264899,0.800000,1.000000,0.564653,1.000000,0.000000,0,0.000000,973899.000000,1.000000,1119324041613.000000,1059274.000000
974000,12,264531,0.800000,1.000000,0.641489,1.000000,0.000000,0,0.000000,972571.000000,1.000000,1119324041613.000000,1059274.000000
974000,13,264899,0.800000,1.000000,0.613820,1.000000,0.000000,0,0.000000,973997.000000,1.000000,1119324041613.000000,1059274.000000
974000,14,264898,0.800000,1.000000,0.617075,1.000000,0.000000,0,0.000000,973995.000000,1.000000,1119324041613.000000,1059274.000000
974000,15,264885,0.800000,1.000000,0.580922,1.000000,0.000000,0,0.000000,973675.000000,1.000000,1119324041613.000000,1059274.000000
975000,0,265166,0.800000,1.000000,0.656087,1.000000,0.000000,0,0.000000,974998.000000,1.000000,1121818950055.000000,2120300.000000
975000,1,265133,0.800000,1.000000,0.735844,1.000000,0.000000,0,0.000000,972412.000000,1.000000,1121818950055.000000,2120300.000000
975000,2,264694,0.800000,1.000000,0.593260,1.000000,0.000000,0,0.000000,948455.000000,1.000000,1121818950055.000000,2120300.000000
975000,3,265127,0.800000,1.000000,0.515282,1.000000,0.000000,0,0.000000,973245.000000,1.000000,1121818950055.000000,2120300.000000
975000,4,265152,0.800000,1.000000,0.678044,1.000000,0.000000,0,0.000000,974934.000000,1.000000,1121818950055.000000,2120300.000000
975000,5,265166,0.800000,1.000000,0.711689,1.000000,0.000000,1,774676.000000,975000.000000,1.000000,1121818950055.000000,2120300.000000
975000,6,265167,0.800000,1.000000,0.576281,1.000000,0.000000,0,0.000000,974994.000000,1.000000,1121818950055.000000,2120300.000000
975000,7,265166,0.800000,1.000000,0.617563,1.000000,0.000000,0,0.000000,974995.000000,1.000000,1121818950055.000000,2120300.000000
975000,8,265167,0.800000,1.000000,0.546577,1.000000,0.000000,0,0.000000,974996.000000,1.000000,1121818950055.000000,2120300.000000
975000,9,259972,0.800000,1.000000,0.639559,1.000000,0.000000,0,0.000000,812585.000000,1.000000,1121818950055.000000,2120300.000000
975000,10,265158,0.800000,1.000000,0.642960,1.000000,0.000000,0,0.000000,974893.000000,1.000000,1121818950055.000000,2120300.000000
975000,11,265163,0.800000,1.000000,0.621898,1.000000,0.000000,0,0.000000,974917.000000,1.000000,1121818950055.000000,2120300.000000
975000,12,264867,0.800000,1.000000,0.493087,1.000000,0.000000,0,0.000000,972571.000000,1.000000,1121818950055.000000,2120300.000000
975000,13,265166,0.800000,1.000000,0.554510,1.000000,0.000000,0,0.000000,974987.000000,1.000000,1121818950055.000000,2120300.000000
975000,14,265160,0.800000,1.000000,0.658736,1.000000,0.000000,0,0.000000,974971.000000,1.000000,1121818950055.000000,2120300.000000
975000,15,265167,0.800000,1.000000,0.685861,1.000000,0.000000,0,0.000000,974997.000000,1.000000,1121818950055.000000,2120300.000000
976000,0,265446,0.800000,1.000000,0.611125,1.000000,0.000000,0,0.000000,975989.000000,1.000000,1124192411632.000000,1051532.000000
976000,1,265410,0.800000,1.000000,0.625944,1.000000,0.000000,0,0.000000,975620.000000,1.000000,1124192411632.000000,1051532.000000
976000,2,264817,0.800000,1.000000,0.643772,1.000000,0.000000,0,0.000000,948455.000000,1.000000,1124192411632.000000,1051532.000000
976000,3,265434,0.800000,1.000000,0.641445,1.000000,0.000000,0,0.000000,975961.000000,1.000000,1124192411632.000000,1051532.000000
976000,4,265429,0.800000,1.000000,0.631117,1.000000,0.000000,0,0.000000,975864.000000,1.000000,1124192411632.000000,1051532.000000
976000,5,265446,0.800000,1.000000,0.680475,1.000000,0.000000,0,0.000000,975996.000000,1.000000,1124192411632.000000,1051532.000000
976000,6,265447,0.800000,1.000000,0.730946,1.000000,0.000000,0,0.000000,975999.000000,1.000000,1124192411632.000000,1051532.000000
976000,7,265441,0.800000,1.000000,0.544940,1.000000,0.000000,0,0.000000,975960.000000,1.000000,1124192411632.000000,1051532.000000
976000,8,265380,0.800000,1.000000,0.704013,1.000000,0.000000,0,0.000000,975399.000000,1.000000,1124192411632.000000,1051532.000000
976000,9,260342,0.800000,1.000000,0.670186,1.000000,0.000000,0,0.000000,812585.000000,1.000000,1124192411632.000000,1051532.000000
976000,10,265427,0.800000,1.000000,0.671393,1.000000,0.000000,0,0.000000,975922.000000,1.000000,1124192411632.000000,1051532.000000
976000,11,265446,0.800000,1.000000,0.580034,1.000000,0.000000,0,0.000000,975986.000000,1.000000,1124192411632.000000,1051532.000000
976000,12,265289,0.800000,1.000000,0.610167,1.000000,0.000000,0,0.000000,972571.000000,1.000000,1124192411632.000000,1051532.000000
976000,13,265447,0.800000,1.000000,0.564404,1.000000,0.000000,0,0.000000,975987.000000,1.000000,1124192411632.000000,1051532.000000
976000,14,265447,0.800000,1.000000,0.690177,1.000000,0.000000,1,788013.000000,976000.000000,1.000000,1124192411632.000000,1051532.000000
976000,15,265424,0.800000,1.000000,0.550228,1.000000,0.000000,0,0.000000,975894.000000,1.000000,1124192411632.000000,1051532.000000
977000,0,265726,0.800000,1.000000,0.646257,1.000000,0.000000,0,0.000000,976993.000000,1.000000,1126525279387.000000,531383.000000
977000,1,265726,0.800000,1.000000,0.644657,1.000000,0.000000,0,0.000000,976996.000000,1.000000,1126525279387.000000,531383.000000
977000,2,264817,0.800000,1.000000,0.643772,1.000000,0.000000,0,0.000000,948455.000000,1.000000,1126525279387.000000,531383.000000
977000,3,265692,0.800000,1.000000,0.688622,1.000000,0.000000,0,0.000000,975961.000000,1.000000,1126525279387.000000,531383.000000
977000,4,265722,0.800000,1.000000,0.568858,1.000000,0.000000,0,0.000000,976973.000000,1.000000,1126525279387.000000,531383.000000
977000,5,265724,0.800000,1.000000,0.736666,1.000000,0.000000,0,0.000000,976994.000000,1.000000,1126525279387.000000,531383.000000
977000,6,265726,0.800000,1.000000,0.695495,1.000000,0.000000,0,0.000000,976971.000000,1.000000,1126525279387.000000,531383.000000
977000,7,265726,0.800000,1.000000,0.617556,1.000000,0.000000,0,0.000000,976998.000000,1.000000,1126525279387.000000,531383.000000
977000,8,265714,0.800000,1.000000,0.636741,1.000000,0.000000,0,0.000000,976831.000000,1.000000,1126525279387.000000,531383.000000
977000,9,260697,0.800000,1.000000,0.612115,1.000000,0.000000,0,0.000000,812585.000000,1.000000,1126525279387.000000,531383.000000
977000,10,265726,0.800000,1.000000,0.650738,1.000000,0.000000,0,0.000000,976947.000000,1.000000,1126525279387.000000,531383.000000
977000,11,265716,0.800000,1.000000,0.658417,1.000000,0.000000,0,0.000000,976915.000000,1.000000,1126525279387.000000,531383.000000
977000,12,265584,0.800000,1.000000,0.654830,1.000000,0.000000,0,0.000000,972571.000000,1.000000,1126525279387.000000,531383.000000
977000,13,265724,0.800000,1.000000,0.683165,1.000000,0.000000,0,0.000000,976984.000000,1.000000,1126525279387.000000,531383.000000
977000,14,265726,0.800000,1.000000,0.674503,1.000000,0.000000,1,788628.000000,977000.000000,1.000000,1126525279387.000000,531383.000000
977000,15,265725,0.800000,1.000000,0.723883,1.000000,0.000000,0,0.000000,976989.000000,1.000000,1126525279387.000000,531383.000000
978000,0,265991,0.800000,1.000000,0.604550,1.000000,0.000000,0,0.000000,977998.000000,1.000000,1128554644915.000000,1585871.000000
978000,1,265991,0.800000,1.000000,0.720544,1.000000,0.000000,0,0.000000,977997.000000,1.000000,1128554644915.000000,1585871.000000
978000,2,264817,0.800000,1.000000,0.643772,1.000000,0.000000,0,0.000000,948455.000000,1.000000,1128554644915.000000,1585871.000000
978000,3,265990,0.800000,1.000000,0.628823,1.000000,0.000000,0,0.000000,977994.000000,1.000000,1128554644915.000000,1585871.000000
978000,4,265829,0.800000,1.000000,0.520199,1.000000,0.000000,0,0.000000,976973.000000,1.000000,1128554644915.000000,1585871.000000
978000,5,265991,0.800000,1.000000,0.629071,1.000000,0.000000,0,0.000000,977986.000000,1.000000,1128554644915.000000,1585871.000000
978000,6,265991,0.800000,1.000000,0.715903,1.000000,0.000000,1,811505.000000,978000.000000,1.000000,1128554644915.000000,1585871.000000
978000,7,265929,0.800000,1.000000,0.539912,1.000000,0.000000,0,0.000000,977131.000000,1.000000,1128554644915.000000,1585871.000000
978000,8,265988,0.800000,1.000000,0.606003,1.000000,0.000000,0,0.000000,977981.000000,1.000000,1128554644915.000000,1585871.000000
978000,9,260968,0.800000,1.000000,0.629911,1.000000,0.000000,0,0.000000,812585.000000,1.000000,1128554644915.000000,1585871.000000
978000,10,265991,0.800000,1.000000,0.662003,1.000000,0.000000,0,0.000000,977996.000000,1.000000,1128554644915.000000,1585871.000000
978000,11,265987,0.800000,1.000000,0.664983,1.000000,0.000000,0,0.000000,977983.000000,1.000000,1128554644915.000000,1585871.000000
978000,12,265890,0.800000,1.000000,0.428080,1.000000,0.000000,0,0.000000,972571.000000,1.000000,1128554644915.000000,1585871.000000
978000,13,265981,0.800000,1.000000,0.633905,1.000000,0.000000,0,0.000000,977796.000000,1.000000,1128554644915.000000,1585871.000000
978000,14,265980,0.800000,1.000000,0.581189,1.000000,0.000000,0,0.000000,977931.000000,1.000000,1128554644915.000000,1585871.000000
978000,15,265979,0.800000,1.000000,0.692057,1.000000,0.000000,0,0.000000,977944.000000,1.000000,1128554644915.000000,1585871.000000
979000,0,266206,0.800000,1.000000,0.473513,1.000000,0.000000,0,0.000000,978447.000000,1.000000,1130569800907.000000,1587591.000000
979000,1,266232,0.800000,1.000000,0.707337,1.000000,0.000000,1,786505.000000,979000.000000,1.000000,1130569800907.000000,1587591.000000
979000,2,264817,0.800000,1.000000,0.643772,1.000000,0.000000,0,0.000000,948455.000000,1.000000,1130569800907.000000,1587591.000000
979000,3,266214,0.800000,1.000000,0.595331,1.000000,0.000000,0,0.000000,978890.000000,1.000000,1130569800907.000000,1587591.000000
979000,4,266204,0.800000,1.000000,0.683176,1.000000,0.000000,0,0.000000,976973.000000,1.000000,1130569800907.000000,1587591.000000
979000,5,266231,0.800000,1.000000,0.767266,1.000000,0.000000,0,0.000000,978979.000000,1.000000,1130569800907.000000,1587591.000000
979000,6,266226,0.800000,1.000000,0.547381,1.000000,0.000000,0,0.000000,978955.000000,1.000000,1130569800907.000000,1587591.000000
979000,7,266202,0.800000,1.000000,0.641772,1.000000,0.000000,0,0.000000,978680.000000,1.000000,1130569800907.000000,1587591.000000
979000,8,266233,0.800000,1.000000,0.644003,1.000000,0.000000,0,0.000000,978996.000000,1.000000,1130569800907.000000,1587591.000000
979000,9,261364,0.800000,1.000000,0.561932,1.000000,0.000000,0,0.000000,812585.000000,1.000000,1130569800907.000000,1587591.000000
979000,10,266227,0.800000,1.000000,0.484668,1.000000,0.000000,0,0.000000,978924.000000,1.000000,1130569800907.000000,1587591.000000
979000,11,266094,0.800000,1.000000,0.590819,1.000000,0.000000,0,0.000000,978378.000000,1.000000,1130569800907.000000,1587591.000000
979000,12,266232,0.800000,1.000000,0.641291,1.000000,0.000000,0,0.000000,978997.000000,1.000000,1130569800907.000000,1587591.000000
979000,13,266231,0.800000,1.000000,0.669141,1.000000,0.000000,0,0.000000,978870.000000,1.000000,1130569800907.000000,1587591.000000
979000,14,266141,0.800000,1.000000,0.672704,1.000000,0.000000,0,0.000000,978123.000000,1.000000,1130569800907.000000,1587591.000000
979000,15,266233,0.800000,1.000000,0.502337,1.000000,0.000000,0,0.000000,978994.000000,1.000000,1130569800907.000000,1587591.000000
980000,0,266473,0.800000,1.000000,0.638061,1.000000,0.000000,0,0.000000,979975.000000,1.000000,1132586788559.000000,1589467.000000
980000,1,266479,0.800000,1.000000,0.662445,1.000000,0.000000,0,0.000000,979998.000000,1.000000,1132586788559.000000,1589467.000000
980000,2,264817,0.800000,1.000000,0.643772,1.000000,0.000000,0,0.000000,948455.000000,1.000000,1132586788559.000000,1589467.000000
980000,3,266405,0.800000,1.000000,0.555861,1.000000,0.000000,0,0.000000,978890.000000,1.000000,1132586788559.000000,1589467.000000
980000,4,266479,0.800000,1.000000,0.702808,1.000000,0.000000,0,0.000000,979986.000000,1.000000,1132586788559.000000,1589467.000000
980000,5,266471,0.800000,1.000000,0.496899,1.000000,0.000000,0,0.000000,979831.000000,1.000000,1132586788559.000000,1589467.000000
980000,6,266472,0.800000,1.000000,0.649190,1.000000,0.000000,0,0.000000,979970.000000,1.000000,1132586788559.000000,1589467.000000
980000,7,266423,0.800000,1.000000,0.600763,1.000000,0.000000,0,0.000000,979769.000000,1.000000,1132586788559.000000,1589467.000000
980000,8,266479,0.800000,1.000000,0.566718,1.000000,0.000000,0,0.000000,979994.000000,1.000000,1132586788559.000000,1589467.000000
980000,9,261776,0.800000,1.000000,0.581910,1.000000,0.000000,0,0.000000,812585.000000,1.000000,1132586788559.000000,1589467.000000
980000,10,266469,0.800000,1.000000,0.716237,1.000000,0.000000,0,0.000000,979657.000000,1.000000,1132586788559.000000,1589467.000000
980000,11,266330,0.800000,1.000000,0.612582,1.000000,0.000000,0,0.000000,978378.000000,1.000000,1132586788559.000000,1589467.000000
980000,12,266479,0.800000,1.000000,0.667725,1.000000,0.000000,0,0.000000,979937.000000,1.000000,1132586788559.000000,1589467.000000
980000,13,266480,0.800000,1.000000,0.765689,1.000000,0.000000,0,0.000000,979999.000000,1.000000,1132586788559.000000,1589467.000000
980000,14,266369,0.800000,1.000000,0.674078,1.000000,0.000000,0,0.000000,978123.000000,1.000000,1132586788559.000000,1589467.000000
980000,15,266480,0.800000,1.000000,0.706744,1.000000,0.000000,1,800879.000000,980000.000000,1.000000,1132586788559.000000,1589467.000000
981000,0,266745,0.800000,1.000000,0.694842,1.000000,0.000000,1,783124.000000,981000.000000,1.000000,1134850399813.000000,3734149.000000
981000,1,266737,0.800000,1.000000,0.637939,1.000000,0.000000,0,0.000000,980916.000000,1.000000,1134850399813.000000,3734149.000000
981000,2,264817,0.800000,1.000000,0.643772,1.000000,0.000000,0,0.000000,948455.000000,1.000000,1134850399813.000000,3734149.000000
981000,3,266699,0.800000,1.000000,0.669775,1.000000,0.000000,0,0.000000,978890.000000,1.000000,1134850399813.000000,3734149.000000
981000,4,266712,0.800000,1.000000,0.607457,1.000000,0.000000,0,0.000000,980845.000000,1.000000,1134850399813.000000,3734149.000000
981000,5,266744,0.800000,1.000000,0.566436,1.000000,0.000000,0,0.000000,980990.000000,1.000000,1134850399813.000000,3734149.000000
981000,6,266745,0.800000,1.000000,0.698308,1.000000,0.000000,0,0.000000,980994.000000,1.000000,1134850399813.000000,3734149.000000
981000,7,266728,0.800000,1.000000,0.613118,1.000000,0.000000,0,0.000000,980846.000000,1.000000,1134850399813.000000,3734149.000000
981000,8,266745,0.800000,1.000000,0.717008,1.000000,0.000000,0,0.000000,980998.000000,1.000000,1134850399813.000000,3734149.000000
981000,9,262147,0.800000,1.000000,0.565889,1.000000,0.000000,0,0.000000,812585.000000,1.000000,1134850399813.000000,3734149.000000
981000,10,266744,0.800000,1.000000,0.677773,1.000000,0.000000,0,0.000000,980984.000000,1.000000,1134850399813.000000,3734149.000000
981000,11,266712,0.800000,1.000000,0.633385,1.000000,0.000000,0,0.000000,978378.000000,1.000000,1134850399813.000000,3734149.000000
981000,12,266739,0.800000,1.000000,0.606264,1.000000,0.000000,0,0.000000,980933.000000,1.000000,1134850399813.000000,3734149.000000
981000,13,266746,0.800000,1.000000,0.746998,1.000000,0.000000,0,0.000000,980999.000000,1.000000,1134850399813.000000,3734149.000000
981000,14,266633,0.800000,1.000000,0.745534,1.000000,0.000000,0,0.000000,978123.000000,1.000000,1134850399813.000000,3734149.000000
981000,15,266740,0.800000,1.000000,0.645430,1.000000,0.000000,0,0.000000,980922.000000,1.000000,1134850399813.000000,3734149.000000
982000,0,267014,0.800000,1.000000,0.738704,1.000000,0.000000,0,0.000000,981993.000000,1.000000,1136969012041.000000,534031.000000
982000,1,267015,0.800000,1.000000,0.601049,1.000000,0.000000,0,0.000000,981994.000000,1.000000,1136969012041.000000,534031.000000
982000,2,264817,0.800000,1.000000,0.643772,1.000000,0.000000,0,0.000000,948455.000000,1.000000,1136969012041.000000,534031.000000
982000,3,266826,0.800000,1.000000,0.660748,1.000000,0.000000,0,0.000000,978890.000000,1.000000,1136969012041.000000,534031.000000
982000,4,266925,0.800000,1.000000,0.717406,1.000000,0.000000,0,0.000000,981383.000000,1.000000,1136969012041.000000,534031.000000
982000,5,266977,0.800000,1.000000,0.704904,1.000000,0.000000,0,0.000000,981020.000000,1.000000,1136969012041.000000,534031.000000
982000,6,267013,0.800000,1.000000,0.552725,1.000000,0.000000,0,0.000000,981986.000000,1.000000,1136969012041.000000,534031.000000
982000,7,267015,0.800000,1.000000,0.694276,1.000000,0.000000,1,796356.000000,982000.000000,1.000000,1136969012041.000000,534031.000000
982000,8,267015,0.800000,1.000000,0.595722,1.000000,0.000000,0,0.000000,981999.000000,1.000000,1136969012041.000000,534031.000000
982000,9,262528,0.800000,1.000000,0.630746,1.000000,0.000000,0,0.000000,812585.000000,1.000000,1136969012041.000000,534031.000000
982000,10,267013,0.800000,1.000000,0.676392,1.000000,0.000000,0,0.000000,981987.000000,1.000000,1136969012041.000000,534031.000000
982000,11,266980,0.800000,1.000000,0.677195,1.000000,0.000000,0,0.000000,981845.000000,1.000000,1136969012041.000000,534031.000000
982000,12,267010,0.800000,1.000000,0.492144,1.000000,0.000000,0,0.000000,981976.000000,1.000000,1136969012041.000000,534031.000000
982000,13,267003,0.800000,1.000000,0.514125,1.000000,0.000000,0,0.000000,981898.000000,1.000000,1136969012041.000000,534031.000000
982000,14,266942,0.800000,1.000000,0.630075,1.000000,0.000000,0,0.000000,978123.000000,1.000000,1136969012041.000000,534031.000000
982000,15,267016,0.800000,1.000000,0.570934,1.000000,0.000000,0,0.000000,981997.000000,1.000000,1136969012041.000000,534031.000000
983000,0,267267,0.800000,1.000000,0.731862,1.000000,0.000000,0,0.000000,982988.000000,1.000000,1138908517149.000000,-8.000000
983000,1,267266,0.800000,1.000000,0.633735,1.000000,0.000000,0,0.000000,982959.000000,1.000000,1138908517149.000000,-8.000000
983000,2,264862,0.800000,1.000000,0.582217,1.000000,0.000000,0,0.000000,948455.000000,1.000000,1138908517149.000000,-8.000000
983000,3,266826,0.800000,1.000000,0.660748,1.000000,0.000000,0,0.000000,978890.000000,1.000000,1138908517149.000000,-8.000000
983000,4,267269,0.800000,1.000000,0.630235,1.000000,0.000000,0,0.000000,982997.000000,1.000000,1138908517149.000000,-8.000000
983000,5,267269,0.800000,1.000000,0.609093,1.000000,0.000000,1,780881.000000,983000.000000,1.000000,1138908517149.000000,-8.000000
983000,6,267270,0.800000,1.000000,0.701908,1.000000,0.000000,0,0.000000,982998.000000,1.000000,1138908517149.000000,-8.000000
983000,7,267255,0.800000,1.000000,0.593207,1.000000,0.000000,0,0.000000,982934.000000,1.000000,1138908517149.000000,-8.000000
983000,8,267259,0.800000,1.000000,0.678384,1.000000,0.000000,0,0.000000,982962.000000,1.000000,1138908517149.000000,-8.000000
983000,9,262606,0.800000,1.000000,0.559017,1.000000,0.000000,0,0.000000,812585.000000,1.000000,1138908517149.000000,-8.000000
983000,10,267269,0.800000,1.000000,0.763536,1.000000,0.000000,0,0.000000,982996.000000,1.000000,1138908517149.000000,-8.000000
983000,11,267267,0.800000,1.000000,0.671008,1.000000,0.000000,0,0.000000,982983.000000,1.000000,1138908517149.000000,-8.000000
983000,12,267270,0.800000,1.000000,0.555775,1.000000,0.000000,0,0.000000,982982.000000,1.000000,1138908517149.000000,-8.000000
983000,13,267269,0.800000,1.000000,0.700365,1.000000,0.000000,0,0.000000,982991.000000,1.000000,1138908517149.000000,-8.000000
983000,14,267247,0.800000,1.000000,0.703258,1.000000,0.000000,0,0.000000,978123.000000,1.000000,1138908517149.000000,-8.000000
983000,15,267270,0.800000,1.000000,0.676206,1.000000,0.000000,0,0.000000,982854.000000,1.000000,1138908517149.000000,-8.000000
984000,0,267574,0.800000,1.000000,0.691459,1.000000,0.000000,0,0.000000,983997.000000,1.000000,1141178048672.000000,1590661.000000
984000,1,267475,0.800000,1.000000,0.575289,1.000000,0.000000,0,0.000000,983580.000000,1.000000,1141178048672.000000,1590661.000000
984000,2,265090,0.800000,1.000000,0.580447,1.000000,0.000000,0,0.000000,948455.000000,1.000000,1141178048672.000000,1590661.000000
984000,3,266826,0.800000,1.000000,0.660748,1.000000,0.000000,0,0.000000,978890.000000,1.000000,1141178048672.000000,1590661.000000
984000,4,267572,0.800000,1.000000,0.697559,1.000000,0.000000,0,0.000000,983855.000000,1.000000,1141178048672.000000,1590661.000000
984000,5,267571,0.800000,1.000000,0.626313,1.000000,0.000000,0,0.000000,983972.000000,1.000000,1141178048672.000000,1590661.000000
984000,6,267572,0.800000,1.000000,0.717708,1.000000,0.000000,0,0.000000,983992.000000,1.000000,1141178048672.000000,1590661.000000
984000,7,267535,0.800000,1.000000,0.666349,1.000000,0.000000,0,0.000000,983677.000000,1.000000,1141178048672.000000,1590661.000000
984000,8,267542,0.800000,1.000000,0.561524,1.000000,0.000000,0,0.000000,983511.000000,1.000000,1141178048672.000000,1590661.000000
984000,9,262801,0.800000,1.000000,0.760023,1.000000,0.000000,0,0.000000,812585.000000,1.000000,1141178048672.000000,1590661.000000
984000,10,267572,0.800000,1.000000,0.634420,1.000000,0.000000,0,0.000000,983936.000000,1.000000,1141178048672.000000,1590661.000000
984000,11,267575,0.800000,1.000000,0.727690,1.000000,0.000000,1,823184.000000,984000.000000,1.000000,1141178048672.000000,1590661.000000
984000,12,267575,0.800000,1.000000,0.685995,1.000000,0.000000,0,0.000000,983996.000000,1.000000,1141178048672.000000,1590661.000000
984000,13,267569,0.800000,1.000000,0.696194,1.000000,0.000000,0,0.000000,983874.000000,1.000000,1141178048672.000000,1590661.000000
984000,14,267576,0.800000,1.000000,0.709880,1.000000,0.000000,0,0.000000,983999.000000,1.000000,1141178048672.000000,1590661.000000
984000,15,267565,0.800000,1.000000,0.567090,1.000000,0.000000,0,0.000000,983796.000000,1.000000,1141178048672.000000,1590661.000000
985000,0,267837,0.800000,1.000000,0.605137,1.000000,0.000000,0,0.000000,984848.000000,1.000000,1143677423687.000000,4284086.000000
985000,1,267833,0.800000,1.000000,0.635041,1.000000,0.000000,0,0.000000,984958.000000,1.000000,1143677423687.000000,4284086.000000
985000,2,265346,0.800000,1.000000,0.678914,1.000000,0.000000,0,0.000000,948455.000000,1.000000,1143677423687.000000,4284086.000000
985000,3,267216,0.800000,1.000000,0.579540,1.000000,0.000000,0,0.000000,978890.000000,1.000000,1143677423687.000000,4284086.000000
985000,4,267845,0.800000,1.000000,0.663933,1.000000,0.000000,0,0.000000,984994.000000,1.000000,1143677423687.000000,4284086.000000
985000,5,267847,0.800000,1.000000,0.664791,1.000000,0.000000,0,0.000000,984997.000000,1.000000,1143677423687.000000,4284086.000000
985000,6,267847,0.800000,1.000000,0.700380,1.000000,0.000000,0,0.000000,984998.000000,1.000000,1143677423687.000000,4284086.000000
985000,7,267843,0.800000,1.000000,0.502159,1.000000,0.000000,0,0.000000,984966.000000,1.000000,1143677423687.000000,4284086.000000
985000,8,267845,0.800000,1.000000,0.671378,1.000000,0.000000,0,0.000000,984996.000000,1.000000,1143677423687.000000,4284086.000000
985000,9,263222,0.800000,1.000000,0.668322,1.000000,0.000000,0,0.000000,812585.000000,1.000000,1143677423687.000000,4284086.000000
985000,10,267847,0.800000,1.000000,0.615700,1.000000,0.000000,0,0.000000,984988.000000,1.000000,1143677423687.000000,4284086.000000
985000,11,267847,0.800000,1.000000,0.674514,1.000000,0.000000,1,824076.000000,985000.000000,1.000000,1143677423687.000000,4284086.000000
985000,12,267846,0.800000,1.000000,0.653174,1.000000,0.000000,0,0.000000,984984.000000,1.000000,1143677423687.000000,4284086.000000
985000,13,267753,0.800000,1.000000,0.672660,1.000000,0.000000,0,0.000000,984204.000000,1.000000,1143677423687.000000,4284086.000000
985000,14,267847,0.800000,1.000000,0.744544,1.000000,0.000000,0,0.000000,984999.000000,1.000000,1143677423687.000000,4284086.000000
985000,15,267848,0.800000,1.000000,0.639383,1.000000,0.000000,0,0.000000,984989.000000,1.000000,1143677423687.000000,4284086.000000
986000,0,268117,0.800000,1.000000,0.660822,1.000000,0.000000,0,0.000000,985998.000000,1.000000,1146028521908.000000,3217140.000000
986000,1,268116,0.800000,1.000000,0.691501,1.000000,0.000000,0,0.000000,985995.000000,1.000000,1146028521908.000000,3217140.000000
986000,2,265589,0.800000,1.000000,0.555942,1.000000,0.000000,0,0.000000,948455.000000,1.000000,1146028521908.000000,3217140.000000
986000,3,267575,0.800000,1.000000,0.601095,1.000000,0.000000,0,0.000000,978890.000000,1.000000,1146028521908.000000,3217140.000000
986000,4,268025,0.800000,1.000000,0.528835,1.000000,0.000000,0,0.000000,985155.000000,1.000000,1146028521908.000000,3217140.000000
986000,5,268114,0.800000,1.000000,0.567644,1.000000,0.000000,0,0.000000,985948.000000,1.000000,1146028521908.000000,3217140.000000
986000,6,268109,0.800000,1.000000,0.627018,1.000000,0.000000,0,0.000000,985452.000000,1.000000,1146028521908.000000,3217140.000000
986000,7,268117,0.800000,1.000000,0.709488,1.000000,0.000000,0,0.000000,985923.000000,1.000000,1146028521908.000000,3217140.000000
986000,8,268116,0.800000,1.000000,0.615825,1.000000,0.000000,0,0.000000,985993.000000,1.000000,1146028521908.000000,3217140.000000
986000,9,263520,0.800000,1.000000,0.632960,1.000000,0.000000,0,0.000000,812585.000000,1.000000,1146028521908.000000,3217140.000000
986000,10,268116,0.800000,1.000000,0.639632,1.000000,0.000000,0,0.000000,985994.000000,1.000000,1146028521908.000000,3217140.000000
986000,11,268105,0.800000,1.000000,0.591306,1.000000,0.000000,0,0.000000,985756.000000,1.000000,1146028521908.000000,3217140.000000
986000,12,268112,0.800000,1.000000,0.624869,1.000000,0.000000,0,0.000000,985898.000000,1.000000,1146028521908.000000,3217140.000000
986000,13,268100,0.800000,1.000000,0.685443,1.000000,0.000000,0,0.000000,984204.000000,1.000000,1146028521908.000000,3217140.000000
986000,14,268116,0.800000,1.000000,0.597742,1.000000,0.000000,0,0.000000,985999.000000,1.000000,1146028521908.000000,3217140.000000
986000,15,268117,0.800000,1.000000,0.640243,1.000000,0.000000,1,804978.000000,986000.000000,1.000000,1146028521908.000000,3217140.000000
987000,0,268371,0.800000,1.000000,0.664440,1.000000,0.000000,0,0.000000,986999.000000,1.000000,1148379635380.000000,2677967.000000
987000,1,268354,0.800000,1.000000,0.599450,1.000000,0.000000,0,0.000000,986661.000000,1.000000,1148379635380.000000,2677967.000000
987000,2,265976,0.800000,1.000000,0.598170,1.000000,0.000000,0,0.000000,948455.000000,1.000000,1148379635380.000000,2677967.000000
987000,3,267925,0.800000,1.000000,0.626184,1.000000,0.000000,0,0.000000,978890.000000,1.000000,1148379635380.000000,2677967.000000
987000,4,268371,0.800000,1.000000,0.589887,1.000000,0.000000,0,0.000000,986997.000000,1.000000,1148379635380.000000,2677967.000000
987000,5,268352,0.800000,1.000000,0.712534,1.000000,0.000000,0,0.000000,986880.000000,1.000000,1148379635380.000000,2677967.000000
987000,6,268358,0.800000,1.000000,0.588923,1.000000,0.000000,0,0.000000,986826.000000,1.000000,1148379635380.000000,2677967.000000
987000,7,268372,0.800000,1.000000,0.674386,1.000000,0.000000,0,0.000000,986995.000000,1.000000,1148379635380.000000,2677967.000000
987000,8,268363,0.800000,1.000000,0.630861,1.000000,0.000000,0,0.000000,986730.000000,1.000000,1148379635380.000000,2677967.000000
987000,9,263829,0.800000,1.000000,0.590800,1.000000,0.000000,0,0.000000,812585.000000,1.000000,1148379635380.000000,2677967.000000
987000,10,268372,0.800000,1.000000,0.691491,1.000000,0.000000,1,793815.000000,987000.000000,1.000000,1148379635380.000000,2677967.000000
987000,11,268369,0.800000,1.000000,0.614630,1.000000,0.000000,0,0.000000,986963.000000,1.000000,1148379635380.000000,2677967.000000
987000,12,268369,0.800000,1.000000,0.627424,1.000000,0.000000,0,0.000000,986625.000000,1.000000,1148379635380.000000,2677967.000000
987000,13,268373,0.800000,1.000000,0.572945,1.000000,0.000000,0,0.000000,986986.000000,1.000000,1148379635380.000000,2677967.000000
987000,14,268372,0.800000,1.000000,0.657056,1.000000,0.000000,0,0.000000,986994.000000,1.000000,1148379635380.000000,2677967.000000
987000,15,268330,0.800000,1.000000,0.687250,1.000000,0.000000,0,0.000000,986608.000000,1.000000,1148379635380.000000,2677967.000000
988000,0,268589,0.800000,1.000000,0.668200,1.000000,0.000000,0,0.000000,987296.000000,1.000000,1150944502910.000000,3752271.000000
988000,1,268641,0.800000,1.000000,0.680253,1.000000,0.000000,0,0.000000,987572.000000,1.000000,1150944502910.000000,3752271.000000
988000,2,266321,0.800000,1.000000,0.679709,1.000000,0.000000,0,0.000000,948455.000000,1.000000,1150944502910.000000,3752271.000000
988000,3,268327,0.800000,1.000000,0.685430,1.000000,0.000000,0,0.000000,978890.000000,1.000000,1150944502910.000000,3752271.000000
988000,4,268656,0.800000,1.000000,0.552971,1.000000,0.000000,0,0.000000,987999.000000,1.000000,1150944502910.000000,3752271.000000
988000,5,268657,0.800000,1.000000,0.568828,1.000000,0.000000,1,785059.000000,988000.000000,1.000000,1150944502910.000000,3752271.000000
988000,6,268658,0.800000,1.000000,0.586881,1.000000,0.000000,0,0.000000,987994.000000,1.000000,1150944502910.000000,3752271.000000
988000,7,268651,0.800000,1.000000,0.547698,1.000000,0.000000,0,0.000000,987900.000000,1.000000,1150944502910.000000,3752271.000000
988000,8,268658,0.800000,1.000000,0.576911,1.000000,0.000000,0,0.000000,987948.000000,1.000000,1150944502910.000000,3752271.000000
988000,9,264200,0.800000,1.000000,0.562953,1.000000,0.000000,0,0.000000,812585.000000,1.000000,1150944502910.000000,3752271.000000
988000,10,268658,0.800000,1.000000,0.651832,1.000000,0.000000,0,0.000000,987997.000000,1.000000,1150944502910.000000,3752271.000000
988000,11,268657,0.800000,1.000000,0.710136,1.000000,0.000000,0,0.000000,987993.000000,1.000000,1150944502910.000000,3752271.000000
988000,12,268657,0.800000,1.000000,0.625944,1.000000,0.000000,0,0.000000,987909.000000,1.000000,1150944502910.000000,3752271.000000
988000,13,268657,0.800000,1.000000,0.508108,1.000000,0.000000,0,0.000000,987976.000000,1.000000,1150944502910.000000,3752271.000000
988000,14,268628,0.800000,1.000000,0.557162,1.000000,0.000000,0,0.000000,987841.000000,1.000000,1150944502910.000000,3752271.000000
988000,15,268627,0.800000,1.000000,0.598990,1.000000,0.000000,0,0.000000,987766.000000,1.000000,1150944502910.000000,3752271.000000
989000,0,268934,0.800000,1.000000,0.659227,1.000000,0.000000,0,0.000000,988998.000000,1.000000,1153398381338.000000,3213202.000000
989000,1,268933,0.800000,1.000000,0.616020,1.000000,0.000000,0,0.000000,988980.000000,1.000000,1153398381338.000000,3213202.000000
989000,2,266603,0.800000,1.000000,0.540442,1.000000,0.000000,0,0.000000,948455.000000,1.000000,1153398381338.000000,3213202.000000
989000,3,268674,0.800000,1.000000,0.702276,1.000000,0.000000,0,0.000000,978890.000000,1.000000,1153398381338.000000,3213202.000000
989000,4,268812,0.800000,1.000000,0.679286,1.000000,0.000000,0,0.000000,987999.000000,1.000000,1153398381338.000000,3213202.000000
989000,5,268932,0.800000,1.000000,0.572345,1.000000,0.000000,0,0.000000,988957.000000,1.000000,1153398381338.000000,3213202.000000
989000,6,268891,0.800000,1.000000,0.577329,1.000000,0.000000,0,0.000000,988502.000000,1.000000,1153398381338.000000,3213202.000000
989000,7,268911,0.800000,1.000000,0.685003,1.000000,0.000000,0,0.000000,988354.000000,1.000000,1153398381338.000000,3213202.000000
989000,8,268932,0.800000,1.000000,0.620148,1.000000,0.000000,0,0.000000,988964.000000,1.000000,1153398381338.000000,3213202.000000
989000,9,264593,0.800000,1.000000,0.731858,1.000000,0.000000,0,0.000000,812585.000000,1.000000,1153398381338.000000,3213202.000000
989000,10,268935,0.800000,1.000000,0.659574,1.000000,0.000000,0,0.000000,988999.000000,1.000000,1153398381338.000000,3213202.000000
989000,11,268933,0.800000,1.000000,0.719448,1.000000,0.000000,0,0.000000,988987.000000,1.000000,1153398381338.000000,3213202.000000
989000,12,268929,0.800000,1.000000,0.576866,1.000000,0.000000,0,0.000000,988795.000000,1.000000,1153398381338.000000,3213202.000000
989000,13,268935,0.800000,1.000000,0.630540,1.000000,0.000000,0,0.000000,988997.000000,1.000000,1153398381338.000000,3213202.000000
989000,14,268936,0.800000,1.000000,0.664882,1.000000,0.000000,1,798472.000000,989000.000000,1.000000,1153398381338.000000,3213202.000000
989000,15,268933,0.800000,1.000000,0.791896,1.000000,0.000000,0,0.000000,988991.000000,1.000000,1153398381338.000000,3213202.000000
990000,0,269201,0.800000,1.000000,0.707216,1.000000,0.000000,0,0.000000,989969.000000,1.000000,1155952990543.000000,1076822.000000
990000,1,269205,0.800000,1.000000,0.637107,1.000000,0.000000,0,0.000000,989810.000000,1.000000,1155952990543.000000,1076822.000000
990000,2,266975,0.800000,1.000000,0.664546,1.000000,0.000000,0,0.000000,948455.000000,1.000000,1155952990543.000000,1076822.000000
990000,3,268992,0.800000,1.000000,0.685314,1.000000,0.000000,0,0.000000,978890.000000,1.000000,1155952990543.000000,1076822.000000
990000,4,269179,0.800000,1.000000,0.591521,1.000000,0.000000,0,0.000000,987999.000000,1.000000,1155952990543.000000,1076822.000000
990000,5,269203,0.800000,1.000000,0.694889,1.000000,0.000000,0,0.000000,989897.000000,1.000000,1155952990543.000000,1076822.000000
990000,6,269207,0.800000,1.000000,0.655400,1.000000,0.000000,0,0.000000,989996.000000,1.000000,1155952990543.000000,1076822.000000
990000,7,269207,0.800000,1.000000,0.694983,1.000000,0.000000,0,0.000000,989992.000000,1.000000,1155952990543.000000,1076822.000000
990000,8,269207,0.800000,1.000000,0.719608,1.000000,0.000000,0,0.000000,989999.000000,1.000000,1155952990543.000000,1076822.000000
990000,9,264989,0.800000,1.000000,0.646484,1.000000,0.000000,0,0.000000,812585.000000,1.000000,1155952990543.000000,1076822.000000
990000,10,269206,0.800000,1.000000,0.583214,1.000000,0.000000,0,0.000000,989984.000000,1.000000,1155952990543.000000,1076822.000000
990000,11,269196,0.800000,1.000000,0.556340,1.000000,0.000000,0,0.000000,989764.000000,1.000000,1155952990543.000000,1076822.000000
990000,12,269204,0.800000,1.000000,0.608258,1.000000,0.000000,0,0.000000,989957.000000,1.000000,1155952990543.000000,1076822.000000
990000,13,269207,0.800000,1.000000,0.666013,1.000000,0.000000,1,802804.000000,990000.000000,1.000000,1155952990543.000000,1076822.000000
990000,14,269207,0.800000,1.000000,0.626474,1.000000,0.000000,0,0.000000,989987.000000,1.000000,1155952990543.000000,1076822.000000
990000,15,269188,0.800000,1.000000,0.598284,1.000000,0.000000,0,0.000000,989742.000000,1.000000,1155952990543.000000,1076822.000000
991000,0,269483,0.800000,1.000000,0.760238,1.000000,0.000000,0,0.000000,990998.000000,1.000000,1158375304327.000000,1616881.000000
991000,1,269481,0.800000,1.000000,0.503748,1.000000,0.000000,0,0.000000,990974.000000,1.000000,1158375304327.000000,1616881.000000
991000,2,267314,0.800000,1.000000,0.629114,1.000000,0.000000,0,0.000000,948455.000000,1.000000,1158375304327.000000,1616881.000000
991000,3,269324,0.800000,1.000000,0.598465,1.000000,0.000000,0,0.000000,978890.000000,1.000000,1158375304327.000000,1616881.000000
991000,4,269483,0.800000,1.000000,0.619411,1.000000,0.000000,1,823320.000000,991000.000000,1.000000,1158375304327.000000,1616881.000000
991000,5,269481,0.800000,1.000000,0.555117,1.000000,0.000000,0,0.000000,990872.000000,1.000000,1158375304327.000000,1616881.000000
991000,6,269477,0.800000,1.000000,0.662849,1.000000,0.000000,0,0.000000,990403.000000,1.000000,1158375304327.000000,1616881.000000
991000,7,269327,0.800000,1.000000,0.463745,1.000000,0.000000,0,0.000000,990280.000000,1.000000,1158375304327.000000,1616881.000000
991000,8,269439,0.800000,1.000000,0.532903,1.000000,0.000000,0,0.000000,990808.000000,1.000000,1158375304327.000000,1616881.000000
991000,9,265392,0.800000,1.000000,0.644264,1.000000,0.000000,0,0.000000,812585.000000,1.000000,1158375304327.000000,1616881.000000
991000,10,269483,0.800000,1.000000,0.621216,1.000000,0.000000,0,0.000000,990999.000000,1.000000,1158375304327.000000,1616881.000000
991000,11,269477,0.800000,1.000000,0.457942,1.000000,0.000000,0,0.000000,990850.000000,1.000000,1158375304327.000000,1616881.000000
991000,12,269471,0.800000,1.000000,0.702627,1.000000,0.000000,0,0.000000,990933.000000,1.000000,1158375304327.000000,1616881.000000
991000,13,269484,0.800000,1.000000,0.685035,1.000000,0.000000,0,0.000000,990951.000000,1.000000,1158375304327.000000,1616881.000000
991000,14,269484,0.800000,1.000000,0.657502,1.000000,0.000000,0,0.000000,990997.000000,1.000000,1158375304327.000000,1616881.000000
991000,15,269479,0.800000,1.000000,0.638394,1.000000,0.000000,0,0.000000,990841.000000,1.000000,1158375304327.000000,1616881.000000
992000,0,269754,0.800000,1.000000,0.728180,1.000000,0.000000,1,791574.000000,992000.000000,1.000000,1160905750296.000000,2153680.000000
992000,1,269739,0.800000,1.000000,0.630407,1.000000,0.000000,0,0.000000,991897.000000,1.000000,1160905750296.000000,2153680.000000
992000,2,267673,0.800000,1.000000,0.616095,1.000000,0.000000,0,0.000000,948455.000000,1.000000,1160905750296.000000,2153680.000000
992000,3,269683,0.800000,1.000000,0.637411,1.000000,0.000000,0,0.000000,978890.000000,1.000000,1160905750296.000000,2153680.000000
992000,4,269752,0.800000,1.000000,0.567180,1.000000,0.000000,0,0.000000,991983.000000,1.000000,1160905750296.000000,2153680.000000
992000,5,269755,0.800000,1.000000,0.652681,1.000000,0.000000,0,0.000000,991997.000000,1.000000,1160905750296.000000,2153680.000000
992000,6,269754,0.800000,1.000000,0.630476,1.000000,0.000000,0,0.000000,991982.000000,1.000000,1160905750296.000000,2153680.000000
992000,7,269733,0.800000,1.000000,0.617091,1.000000,0.000000,0,0.000000,990280.000000,1.000000,1160905750296.000000,2153680.000000
992000,8,269749,0.800000,1.000000,0.696518,1.000000,0.000000,0,0.000000,991913.000000,1.000000,1160905750296.000000,2153680.000000
992000,9,265735,0.800000,1.000000,0.699125,1.000000,0.000000,0,0.000000,812585.000000,1.000000,1160905750296.000000,2153680.000000
992000,10,269755,0.800000,1.000000,0.722860,1.000000,0.000000,0,0.000000,991998.000000,1.000000,1160905750296.000000,2153680.000000
992000,11,269731,0.800000,1.000000,0.641585,1.000000,0.000000,0,0.000000,990850.000000,1.000000,1160905750296.000000,2153680.000000
992000,12,269725,0.800000,1.000000,0.723847,1.000000,0.000000,0,0.000000,991866.000000,1.000000,1160905750296.000000,2153680.000000
992000,13,269749,0.800000,1.000000,0.698856,1.000000,0.000000,0,0.000000,991975.000000,1.000000,1160905750296.000000,2153680.000000
992000,14,269738,0.800000,1.000000,0.665282,1.000000,0.000000,0,0.000000,991943.000000,1.000000,1160905750296.000000,2153680.000000
992000,15,269755,0.800000,1.000000,0.666286,1.000000,0.000000,0,0.000000,991999.000000,1.000000,1160905750296.000000,2153680.000000
993000,0,270033,0.800000,1.000000,0.651035,1.000000,0.000000,0,0.000000,992998.000000,1.000000,1163280132440.000000,2688247.000000
993000,1,270030,0.800000,1.000000,0.714136,1.000000,0.000000,0,0.000000,992828.000000,1.000000,1163280132440.000000,2688247.000000
993000,2,267965,0.800000,1.000000,0.684435,1.000000,0.000000,0,0.000000,948455.000000,1.000000,1163280132440.000000,2688247.000000
993000,3,270033,0.800000,1.000000,0.545049,1.000000,0.000000,0,0.000000,992972.000000,1.000000,1163280132440.000000,2688247.000000
993000,4,270024,0.800000,1.000000,0.589459,1.000000,0.000000,0,0.000000,992911.000000,1.000000,1163280132440.000000,2688247.000000
993000,5,270007,0.800000,1.000000,0.557332,1.000000,0.000000,0,0.000000,992713.000000,1.000000,1163280132440.000000,2688247.000000
993000,6,270033,0.800000,1.000000,0.612609,1.000000,0.000000,0,0.000000,992986.000000,1.000000,1163280132440.000000,2688247.000000
993000,7,270032,0.800000,1.000000,0.634128,1.000000,0.000000,0,0.000000,992953.000000,1.000000,1163280132440.000000,2688247.000000
993000,8,270012,0.800000,1.000000,0.597013,1.000000,0.000000,0,0.000000,992777.000000,1.000000,1163280132440.000000,2688247.000000
993000,9,266063,0.800000,1.000000,0.640075,1.000000,0.000000,0,0.000000,812585.000000,1.000000,1163280132440.000000,2688247.000000
993000,10,270033,0.800000,1.000000,0.539569,1.000000,0.000000,0,0.000000,992971.000000,1.000000,1163280132440.000000,2688247.000000
993000,11,270033,0.800000,1.000000,0.656206,1.000000,0.000000,0,0.000000,992997.000000,1.000000,1163280132440.000000,2688247.000000
993000,12,269799,0.800000,1.000000,0.507600,1.000000,0.000000,0,0.000000,991866.000000,1.000000,1163280132440.000000,2688247.000000
993000,13,270033,0.800000,1.000000,0.582364,1.000000,0.000000,1,804908.000000,993000.000000,1.000000,1163280132440.000000,2688247.000000
993000,14,270033,0.800000,1.000000,0.772067,1.000000,0.000000,0,0.000000,992992.000000,1.000000,1163280132440.000000,2688247.000000
993000,15,270023,0.800000,1.000000,0.708884,1.000000,0.000000,0,0.000000,992823.000000,1.000000,1163280132440.000000,2688247.000000
994000,0,270319,0.800000,1.000000,0.763197,1.000000,0.000000,0,0.000000,993997.000000,1.000000,1165860415083.000000,1613821.000000
994000,1,270318,0.800000,1.000000,0.651987,1.000000,0.000000,0,0.000000,993983.000000,1.000000,1165860415083.000000,1613821.000000
994000,2,268326,0.800000,1.000000,0.664314,1.000000,0.000000,0,0.000000,948455.000000,1.000000,1165860415083.000000,1613821.000000
994000,3,270321,0.800000,1.000000,0.675041,1.000000,0.000000,0,0.000000,993996.000000,1.000000,1165860415083.000000,1613821.000000
994000,4,270287,0.800000,1.000000,0.601977,1.000000,0.000000,0,0.000000,993201.000000,1.000000,1165860415083.000000,1613821.000000
994000,5,270320,0.800000,1.000000,0.486813,1.000000,0.000000,0,0.000000,993999.000000,1.000000,1165860415083.000000,1613821.000000
994000,6,270310,0.800000,1.000000,0.696697,1.000000,0.000000,0,0.000000,993703.000000,1.000000,1165860415083.000000,1613821.000000
994000,7,270320,0.800000,1.000000,0.669860,1.000000,0.000000,0,0.000000,993991.000000,1.000000,1165860415083.000000,1613821.000000
994000,8,270321,0.800000,1.000000,0.630388,1.000000,0.000000,0,0.000000,993998.000000,1.000000,1165860415083.000000,1613821.000000
994000,9,266388,0.800000,1.000000,0.549467,1.000000,0.000000,0,0.000000,812585.000000,1.000000,1165860415083.000000,1613821.000000
994000,10,270314,0.800000,1.000000,0.653315,1.000000,0.000000,0,0.000000,993735.000000,1.000000,1165860415083.000000,1613821.000000
994000,11,270290,0.800000,1.000000,0.596326,1.000000,0.000000,0,0.000000,993873.000000,1.000000,1165860415083.000000,1613821.000000
994000,12,270203,0.800000,1.000000,0.742683,1.000000,0.000000,0,0.000000,991866.000000,1.000000,1165860415083.000000,1613821.000000
994000,13,270291,0.800000,1.000000,0.732985,1.000000,0.000000,0,0.000000,993712.000000,1.000000,1165860415083.000000,1613821.000000
994000,14,270321,0.800000,1.000000,0.751159,1.000000,0.000000,1,802559.000000,994000.000000,1.000000,1165860415083.000000,1613821.000000
994000,15,270320,0.800000,1.000000,0.576721,1.000000,0.000000,0,0.000000,993993.000000,1.000000,1165860415083.000000,1613821.000000
995000,0,270594,0.800000,1.000000,0.700096,1.000000,0.000000,0,0.000000,994971.000000,1.000000,1168389628966.000000,3247128.000000
995000,1,270602,0.800000,1.000000,0.643211,1.000000,0.000000,0,0.000000,994998.000000,1.000000,1168389628966.000000,3247128.000000
995000,2,268667,0.800000,1.000000,0.667987,1.000000,0.000000,0,0.000000,948455.000000,1.000000,1168389628966.000000,3247128.000000
995000,3,270603,0.800000,1.000000,0.735252,1.000000,0.000000,1,798524.000000,995000.000000,1.000000,1168389628966.000000,3247128.000000
995000,4,270587,0.800000,1.000000,0.722831,1.000000,0.000000,0,0.000000,994946.000000,1.000000,1168389628966.000000,3247128.000000
995000,5,270603,0.800000,1.000000,0.629790,1.000000,0.000000,0,0.000000,994983.000000,1.000000,1168389628966.000000,3247128.000000
995000,6,270571,0.800000,1.000000,0.753099,1.000000,0.000000,0,0.000000,994859.000000,1.000000,1168389628966.000000,3247128.000000
995000,7,270589,0.800000,1.000000,0.731338,1.000000,0.000000,0,0.000000,994376.000000,1.000000,1168389628966.000000,3247128.000000
995000,8,270602,0.800000,1.000000,0.591633,1.000000,0.000000,0,0.000000,994969.000000,1.000000,1168389628966.000000,3247128.000000
995000,9,266703,0.800000,1.000000,0.640277,1.000000,0.000000,0,0.000000,812585.000000,1.000000,1168389628966.000000,3247128.000000
995000,10,270584,0.800000,1.000000,0.734521,1.000000,0.000000,0,0.000000,994739.000000,1.000000,1168389628966.000000,3247128.000000
995000,11,270603,0.800000,1.000000,0.563607,1.000000,0.000000,0,0.000000,994997.000000,1.000000,1168389628966.000000,3247128.000000
995000,12,270568,0.800000,1.000000,0.781395,1.000000,0.000000,0,0.000000,991866.000000,1.000000,1168389628966.000000,3247128.000000
995000,13,270569,0.800000,1.000000,0.718978,1.000000,0.000000,0,0.000000,994805.000000,1.000000,1168389628966.000000,3247128.000000
995000,14,270603,0.800000,1.000000,0.578197,1.000000,0.000000,0,0.000000,994982.000000,1.000000,1168389628966.000000,3247128.000000
995000,15,270604,0.800000,1.000000,0.627277,1.000000,0.000000,0,0.000000,994995.000000,1.000000,1168389628966.000000,3247128.000000
996000,0,270861,0.800000,1.000000,0.657936,1.000000,0.000000,0,0.000000,995915.000000,1.000000,1170753174346.000000,3792137.000000
996000,1,270872,0.800000,1.000000,0.569732,1.000000,0.000000,0,0.000000,995978.000000,1.000000,1170753174346.000000,3792137.000000
996000,2,269051,0.800000,1.000000,0.553739,1.000000,0.000000,0,0.000000,948455.000000,1.000000,1170753174346.000000,3792137.000000
996000,3,270872,0.800000,1.000000,0.623277,1.000000,0.000000,0,0.000000,995997.000000,1.000000,1170753174346.000000,3792137.000000
996000,4,270872,0.800000,1.000000,0.570969,1.000000,0.000000,0,0.000000,995998.000000,1.000000,1170753174346.000000,3792137.000000
996000,5,270845,0.800000,1.000000,0.752522,1.000000,0.000000,0,0.000000,995613.000000,1.000000,1170753174346.000000,3792137.000000
996000,6,270868,0.800000,1.000000,0.492786,1.000000,0.000000,0,0.000000,995857.000000,1.000000,1170753174346.000000,3792137.000000
996000,7,270868,0.800000,1.000000,0.671248,1.000000,0.000000,0,0.000000,995926.000000,1.000000,1170753174346.000000,3792137.000000
996000,8,270872,0.800000,1.000000,0.636056,1.000000,0.000000,0,0.000000,995999.000000,1.000000,1170753174346.000000,3792137.000000
996000,9,266853,0.800000,1.000000,0.585578,1.000000,0.000000,0,0.000000,812585.000000,1.000000,1170753174346.000000,3792137.000000
996000,10,270858,0.800000,1.000000,0.817640,1.000000,0.000000,0,0.000000,995941.000000,1.000000,1170753174346.000000,3792137.000000
996000,11,270868,0.800000,1.000000,0.643564,1.000000,0.000000,0,0.000000,995957.000000,1.000000,1170753174346.000000,3792137.000000
996000,12,270872,0.800000,1.000000,0.672630,1.000000,0.000000,0,0.000000,995996.000000,1.000000,1170753174346.000000,3792137.000000
996000,13,270871,0.800000,1.000000,0.608740,1.000000,0.000000,0,0.000000,995975.000000,1.000000,1170753174346.000000,3792137.000000
996000,14,270847,0.800000,1.000000,0.750356,1.000000,0.000000,0,0.000000,995897.000000,1.000000,1170753174346.000000,3792137.000000
996000,15,270872,0.800000,1.000000,0.607681,1.000000,0.000000,1,812824.000000,996000.000000,1.000000,1170753174346.000000,3792137.000000
997000,0,271158,0.800000,1.000000,0.596182,1.000000,0.000000,0,0.000000,996861.000000,1.000000,1173182651578.000000,2699911.000000
997000,1,271158,0.800000,1.000000,0.652645,1.000000,0.000000,0,0.000000,996973.000000,1.000000,1173182651578.000000,2699911.000000
997000,2,269460,0.800000,1.000000,0.716313,1.000000,0.000000,0,0.000000,948455.000000,1.000000,1173182651578.000000,2699911.000000
997000,3,271158,0.800000,1.000000,0.699775,1.000000,0.000000,0,0.000000,996997.000000,1.000000,1173182651578.000000,2699911.000000
997000,4,271109,0.800000,1.000000,0.714302,1.000000,0.000000,0,0.000000,996814.000000,1.000000,1173182651578.000000,2699911.000000
997000,5,271141,0.800000,1.000000,0.626288,1.000000,0.000000,0,0.000000,996707.000000,1.000000,1173182651578.000000,2699911.000000
997000,6,271045,0.800000,1.000000,0.735999,1.000000,0.000000,0,0.000000,996037.000000,1.000000,1173182651578.000000,2699911.000000
997000,7,271143,0.800000,1.000000,0.649161,1.000000,0.000000,0,0.000000,996929.000000,1.000000,1173182651578.000000,2699911.000000
997000,8,271159,0.800000,1.000000,0.566878,1.000000,0.000000,0,0.000000,996987.000000,1.000000,1173182651578.000000,2699911.000000
997000,9,267055,0.800000,1.000000,0.731880,1.000000,0.000000,0,0.000000,812585.000000,1.000000,1173182651578.000000,2699911.000000
997000,10,271157,0.800000,1.000000,0.659602,1.000000,0.000000,0,0.000000,996962.000000,1.000000,1173182651578.000000,2699911.000000
997000,11,271144,0.800000,1.000000,0.534355,1.000000,0.000000,0,0.000000,996467.000000,1.000000,1173182651578.000000,2699911.000000
997000,12,271159,0.800000,1.000000,0.761319,1.000000,0.000000,1,804096.000000,997000.000000,1.000000,1173182651578.000000,2699911.000000
997000,13,271159,0.800000,1.000000,0.613728,1.000000,0.000000,0,0.000000,996990.000000,1.000000,1173182651578.000000,2699911.000000
997000,14,271146,0.800000,1.000000,0.602401,1.000000,0.000000,0,0.000000,996909.000000,1.000000,1173182651578.000000,2699911.000000
997000,15,271159,0.800000,1.000000,0.630802,1.000000,0.000000,0,0.000000,996966.000000,1.000000,1173182651578.000000,2699911.000000
998000,0,271420,0.800000,1.000000,0.680577,1.000000,0.000000,0,0.000000,997976.000000,1.000000,1175671405867.000000,3248988.000000
998000,1,271426,0.800000,1.000000,0.665186,1.000000,0.000000,0,0.000000,997987.000000,1.000000,1175671405867.000000,3248988.000000
998000,2,269804,0.800000,1.000000,0.574516,1.000000,0.000000,0,0.000000,948455.000000,1.000000,1175671405867.000000,3248988.000000
998000,3,271389,0.800000,1.000000,0.641108,1.000000,0.000000,0,0.000000,997413.000000,1.000000,1175671405867.000000,3248988.000000
998000,4,271397,0.800000,1.000000,0.786779,1.000000,0.000000,0,0.000000,996814.000000,1.000000,1175671405867.000000,3248988.000000
998000,5,271419,0.800000,1.000000,0.475172,1.000000,0.000000,0,0.000000,997909.000000,1.000000,1175671405867.000000,3248988.000000
998000,6,271410,0.800000,1.000000,0.607716,1.000000,0.000000,0,0.000000,996037.000000,1.000000,1175671405867.000000,3248988.000000
998000,7,271422,0.800000,1.000000,0.634765,1.000000,0.000000,0,0.000000,997965.000000,1.000000,1175671405867.000000,3248988.000000
998000,8,271425,0.800000,1.000000,0.673623,1.000000,0.000000,0,0.000000,997989.000000,1.000000,1175671405867.000000,3248988.000000
998000,9,267448,0.800000,1.000000,0.688540,1.000000,0.000000,0,0.000000,812585.000000,1.000000,1175671405867.000000,3248988.000000
998000,10,271426,0.800000,1.000000,0.758322,1.000000,0.000000,1,802103.000000,998000.000000,1.000000,1175671405867.000000,3248988.000000
998000,11,271426,0.800000,1.000000,0.588416,1.000000,0.000000,0,0.000000,997991.000000,1.000000,1175671405867.000000,3248988.000000
998000,12,271427,0.800000,1.000000,0.644998,1.000000,0.000000,0,0.000000,997997.000000,1.000000,1175671405867.000000,3248988.000000
998000,13,271427,0.800000,1.000000,0.642081,1.000000,0.000000,0,0.000000,997998.000000,1.000000,1175671405867.000000,3248988.000000
998000,14,271420,0.800000,1.000000,0.572240,1.000000,0.000000,0,0.000000,997946.000000,1.000000,1175671405867.000000,3248988.000000
998000,15,271419,0.800000,1.000000,0.622603,1.000000,0.000000,0,0.000000,997691.000000,1.000000,1175671405867.000000,3248988.000000
999000,0,271681,0.800000,1.000000,0.738928,1.000000,0.000000,0,0.000000,998883.000000,1.000000,1178152422176.000000,3249380.000000
999000,1,271712,0.800000,1.000000,0.467637,1.000000,0.000000,1,801970.000000,999000.000000,1.000000,1178152422176.000000,3249380.000000
999000,2,270139,0.800000,1.000000,0.681531,1.000000,0.000000,0,0.000000,948455.000000,1.000000,1178152422176.000000,3249380.000000
999000,3,271712,0.800000,1.000000,0.719267,1.000000,0.000000,0,0.000000,998907.000000,1.000000,1178152422176.000000,3249380.000000
999000,4,271708,0.800000,1.000000,0.589832,1.000000,0.000000,0,0.000000,998968.000000,1.000000,1178152422176.000000,3249380.000000
999000,5,271709,0.800000,1.000000,0.748943,1.000000,0.000000,0,0.000000,998986.000000,1.000000,1178152422176.000000,3249380.000000
999000,6,271701,0.800000,1.000000,0.477922,1.000000,0.000000,0,0.000000,998937.000000,1.000000,1178152422176.000000,3249380.000000
999000,7,271713,0.800000,1.000000,0.680553,1.000000,0.000000,0,0.000000,998996.000000,1.000000,1178152422176.000000,3249380.000000
999000,8,271698,0.800000,1.000000,0.605854,1.000000,0.000000,0,0.000000,998584.000000,1.000000,1178152422176.000000,3249380.000000
999000,9,267788,0.800000,1.000000,0.714947,1.000000,0.000000,0,0.000000,812585.000000,1.000000,1178152422176.000000,3249380.000000
999000,10,271628,0.800000,1.000000,0.669238,1.000000,0.000000,0,0.000000,998485.000000,1.000000,1178152422176.000000,3249380.000000
999000,11,271712,0.800000,1.000000,0.762550,1.000000,0.000000,0,0.000000,998999.000000,1.000000,1178152422176.000000,3249380.000000
999000,12,271713,0.800000,1.000000,0.744355,1.000000,0.000000,0,0.000000,998997.000000,1.000000,1178152422176.000000,3249380.000000
999000,13,271710,0.800000,1.000000,0.634510,1.000000,0.000000,0,0.000000,998904.000000,1.000000,1178152422176.000000,3249380.000000
999000,14,271645,0.800000,1.000000,0.648194,1.000000,0.000000,0,0.000000,998087.000000,1.000000,1178152422176.000000,3249380.000000
999000,15,271711,0.800000,1.000000,0.743073,1.000000,0.000000,0,0.000000,998990.000000,1.000000,1178152422176.000000,3249380.000000
