tick,pid,queue,arrival,service,lambda_hat,mu_hat,scheduler_score,chosen,waiting_time,completion_time,throughput,V,drift
0,0,0,0.600000,1.000000,0.600000,1.000000,0.000000,0,0.000000,-1.000000,0.000000,0.000000,0.000000
0,1,0,0.600000,1.000000,0.600000,1.000000,0.000000,0,0.000000,-1.000000,0.000000,0.000000,0.000000
0,2,0,0.600000,1.000000,0.600000,1.000000,0.000000,0,0.000000,-1.000000,0.000000,0.000000,0.000000
0,3,0,0.600000,1.000000,0.600000,1.000000,0.000000,0,0.000000,-1.000000,0.000000,0.000000,0.000000
0,4,0,0.600000,1.000000,0.600000,1.000000,0.000000,0,0.000000,-1.000000,0.000000,0.000000,0.000000
0,5,0,0.600000,1.000000,0.600000,1.000000,0.000000,0,0.000000,-1.000000,0.000000,0.000000,0.000000
0,6,0,0.600000,1.000000,0.600000,1.000000,0.000000,0,0.000000,-1.000000,0.000000,0.000000,0.000000
0,7,0,0.600000,1.000000,0.600000,1.000000,0.000000,0,0.000000,-1.000000,0.000000,0.000000,0.000000
0,8,0,0.600000,1.000000,0.600000,1.000000,0.000000,0,0.000000,-1.000000,0.000000,0.000000,0.000000
0,9,0,0.600000,1.000000,0.600000,1.000000,0.000000,0,0.000000,-1.000000,0.000000,0.000000,0.000000
0,10,0,0.600000,1.000000,0.600000,1.000000,0.000000,0,0.000000,-1.000000,0.000000,0.000000,0.000000
0,11,0,0.600000,1.000000,0.600000,1.000000,0.000000,0,0.000000,-1.000000,0.000000,0.000000,0.000000
0,12,0,0.600000,1.000000,0.600000,1.000000,0.000000,0,0.000000,-1.000000,0.000000,0.000000,0.000000
0,13,0,0.600000,1.000000,0.600000,1.000000,0.000000,0,0.000000,-1.000000,0.000000,0.000000,0.000000
0,14,0,0.600000,1.000000,0.600000,1.000000,0.000000,0,0.000000,-1.000000,0.000000,0.000000,0.000000
0,15,0,0.600000,1.000000,0.600000,1.000000,0.000000,0,0.000000,-1.000000,0.000000,0.000000,0.000000
1000,0,535,0.600000,1.000000,0.798336,1.000000,0.000000,0,0.000000,999.000000,1.000000,4536081.000000,8522.000000
1000,1,536,0.600000,1.000000,0.682133,1.000000,0.000000,0,0.000000,782.000000,1.000000,4536081.000000,8522.000000
1000,2,536,0.600000,1.000000,0.673076,1.000000,0.000000,1,905.000000,1000.000000,1.000000,4536081.000000,8522.000000
1000,3,533,0.600000,1.000000,0.723385,1.000000,0.000000,0,0.000000,881.000000,1.000000,4536081.000000,8522.000000
1000,4,536,0.600000,1.000000,0.779207,1.000000,0.000000,0,0.000000,998.000000,1.000000,4536081.000000,8522.000000
1000,5,529,0.600000,1.000000,0.622837,1.000000,0.000000,0,0.000000,30.000000,1.000000,4536081.000000,8522.000000
1000,6,532,0.600000,1.000000,0.602689,1.000000,0.000000,0,0.000000,925.000000,1.000000,4536081.000000,8522.000000
1000,7,525,0.600000,1.000000,0.535671,1.000000,0.000000,0,0.000000,917.000000,1.000000,4536081.000000,8522.000000
1000,8,537,0.600000,1.000000,0.661862,1.000000,0.000000,0,0.000000,988.000000,1.000000,4536081.000000,8522.000000
1000,9,532,0.600000,1.000000,0.474524,1.000000,0.000000,0,0.000000,931.000000,1.000000,4536081.000000,8522.000000
1000,10,529,0.600000,1.000000,0.559237,1.000000,0.000000,0,0.000000,965.000000,1.000000,4536081.000000,8522.000000
1000,11,534,0.600000,1.000000,0.704363,1.000000,0.000000,0,0.000000,989.000000,1.000000,4536081.000000,8522.000000
1000,12,533,0.600000,1.000000,0.587320,1.000000,0.000000,0,0.000000,971.000000,1.000000,4536081.000000,8522.000000
1000,13,523,0.600000,1.000000,0.697858,1.000000,0.000000,0,0.000000,786.000000,1.000000,4536081.000000,8522.000000
1000,14,535,0.600000,1.000000,0.655213,1.000000,0.000000,0,0.000000,942.000000,1.000000,4536081.000000,8522.000000
1000,15,534,0.600000,1.000000,0.582756,1.000000,0.000000,0,0.000000,976.000000,1.000000,4536081.000000,8522.000000
2000,0,1079,0.600000,1.000000,0.642963,1.000000,0.000000,0,0.000000,1932.000000,1.000000,18749012.000000,25962.000000
2000,1,1085,0.600000,1.000000,0.672329,1.000000,0.000000,0,0.000000,1997.000000,1.000000,18749012.000000,25962.000000
2000,2,1085,0.600000,1.000000,0.624389,1.000000,0.000000,0,0.000000,1988.000000,1.000000,18749012.000000,25962.000000
2000,3,1082,0.600000,1.000000,0.836703,1.000000,0.000000,0,0.000000,1908.000000,1.000000,18749012.000000,25962.000000
2000,4,1085,0.600000,1.000000,0.612203,1.000000,0.000000,0,0.000000,1929.000000,1.000000,18749012.000000,25962.000000
2000,5,1078,0.600000,1.000000,0.676010,1.000000,0.000000,0,0.000000,1802.000000,1.000000,18749012.000000,25962.000000
2000,6,1085,0.600000,1.000000,0.834845,1.000000,0.000000,0,0.000000,1998.000000,1.000000,18749012.000000,25962.000000
2000,7,1082,0.600000,1.000000,0.511053,1.000000,0.000000,0,0.000000,1962.000000,1.000000,18749012.000000,25962.000000
2000,8,1086,0.600000,1.000000,0.646634,1.000000,0.000000,0,0.000000,1963.000000,1.000000,18749012.000000,25962.000000
2000,9,1086,0.600000,1.000000,0.809657,1.000000,0.000000,1,1768.000000,2000.000000,1.000000,18749012.000000,25962.000000
2000,10,1080,0.600000,1.000000,0.583989,1.000000,0.000000,0,0.000000,1917.000000,1.000000,18749012.000000,25962.000000
2000,11,1081,0.600000,1.000000,0.673156,1.000000,0.000000,0,0.000000,1747.000000,1.000000,18749012.000000,25962.000000
2000,12,1084,0.600000,1.000000,0.674104,1.000000,0.000000,0,0.000000,1981.000000,1.000000,18749012.000000,25962.000000
2000,13,1083,0.600000,1.000000,0.698642,1.000000,0.000000,0,0.000000,1897.000000,1.000000,18749012.000000,25962.000000
2000,14,1080,0.600000,1.000000,0.584859,1.000000,0.000000,0,0.000000,1922.000000,1.000000,18749012.000000,25962.000000
2000,15,1079,0.600000,1.000000,0.663410,1.000000,0.000000,0,0.000000,1834.000000,1.000000,18749012.000000,25962.000000
3000,0,1633,0.600000,1.000000,0.655620,1.000000,0.000000,0,0.000000,2996.000000,1.000000,42618151.000000,32642.000000
3000,1,1627,0.600000,1.000000,0.700337,1.000000,0.000000,0,0.000000,2926.000000,1.000000,42618151.000000,32642.000000
3000,2,1628,0.600000,1.000000,0.634245,1.000000,0.000000,0,0.000000,2953.000000,1.000000,42618151.000000,32642.000000
3000,3,1633,0.600000,1.000000,0.801064,1.000000,0.000000,0,0.000000,2999.000000,1.000000,42618151.000000,32642.000000
3000,4,1633,0.600000,1.000000,0.730755,1.000000,0.000000,0,0.000000,2990.000000,1.000000,42618151.000000,32642.000000
3000,5,1632,0.600000,1.000000,0.533987,1.000000,0.000000,0,0.000000,2919.000000,1.000000,42618151.000000,32642.000000
3000,6,1634,0.600000,1.000000,0.712559,1.000000,0.000000,0,0.000000,2992.000000,1.000000,42618151.000000,32642.000000
3000,7,1630,0.600000,1.000000,0.729384,1.000000,0.000000,0,0.000000,2974.000000,1.000000,42618151.000000,32642.000000
3000,8,1634,0.600000,1.000000,0.747751,1.000000,0.000000,0,0.000000,2967.000000,1.000000,42618151.000000,32642.000000
3000,9,1633,0.600000,1.000000,0.643153,1.000000,0.000000,0,0.000000,2988.000000,1.000000,42618151.000000,32642.000000
3000,10,1634,0.600000,1.000000,0.693004,1.000000,0.000000,1,2731.000000,3000.000000,1.000000,42618151.000000,32642.000000
3000,11,1634,0.600000,1.000000,0.686566,1.000000,0.000000,0,0.000000,2980.000000,1.000000,42618151.000000,32642.000000
3000,12,1632,0.600000,1.000000,0.677487,1.000000,0.000000,0,0.000000,2954.000000,1.000000,42618151.000000,32642.000000
3000,13,1627,0.600000,1.000000,0.523571,1.000000,0.000000,0,0.000000,2931.000000,1.000000,42618151.000000,32642.000000
3000,14,1634,0.600000,1.000000,0.706729,1.000000,0.000000,0,0.000000,2991.000000,1.000000,42618151.000000,32642.000000
3000,15,1635,0.600000,1.000000,0.667672,1.000000,0.000000,0,0.000000,2981.000000,1.000000,42618151.000000,32642.000000
4000,0,2168,0.600000,1.000000,0.601615,1.000000,0.000000,0,0.000000,3859.000000,1.000000,75277423.000000,43378.000000
4000,1,2163,0.600000,1.000000,0.583577,1.000000,0.000000,0,0.000000,3882.000000,1.000000,75277423.000000,43378.000000
4000,2,2168,0.600000,1.000000,0.648564,1.000000,0.000000,0,0.000000,3846.000000,1.000000,75277423.000000,43378.000000
4000,3,2170,0.600000,1.000000,0.771694,1.000000,0.000000,0,0.000000,3972.000000,1.000000,75277423.000000,43378.000000
4000,4,2171,0.600000,1.000000,0.760403,1.000000,0.000000,0,0.000000,3991.000000,1.000000,75277423.000000,43378.000000
4000,5,2172,0.600000,1.000000,0.679904,1.000000,0.000000,0,0.000000,3996.000000,1.000000,75277423.000000,43378.000000
4000,6,2170,0.600000,1.000000,0.605268,1.000000,0.000000,0,0.000000,3995.000000,1.000000,75277423.000000,43378.000000
4000,7,2172,0.600000,1.000000,0.648635,1.000000,0.000000,0,0.000000,3969.000000,1.000000,75277423.000000,43378.000000
4000,8,2172,0.600000,1.000000,0.789365,1.000000,0.000000,1,3578.000000,4000.000000,1.000000,75277423.000000,43378.000000
4000,9,2169,0.600000,1.000000,0.649742,1.000000,0.000000,0,0.000000,3940.000000,1.000000,75277423.000000,43378.000000
4000,10,2166,0.600000,1.000000,0.570342,1.000000,0.000000,0,0.000000,3927.000000,1.000000,75277423.000000,43378.000000
4000,11,2171,0.600000,1.000000,0.722276,1.000000,0.000000,0,0.000000,3922.000000,1.000000,75277423.000000,43378.000000
4000,12,2167,0.600000,1.000000,0.624129,1.000000,0.000000,0,0.000000,3954.000000,1.000000,75277423.000000,43378.000000
4000,13,2165,0.600000,1.000000,0.702377,1.000000,0.000000,0,0.000000,3847.000000,1.000000,75277423.000000,43378.000000
4000,14,2171,0.600000,1.000000,0.815542,1.000000,0.000000,0,0.000000,3997.000000,1.000000,75277423.000000,43378.000000
4000,15,2170,0.600000,1.000000,0.586854,1.000000,0.000000,0,0.000000,3959.000000,1.000000,75277423.000000,43378.000000
5000,0,2704,0.600000,1.000000,0.731240,1.000000,0.000000,0,0.000000,4744.000000,1.000000,117440824.000000,27081.000000
5000,1,2711,0.600000,1.000000,0.642583,1.000000,0.000000,0,0.000000,4966.000000,1.000000,117440824.000000,27081.000000
5000,2,2712,0.600000,1.000000,0.742853,1.000000,0.000000,0,0.000000,4998.000000,1.000000,117440824.000000,27081.000000
5000,3,2711,0.600000,1.000000,0.667562,1.000000,0.000000,0,0.000000,4963.000000,1.000000,117440824.000000,27081.000000
5000,4,2698,0.600000,1.000000,0.722377,1.000000,0.000000,0,0.000000,4838.000000,1.000000,117440824.000000,27081.000000
5000,5,2712,0.600000,1.000000,0.694621,1.000000,0.000000,0,0.000000,4994.000000,1.000000,117440824.000000,27081.000000
5000,6,2709,0.600000,1.000000,0.658676,1.000000,0.000000,0,0.000000,4961.000000,1.000000,117440824.000000,27081.000000
5000,7,2704,0.600000,1.000000,0.663178,1.000000,0.000000,0,0.000000,4659.000000,1.000000,117440824.000000,27081.000000
5000,8,2706,0.600000,1.000000,0.600365,1.000000,0.000000,0,0.000000,4749.000000,1.000000,117440824.000000,27081.000000
5000,9,2712,0.600000,1.000000,0.583276,1.000000,0.000000,0,0.000000,4935.000000,1.000000,117440824.000000,27081.000000
5000,10,2712,0.600000,1.000000,0.615834,1.000000,0.000000,0,0.000000,4978.000000,1.000000,117440824.000000,27081.000000
5000,11,2712,0.600000,1.000000,0.735193,1.000000,0.000000,0,0.000000,4992.000000,1.000000,117440824.000000,27081.000000
5000,12,2712,0.600000,1.000000,0.666847,1.000000,0.000000,0,0.000000,4960.000000,1.000000,117440824.000000,27081.000000
5000,13,2710,0.600000,1.000000,0.761881,1.000000,0.000000,0,0.000000,4986.000000,1.000000,117440824.000000,27081.000000
5000,14,2712,0.600000,1.000000,0.621728,1.000000,0.000000,1,4308.000000,5000.000000,1.000000,117440824.000000,27081.000000
5000,15,2711,0.600000,1.000000,0.742841,1.000000,0.000000,0,0.000000,4999.000000,1.000000,117440824.000000,27081.000000
6000,0,3253,0.600000,1.000000,0.712917,1.000000,0.000000,1,5502.000000,6000.000000,1.000000,168954717.000000,32507.000000
6000,1,3251,0.600000,1.000000,0.597220,1.000000,0.000000,0,0.000000,5992.000000,1.000000,168954717.000000,32507.000000
6000,2,3251,0.600000,1.000000,0.659963,1.000000,0.000000,0,0.000000,5995.000000,1.000000,168954717.000000,32507.000000
6000,3,3254,0.600000,1.000000,0.683030,1.000000,0.000000,0,0.000000,5967.000000,1.000000,168954717.000000,32507.000000
6000,4,3249,0.600000,1.000000,0.684879,1.000000,0.000000,0,0.000000,5946.000000,1.000000,168954717.000000,32507.000000
6000,5,3248,0.600000,1.000000,0.563696,1.000000,0.000000,0,0.000000,5960.000000,1.000000,168954717.000000,32507.000000
6000,6,3248,0.600000,1.000000,0.597059,1.000000,0.000000,0,0.000000,5938.000000,1.000000,168954717.000000,32507.000000
6000,7,3252,0.600000,1.000000,0.781845,1.000000,0.000000,0,0.000000,5999.000000,1.000000,168954717.000000,32507.000000
6000,8,3240,0.600000,1.000000,0.457934,1.000000,0.000000,0,0.000000,5927.000000,1.000000,168954717.000000,32507.000000
6000,9,3253,0.600000,1.000000,0.586639,1.000000,0.000000,0,0.000000,5989.000000,1.000000,168954717.000000,32507.000000
6000,10,3253,0.600000,1.000000,0.645186,1.000000,0.000000,0,0.000000,5993.000000,1.000000,168954717.000000,32507.000000
6000,11,3249,0.600000,1.000000,0.457774,1.000000,0.000000,0,0.000000,5970.000000,1.000000,168954717.000000,32507.000000
6000,12,3249,0.600000,1.000000,0.512398,1.000000,0.000000,0,0.000000,5966.000000,1.000000,168954717.000000,32507.000000
6000,13,3252,0.600000,1.000000,0.537957,1.000000,0.000000,0,0.000000,5986.000000,1.000000,168954717.000000,32507.000000
6000,14,3243,0.600000,1.000000,0.570150,1.000000,0.000000,0,0.000000,5893.000000,1.000000,168954717.000000,32507.000000
6000,15,3248,0.600000,1.000000,0.583348,1.000000,0.000000,0,0.000000,5774.000000,1.000000,168954717.000000,32507.000000
7000,0,3787,0.600000,1.000000,0.669745,1.000000,0.000000,0,0.000000,6994.000000,1.000000,229310560.000000,105964.000000
7000,1,3785,0.600000,1.000000,0.637558,1.000000,0.000000,0,0.000000,6913.000000,1.000000,229310560.000000,105964.000000
7000,2,3786,0.600000,1.000000,0.553640,1.000000,0.000000,0,0.000000,6974.000000,1.000000,229310560.000000,105964.000000
7000,3,3786,0.600000,1.000000,0.694654,1.000000,0.000000,0,0.000000,6970.000000,1.000000,229310560.000000,105964.000000
7000,4,3783,0.600000,1.000000,0.688541,1.000000,0.000000,0,0.000000,6989.000000,1.000000,229310560.000000,105964.000000
7000,5,3784,0.600000,1.000000,0.690688,1.000000,0.000000,0,0.000000,6867.000000,1.000000,229310560.000000,105964.000000
7000,6,3789,0.600000,1.000000,0.714615,1.000000,0.000000,0,0.000000,6998.000000,1.000000,229310560.000000,105964.000000
7000,7,3784,0.600000,1.000000,0.616470,1.000000,0.000000,0,0.000000,6982.000000,1.000000,229310560.000000,105964.000000
7000,8,3789,0.600000,1.000000,0.742013,1.000000,0.000000,1,6381.000000,7000.000000,1.000000,229310560.000000,105964.000000
7000,9,3787,0.600000,1.000000,0.785662,1.000000,0.000000,0,0.000000,6973.000000,1.000000,229310560.000000,105964.000000
7000,10,3788,0.600000,1.000000,0.647314,1.000000,0.000000,0,0.000000,6990.000000,1.000000,229310560.000000,105964.000000
7000,11,3788,0.600000,1.000000,0.636364,1.000000,0.000000,0,0.000000,6997.000000,1.000000,229310560.000000,105964.000000
7000,12,3786,0.600000,1.000000,0.661391,1.000000,0.000000,0,0.000000,6976.000000,1.000000,229310560.000000,105964.000000
7000,13,3778,0.600000,1.000000,0.605904,1.000000,0.000000,0,0.000000,6624.000000,1.000000,229310560.000000,105964.000000
7000,14,3787,0.600000,1.000000,0.778128,1.000000,0.000000,0,0.000000,6999.000000,1.000000,229310560.000000,105964.000000
7000,15,3785,0.600000,1.000000,0.575912,1.000000,0.000000,0,0.000000,6981.000000,1.000000,229310560.000000,105964.000000
8000,0,4319,0.600000,1.000000,0.637767,1.000000,0.000000,0,0.000000,7955.000000,1.000000,298322118.000000,77705.000000
8000,1,4320,0.600000,1.000000,0.611341,1.000000,0.000000,0,0.000000,7979.000000,1.000000,298322118.000000,77705.000000
8000,2,4318,0.600000,1.000000,0.618382,1.000000,0.000000,0,0.000000,7990.000000,1.000000,298322118.000000,77705.000000
8000,3,4319,0.600000,1.000000,0.742691,1.000000,0.000000,0,0.000000,7982.000000,1.000000,298322118.000000,77705.000000
8000,4,4319,0.600000,1.000000,0.760088,1.000000,0.000000,0,0.000000,7993.000000,1.000000,298322118.000000,77705.000000
8000,5,4321,0.600000,1.000000,0.617185,1.000000,0.000000,0,0.000000,7995.000000,1.000000,298322118.000000,77705.000000
8000,6,4320,0.600000,1.000000,0.698225,1.000000,0.000000,1,7104.000000,8000.000000,1.000000,298322118.000000,77705.000000
8000,7,4314,0.600000,1.000000,0.595394,1.000000,0.000000,0,0.000000,7885.000000,1.000000,298322118.000000,77705.000000
8000,8,4318,0.600000,1.000000,0.575783,1.000000,0.000000,0,0.000000,7953.000000,1.000000,298322118.000000,77705.000000
8000,9,4315,0.600000,1.000000,0.559116,1.000000,0.000000,0,0.000000,7968.000000,1.000000,298322118.000000,77705.000000
8000,10,4320,0.600000,1.000000,0.649738,1.000000,0.000000,0,0.000000,7996.000000,1.000000,298322118.000000,77705.000000
8000,11,4315,0.600000,1.000000,0.660361,1.000000,0.000000,0,0.000000,7922.000000,1.000000,298322118.000000,77705.000000
8000,12,4320,0.600000,1.000000,0.671122,1.000000,0.000000,0,0.000000,7992.000000,1.000000,298322118.000000,77705.000000
8000,13,4310,0.600000,1.000000,0.643458,1.000000,0.000000,0,0.000000,7663.000000,1.000000,298322118.000000,77705.000000
8000,14,4320,0.600000,1.000000,0.627429,1.000000,0.000000,0,0.000000,7997.000000,1.000000,298322118.000000,77705.000000
8000,15,4320,0.600000,1.000000,0.752915,1.000000,0.000000,0,0.000000,7999.000000,1.000000,298322118.000000,77705.000000
9000,0,4854,0.600000,1.000000,0.615228,1.000000,0.000000,0,0.000000,8996.000000,1.000000,376680231.000000,58210.000000
9000,1,4850,0.600000,1.000000,0.700308,1.000000,0.000000,0,0.000000,8838.000000,1.000000,376680231.000000,58210.000000
9000,2,4854,0.600000,1.000000,0.710478,1.000000,0.000000,0,0.000000,8999.000000,1.000000,376680231.000000,58210.000000
9000,3,4852,0.600000,1.000000,0.557044,1.000000,0.000000,0,0.000000,8953.000000,1.000000,376680231.000000,58210.000000
9000,4,4852,0.600000,1.000000,0.664730,1.000000,0.000000,0,0.000000,8994.000000,1.000000,376680231.000000,58210.000000
9000,5,4852,0.600000,1.000000,0.574677,1.000000,0.000000,0,0.000000,8975.000000,1.000000,376680231.000000,58210.000000
9000,6,4854,0.600000,1.000000,0.727597,1.000000,0.000000,1,8014.000000,9000.000000,1.000000,376680231.000000,58210.000000
9000,7,4854,0.600000,1.000000,0.813505,1.000000,0.000000,0,0.000000,8998.000000,1.000000,376680231.000000,58210.000000
9000,8,4849,0.600000,1.000000,0.578261,1.000000,0.000000,0,0.000000,8941.000000,1.000000,376680231.000000,58210.000000
9000,9,4855,0.600000,1.000000,0.641692,1.000000,0.000000,0,0.000000,8987.000000,1.000000,376680231.000000,58210.000000
9000,10,4850,0.600000,1.000000,0.632982,1.000000,0.000000,0,0.000000,8867.000000,1.000000,376680231.000000,58210.000000
9000,11,4852,0.600000,1.000000,0.517595,1.000000,0.000000,0,0.000000,8989.000000,1.000000,376680231.000000,58210.000000
9000,12,4852,0.600000,1.000000,0.642196,1.000000,0.000000,0,0.000000,8946.000000,1.000000,376680231.000000,58210.000000
9000,13,4848,0.600000,1.000000,0.687172,1.000000,0.000000,0,0.000000,8981.000000,1.000000,376680231.000000,58210.000000
9000,14,4854,0.600000,1.000000,0.651519,1.000000,0.000000,0,0.000000,8972.000000,1.000000,376680231.000000,58210.000000
9000,15,4851,0.600000,1.000000,0.622272,1.000000,0.000000,0,0.000000,8898.000000,1.000000,376680231.000000,58210.000000
10000,0,5383,0.600000,1.000000,0.627224,1.000000,0.000000,0,0.000000,9733.000000,1.000000,464154757.000000,129252.000000
10000,1,5384,0.600000,1.000000,0.610232,1.000000,0.000000,0,0.000000,9987.000000,1.000000,464154757.000000,129252.000000
10000,2,5387,0.600000,1.000000,0.709571,1.000000,0.000000,0,0.000000,9932.000000,1.000000,464154757.000000,129252.000000
10000,3,5387,0.600000,1.000000,0.680424,1.000000,0.000000,0,0.000000,9984.000000,1.000000,464154757.000000,129252.000000
10000,4,5388,0.600000,1.000000,0.771853,1.000000,0.000000,0,0.000000,9996.000000,1.000000,464154757.000000,129252.000000
10000,5,5388,0.600000,1.000000,0.764799,1.000000,0.000000,1,8932.000000,10000.000000,1.000000,464154757.000000,129252.000000
10000,6,5389,0.600000,1.000000,0.668697,1.000000,0.000000,0,0.000000,9998.000000,1.000000,464154757.000000,129252.000000
10000,7,5385,0.600000,1.000000,0.696551,1.000000,0.000000,0,0.000000,9899.000000,1.000000,464154757.000000,129252.000000
10000,8,5387,0.600000,1.000000,0.711133,1.000000,0.000000,0,0.000000,9989.000000,1.000000,464154757.000000,129252.000000
10000,9,5388,0.600000,1.000000,0.766562,1.000000,0.000000,0,0.000000,9999.000000,1.000000,464154757.000000,129252.000000
10000,10,5385,0.600000,1.000000,0.535326,1.000000,0.000000,0,0.000000,9950.000000,1.000000,464154757.000000,129252.000000
10000,11,5383,0.600000,1.000000,0.630161,1.000000,0.000000,0,0.000000,9951.000000,1.000000,464154757.000000,129252.000000
10000,12,5386,0.600000,1.000000,0.617225,1.000000,0.000000,0,0.000000,9887.000000,1.000000,464154757.000000,129252.000000
10000,13,5385,0.600000,1.000000,0.672476,1.000000,0.000000,0,0.000000,9960.000000,1.000000,464154757.000000,129252.000000
10000,14,5386,0.600000,1.000000,0.679790,1.000000,0.000000,0,0.000000,9962.000000,1.000000,464154757.000000,129252.000000
10000,15,5386,0.600000,1.000000,0.678475,1.000000,0.000000,0,0.000000,9983.000000,1.000000,464154757.000000,129252.000000
11000,0,5915,0.600000,1.000000,0.621313,1.000000,0.000000,0,0.000000,10946.000000,1.000000,559973181.000000,59165.000000
11000,1,5918,0.600000,1.000000,0.757204,1.000000,0.000000,0,0.000000,10993.000000,1.000000,559973181.000000,59165.000000
11000,2,5915,0.600000,1.000000,0.532407,1.000000,0.000000,0,0.000000,10969.000000,1.000000,559973181.000000,59165.000000
11000,3,5917,0.600000,1.000000,0.618316,1.000000,0.000000,0,0.000000,10989.000000,1.000000,559973181.000000,59165.000000
11000,4,5913,0.600000,1.000000,0.560655,1.000000,0.000000,0,0.000000,10938.000000,1.000000,559973181.000000,59165.000000
11000,5,5918,0.600000,1.000000,0.679052,1.000000,0.000000,0,0.000000,10996.000000,1.000000,559973181.000000,59165.000000
11000,6,5909,0.600000,1.000000,0.598270,1.000000,0.000000,0,0.000000,10873.000000,1.000000,559973181.000000,59165.000000
11000,7,5917,0.600000,1.000000,0.537852,1.000000,0.000000,0,0.000000,10945.000000,1.000000,559973181.000000,59165.000000
11000,8,5917,0.600000,1.000000,0.672653,1.000000,0.000000,0,0.000000,10952.000000,1.000000,559973181.000000,59165.000000
11000,9,5919,0.600000,1.000000,0.618644,1.000000,0.000000,1,9882.000000,11000.000000,1.000000,559973181.000000,59165.000000
11000,10,5912,0.600000,1.000000,0.591507,1.000000,0.000000,0,0.000000,10918.000000,1.000000,559973181.000000,59165.000000
11000,11,5918,0.600000,1.000000,0.672527,1.000000,0.000000,0,0.000000,10983.000000,1.000000,559973181.000000,59165.000000
11000,12,5916,0.600000,1.000000,0.680151,1.000000,0.000000,0,0.000000,10579.000000,1.000000,559973181.000000,59165.000000
11000,13,5918,0.600000,1.000000,0.698241,1.000000,0.000000,0,0.000000,10999.000000,1.000000,559973181.000000,59165.000000
11000,14,5914,0.600000,1.000000,0.616668,1.000000,0.000000,0,0.000000,10970.000000,1.000000,559973181.000000,59165.000000
11000,15,5919,0.600000,1.000000,0.600208,1.000000,0.000000,0,0.000000,10998.000000,1.000000,559973181.000000,59165.000000
12000,0,6460,0.600000,1.000000,0.677220,1.000000,0.000000,0,0.000000,11998.000000,1.000000,666595334.000000,116133.000000
12000,1,6456,0.600000,1.000000,0.622608,1.000000,0.000000,0,0.000000,11984.000000,1.000000,666595334.000000,116133.000000
12000,2,6449,0.600000,1.000000,0.523495,1.000000,0.000000,0,0.000000,11955.000000,1.000000,666595334.000000,116133.000000
12000,3,6456,0.600000,1.000000,0.701798,1.000000,0.000000,0,0.000000,11522.000000,1.000000,666595334.000000,116133.000000
12000,4,6448,0.600000,1.000000,0.601035,1.000000,0.000000,0,0.000000,11690.000000,1.000000,666595334.000000,116133.000000
12000,5,6458,0.600000,1.000000,0.726393,1.000000,0.000000,0,0.000000,11992.000000,1.000000,666595334.000000,116133.000000
12000,6,6459,0.600000,1.000000,0.759094,1.000000,0.000000,0,0.000000,11999.000000,1.000000,666595334.000000,116133.000000
12000,7,6456,0.600000,1.000000,0.679124,1.000000,0.000000,0,0.000000,11980.000000,1.000000,666595334.000000,116133.000000
12000,8,6452,0.600000,1.000000,0.655689,1.000000,0.000000,0,0.000000,11905.000000,1.000000,666595334.000000,116133.000000
12000,9,6460,0.600000,1.000000,0.692984,1.000000,0.000000,0,0.000000,11997.000000,1.000000,666595334.000000,116133.000000
12000,10,6446,0.600000,1.000000,0.692956,1.000000,0.000000,0,0.000000,11877.000000,1.000000,666595334.000000,116133.000000
12000,11,6460,0.600000,1.000000,0.741059,1.000000,0.000000,1,10709.000000,12000.000000,1.000000,666595334.000000,116133.000000
12000,12,6452,0.600000,1.000000,0.595888,1.000000,0.000000,0,0.000000,11919.000000,1.000000,666595334.000000,116133.000000
12000,13,6446,0.600000,1.000000,0.544295,1.000000,0.000000,0,0.000000,11941.000000,1.000000,666595334.000000,116133.000000
12000,14,6460,0.600000,1.000000,0.739849,1.000000,0.000000,0,0.000000,11991.000000,1.000000,666595334.000000,116133.000000
12000,15,6456,0.600000,1.000000,0.756723,1.000000,0.000000,0,0.000000,11797.000000,1.000000,666595334.000000,116133.000000
13000,0,6996,0.600000,1.000000,0.633396,1.000000,0.000000,0,0.000000,12929.000000,1.000000,782685150.000000,97937.000000
13000,1,6993,0.600000,1.000000,0.477035,1.000000,0.000000,0,0.000000,12937.000000,1.000000,782685150.000000,97937.000000
13000,2,6999,0.600000,1.000000,0.736775,1.000000,0.000000,0,0.000000,12996.000000,1.000000,782685150.000000,97937.000000
13000,3,6991,0.600000,1.000000,0.626694,1.000000,0.000000,0,0.000000,12942.000000,1.000000,782685150.000000,97937.000000
13000,4,6980,0.600000,1.000000,0.601784,1.000000,0.000000,0,0.000000,12841.000000,1.000000,782685150.000000,97937.000000
13000,5,7000,0.600000,1.000000,0.693747,1.000000,0.000000,1,11588.000000,13000.000000,1.000000,782685150.000000,97937.000000
13000,6,6998,0.600000,1.000000,0.682545,1.000000,0.000000,0,0.000000,12988.000000,1.000000,782685150.000000,97937.000000
13000,7,6997,0.600000,1.000000,0.718369,1.000000,0.000000,0,0.000000,12990.000000,1.000000,782685150.000000,97937.000000
13000,8,7000,0.600000,1.000000,0.665137,1.000000,0.000000,0,0.000000,12976.000000,1.000000,782685150.000000,97937.000000
13000,9,6996,0.600000,1.000000,0.601753,1.000000,0.000000,0,0.000000,12974.000000,1.000000,782685150.000000,97937.000000
13000,10,6995,0.600000,1.000000,0.570654,1.000000,0.000000,0,0.000000,12837.000000,1.000000,782685150.000000,97937.000000
13000,11,6991,0.600000,1.000000,0.511076,1.000000,0.000000,0,0.000000,12932.000000,1.000000,782685150.000000,97937.000000
13000,12,6980,0.600000,1.000000,0.493441,1.000000,0.000000,0,0.000000,12696.000000,1.000000,782685150.000000,97937.000000
13000,13,6992,0.600000,1.000000,0.665858,1.000000,0.000000,0,0.000000,12898.000000,1.000000,782685150.000000,97937.000000
13000,14,7000,0.600000,1.000000,0.758783,1.000000,0.000000,0,0.000000,12999.000000,1.000000,782685150.000000,97937.000000
13000,15,6998,0.600000,1.000000,0.735252,1.000000,0.000000,0,0.000000,12995.000000,1.000000,782685150.000000,97937.000000
14000,0,7533,0.600000,1.000000,0.494524,1.000000,0.000000,0,0.000000,13830.000000,1.000000,909278961.000000,120628.000000
14000,1,7533,0.600000,1.000000,0.524452,1.000000,0.000000,0,0.000000,13764.000000,1.000000,909278961.000000,120628.000000
14000,2,7538,0.600000,1.000000,0.666925,1.000000,0.000000,0,0.000000,13914.000000,1.000000,909278961.000000,120628.000000
14000,3,7541,0.600000,1.000000,0.573150,1.000000,0.000000,0,0.000000,13989.000000,1.000000,909278961.000000,120628.000000
14000,4,7542,0.600000,1.000000,0.626292,1.000000,0.000000,0,0.000000,13973.000000,1.000000,909278961.000000,120628.000000
14000,5,7542,0.600000,1.000000,0.640709,1.000000,0.000000,0,0.000000,13997.000000,1.000000,909278961.000000,120628.000000
14000,6,7540,0.600000,1.000000,0.700090,1.000000,0.000000,0,0.000000,13994.000000,1.000000,909278961.000000,120628.000000
14000,7,7539,0.600000,1.000000,0.625539,1.000000,0.000000,0,0.000000,13970.000000,1.000000,909278961.000000,120628.000000
14000,8,7542,0.600000,1.000000,0.713254,1.000000,0.000000,0,0.000000,13998.000000,1.000000,909278961.000000,120628.000000
14000,9,7539,0.600000,1.000000,0.754390,1.000000,0.000000,0,0.000000,13992.000000,1.000000,909278961.000000,120628.000000
14000,10,7535,0.600000,1.000000,0.677720,1.000000,0.000000,0,0.000000,13852.000000,1.000000,909278961.000000,120628.000000
14000,11,7535,0.600000,1.000000,0.577516,1.000000,0.000000,0,0.000000,13943.000000,1.000000,909278961.000000,120628.000000
14000,12,7542,0.600000,1.000000,0.663718,1.000000,0.000000,1,12650.000000,14000.000000,1.000000,909278961.000000,120628.000000
14000,13,7539,0.600000,1.000000,0.594278,1.000000,0.000000,0,0.000000,13976.000000,1.000000,909278961.000000,120628.000000
14000,14,7542,0.600000,1.000000,0.710604,1.000000,0.000000,0,0.000000,13999.000000,1.000000,909278961.000000,120628.000000
14000,15,7535,0.600000,1.000000,0.587502,1.000000,0.000000,0,0.000000,13961.000000,1.000000,909278961.000000,120628.000000
15000,0,8079,0.600000,1.000000,0.644830,1.000000,0.000000,0,0.000000,14977.000000,1.000000,1043419552.000000,96900.000000
15000,1,8070,0.600000,1.000000,0.511471,1.000000,0.000000,0,0.000000,14868.000000,1.000000,1043419552.000000,96900.000000
15000,2,8078,0.600000,1.000000,0.624744,1.000000,0.000000,0,0.000000,14966.000000,1.000000,1043419552.000000,96900.000000
15000,3,8078,0.600000,1.000000,0.676696,1.000000,0.000000,0,0.000000,14994.000000,1.000000,1043419552.000000,96900.000000
15000,4,8078,0.600000,1.000000,0.667050,1.000000,0.000000,0,0.000000,14997.000000,1.000000,1043419552.000000,96900.000000
15000,5,8076,0.600000,1.000000,0.581671,1.000000,0.000000,0,0.000000,14954.000000,1.000000,1043419552.000000,96900.000000
15000,6,8073,0.600000,1.000000,0.647732,1.000000,0.000000,0,0.000000,14787.000000,1.000000,1043419552.000000,96900.000000
15000,7,8077,0.600000,1.000000,0.761718,1.000000,0.000000,0,0.000000,14998.000000,1.000000,1043419552.000000,96900.000000
15000,8,8079,0.600000,1.000000,0.680724,1.000000,0.000000,1,13334.000000,15000.000000,1.000000,1043419552.000000,96900.000000
15000,9,8080,0.600000,1.000000,0.674455,1.000000,0.000000,0,0.000000,14993.000000,1.000000,1043419552.000000,96900.000000
15000,10,8078,0.600000,1.000000,0.622942,1.000000,0.000000,0,0.000000,14988.000000,1.000000,1043419552.000000,96900.000000
15000,11,8067,0.600000,1.000000,0.707445,1.000000,0.000000,0,0.000000,13943.000000,1.000000,1043419552.000000,96900.000000
15000,12,8078,0.600000,1.000000,0.709465,1.000000,0.000000,0,0.000000,14967.000000,1.000000,1043419552.000000,96900.000000
15000,13,8063,0.600000,1.000000,0.465667,1.000000,0.000000,0,0.000000,14870.000000,1.000000,1043419552.000000,96900.000000
15000,14,8077,0.600000,1.000000,0.673914,1.000000,0.000000,0,0.000000,14986.000000,1.000000,1043419552.000000,96900.000000
15000,15,8077,0.600000,1.000000,0.608128,1.000000,0.000000,0,0.000000,14928.000000,1.000000,1043419552.000000,96900.000000
16000,0,8614,0.600000,1.000000,0.619488,1.000000,0.000000,0,0.000000,15821.000000,1.000000,1188836030.000000,172406.000000
16000,1,8619,0.600000,1.000000,0.685401,1.000000,0.000000,0,0.000000,15895.000000,1.000000,1188836030.000000,172406.000000
16000,2,8622,0.600000,1.000000,0.603144,1.000000,0.000000,0,0.000000,15996.000000,1.000000,1188836030.000000,172406.000000
16000,3,8619,0.600000,1.000000,0.526037,1.000000,0.000000,0,0.000000,15957.000000,1.000000,1188836030.000000,172406.000000
16000,4,8622,0.600000,1.000000,0.796745,1.000000,0.000000,1,14289.000000,16000.000000,1.000000,1188836030.000000,172406.000000
16000,5,8623,0.600000,1.000000,0.637935,1.000000,0.000000,0,0.000000,15992.000000,1.000000,1188836030.000000,172406.000000
16000,6,8617,0.600000,1.000000,0.747859,1.000000,0.000000,0,0.000000,15740.000000,1.000000,1188836030.000000,172406.000000
16000,7,8619,0.600000,1.000000,0.606498,1.000000,0.000000,0,0.000000,15904.000000,1.000000,1188836030.000000,172406.000000
16000,8,8619,0.600000,1.000000,0.576983,1.000000,0.000000,0,0.000000,15977.000000,1.000000,1188836030.000000,172406.000000
16000,9,8623,0.600000,1.000000,0.688643,1.000000,0.000000,0,0.000000,15962.000000,1.000000,1188836030.000000,172406.000000
16000,10,8620,0.600000,1.000000,0.738732,1.000000,0.000000,0,0.000000,15506.000000,1.000000,1188836030.000000,172406.000000
16000,11,8623,0.600000,1.000000,0.538165,1.000000,0.000000,0,0.000000,15937.000000,1.000000,1188836030.000000,172406.000000
16000,12,8619,0.600000,1.000000,0.547439,1.000000,0.000000,0,0.000000,15877.000000,1.000000,1188836030.000000,172406.000000
16000,13,8616,0.600000,1.000000,0.627885,1.000000,0.000000,0,0.000000,15943.000000,1.000000,1188836030.000000,172406.000000
16000,14,8620,0.600000,1.000000,0.602953,1.000000,0.000000,0,0.000000,15980.000000,1.000000,1188836030.000000,172406.000000
16000,15,8623,0.600000,1.000000,0.681240,1.000000,0.000000,0,0.000000,15999.000000,1.000000,1188836030.000000,172406.000000
17000,0,9158,0.600000,1.000000,0.606868,1.000000,0.000000,0,0.000000,16984.000000,1.000000,1341720496.000000,164843.000000
17000,1,9157,0.600000,1.000000,0.647774,1.000000,0.000000,0,0.000000,16983.000000,1.000000,1341720496.000000,164843.000000
17000,2,9159,0.600000,1.000000,0.756023,1.000000,0.000000,0,0.000000,16998.000000,1.000000,1341720496.000000,164843.000000
17000,3,9154,0.600000,1.000000,0.660195,1.000000,0.000000,0,0.000000,16986.000000,1.000000,1341720496.000000,164843.000000
17000,4,9155,0.600000,1.000000,0.596107,1.000000,0.000000,0,0.000000,16971.000000,1.000000,1341720496.000000,164843.000000
17000,5,9161,0.600000,1.000000,0.663612,1.000000,0.000000,0,0.000000,16994.000000,1.000000,1341720496.000000,164843.000000
17000,6,9147,0.600000,1.000000,0.596082,1.000000,0.000000,0,0.000000,16692.000000,1.000000,1341720496.000000,164843.000000
17000,7,9161,0.600000,1.000000,0.723552,1.000000,0.000000,0,0.000000,16992.000000,1.000000,1341720496.000000,164843.000000
17000,8,9161,0.600000,1.000000,0.667925,1.000000,0.000000,1,15119.000000,17000.000000,1.000000,1341720496.000000,164843.000000
17000,9,9159,0.600000,1.000000,0.734189,1.000000,0.000000,0,0.000000,16993.000000,1.000000,1341720496.000000,164843.000000
17000,10,9154,0.600000,1.000000,0.600891,1.000000,0.000000,0,0.000000,16682.000000,1.000000,1341720496.000000,164843.000000
17000,11,9159,0.600000,1.000000,0.638586,1.000000,0.000000,0,0.000000,16991.000000,1.000000,1341720496.000000,164843.000000
17000,12,9161,0.600000,1.000000,0.794256,1.000000,0.000000,0,0.000000,16999.000000,1.000000,1341720496.000000,164843.000000
17000,13,9160,0.600000,1.000000,0.589315,1.000000,0.000000,0,0.000000,16958.000000,1.000000,1341720496.000000,164843.000000
17000,14,9153,0.600000,1.000000,0.549362,1.000000,0.000000,0,0.000000,16890.000000,1.000000,1341720496.000000,164843.000000
17000,15,9159,0.600000,1.000000,0.610995,1.000000,0.000000,0,0.000000,16980.000000,1.000000,1341720496.000000,164843.000000
18000,0,9695,0.600000,1.000000,0.552965,1.000000,0.000000,0,0.000000,17836.000000,1.000000,1504470308.000000,193930.000000
18000,1,9699,0.600000,1.000000,0.585997,1.000000,0.000000,0,0.000000,17960.000000,1.000000,1504470308.000000,193930.000000
18000,2,9692,0.600000,1.000000,0.569617,1.000000,0.000000,0,0.000000,17937.000000,1.000000,1504470308.000000,193930.000000
18000,3,9699,0.600000,1.000000,0.656245,1.000000,0.000000,0,0.000000,17954.000000,1.000000,1504470308.000000,193930.000000
18000,4,9697,0.600000,1.000000,0.553094,1.000000,0.000000,0,0.000000,17950.000000,1.000000,1504470308.000000,193930.000000
18000,5,9699,0.600000,1.000000,0.642646,1.000000,0.000000,0,0.000000,17986.000000,1.000000,1504470308.000000,193930.000000
18000,6,9700,0.600000,1.000000,0.629788,1.000000,0.000000,0,0.000000,17993.000000,1.000000,1504470308.000000,193930.000000
18000,7,9699,0.600000,1.000000,0.727116,1.000000,0.000000,1,16132.000000,18000.000000,1.000000,1504470308.000000,193930.000000
18000,8,9697,0.600000,1.000000,0.647107,1.000000,0.000000,0,0.000000,17944.000000,1.000000,1504470308.000000,193930.000000
18000,9,9697,0.600000,1.000000,0.642378,1.000000,0.000000,0,0.000000,17814.000000,1.000000,1504470308.000000,193930.000000
18000,10,9691,0.600000,1.000000,0.572926,1.000000,0.000000,0,0.000000,17919.000000,1.000000,1504470308.000000,193930.000000
18000,11,9698,0.600000,1.000000,0.797291,1.000000,0.000000,0,0.000000,17997.000000,1.000000,1504470308.000000,193930.000000
18000,12,9699,0.600000,1.000000,0.594806,1.000000,0.000000,0,0.000000,17998.000000,1.000000,1504470308.000000,193930.000000
18000,13,9699,0.600000,1.000000,0.689241,1.000000,0.000000,0,0.000000,17989.000000,1.000000,1504470308.000000,193930.000000
18000,14,9690,0.600000,1.000000,0.606477,1.000000,0.000000,0,0.000000,17885.000000,1.000000,1504470308.000000,193930.000000
18000,15,9699,0.600000,1.000000,0.758795,1.000000,0.000000,0,0.000000,17999.000000,1.000000,1504470308.000000,193930.000000
19000,0,10251,0.600000,1.000000,0.553751,1.000000,0.000000,0,0.000000,18977.000000,1.000000,1680221340.000000,184443.000000
19000,1,10246,0.600000,1.000000,0.640790,1.000000,0.000000,0,0.000000,18714.000000,1.000000,1680221340.000000,184443.000000
19000,2,10246,0.600000,1.000000,0.784891,1.000000,0.000000,0,0.000000,18822.000000,1.000000,1680221340.000000,184443.000000
19000,3,10238,0.600000,1.000000,0.677107,1.000000,0.000000,0,0.000000,18852.000000,1.000000,1680221340.000000,184443.000000
19000,4,10247,0.600000,1.000000,0.604290,1.000000,0.000000,0,0.000000,18976.000000,1.000000,1680221340.000000,184443.000000
19000,5,10252,0.600000,1.000000,0.779952,1.000000,0.000000,0,0.000000,18997.000000,1.000000,1680221340.000000,184443.000000
19000,6,10250,0.600000,1.000000,0.695900,1.000000,0.000000,0,0.000000,18996.000000,1.000000,1680221340.000000,184443.000000
19000,7,10241,0.600000,1.000000,0.561004,1.000000,0.000000,0,0.000000,18939.000000,1.000000,1680221340.000000,184443.000000
19000,8,10252,0.600000,1.000000,0.651998,1.000000,0.000000,0,0.000000,18990.000000,1.000000,1680221340.000000,184443.000000
19000,9,10244,0.600000,1.000000,0.645622,1.000000,0.000000,0,0.000000,18613.000000,1.000000,1680221340.000000,184443.000000
19000,10,10246,0.600000,1.000000,0.709731,1.000000,0.000000,0,0.000000,18799.000000,1.000000,1680221340.000000,184443.000000
19000,11,10248,0.600000,1.000000,0.674108,1.000000,0.000000,0,0.000000,18935.000000,1.000000,1680221340.000000,184443.000000
19000,12,10248,0.600000,1.000000,0.593487,1.000000,0.000000,0,0.000000,18929.000000,1.000000,1680221340.000000,184443.000000
19000,13,10250,0.600000,1.000000,0.570524,1.000000,0.000000,0,0.000000,18986.000000,1.000000,1680221340.000000,184443.000000
19000,14,10252,0.600000,1.000000,0.734314,1.000000,0.000000,1,16949.000000,19000.000000,1.000000,1680221340.000000,184443.000000
19000,15,10251,0.600000,1.000000,0.738344,1.000000,0.000000,0,0.000000,18992.000000,1.000000,1680221340.000000,184443.000000
20000,0,10785,0.600000,1.000000,0.575657,1.000000,0.000000,0,0.000000,19858.000000,1.000000,1860822471.000000,64711.000000
20000,1,10786,0.600000,1.000000,0.723501,1.000000,0.000000,0,0.000000,19988.000000,1.000000,1860822471.000000,64711.000000
20000,2,10787,0.600000,1.000000,0.646260,1.000000,0.000000,0,0.000000,19999.000000,1.000000,1860822471.000000,64711.000000
20000,3,10782,0.600000,1.000000,0.675724,1.000000,0.000000,0,0.000000,19859.000000,1.000000,1860822471.000000,64711.000000
20000,4,10782,0.600000,1.000000,0.647978,1.000000,0.000000,0,0.000000,19975.000000,1.000000,1860822471.000000,64711.000000
20000,5,10786,0.600000,1.000000,0.634598,1.000000,0.000000,0,0.000000,19941.000000,1.000000,1860822471.000000,64711.000000
20000,6,10783,0.600000,1.000000,0.571307,1.000000,0.000000,0,0.000000,19923.000000,1.000000,1860822471.000000,64711.000000
20000,7,10777,0.600000,1.000000,0.626524,1.000000,0.000000,0,0.000000,19894.000000,1.000000,1860822471.000000,64711.000000
20000,8,10787,0.600000,1.000000,0.647831,1.000000,0.000000,0,0.000000,19982.000000,1.000000,1860822471.000000,64711.000000
20000,9,10787,0.600000,1.000000,0.661774,1.000000,0.000000,1,18024.000000,20000.000000,1.000000,1860822471.000000,64711.000000
20000,10,10782,0.600000,1.000000,0.711063,1.000000,0.000000,0,0.000000,19914.000000,1.000000,1860822471.000000,64711.000000
20000,11,10786,0.600000,1.000000,0.626987,1.000000,0.000000,0,0.000000,19976.000000,1.000000,1860822471.000000,64711.000000
20000,12,10786,0.600000,1.000000,0.787651,1.000000,0.000000,0,0.000000,19998.000000,1.000000,1860822471.000000,64711.000000
20000,13,10787,0.600000,1.000000,0.592519,1.000000,0.000000,0,0.000000,19981.000000,1.000000,1860822471.000000,64711.000000
20000,14,10780,0.600000,1.000000,0.621106,1.000000,0.000000,0,0.000000,19930.000000,1.000000,1860822471.000000,64711.000000
20000,15,10786,0.600000,1.000000,0.708527,1.000000,0.000000,0,0.000000,19993.000000,1.000000,1860822471.000000,64711.000000
21000,0,11336,0.600000,1.000000,0.767132,1.000000,0.000000,0,0.000000,20998.000000,1.000000,2055330439.000000,272028.000000
21000,1,11330,0.600000,1.000000,0.572975,1.000000,0.000000,0,0.000000,20957.000000,1.000000,2055330439.000000,272028.000000
21000,2,11336,0.600000,1.000000,0.661706,1.000000,0.000000,0,0.000000,20996.000000,1.000000,2055330439.000000,272028.000000
21000,3,11325,0.600000,1.000000,0.462555,1.000000,0.000000,0,0.000000,20932.000000,1.000000,2055330439.000000,272028.000000
21000,4,11337,0.600000,1.000000,0.576675,1.000000,0.000000,0,0.000000,20948.000000,1.000000,2055330439.000000,272028.000000
21000,5,11336,0.600000,1.000000,0.817158,1.000000,0.000000,1,18885.000000,21000.000000,1.000000,2055330439.000000,272028.000000
21000,6,11335,0.600000,1.000000,0.630455,1.000000,0.000000,0,0.000000,20991.000000,1.000000,2055330439.000000,272028.000000
21000,7,11335,0.600000,1.000000,0.589450,1.000000,0.000000,0,0.000000,20956.000000,1.000000,2055330439.000000,272028.000000
21000,8,11326,0.600000,1.000000,0.647439,1.000000,0.000000,0,0.000000,20944.000000,1.000000,2055330439.000000,272028.000000
21000,9,11337,0.600000,1.000000,0.650038,1.000000,0.000000,0,0.000000,20999.000000,1.000000,2055330439.000000,272028.000000
21000,10,11336,0.600000,1.000000,0.720605,1.000000,0.000000,0,0.000000,20992.000000,1.000000,2055330439.000000,272028.000000
21000,11,11336,0.600000,1.000000,0.685257,1.000000,0.000000,0,0.000000,20973.000000,1.000000,2055330439.000000,272028.000000
21000,12,11336,0.600000,1.000000,0.638540,1.000000,0.000000,0,0.000000,20993.000000,1.000000,2055330439.000000,272028.000000
21000,13,11332,0.600000,1.000000,0.659509,1.000000,0.000000,0,0.000000,20983.000000,1.000000,2055330439.000000,272028.000000
21000,14,11335,0.600000,1.000000,0.728188,1.000000,0.000000,0,0.000000,20804.000000,1.000000,2055330439.000000,272028.000000
21000,15,11335,0.600000,1.000000,0.745451,1.000000,0.000000,0,0.000000,20934.000000,1.000000,2055330439.000000,272028.000000
22000,0,11876,0.600000,1.000000,0.697749,1.000000,0.000000,0,0.000000,21972.000000,1.000000,2255323951.000000,213711.000000
22000,1,11876,0.600000,1.000000,0.624692,1.000000,0.000000,0,0.000000,21997.000000,1.000000,2255323951.000000,213711.000000
22000,2,11874,0.600000,1.000000,0.606329,1.000000,0.000000,0,0.000000,21986.000000,1.000000,2255323951.000000,213711.000000
22000,3,11875,0.600000,1.000000,0.846081,1.000000,0.000000,0,0.000000,21999.000000,1.000000,2255323951.000000,213711.000000
22000,4,11874,0.600000,1.000000,0.637429,1.000000,0.000000,0,0.000000,21571.000000,1.000000,2255323951.000000,213711.000000
22000,5,11868,0.600000,1.000000,0.506815,1.000000,0.000000,0,0.000000,21702.000000,1.000000,2255323951.000000,213711.000000
22000,6,11874,0.600000,1.000000,0.655687,1.000000,0.000000,0,0.000000,21974.000000,1.000000,2255323951.000000,213711.000000
22000,7,11873,0.600000,1.000000,0.646544,1.000000,0.000000,0,0.000000,21833.000000,1.000000,2255323951.000000,213711.000000
22000,8,11871,0.600000,1.000000,0.648412,1.000000,0.000000,0,0.000000,21835.000000,1.000000,2255323951.000000,213711.000000
22000,9,11872,0.600000,1.000000,0.642658,1.000000,0.000000,0,0.000000,21978.000000,1.000000,2255323951.000000,213711.000000
22000,10,11874,0.600000,1.000000,0.722017,1.000000,0.000000,0,0.000000,21629.000000,1.000000,2255323951.000000,213711.000000
22000,11,11875,0.600000,1.000000,0.730127,1.000000,0.000000,1,19882.000000,22000.000000,1.000000,2255323951.000000,213711.000000
22000,12,11868,0.600000,1.000000,0.575889,1.000000,0.000000,0,0.000000,21941.000000,1.000000,2255323951.000000,213711.000000
22000,13,11871,0.600000,1.000000,0.622697,1.000000,0.000000,0,0.000000,21981.000000,1.000000,2255323951.000000,213711.000000
22000,14,11869,0.600000,1.000000,0.672544,1.000000,0.000000,0,0.000000,21896.000000,1.000000,2255323951.000000,213711.000000
22000,15,11871,0.600000,1.000000,0.684856,1.000000,0.000000,0,0.000000,21990.000000,1.000000,2255323951.000000,213711.000000
23000,0,12411,0.600000,1.000000,0.617378,1.000000,0.000000,0,0.000000,22702.000000,1.000000,2464427704.000000,173755.000000
23000,1,12412,0.600000,1.000000,0.692862,1.000000,0.000000,0,0.000000,22946.000000,1.000000,2464427704.000000,173755.000000
23000,2,12413,0.600000,1.000000,0.637924,1.000000,0.000000,0,0.000000,22995.000000,1.000000,2464427704.000000,173755.000000
23000,3,12412,0.600000,1.000000,0.623734,1.000000,0.000000,0,0.000000,22933.000000,1.000000,2464427704.000000,173755.000000
23000,4,12401,0.600000,1.000000,0.540553,1.000000,0.000000,0,0.000000,22803.000000,1.000000,2464427704.000000,173755.000000
23000,5,12413,0.600000,1.000000,0.615722,1.000000,0.000000,0,0.000000,22993.000000,1.000000,2464427704.000000,173755.000000
23000,6,12410,0.600000,1.000000,0.604769,1.000000,0.000000,0,0.000000,22955.000000,1.000000,2464427704.000000,173755.000000
23000,7,12403,0.600000,1.000000,0.663425,1.000000,0.000000,0,0.000000,22571.000000,1.000000,2464427704.000000,173755.000000
23000,8,12412,0.600000,1.000000,0.735013,1.000000,0.000000,0,0.000000,22985.000000,1.000000,2464427704.000000,173755.000000
23000,9,12412,0.600000,1.000000,0.666656,1.000000,0.000000,0,0.000000,22858.000000,1.000000,2464427704.000000,173755.000000
23000,10,12409,0.600000,1.000000,0.680783,1.000000,0.000000,0,0.000000,22962.000000,1.000000,2464427704.000000,173755.000000
23000,11,12414,0.600000,1.000000,0.746000,1.000000,0.000000,0,0.000000,22998.000000,1.000000,2464427704.000000,173755.000000
23000,12,12415,0.600000,1.000000,0.791875,1.000000,0.000000,0,0.000000,22996.000000,1.000000,2464427704.000000,173755.000000
23000,13,12406,0.600000,1.000000,0.621502,1.000000,0.000000,0,0.000000,22915.000000,1.000000,2464427704.000000,173755.000000
23000,14,12415,0.600000,1.000000,0.790506,1.000000,0.000000,1,20612.000000,23000.000000,1.000000,2464427704.000000,173755.000000
23000,15,12414,0.600000,1.000000,0.622602,1.000000,0.000000,0,0.000000,22905.000000,1.000000,2464427704.000000,173755.000000
24000,0,12958,0.600000,1.000000,0.758120,1.000000,0.000000,0,0.000000,23987.000000,1.000000,2684898396.000000,77677.000000
24000,1,12958,0.600000,1.000000,0.767031,1.000000,0.000000,0,0.000000,23997.000000,1.000000,2684898396.000000,77677.000000
24000,2,12954,0.600000,1.000000,0.663294,1.000000,0.000000,0,0.000000,23862.000000,1.000000,2684898396.000000,77677.000000
24000,3,12960,0.600000,1.000000,0.830734,1.000000,0.000000,1,21407.000000,24000.000000,1.000000,2684898396.000000,77677.000000
24000,4,12960,0.600000,1.000000,0.701562,1.000000,0.000000,0,0.000000,23994.000000,1.000000,2684898396.000000,77677.000000
24000,5,12947,0.600000,1.000000,0.681952,1.000000,0.000000,0,0.000000,23896.000000,1.000000,2684898396.000000,77677.000000
24000,6,12958,0.600000,1.000000,0.742509,1.000000,0.000000,0,0.000000,23984.000000,1.000000,2684898396.000000,77677.000000
24000,7,12959,0.600000,1.000000,0.658905,1.000000,0.000000,0,0.000000,23996.000000,1.000000,2684898396.000000,77677.000000
24000,8,12954,0.600000,1.000000,0.677805,1.000000,0.000000,0,0.000000,23986.000000,1.000000,2684898396.000000,77677.000000
24000,9,12960,0.600000,1.000000,0.676879,1.000000,0.000000,0,0.000000,23939.000000,1.000000,2684898396.000000,77677.000000
24000,10,12955,0.600000,1.000000,0.663956,1.000000,0.000000,0,0.000000,23992.000000,1.000000,2684898396.000000,77677.000000
24000,11,12951,0.600000,1.000000,0.646603,1.000000,0.000000,0,0.000000,23502.000000,1.000000,2684898396.000000,77677.000000
24000,12,12948,0.600000,1.000000,0.616915,1.000000,0.000000,0,0.000000,23810.000000,1.000000,2684898396.000000,77677.000000
24000,13,12952,0.600000,1.000000,0.559488,1.000000,0.000000,0,0.000000,23967.000000,1.000000,2684898396.000000,77677.000000
24000,14,12938,0.600000,1.000000,0.541268,1.000000,0.000000,0,0.000000,23572.000000,1.000000,2684898396.000000,77677.000000
24000,15,12952,0.600000,1.000000,0.547024,1.000000,0.000000,0,0.000000,23943.000000,1.000000,2684898396.000000,77677.000000
25000,0,13489,0.600000,1.000000,0.691384,1.000000,0.000000,0,0.000000,24983.000000,1.000000,2908715170.000000,188719.000000
25000,1,13487,0.600000,1.000000,0.683007,1.000000,0.000000,0,0.000000,24974.000000,1.000000,2908715170.000000,188719.000000
25000,2,13487,0.600000,1.000000,0.678043,1.000000,0.000000,0,0.000000,24986.000000,1.000000,2908715170.000000,188719.000000
25000,3,13468,0.600000,1.000000,0.561747,1.000000,0.000000,0,0.000000,24776.000000,1.000000,2908715170.000000,188719.000000
25000,4,13482,0.600000,1.000000,0.681726,1.000000,0.000000,0,0.000000,24937.000000,1.000000,2908715170.000000,188719.000000
25000,5,13486,0.600000,1.000000,0.660053,1.000000,0.000000,0,0.000000,24971.000000,1.000000,2908715170.000000,188719.000000
25000,6,13483,0.600000,1.000000,0.686860,1.000000,0.000000,0,0.000000,24980.000000,1.000000,2908715170.000000,188719.000000
25000,7,13483,0.600000,1.000000,0.570025,1.000000,0.000000,0,0.000000,24964.000000,1.000000,2908715170.000000,188719.000000
25000,8,13488,0.600000,1.000000,0.770606,1.000000,0.000000,0,0.000000,24985.000000,1.000000,2908715170.000000,188719.000000
25000,9,13481,0.600000,1.000000,0.551906,1.000000,0.000000,0,0.000000,24887.000000,1.000000,2908715170.000000,188719.000000
25000,10,13484,0.600000,1.000000,0.594799,1.000000,0.000000,0,0.000000,24978.000000,1.000000,2908715170.000000,188719.000000
25000,11,13489,0.600000,1.000000,0.746158,1.000000,0.000000,1,22596.000000,25000.000000,1.000000,2908715170.000000,188719.000000
25000,12,13489,0.600000,1.000000,0.829217,1.000000,0.000000,0,0.000000,24998.000000,1.000000,2908715170.000000,188719.000000
25000,13,13480,0.600000,1.000000,0.541111,1.000000,0.000000,0,0.000000,24911.000000,1.000000,2908715170.000000,188719.000000
25000,14,13485,0.600000,1.000000,0.726827,1.000000,0.000000,0,0.000000,24993.000000,1.000000,2908715170.000000,188719.000000
25000,15,13469,0.600000,1.000000,0.597665,1.000000,0.000000,0,0.000000,24685.000000,1.000000,2908715170.000000,188719.000000
26000,0,14013,0.600000,1.000000,0.627511,1.000000,0.000000,0,0.000000,25936.000000,1.000000,3145639748.000000,196327.000000
26000,1,14020,0.600000,1.000000,0.576180,1.000000,0.000000,0,0.000000,25984.000000,1.000000,3145639748.000000,196327.000000
26000,2,14025,0.600000,1.000000,0.700471,1.000000,0.000000,0,0.000000,25943.000000,1.000000,3145639748.000000,196327.000000
26000,3,14013,0.600000,1.000000,0.677021,1.000000,0.000000,0,0.000000,25378.000000,1.000000,3145639748.000000,196327.000000
26000,4,14018,0.600000,1.000000,0.589793,1.000000,0.000000,0,0.000000,25953.000000,1.000000,3145639748.000000,196327.000000
26000,5,14017,0.600000,1.000000,0.528396,1.000000,0.000000,0,0.000000,25917.000000,1.000000,3145639748.000000,196327.000000
26000,6,14024,0.600000,1.000000,0.634999,1.000000,0.000000,0,0.000000,25962.000000,1.000000,3145639748.000000,196327.000000
26000,7,14022,0.600000,1.000000,0.732104,1.000000,0.000000,0,0.000000,25930.000000,1.000000,3145639748.000000,196327.000000
26000,8,14024,0.600000,1.000000,0.642464,1.000000,0.000000,0,0.000000,25985.000000,1.000000,3145639748.000000,196327.000000
26000,9,14024,0.600000,1.000000,0.662807,1.000000,0.000000,0,0.000000,25986.000000,1.000000,3145639748.000000,196327.000000
26000,10,14027,0.600000,1.000000,0.627325,1.000000,0.000000,0,0.000000,25967.000000,1.000000,3145639748.000000,196327.000000
26000,11,14024,0.600000,1.000000,0.828480,1.000000,0.000000,0,0.000000,25996.000000,1.000000,3145639748.000000,196327.000000
26000,12,14027,0.600000,1.000000,0.764910,1.000000,0.000000,1,23219.000000,26000.000000,1.000000,3145639748.000000,196327.000000
26000,13,14026,0.600000,1.000000,0.740800,1.000000,0.000000,0,0.000000,25997.000000,1.000000,3145639748.000000,196327.000000
26000,14,14025,0.600000,1.000000,0.683402,1.000000,0.000000,0,0.000000,25884.000000,1.000000,3145639748.000000,196327.000000
26000,15,14015,0.600000,1.000000,0.563351,1.000000,0.000000,0,0.000000,25963.000000,1.000000,3145639748.000000,196327.000000
27000,0,14560,0.600000,1.000000,0.676577,1.000000,0.000000,0,0.000000,26905.000000,1.000000,3390179977.000000,291096.000000
27000,1,14559,0.600000,1.000000,0.789486,1.000000,0.000000,0,0.000000,26996.000000,1.000000,3390179977.000000,291096.000000
27000,2,14554,0.600000,1.000000,0.580012,1.000000,0.000000,0,0.000000,26929.000000,1.000000,3390179977.000000,291096.000000
27000,3,14559,0.600000,1.000000,0.716612,1.000000,0.000000,0,0.000000,26993.000000,1.000000,3390179977.000000,291096.000000
27000,4,14560,0.600000,1.000000,0.657902,1.000000,0.000000,0,0.000000,26994.000000,1.000000,3390179977.000000,291096.000000
27000,5,14557,0.600000,1.000000,0.715001,1.000000,0.000000,0,0.000000,26954.000000,1.000000,3390179977.000000,291096.000000
27000,6,14554,0.600000,1.000000,0.577449,1.000000,0.000000,0,0.000000,26877.000000,1.000000,3390179977.000000,291096.000000
27000,7,14544,0.600000,1.000000,0.648359,1.000000,0.000000,0,0.000000,26745.000000,1.000000,3390179977.000000,291096.000000
27000,8,14557,0.600000,1.000000,0.587423,1.000000,0.000000,0,0.000000,26900.000000,1.000000,3390179977.000000,291096.000000
27000,9,14556,0.600000,1.000000,0.627548,1.000000,0.000000,0,0.000000,26973.000000,1.000000,3390179977.000000,291096.000000
27000,10,14556,0.600000,1.000000,0.717988,1.000000,0.000000,0,0.000000,26982.000000,1.000000,3390179977.000000,291096.000000
27000,11,14554,0.600000,1.000000,0.597232,1.000000,0.000000,0,0.000000,26947.000000,1.000000,3390179977.000000,291096.000000
27000,12,14558,0.600000,1.000000,0.751233,1.000000,0.000000,0,0.000000,26931.000000,1.000000,3390179977.000000,291096.000000
27000,13,14554,0.600000,1.000000,0.623849,1.000000,0.000000,0,0.000000,26978.000000,1.000000,3390179977.000000,291096.000000
27000,14,14560,0.600000,1.000000,0.705308,1.000000,0.000000,0,0.000000,26999.000000,1.000000,3390179977.000000,291096.000000
27000,15,14559,0.600000,1.000000,0.773634,1.000000,0.000000,1,24022.000000,27000.000000,1.000000,3390179977.000000,291096.000000
28000,0,15087,0.600000,1.000000,0.605984,1.000000,0.000000,0,0.000000,27700.000000,1.000000,3645956099.000000,301930.000000
28000,1,15092,0.600000,1.000000,0.527287,1.000000,0.000000,0,0.000000,27809.000000,1.000000,3645956099.000000,301930.000000
28000,2,15098,0.600000,1.000000,0.727449,1.000000,0.000000,1,24939.000000,28000.000000,1.000000,3645956099.000000,301930.000000
28000,3,15091,0.600000,1.000000,0.551748,1.000000,0.000000,0,0.000000,27965.000000,1.000000,3645956099.000000,301930.000000
28000,4,15094,0.600000,1.000000,0.677332,1.000000,0.000000,0,0.000000,27707.000000,1.000000,3645956099.000000,301930.000000
28000,5,15094,0.600000,1.000000,0.683502,1.000000,0.000000,0,0.000000,27959.000000,1.000000,3645956099.000000,301930.000000
28000,6,15099,0.600000,1.000000,0.626368,1.000000,0.000000,0,0.000000,27988.000000,1.000000,3645956099.000000,301930.000000
28000,7,15099,0.600000,1.000000,0.695120,1.000000,0.000000,0,0.000000,27996.000000,1.000000,3645956099.000000,301930.000000
28000,8,15099,0.600000,1.000000,0.662142,1.000000,0.000000,0,0.000000,27998.000000,1.000000,3645956099.000000,301930.000000
28000,9,15098,0.600000,1.000000,0.582134,1.000000,0.000000,0,0.000000,27993.000000,1.000000,3645956099.000000,301930.000000
28000,10,15097,0.600000,1.000000,0.600250,1.000000,0.000000,0,0.000000,27976.000000,1.000000,3645956099.000000,301930.000000
28000,11,15099,0.600000,1.000000,0.702976,1.000000,0.000000,0,0.000000,27956.000000,1.000000,3645956099.000000,301930.000000
28000,12,15099,0.600000,1.000000,0.615470,1.000000,0.000000,0,0.000000,27977.000000,1.000000,3645956099.000000,301930.000000
28000,13,15083,0.600000,1.000000,0.622759,1.000000,0.000000,0,0.000000,27784.000000,1.000000,3645956099.000000,301930.000000
28000,14,15099,0.600000,1.000000,0.652154,1.000000,0.000000,0,0.000000,27885.000000,1.000000,3645956099.000000,301930.000000
28000,15,15099,0.600000,1.000000,0.681581,1.000000,0.000000,0,0.000000,27995.000000,1.000000,3645956099.000000,301930.000000
29000,0,15633,0.600000,1.000000,0.587364,1.000000,0.000000,0,0.000000,28977.000000,1.000000,3909313354.000000,218847.000000
29000,1,15634,0.600000,1.000000,0.725729,1.000000,0.000000,0,0.000000,28999.000000,1.000000,3909313354.000000,218847.000000
29000,2,15633,0.600000,1.000000,0.626354,1.000000,0.000000,0,0.000000,28991.000000,1.000000,3909313354.000000,218847.000000
29000,3,15633,0.600000,1.000000,0.667529,1.000000,0.000000,0,0.000000,28997.000000,1.000000,3909313354.000000,218847.000000
29000,4,15631,0.600000,1.000000,0.650147,1.000000,0.000000,0,0.000000,28883.000000,1.000000,3909313354.000000,218847.000000
29000,5,15617,0.600000,1.000000,0.656793,1.000000,0.000000,0,0.000000,28745.000000,1.000000,3909313354.000000,218847.000000
29000,6,15631,0.600000,1.000000,0.559283,1.000000,0.000000,0,0.000000,28983.000000,1.000000,3909313354.000000,218847.000000
29000,7,15633,0.600000,1.000000,0.595456,1.000000,0.000000,0,0.000000,28998.000000,1.000000,3909313354.000000,218847.000000
29000,8,15628,0.600000,1.000000,0.600100,1.000000,0.000000,0,0.000000,28925.000000,1.000000,3909313354.000000,218847.000000
29000,9,15633,0.600000,1.000000,0.621526,1.000000,0.000000,0,0.000000,28995.000000,1.000000,3909313354.000000,218847.000000
29000,10,15632,0.600000,1.000000,0.614947,1.000000,0.000000,0,0.000000,28855.000000,1.000000,3909313354.000000,218847.000000
29000,11,15634,0.600000,1.000000,0.645572,1.000000,0.000000,1,26263.000000,29000.000000,1.000000,3909313354.000000,218847.000000
29000,12,15630,0.600000,1.000000,0.613195,1.000000,0.000000,0,0.000000,28964.000000,1.000000,3909313354.000000,218847.000000
29000,13,15633,0.600000,1.000000,0.649028,1.000000,0.000000,0,0.000000,28993.000000,1.000000,3909313354.000000,218847.000000
29000,14,15633,0.600000,1.000000,0.639486,1.000000,0.000000,0,0.000000,28973.000000,1.000000,3909313354.000000,218847.000000
29000,15,15630,0.600000,1.000000,0.644225,1.000000,0.000000,0,0.000000,28990.000000,1.000000,3909313354.000000,218847.000000
30000,0,16179,0.600000,1.000000,0.716116,1.000000,0.000000,0,0.000000,29996.000000,1.000000,4187837156.000000,355907.000000
30000,1,16179,0.600000,1.000000,0.657545,1.000000,0.000000,0,0.000000,29978.000000,1.000000,4187837156.000000,355907.000000
30000,2,16180,0.600000,1.000000,0.774725,1.000000,0.000000,1,26712.000000,30000.000000,1.000000,4187837156.000000,355907.000000
30000,3,16179,0.600000,1.000000,0.709187,1.000000,0.000000,0,0.000000,29994.000000,1.000000,4187837156.000000,355907.000000
30000,4,16180,0.600000,1.000000,0.708918,1.000000,0.000000,0,0.000000,29986.000000,1.000000,4187837156.000000,355907.000000
30000,5,16181,0.600000,1.000000,0.658762,1.000000,0.000000,0,0.000000,29997.000000,1.000000,4187837156.000000,355907.000000
30000,6,16177,0.600000,1.000000,0.657621,1.000000,0.000000,0,0.000000,29952.000000,1.000000,4187837156.000000,355907.000000
30000,7,16177,0.600000,1.000000,0.537146,1.000000,0.000000,0,0.000000,29956.000000,1.000000,4187837156.000000,355907.000000
30000,8,16179,0.600000,1.000000,0.749637,1.000000,0.000000,0,0.000000,29770.000000,1.000000,4187837156.000000,355907.000000
30000,9,16180,0.600000,1.000000,0.726881,1.000000,0.000000,0,0.000000,29913.000000,1.000000,4187837156.000000,355907.000000
30000,10,16180,0.600000,1.000000,0.640605,1.000000,0.000000,0,0.000000,29985.000000,1.000000,4187837156.000000,355907.000000
30000,11,16176,0.600000,1.000000,0.742982,1.000000,0.000000,0,0.000000,29975.000000,1.000000,4187837156.000000,355907.000000
30000,12,16178,0.600000,1.000000,0.618342,1.000000,0.000000,0,0.000000,29812.000000,1.000000,4187837156.000000,355907.000000
30000,13,16177,0.600000,1.000000,0.645732,1.000000,0.000000,0,0.000000,29981.000000,1.000000,4187837156.000000,355907.000000
30000,14,16172,0.600000,1.000000,0.588261,1.000000,0.000000,0,0.000000,29869.000000,1.000000,4187837156.000000,355907.000000
30000,15,16180,0.600000,1.000000,0.651119,1.000000,0.000000,0,0.000000,29991.000000,1.000000,4187837156.000000,355907.000000
31000,0,16705,0.600000,1.000000,0.588062,1.000000,0.000000,0,0.000000,30344.000000,1.000000,4468622143.000000,200550.000000
31000,1,16717,0.600000,1.000000,0.675046,1.000000,0.000000,0,0.000000,30842.000000,1.000000,4468622143.000000,200550.000000
31000,2,16711,0.600000,1.000000,0.517072,1.000000,0.000000,0,0.000000,30954.000000,1.000000,4468622143.000000,200550.000000
31000,3,16707,0.600000,1.000000,0.669647,1.000000,0.000000,0,0.000000,30927.000000,1.000000,4468622143.000000,200550.000000
31000,4,16717,0.600000,1.000000,0.722330,1.000000,0.000000,1,27798.000000,31000.000000,1.000000,4468622143.000000,200550.000000
31000,5,16717,0.600000,1.000000,0.827245,1.000000,0.000000,0,0.000000,30999.000000,1.000000,4468622143.000000,200550.000000
31000,6,16716,0.600000,1.000000,0.695781,1.000000,0.000000,0,0.000000,30958.000000,1.000000,4468622143.000000,200550.000000
31000,7,16715,0.600000,1.000000,0.657125,1.000000,0.000000,0,0.000000,30974.000000,1.000000,4468622143.000000,200550.000000
31000,8,16703,0.600000,1.000000,0.605199,1.000000,0.000000,0,0.000000,30855.000000,1.000000,4468622143.000000,200550.000000
31000,9,16714,0.600000,1.000000,0.686203,1.000000,0.000000,0,0.000000,30989.000000,1.000000,4468622143.000000,200550.000000
31000,10,16701,0.600000,1.000000,0.505849,1.000000,0.000000,0,0.000000,30879.000000,1.000000,4468622143.000000,200550.000000
31000,11,16712,0.600000,1.000000,0.669931,1.000000,0.000000,0,0.000000,30860.000000,1.000000,4468622143.000000,200550.000000
31000,12,16707,0.600000,1.000000,0.525954,1.000000,0.000000,0,0.000000,30895.000000,1.000000,4468622143.000000,200550.000000
31000,13,16717,0.600000,1.000000,0.613875,1.000000,0.000000,0,0.000000,30972.000000,1.000000,4468622143.000000,200550.000000
31000,14,16716,0.600000,1.000000,0.718590,1.000000,0.000000,0,0.000000,30992.000000,1.000000,4468622143.000000,200550.000000
31000,15,16716,0.600000,1.000000,0.654817,1.000000,0.000000,0,0.000000,30975.000000,1.000000,4468622143.000000,200550.000000
32000,0,17249,0.600000,1.000000,0.586204,1.000000,0.000000,0,0.000000,31973.000000,1.000000,4761000084.000000,103487.000000
32000,1,17250,0.600000,1.000000,0.720258,1.000000,0.000000,0,0.000000,31965.000000,1.000000,4761000084.000000,103487.000000
32000,2,17249,0.600000,1.000000,0.654371,1.000000,0.000000,0,0.000000,31936.000000,1.000000,4761000084.000000,103487.000000
32000,3,17251,0.600000,1.000000,0.568451,1.000000,0.000000,0,0.000000,31988.000000,1.000000,4761000084.000000,103487.000000
32000,4,17245,0.600000,1.000000,0.623487,1.000000,0.000000,0,0.000000,31916.000000,1.000000,4761000084.000000,103487.000000
32000,5,17248,0.600000,1.000000,0.695426,1.000000,0.000000,0,0.000000,31971.000000,1.000000,4761000084.000000,103487.000000
32000,6,17253,0.600000,1.000000,0.694406,1.000000,0.000000,0,0.000000,31997.000000,1.000000,4761000084.000000,103487.000000
32000,7,17252,0.600000,1.000000,0.735754,1.000000,0.000000,1,28939.000000,32000.000000,1.000000,4761000084.000000,103487.000000
32000,8,17250,0.600000,1.000000,0.649365,1.000000,0.000000,0,0.000000,31956.000000,1.000000,4761000084.000000,103487.000000
32000,9,17253,0.600000,1.000000,0.619461,1.000000,0.000000,0,0.000000,31999.000000,1.000000,4761000084.000000,103487.000000
32000,10,17252,0.600000,1.000000,0.707821,1.000000,0.000000,0,0.000000,31985.000000,1.000000,4761000084.000000,103487.000000
32000,11,17252,0.600000,1.000000,0.659528,1.000000,0.000000,0,0.000000,31993.000000,1.000000,4761000084.000000,103487.000000
32000,12,17250,0.600000,1.000000,0.646870,1.000000,0.000000,0,0.000000,31955.000000,1.000000,4761000084.000000,103487.000000
32000,13,17247,0.600000,1.000000,0.785625,1.000000,0.000000,0,0.000000,31749.000000,1.000000,4761000084.000000,103487.000000
32000,14,17247,0.600000,1.000000,0.651268,1.000000,0.000000,0,0.000000,31242.000000,1.000000,4761000084.000000,103487.000000
32000,15,17252,0.600000,1.000000,0.715255,1.000000,0.000000,0,0.000000,31964.000000,1.000000,4761000084.000000,103487.000000
33000,0,17796,0.600000,1.000000,0.655207,1.000000,0.000000,0,0.000000,32962.000000,1.000000,5065596112.000000,284704.000000
33000,1,17796,0.600000,1.000000,0.579841,1.000000,0.000000,0,0.000000,32999.000000,1.000000,5065596112.000000,284704.000000
33000,2,17796,0.600000,1.000000,0.630567,1.000000,0.000000,0,0.000000,32903.000000,1.000000,5065596112.000000,284704.000000
33000,3,17787,0.600000,1.000000,0.525766,1.000000,0.000000,0,0.000000,32959.000000,1.000000,5065596112.000000,284704.000000
33000,4,17793,0.600000,1.000000,0.605210,1.000000,0.000000,0,0.000000,32960.000000,1.000000,5065596112.000000,284704.000000
33000,5,17794,0.600000,1.000000,0.594870,1.000000,0.000000,0,0.000000,32973.000000,1.000000,5065596112.000000,284704.000000
33000,6,17797,0.600000,1.000000,0.745025,1.000000,0.000000,0,0.000000,32998.000000,1.000000,5065596112.000000,284704.000000
33000,7,17797,0.600000,1.000000,0.777523,1.000000,0.000000,1,29896.000000,33000.000000,1.000000,5065596112.000000,284704.000000
33000,8,17792,0.600000,1.000000,0.700890,1.000000,0.000000,0,0.000000,32896.000000,1.000000,5065596112.000000,284704.000000
33000,9,17786,0.600000,1.000000,0.598461,1.000000,0.000000,0,0.000000,32806.000000,1.000000,5065596112.000000,284704.000000
33000,10,17789,0.600000,1.000000,0.727173,1.000000,0.000000,0,0.000000,32728.000000,1.000000,5065596112.000000,284704.000000
33000,11,17796,0.600000,1.000000,0.687932,1.000000,0.000000,0,0.000000,32991.000000,1.000000,5065596112.000000,284704.000000
33000,12,17795,0.600000,1.000000,0.798301,1.000000,0.000000,0,0.000000,32997.000000,1.000000,5065596112.000000,284704.000000
33000,13,17792,0.600000,1.000000,0.612298,1.000000,0.000000,0,0.000000,32889.000000,1.000000,5065596112.000000,284704.000000
33000,14,17795,0.600000,1.000000,0.613149,1.000000,0.000000,0,0.000000,32989.000000,1.000000,5065596112.000000,284704.000000
33000,15,17791,0.600000,1.000000,0.602105,1.000000,0.000000,0,0.000000,32898.000000,1.000000,5065596112.000000,284704.000000
34000,0,18332,0.600000,1.000000,0.667675,1.000000,0.000000,0,0.000000,33994.000000,1.000000,5375566199.000000,293280.000000
34000,1,18330,0.600000,1.000000,0.621038,1.000000,0.000000,0,0.000000,33965.000000,1.000000,5375566199.000000,293280.000000
34000,2,18325,0.600000,1.000000,0.632396,1.000000,0.000000,0,0.000000,33845.000000,1.000000,5375566199.000000,293280.000000
34000,3,18334,0.600000,1.000000,0.698046,1.000000,0.000000,0,0.000000,33983.000000,1.000000,5375566199.000000,293280.000000
34000,4,18333,0.600000,1.000000,0.692909,1.000000,0.000000,0,0.000000,33898.000000,1.000000,5375566199.000000,293280.000000
34000,5,18333,0.600000,1.000000,0.803433,1.000000,0.000000,1,30639.000000,34000.000000,1.000000,5375566199.000000,293280.000000
34000,6,18319,0.600000,1.000000,0.690851,1.000000,0.000000,0,0.000000,33723.000000,1.000000,5375566199.000000,293280.000000
34000,7,18331,0.600000,1.000000,0.803134,1.000000,0.000000,0,0.000000,33996.000000,1.000000,5375566199.000000,293280.000000
34000,8,18325,0.600000,1.000000,0.627846,1.000000,0.000000,0,0.000000,33839.000000,1.000000,5375566199.000000,293280.000000
34000,9,18333,0.600000,1.000000,0.534643,1.000000,0.000000,0,0.000000,33999.000000,1.000000,5375566199.000000,293280.000000
34000,10,18331,0.600000,1.000000,0.725897,1.000000,0.000000,0,0.000000,33997.000000,1.000000,5375566199.000000,293280.000000
34000,11,18334,0.600000,1.000000,0.731785,1.000000,0.000000,0,0.000000,33998.000000,1.000000,5375566199.000000,293280.000000
34000,12,18331,0.600000,1.000000,0.641656,1.000000,0.000000,0,0.000000,33986.000000,1.000000,5375566199.000000,293280.000000
34000,13,18332,0.600000,1.000000,0.669399,1.000000,0.000000,0,0.000000,33973.000000,1.000000,5375566199.000000,293280.000000
34000,14,18317,0.600000,1.000000,0.625654,1.000000,0.000000,0,0.000000,33720.000000,1.000000,5375566199.000000,293280.000000
34000,15,18333,0.600000,1.000000,0.620181,1.000000,0.000000,0,0.000000,33981.000000,1.000000,5375566199.000000,293280.000000
35000,0,18863,0.600000,1.000000,0.796887,1.000000,0.000000,0,0.000000,34999.000000,1.000000,5691721774.000000,301778.000000
35000,1,18862,0.600000,1.000000,0.678769,1.000000,0.000000,0,0.000000,34997.000000,1.000000,5691721774.000000,301778.000000
35000,2,18863,0.600000,1.000000,0.649588,1.000000,0.000000,0,0.000000,34993.000000,1.000000,5691721774.000000,301778.000000
35000,3,18863,0.600000,1.000000,0.639003,1.000000,0.000000,1,31301.000000,35000.000000,1.000000,5691721774.000000,301778.000000
35000,4,18860,0.600000,1.000000,0.646352,1.000000,0.000000,0,0.000000,34914.000000,1.000000,5691721774.000000,301778.000000
35000,5,18855,0.600000,1.000000,0.710122,1.000000,0.000000,0,0.000000,34404.000000,1.000000,5691721774.000000,301778.000000
35000,6,18863,0.600000,1.000000,0.651587,1.000000,0.000000,0,0.000000,34936.000000,1.000000,5691721774.000000,301778.000000
35000,7,18859,0.600000,1.000000,0.554820,1.000000,0.000000,0,0.000000,34982.000000,1.000000,5691721774.000000,301778.000000
35000,8,18863,0.600000,1.000000,0.539168,1.000000,0.000000,0,0.000000,34994.000000,1.000000,5691721774.000000,301778.000000
35000,9,18858,0.600000,1.000000,0.635148,1.000000,0.000000,0,0.000000,34921.000000,1.000000,5691721774.000000,301778.000000
35000,10,18862,0.600000,1.000000,0.764555,1.000000,0.000000,0,0.000000,34998.000000,1.000000,5691721774.000000,301778.000000
35000,11,18860,0.600000,1.000000,0.719983,1.000000,0.000000,0,0.000000,34946.000000,1.000000,5691721774.000000,301778.000000
35000,12,18860,0.600000,1.000000,0.617105,1.000000,0.000000,0,0.000000,34956.000000,1.000000,5691721774.000000,301778.000000
35000,13,18861,0.600000,1.000000,0.568902,1.000000,0.000000,0,0.000000,34967.000000,1.000000,5691721774.000000,301778.000000
35000,14,18863,0.600000,1.000000,0.659405,1.000000,0.000000,0,0.000000,34860.000000,1.000000,5691721774.000000,301778.000000
35000,15,18859,0.600000,1.000000,0.527985,1.000000,0.000000,0,0.000000,34955.000000,1.000000,5691721774.000000,301778.000000
36000,0,19415,0.600000,1.000000,0.623547,1.000000,0.000000,0,0.000000,35995.000000,1.000000,6030454404.000000,349451.000000
36000,1,19417,0.600000,1.000000,0.684351,1.000000,0.000000,0,0.000000,35970.000000,1.000000,6030454404.000000,349451.000000
36000,2,19413,0.600000,1.000000,0.539319,1.000000,0.000000,0,0.000000,35986.000000,1.000000,6030454404.000000,349451.000000
36000,3,19417,0.600000,1.000000,0.792390,1.000000,0.000000,1,32214.000000,36000.000000,1.000000,6030454404.000000,349451.000000
36000,4,19415,0.600000,1.000000,0.736012,1.000000,0.000000,0,0.000000,35979.000000,1.000000,6030454404.000000,349451.000000
36000,5,19414,0.600000,1.000000,0.675874,1.000000,0.000000,0,0.000000,35994.000000,1.000000,6030454404.000000,349451.000000
36000,6,19415,0.600000,1.000000,0.646490,1.000000,0.000000,0,0.000000,35897.000000,1.000000,6030454404.000000,349451.000000
36000,7,19412,0.600000,1.000000,0.589356,1.000000,0.000000,0,0.000000,35948.000000,1.000000,6030454404.000000,349451.000000
36000,8,19415,0.600000,1.000000,0.641088,1.000000,0.000000,0,0.000000,35990.000000,1.000000,6030454404.000000,349451.000000
36000,9,19416,0.600000,1.000000,0.715722,1.000000,0.000000,0,0.000000,35942.000000,1.000000,6030454404.000000,349451.000000
36000,10,19414,0.600000,1.000000,0.553483,1.000000,0.000000,0,0.000000,35869.000000,1.000000,6030454404.000000,349451.000000
36000,11,19410,0.600000,1.000000,0.596113,1.000000,0.000000,0,0.000000,35960.000000,1.000000,6030454404.000000,349451.000000
36000,12,19410,0.600000,1.000000,0.725819,1.000000,0.000000,0,0.000000,35959.000000,1.000000,6030454404.000000,349451.000000
36000,13,19415,0.600000,1.000000,0.740527,1.000000,0.000000,0,0.000000,35999.000000,1.000000,6030454404.000000,349451.000000
36000,14,19414,0.600000,1.000000,0.538094,1.000000,0.000000,0,0.000000,35852.000000,1.000000,6030454404.000000,349451.000000
36000,15,19412,0.600000,1.000000,0.505245,1.000000,0.000000,0,0.000000,35961.000000,1.000000,6030454404.000000,349451.000000
37000,0,19960,0.600000,1.000000,0.667502,1.000000,0.000000,0,0.000000,36962.000000,1.000000,6376182332.000000,558960.000000
37000,1,19965,0.600000,1.000000,0.627373,1.000000,0.000000,0,0.000000,36970.000000,1.000000,6376182332.000000,558960.000000
37000,2,19966,0.600000,1.000000,0.801709,1.000000,0.000000,0,0.000000,36949.000000,1.000000,6376182332.000000,558960.000000
37000,3,19965,0.600000,1.000000,0.731158,1.000000,0.000000,0,0.000000,36969.000000,1.000000,6376182332.000000,558960.000000
37000,4,19964,0.600000,1.000000,0.592959,1.000000,0.000000,0,0.000000,36959.000000,1.000000,6376182332.000000,558960.000000
37000,5,19965,0.600000,1.000000,0.803292,1.000000,0.000000,1,33369.000000,37000.000000,1.000000,6376182332.000000,558960.000000
37000,6,19962,0.600000,1.000000,0.678525,1.000000,0.000000,0,0.000000,36958.000000,1.000000,6376182332.000000,558960.000000
37000,7,19959,0.600000,1.000000,0.571908,1.000000,0.000000,0,0.000000,36904.000000,1.000000,6376182332.000000,558960.000000
37000,8,19965,0.600000,1.000000,0.654062,1.000000,0.000000,0,0.000000,36981.000000,1.000000,6376182332.000000,558960.000000
37000,9,19958,0.600000,1.000000,0.627993,1.000000,0.000000,0,0.000000,36966.000000,1.000000,6376182332.000000,558960.000000
37000,10,19964,0.600000,1.000000,0.637215,1.000000,0.000000,0,0.000000,36894.000000,1.000000,6376182332.000000,558960.000000
37000,11,19960,0.600000,1.000000,0.653145,1.000000,0.000000,0,0.000000,36950.000000,1.000000,6376182332.000000,558960.000000
37000,12,19957,0.600000,1.000000,0.534927,1.000000,0.000000,0,0.000000,36880.000000,1.000000,6376182332.000000,558960.000000
37000,13,19965,0.600000,1.000000,0.738480,1.000000,0.000000,0,0.000000,36998.000000,1.000000,6376182332.000000,558960.000000
37000,14,19965,0.600000,1.000000,0.747409,1.000000,0.000000,0,0.000000,36999.000000,1.000000,6376182332.000000,558960.000000
37000,15,19964,0.600000,1.000000,0.689486,1.000000,0.000000,0,0.000000,36988.000000,1.000000,6376182332.000000,558960.000000
38000,0,20497,0.600000,1.000000,0.632485,1.000000,0.000000,0,0.000000,37964.000000,1.000000,6723016284.000000,245996.000000
38000,1,20503,0.600000,1.000000,0.714990,1.000000,0.000000,0,0.000000,37940.000000,1.000000,6723016284.000000,245996.000000
38000,2,20503,0.600000,1.000000,0.662840,1.000000,0.000000,0,0.000000,37994.000000,1.000000,6723016284.000000,245996.000000
38000,3,20494,0.600000,1.000000,0.583631,1.000000,0.000000,0,0.000000,37830.000000,1.000000,6723016284.000000,245996.000000
38000,4,20492,0.600000,1.000000,0.498809,1.000000,0.000000,0,0.000000,37794.000000,1.000000,6723016284.000000,245996.000000
38000,5,20497,0.600000,1.000000,0.569406,1.000000,0.000000,0,0.000000,37931.000000,1.000000,6723016284.000000,245996.000000
38000,6,20499,0.600000,1.000000,0.681158,1.000000,0.000000,0,0.000000,37986.000000,1.000000,6723016284.000000,245996.000000
38000,7,20500,0.600000,1.000000,0.626516,1.000000,0.000000,0,0.000000,37987.000000,1.000000,6723016284.000000,245996.000000
38000,8,20490,0.600000,1.000000,0.649102,1.000000,0.000000,0,0.000000,37721.000000,1.000000,6723016284.000000,245996.000000
38000,9,20500,0.600000,1.000000,0.626856,1.000000,0.000000,0,0.000000,37992.000000,1.000000,6723016284.000000,245996.000000
38000,10,20499,0.600000,1.000000,0.668366,1.000000,0.000000,0,0.000000,37985.000000,1.000000,6723016284.000000,245996.000000
38000,11,20503,0.600000,1.000000,0.787971,1.000000,0.000000,0,0.000000,37998.000000,1.000000,6723016284.000000,245996.000000
38000,12,20504,0.600000,1.000000,0.741982,1.000000,0.000000,1,34076.000000,38000.000000,1.000000,6723016284.000000,245996.000000
38000,13,20498,0.600000,1.000000,0.594365,1.000000,0.000000,0,0.000000,37982.000000,1.000000,6723016284.000000,245996.000000
38000,14,20501,0.600000,1.000000,0.798592,1.000000,0.000000,0,0.000000,37995.000000,1.000000,6723016284.000000,245996.000000
38000,15,20496,0.600000,1.000000,0.562085,1.000000,0.000000,0,0.000000,37937.000000,1.000000,6723016284.000000,245996.000000
39000,0,21034,0.600000,1.000000,0.789189,1.000000,0.000000,0,0.000000,38911.000000,1.000000,7077352580.000000,420630.000000
39000,1,21035,0.600000,1.000000,0.761016,1.000000,0.000000,1,34959.000000,39000.000000,1.000000,7077352580.000000,420630.000000
39000,2,21034,0.600000,1.000000,0.709992,1.000000,0.000000,0,0.000000,38939.000000,1.000000,7077352580.000000,420630.000000
39000,3,21035,0.600000,1.000000,0.694656,1.000000,0.000000,0,0.000000,38975.000000,1.000000,7077352580.000000,420630.000000
39000,4,21024,0.600000,1.000000,0.596214,1.000000,0.000000,0,0.000000,38183.000000,1.000000,7077352580.000000,420630.000000
39000,5,21036,0.600000,1.000000,0.704650,1.000000,0.000000,0,0.000000,38997.000000,1.000000,7077352580.000000,420630.000000
39000,6,21035,0.600000,1.000000,0.556724,1.000000,0.000000,0,0.000000,38953.000000,1.000000,7077352580.000000,420630.000000
39000,7,21015,0.600000,1.000000,0.619654,1.000000,0.000000,0,0.000000,38574.000000,1.000000,7077352580.000000,420630.000000
39000,8,21032,0.600000,1.000000,0.645519,1.000000,0.000000,0,0.000000,38827.000000,1.000000,7077352580.000000,420630.000000
39000,9,21027,0.600000,1.000000,0.585085,1.000000,0.000000,0,0.000000,38966.000000,1.000000,7077352580.000000,420630.000000
39000,10,21032,0.600000,1.000000,0.681847,1.000000,0.000000,0,0.000000,38981.000000,1.000000,7077352580.000000,420630.000000
39000,11,21035,0.600000,1.000000,0.653177,1.000000,0.000000,0,0.000000,38963.000000,1.000000,7077352580.000000,420630.000000
39000,12,21032,0.600000,1.000000,0.720483,1.000000,0.000000,0,0.000000,38979.000000,1.000000,7077352580.000000,420630.000000
39000,13,21035,0.600000,1.000000,0.611497,1.000000,0.000000,0,0.000000,38961.000000,1.000000,7077352580.000000,420630.000000
39000,14,21034,0.600000,1.000000,0.665641,1.000000,0.000000,0,0.000000,38994.000000,1.000000,7077352580.000000,420630.000000
39000,15,21033,0.600000,1.000000,0.616950,1.000000,0.000000,0,0.000000,38971.000000,1.000000,7077352580.000000,420630.000000
40000,0,21573,0.600000,1.000000,0.707832,1.000000,0.000000,0,0.000000,39912.000000,1.000000,7451401582.000000,258920.000000
40000,1,21575,0.600000,1.000000,0.746874,1.000000,0.000000,0,0.000000,39836.000000,1.000000,7451401582.000000,258920.000000
40000,2,21581,0.600000,1.000000,0.669761,1.000000,0.000000,0,0.000000,39965.000000,1.000000,7451401582.000000,258920.000000
40000,3,21585,0.600000,1.000000,0.645161,1.000000,0.000000,0,0.000000,39998.000000,1.000000,7451401582.000000,258920.000000
40000,4,21581,0.600000,1.000000,0.715975,1.000000,0.000000,0,0.000000,39960.000000,1.000000,7451401582.000000,258920.000000
40000,5,21579,0.600000,1.000000,0.697391,1.000000,0.000000,0,0.000000,39714.000000,1.000000,7451401582.000000,258920.000000
40000,6,21584,0.600000,1.000000,0.760948,1.000000,0.000000,0,0.000000,39999.000000,1.000000,7451401582.000000,258920.000000
40000,7,21579,0.600000,1.000000,0.601299,1.000000,0.000000,0,0.000000,39952.000000,1.000000,7451401582.000000,258920.000000
40000,8,21584,0.600000,1.000000,0.778569,1.000000,0.000000,0,0.000000,39987.000000,1.000000,7451401582.000000,258920.000000
40000,9,21578,0.600000,1.000000,0.727832,1.000000,0.000000,0,0.000000,39934.000000,1.000000,7451401582.000000,258920.000000
40000,10,21583,0.600000,1.000000,0.645587,1.000000,0.000000,0,0.000000,39989.000000,1.000000,7451401582.000000,258920.000000
40000,11,21584,0.600000,1.000000,0.701172,1.000000,0.000000,1,36063.000000,40000.000000,1.000000,7451401582.000000,258920.000000
40000,12,21575,0.600000,1.000000,0.670666,1.000000,0.000000,0,0.000000,39910.000000,1.000000,7451401582.000000,258920.000000
40000,13,21585,0.600000,1.000000,0.687686,1.000000,0.000000,0,0.000000,39997.000000,1.000000,7451401582.000000,258920.000000
40000,14,21578,0.600000,1.000000,0.667707,1.000000,0.000000,0,0.000000,39971.000000,1.000000,7451401582.000000,258920.000000
40000,15,21582,0.600000,1.000000,0.648714,1.000000,0.000000,0,0.000000,39979.000000,1.000000,7451401582.000000,258920.000000
41000,0,22116,0.600000,1.000000,0.676163,1.000000,0.000000,0,0.000000,40932.000000,1.000000,7827118176.000000,530826.000000
41000,1,22122,0.600000,1.000000,0.762936,1.000000,0.000000,1,36684.000000,41000.000000,1.000000,7827118176.000000,530826.000000
41000,2,22113,0.600000,1.000000,0.662635,1.000000,0.000000,0,0.000000,40929.000000,1.000000,7827118176.000000,530826.000000
41000,3,22123,0.600000,1.000000,0.647742,1.000000,0.000000,0,0.000000,40995.000000,1.000000,7827118176.000000,530826.000000
41000,4,22116,0.600000,1.000000,0.605466,1.000000,0.000000,0,0.000000,40965.000000,1.000000,7827118176.000000,530826.000000
41000,5,22115,0.600000,1.000000,0.647417,1.000000,0.000000,0,0.000000,40948.000000,1.000000,7827118176.000000,530826.000000
41000,6,22123,0.600000,1.000000,0.712966,1.000000,0.000000,0,0.000000,40991.000000,1.000000,7827118176.000000,530826.000000
41000,7,22111,0.600000,1.000000,0.590203,1.000000,0.000000,0,0.000000,40921.000000,1.000000,7827118176.000000,530826.000000
41000,8,22121,0.600000,1.000000,0.656930,1.000000,0.000000,0,0.000000,40990.000000,1.000000,7827118176.000000,530826.000000
41000,9,22121,0.600000,1.000000,0.645374,1.000000,0.000000,0,0.000000,40971.000000,1.000000,7827118176.000000,530826.000000
41000,10,22121,0.600000,1.000000,0.795464,1.000000,0.000000,0,0.000000,40346.000000,1.000000,7827118176.000000,530826.000000
41000,11,22112,0.600000,1.000000,0.564435,1.000000,0.000000,0,0.000000,40928.000000,1.000000,7827118176.000000,530826.000000
41000,12,22121,0.600000,1.000000,0.715863,1.000000,0.000000,0,0.000000,40994.000000,1.000000,7827118176.000000,530826.000000
41000,13,22123,0.600000,1.000000,0.747438,1.000000,0.000000,0,0.000000,40992.000000,1.000000,7827118176.000000,530826.000000
41000,14,22109,0.600000,1.000000,0.720192,1.000000,0.000000,0,0.000000,40866.000000,1.000000,7827118176.000000,530826.000000
41000,15,22117,0.600000,1.000000,0.592719,1.000000,0.000000,0,0.000000,40982.000000,1.000000,7827118176.000000,530826.000000
42000,0,22657,0.600000,1.000000,0.704128,1.000000,0.000000,0,0.000000,41891.000000,1.000000,8211440874.000000,588999.000000
42000,1,22645,0.600000,1.000000,0.561677,1.000000,0.000000,0,0.000000,41827.000000,1.000000,8211440874.000000,588999.000000
42000,2,22655,0.600000,1.000000,0.627711,1.000000,0.000000,0,0.000000,41985.000000,1.000000,8211440874.000000,588999.000000
42000,3,22653,0.600000,1.000000,0.565440,1.000000,0.000000,0,0.000000,41837.000000,1.000000,8211440874.000000,588999.000000
42000,4,22656,0.600000,1.000000,0.751008,1.000000,0.000000,0,0.000000,41999.000000,1.000000,8211440874.000000,588999.000000
42000,5,22657,0.600000,1.000000,0.664159,1.000000,0.000000,0,0.000000,41942.000000,1.000000,8211440874.000000,588999.000000
42000,6,22648,0.600000,1.000000,0.636930,1.000000,0.000000,0,0.000000,41529.000000,1.000000,8211440874.000000,588999.000000
42000,7,22652,0.600000,1.000000,0.581123,1.000000,0.000000,0,0.000000,41959.000000,1.000000,8211440874.000000,588999.000000
42000,8,22657,0.600000,1.000000,0.684873,1.000000,0.000000,0,0.000000,41997.000000,1.000000,8211440874.000000,588999.000000
42000,9,22653,0.600000,1.000000,0.681381,1.000000,0.000000,0,0.000000,41945.000000,1.000000,8211440874.000000,588999.000000
42000,10,22657,0.600000,1.000000,0.644755,1.000000,0.000000,0,0.000000,41993.000000,1.000000,8211440874.000000,588999.000000
42000,11,22656,0.600000,1.000000,0.702180,1.000000,0.000000,0,0.000000,41991.000000,1.000000,8211440874.000000,588999.000000
42000,12,22656,0.600000,1.000000,0.634149,1.000000,0.000000,0,0.000000,41971.000000,1.000000,8211440874.000000,588999.000000
42000,13,22656,0.600000,1.000000,0.685341,1.000000,0.000000,0,0.000000,41987.000000,1.000000,8211440874.000000,588999.000000
42000,14,22657,0.600000,1.000000,0.744113,1.000000,0.000000,1,37683.000000,42000.000000,1.000000,8211440874.000000,588999.000000
42000,15,22653,0.600000,1.000000,0.683596,1.000000,0.000000,0,0.000000,41958.000000,1.000000,8211440874.000000,588999.000000
43000,0,23189,0.600000,1.000000,0.586476,1.000000,0.000000,0,0.000000,42816.000000,1.000000,8611933182.000000,139205.000000
43000,1,23197,0.600000,1.000000,0.650628,1.000000,0.000000,0,0.000000,42974.000000,1.000000,8611933182.000000,139205.000000
43000,2,23200,0.600000,1.000000,0.748380,1.000000,0.000000,0,0.000000,42976.000000,1.000000,8611933182.000000,139205.000000
43000,3,23205,0.600000,1.000000,0.663789,1.000000,0.000000,0,0.000000,42996.000000,1.000000,8611933182.000000,139205.000000
43000,4,23191,0.600000,1.000000,0.518439,1.000000,0.000000,0,0.000000,42876.000000,1.000000,8611933182.000000,139205.000000
43000,5,23202,0.600000,1.000000,0.703604,1.000000,0.000000,0,0.000000,42970.000000,1.000000,8611933182.000000,139205.000000
43000,6,23205,0.600000,1.000000,0.635602,1.000000,0.000000,0,0.000000,42989.000000,1.000000,8611933182.000000,139205.000000
43000,7,23203,0.600000,1.000000,0.640687,1.000000,0.000000,0,0.000000,42783.000000,1.000000,8611933182.000000,139205.000000
43000,8,23199,0.600000,1.000000,0.688532,1.000000,0.000000,0,0.000000,42984.000000,1.000000,8611933182.000000,139205.000000
43000,9,23203,0.600000,1.000000,0.665568,1.000000,0.000000,0,0.000000,42997.000000,1.000000,8611933182.000000,139205.000000
43000,10,23197,0.600000,1.000000,0.537297,1.000000,0.000000,0,0.000000,42568.000000,1.000000,8611933182.000000,139205.000000
43000,11,23206,0.600000,1.000000,0.725056,1.000000,0.000000,1,38706.000000,43000.000000,1.000000,8611933182.000000,139205.000000
43000,12,23198,0.600000,1.000000,0.672835,1.000000,0.000000,0,0.000000,42954.000000,1.000000,8611933182.000000,139205.000000
43000,13,23198,0.600000,1.000000,0.627391,1.000000,0.000000,0,0.000000,42713.000000,1.000000,8611933182.000000,139205.000000
43000,14,23206,0.600000,1.000000,0.599268,1.000000,0.000000,0,0.000000,42979.000000,1.000000,8611933182.000000,139205.000000
43000,15,23203,0.600000,1.000000,0.722983,1.000000,0.000000,0,0.000000,42990.000000,1.000000,8611933182.000000,139205.000000
44000,0,23735,0.600000,1.000000,0.517230,1.000000,0.000000,0,0.000000,43930.000000,1.000000,9014458572.000000,569636.000000
44000,1,23725,0.600000,1.000000,0.671363,1.000000,0.000000,0,0.000000,43804.000000,1.000000,9014458572.000000,569636.000000
44000,2,23737,0.600000,1.000000,0.585312,1.000000,0.000000,0,0.000000,43979.000000,1.000000,9014458572.000000,569636.000000
44000,3,23735,0.600000,1.000000,0.599586,1.000000,0.000000,0,0.000000,43983.000000,1.000000,9014458572.000000,569636.000000
44000,4,23722,0.600000,1.000000,0.573503,1.000000,0.000000,0,0.000000,43562.000000,1.000000,9014458572.000000,569636.000000
44000,5,23741,0.600000,1.000000,0.744836,1.000000,0.000000,1,39608.000000,44000.000000,1.000000,9014458572.000000,569636.000000
44000,6,23730,0.600000,1.000000,0.587522,1.000000,0.000000,0,0.000000,43843.000000,1.000000,9014458572.000000,569636.000000
44000,7,23739,0.600000,1.000000,0.638839,1.000000,0.000000,0,0.000000,43992.000000,1.000000,9014458572.000000,569636.000000
44000,8,23741,0.600000,1.000000,0.632277,1.000000,0.000000,0,0.000000,43999.000000,1.000000,9014458572.000000,569636.000000
44000,9,23739,0.600000,1.000000,0.534145,1.000000,0.000000,0,0.000000,43893.000000,1.000000,9014458572.000000,569636.000000
44000,10,23738,0.600000,1.000000,0.600178,1.000000,0.000000,0,0.000000,43985.000000,1.000000,9014458572.000000,569636.000000
44000,11,23741,0.600000,1.000000,0.754830,1.000000,0.000000,0,0.000000,43989.000000,1.000000,9014458572.000000,569636.000000
44000,12,23738,0.600000,1.000000,0.667607,1.000000,0.000000,0,0.000000,43988.000000,1.000000,9014458572.000000,569636.000000
44000,13,23739,0.600000,1.000000,0.585382,1.000000,0.000000,0,0.000000,43995.000000,1.000000,9014458572.000000,569636.000000
44000,14,23737,0.600000,1.000000,0.753109,1.000000,0.000000,0,0.000000,43996.000000,1.000000,9014458572.000000,569636.000000
44000,15,23741,0.600000,1.000000,0.734869,1.000000,0.000000,0,0.000000,43994.000000,1.000000,9014458572.000000,569636.000000
45000,0,24274,0.600000,1.000000,0.702424,1.000000,0.000000,0,0.000000,44998.000000,1.000000,9425351801.000000,388344.000000
45000,1,24274,0.600000,1.000000,0.612406,1.000000,0.000000,0,0.000000,44985.000000,1.000000,9425351801.000000,388344.000000
45000,2,24274,0.600000,1.000000,0.607056,1.000000,0.000000,1,39949.000000,45000.000000,1.000000,9425351801.000000,388344.000000
45000,3,24263,0.600000,1.000000,0.675661,1.000000,0.000000,0,0.000000,44815.000000,1.000000,9425351801.000000,388344.000000
45000,4,24272,0.600000,1.000000,0.611047,1.000000,0.000000,0,0.000000,44982.000000,1.000000,9425351801.000000,388344.000000
45000,5,24270,0.600000,1.000000,0.536787,1.000000,0.000000,0,0.000000,44987.000000,1.000000,9425351801.000000,388344.000000
45000,6,24271,0.600000,1.000000,0.620522,1.000000,0.000000,0,0.000000,44927.000000,1.000000,9425351801.000000,388344.000000
45000,7,24274,0.600000,1.000000,0.609395,1.000000,0.000000,0,0.000000,44956.000000,1.000000,9425351801.000000,388344.000000
45000,8,24273,0.600000,1.000000,0.710547,1.000000,0.000000,0,0.000000,44856.000000,1.000000,9425351801.000000,388344.000000
45000,9,24266,0.600000,1.000000,0.590040,1.000000,0.000000,0,0.000000,44749.000000,1.000000,9425351801.000000,388344.000000
45000,10,24273,0.600000,1.000000,0.693092,1.000000,0.000000,0,0.000000,44814.000000,1.000000,9425351801.000000,388344.000000
45000,11,24274,0.600000,1.000000,0.793055,1.000000,0.000000,0,0.000000,44999.000000,1.000000,9425351801.000000,388344.000000
45000,12,24270,0.600000,1.000000,0.696945,1.000000,0.000000,0,0.000000,44974.000000,1.000000,9425351801.000000,388344.000000
45000,13,24274,0.600000,1.000000,0.645098,1.000000,0.000000,0,0.000000,44882.000000,1.000000,9425351801.000000,388344.000000
45000,14,24264,0.600000,1.000000,0.714798,1.000000,0.000000,0,0.000000,44560.000000,1.000000,9425351801.000000,388344.000000
45000,15,24271,0.600000,1.000000,0.595791,1.000000,0.000000,0,0.000000,44947.000000,1.000000,9425351801.000000,388344.000000
46000,0,24820,0.600000,1.000000,0.769755,1.000000,0.000000,1,41074.000000,46000.000000,1.000000,9851258836.000000,347451.000000
46000,1,24778,0.600000,1.000000,0.628120,1.000000,0.000000,0,0.000000,45554.000000,1.000000,9851258836.000000,347451.000000
46000,2,24805,0.600000,1.000000,0.658903,1.000000,0.000000,0,0.000000,45683.000000,1.000000,9851258836.000000,347451.000000
46000,3,24816,0.600000,1.000000,0.652204,1.000000,0.000000,0,0.000000,45950.000000,1.000000,9851258836.000000,347451.000000
46000,4,24816,0.600000,1.000000,0.677136,1.000000,0.000000,0,0.000000,45989.000000,1.000000,9851258836.000000,347451.000000
46000,5,24817,0.600000,1.000000,0.726392,1.000000,0.000000,0,0.000000,45995.000000,1.000000,9851258836.000000,347451.000000
46000,6,24818,0.600000,1.000000,0.612279,1.000000,0.000000,0,0.000000,45982.000000,1.000000,9851258836.000000,347451.000000
46000,7,24808,0.600000,1.000000,0.654051,1.000000,0.000000,0,0.000000,45804.000000,1.000000,9851258836.000000,347451.000000
46000,8,24816,0.600000,1.000000,0.645420,1.000000,0.000000,0,0.000000,45980.000000,1.000000,9851258836.000000,347451.000000
46000,9,24820,0.600000,1.000000,0.718786,1.000000,0.000000,0,0.000000,45997.000000,1.000000,9851258836.000000,347451.000000
46000,10,24816,0.600000,1.000000,0.694020,1.000000,0.000000,0,0.000000,45892.000000,1.000000,9851258836.000000,347451.000000
46000,11,24814,0.600000,1.000000,0.571568,1.000000,0.000000,0,0.000000,45969.000000,1.000000,9851258836.000000,347451.000000
46000,12,24818,0.600000,1.000000,0.725209,1.000000,0.000000,0,0.000000,45957.000000,1.000000,9851258836.000000,347451.000000
46000,13,24816,0.600000,1.000000,0.726800,1.000000,0.000000,0,0.000000,45964.000000,1.000000,9851258836.000000,347451.000000
46000,14,24817,0.600000,1.000000,0.614979,1.000000,0.000000,0,0.000000,45992.000000,1.000000,9851258836.000000,347451.000000
46000,15,24819,0.600000,1.000000,0.700482,1.000000,0.000000,0,0.000000,45991.000000,1.000000,9851258836.000000,347451.000000
47000,0,25351,0.600000,1.000000,0.651216,1.000000,0.000000,0,0.000000,46974.000000,1.000000,10285002686.000000,354997.000000
47000,1,25346,0.600000,1.000000,0.586351,1.000000,0.000000,0,0.000000,46885.000000,1.000000,10285002686.000000,354997.000000
47000,2,25356,0.600000,1.000000,0.672014,1.000000,0.000000,0,0.000000,46997.000000,1.000000,10285002686.000000,354997.000000
47000,3,25359,0.600000,1.000000,0.683522,1.000000,0.000000,0,0.000000,46987.000000,1.000000,10285002686.000000,354997.000000
47000,4,25360,0.600000,1.000000,0.671313,1.000000,0.000000,1,42237.000000,47000.000000,1.000000,10285002686.000000,354997.000000
47000,5,25358,0.600000,1.000000,0.683906,1.000000,0.000000,0,0.000000,46986.000000,1.000000,10285002686.000000,354997.000000
47000,6,25358,0.600000,1.000000,0.826929,1.000000,0.000000,0,0.000000,46998.000000,1.000000,10285002686.000000,354997.000000
47000,7,25357,0.600000,1.000000,0.702834,1.000000,0.000000,0,0.000000,46923.000000,1.000000,10285002686.000000,354997.000000
47000,8,25355,0.600000,1.000000,0.743157,1.000000,0.000000,0,0.000000,46982.000000,1.000000,10285002686.000000,354997.000000
47000,9,25353,0.600000,1.000000,0.655987,1.000000,0.000000,0,0.000000,46846.000000,1.000000,10285002686.000000,354997.000000
47000,10,25341,0.600000,1.000000,0.594943,1.000000,0.000000,0,0.000000,46820.000000,1.000000,10285002686.000000,354997.000000
47000,11,25358,0.600000,1.000000,0.628680,1.000000,0.000000,0,0.000000,46966.000000,1.000000,10285002686.000000,354997.000000
47000,12,25346,0.600000,1.000000,0.703368,1.000000,0.000000,0,0.000000,46749.000000,1.000000,10285002686.000000,354997.000000
47000,13,25350,0.600000,1.000000,0.622089,1.000000,0.000000,0,0.000000,46809.000000,1.000000,10285002686.000000,354997.000000
47000,14,25354,0.600000,1.000000,0.643502,1.000000,0.000000,0,0.000000,46946.000000,1.000000,10285002686.000000,354997.000000
47000,15,25358,0.600000,1.000000,0.783125,1.000000,0.000000,0,0.000000,46996.000000,1.000000,10285002686.000000,354997.000000
48000,0,25903,0.600000,1.000000,0.655066,1.000000,0.000000,0,0.000000,47988.000000,1.000000,10731561877.000000,621584.000000
48000,1,25902,0.600000,1.000000,0.726367,1.000000,0.000000,0,0.000000,47960.000000,1.000000,10731561877.000000,621584.000000
48000,2,25903,0.600000,1.000000,0.790836,1.000000,0.000000,0,0.000000,47995.000000,1.000000,10731561877.000000,621584.000000
48000,3,25899,0.600000,1.000000,0.566006,1.000000,0.000000,0,0.000000,47965.000000,1.000000,10731561877.000000,621584.000000
48000,4,25896,0.600000,1.000000,0.631652,1.000000,0.000000,0,0.000000,47936.000000,1.000000,10731561877.000000,621584.000000
48000,5,25896,0.600000,1.000000,0.641985,1.000000,0.000000,0,0.000000,47820.000000,1.000000,10731561877.000000,621584.000000
48000,6,25903,0.600000,1.000000,0.845011,1.000000,0.000000,1,43378.000000,48000.000000,1.000000,10731561877.000000,621584.000000
48000,7,25894,0.600000,1.000000,0.617496,1.000000,0.000000,0,0.000000,47974.000000,1.000000,10731561877.000000,621584.000000
48000,8,25896,0.600000,1.000000,0.575328,1.000000,0.000000,0,0.000000,47961.000000,1.000000,10731561877.000000,621584.000000
48000,9,25900,0.600000,1.000000,0.661910,1.000000,0.000000,0,0.000000,47994.000000,1.000000,10731561877.000000,621584.000000
48000,10,25898,0.600000,1.000000,0.660757,1.000000,0.000000,0,0.000000,47902.000000,1.000000,10731561877.000000,621584.000000
48000,11,25904,0.600000,1.000000,0.759590,1.000000,0.000000,0,0.000000,47999.000000,1.000000,10731561877.000000,621584.000000
48000,12,25890,0.600000,1.000000,0.633356,1.000000,0.000000,0,0.000000,47834.000000,1.000000,10731561877.000000,621584.000000
48000,13,25885,0.600000,1.000000,0.635188,1.000000,0.000000,0,0.000000,47832.000000,1.000000,10731561877.000000,621584.000000
48000,14,25904,0.600000,1.000000,0.775027,1.000000,0.000000,0,0.000000,47966.000000,1.000000,10731561877.000000,621584.000000
48000,15,25900,0.600000,1.000000,0.641309,1.000000,0.000000,0,0.000000,47987.000000,1.000000,10731561877.000000,621584.000000
49000,0,26427,0.600000,1.000000,0.634880,1.000000,0.000000,0,0.000000,48963.000000,1.000000,11173071567.000000,211378.000000
49000,1,26427,0.600000,1.000000,0.756519,1.000000,0.000000,0,0.000000,48825.000000,1.000000,11173071567.000000,211378.000000
49000,2,26425,0.600000,1.000000,0.630765,1.000000,0.000000,0,0.000000,48799.000000,1.000000,11173071567.000000,211378.000000
49000,3,26429,0.600000,1.000000,0.621638,1.000000,0.000000,0,0.000000,48996.000000,1.000000,11173071567.000000,211378.000000
49000,4,26421,0.600000,1.000000,0.595364,1.000000,0.000000,0,0.000000,48844.000000,1.000000,11173071567.000000,211378.000000
49000,5,26424,0.600000,1.000000,0.649447,1.000000,0.000000,0,0.000000,48901.000000,1.000000,11173071567.000000,211378.000000
49000,6,26427,0.600000,1.000000,0.675251,1.000000,0.000000,0,0.000000,48962.000000,1.000000,11173071567.000000,211378.000000
49000,7,26428,0.600000,1.000000,0.587370,1.000000,0.000000,0,0.000000,48984.000000,1.000000,11173071567.000000,211378.000000
49000,8,26428,0.600000,1.000000,0.704009,1.000000,0.000000,1,43679.000000,49000.000000,1.000000,11173071567.000000,211378.000000
49000,9,26428,0.600000,1.000000,0.622468,1.000000,0.000000,0,0.000000,48986.000000,1.000000,11173071567.000000,211378.000000
49000,10,26428,0.600000,1.000000,0.724964,1.000000,0.000000,0,0.000000,48999.000000,1.000000,11173071567.000000,211378.000000
49000,11,26427,0.600000,1.000000,0.590744,1.000000,0.000000,0,0.000000,48847.000000,1.000000,11173071567.000000,211378.000000
49000,12,26426,0.600000,1.000000,0.560820,1.000000,0.000000,0,0.000000,48966.000000,1.000000,11173071567.000000,211378.000000
49000,13,26414,0.600000,1.000000,0.530557,1.000000,0.000000,0,0.000000,48948.000000,1.000000,11173071567.000000,211378.000000
49000,14,26424,0.600000,1.000000,0.691774,1.000000,0.000000,0,0.000000,48876.000000,1.000000,11173071567.000000,211378.000000
49000,15,26428,0.600000,1.000000,0.730625,1.000000,0.000000,0,0.000000,48998.000000,1.000000,11173071567.000000,211378.000000
50000,0,26970,0.600000,1.000000,0.608821,1.000000,0.000000,0,0.000000,49400.000000,1.000000,11637339488.000000,215750.000000
50000,1,26970,0.600000,1.000000,0.691666,1.000000,0.000000,0,0.000000,49972.000000,1.000000,11637339488.000000,215750.000000
50000,2,26969,0.600000,1.000000,0.569322,1.000000,0.000000,0,0.000000,49899.000000,1.000000,11637339488.000000,215750.000000
50000,3,26968,0.600000,1.000000,0.622279,1.000000,0.000000,0,0.000000,49956.000000,1.000000,11637339488.000000,215750.000000
50000,4,26973,0.600000,1.000000,0.811530,1.000000,0.000000,0,0.000000,49999.000000,1.000000,11637339488.000000,215750.000000
50000,5,26966,0.600000,1.000000,0.542544,1.000000,0.000000,0,0.000000,49957.000000,1.000000,11637339488.000000,215750.000000
50000,6,26968,0.600000,1.000000,0.559156,1.000000,0.000000,0,0.000000,49974.000000,1.000000,11637339488.000000,215750.000000
50000,7,26971,0.600000,1.000000,0.713189,1.000000,0.000000,0,0.000000,49990.000000,1.000000,11637339488.000000,215750.000000
50000,8,26969,0.600000,1.000000,0.670176,1.000000,0.000000,0,0.000000,49905.000000,1.000000,11637339488.000000,215750.000000
50000,9,26970,0.600000,1.000000,0.665107,1.000000,0.000000,0,0.000000,49903.000000,1.000000,11637339488.000000,215750.000000
50000,10,26974,0.600000,1.000000,0.706594,1.000000,0.000000,1,45174.000000,50000.000000,1.000000,11637339488.000000,215750.000000
50000,11,26969,0.600000,1.000000,0.704263,1.000000,0.000000,0,0.000000,49898.000000,1.000000,11637339488.000000,215750.000000
50000,12,26971,0.600000,1.000000,0.661541,1.000000,0.000000,0,0.000000,49996.000000,1.000000,11637339488.000000,215750.000000
50000,13,26957,0.600000,1.000000,0.617625,1.000000,0.000000,0,0.000000,49680.000000,1.000000,11637339488.000000,215750.000000
50000,14,26967,0.600000,1.000000,0.503293,1.000000,0.000000,0,0.000000,49919.000000,1.000000,11637339488.000000,215750.000000
50000,15,26974,0.600000,1.000000,0.644088,1.000000,0.000000,0,0.000000,49986.000000,1.000000,11637339488.000000,215750.000000
51000,0,27507,0.600000,1.000000,0.817819,1.000000,0.000000,0,0.000000,50999.000000,1.000000,12102695311.000000,605067.000000
51000,1,27505,0.600000,1.000000,0.671933,1.000000,0.000000,0,0.000000,50989.000000,1.000000,12102695311.000000,605067.000000
51000,2,27505,0.600000,1.000000,0.698359,1.000000,0.000000,0,0.000000,50959.000000,1.000000,12102695311.000000,605067.000000
51000,3,27498,0.600000,1.000000,0.482457,1.000000,0.000000,0,0.000000,50923.000000,1.000000,12102695311.000000,605067.000000
51000,4,27507,0.600000,1.000000,0.578696,1.000000,0.000000,0,0.000000,50954.000000,1.000000,12102695311.000000,605067.000000
51000,5,27505,0.600000,1.000000,0.652679,1.000000,0.000000,0,0.000000,50984.000000,1.000000,12102695311.000000,605067.000000
51000,6,27501,0.600000,1.000000,0.707903,1.000000,0.000000,0,0.000000,50932.000000,1.000000,12102695311.000000,605067.000000
51000,7,27501,0.600000,1.000000,0.643472,1.000000,0.000000,0,0.000000,50969.000000,1.000000,12102695311.000000,605067.000000
51000,8,27499,0.600000,1.000000,0.607501,1.000000,0.000000,0,0.000000,50934.000000,1.000000,12102695311.000000,605067.000000
51000,9,27502,0.600000,1.000000,0.639212,1.000000,0.000000,0,0.000000,50972.000000,1.000000,12102695311.000000,605067.000000
51000,10,27505,0.600000,1.000000,0.711119,1.000000,0.000000,0,0.000000,50997.000000,1.000000,12102695311.000000,605067.000000
51000,11,27505,0.600000,1.000000,0.580705,1.000000,0.000000,0,0.000000,50948.000000,1.000000,12102695311.000000,605067.000000
51000,12,27506,0.600000,1.000000,0.664305,1.000000,0.000000,0,0.000000,50990.000000,1.000000,12102695311.000000,605067.000000
51000,13,27499,0.600000,1.000000,0.619145,1.000000,0.000000,0,0.000000,50764.000000,1.000000,12102695311.000000,605067.000000
51000,14,27506,0.600000,1.000000,0.839619,1.000000,0.000000,1,45850.000000,51000.000000,1.000000,12102695311.000000,605067.000000
51000,15,27498,0.600000,1.000000,0.599604,1.000000,0.000000,0,0.000000,50951.000000,1.000000,12102695311.000000,605067.000000
52000,0,28035,0.600000,1.000000,0.694066,1.000000,0.000000,0,0.000000,51996.000000,1.000000,12573865911.000000,560636.000000
52000,1,28030,0.600000,1.000000,0.611714,1.000000,0.000000,0,0.000000,51861.000000,1.000000,12573865911.000000,560636.000000
52000,2,28035,0.600000,1.000000,0.672412,1.000000,0.000000,0,0.000000,51981.000000,1.000000,12573865911.000000,560636.000000
52000,3,28034,0.600000,1.000000,0.647941,1.000000,0.000000,0,0.000000,51948.000000,1.000000,12573865911.000000,560636.000000
52000,4,28035,0.600000,1.000000,0.604453,1.000000,0.000000,0,0.000000,51950.000000,1.000000,12573865911.000000,560636.000000
52000,5,28034,0.600000,1.000000,0.605506,1.000000,0.000000,0,0.000000,51851.000000,1.000000,12573865911.000000,560636.000000
52000,6,28027,0.600000,1.000000,0.589689,1.000000,0.000000,0,0.000000,51960.000000,1.000000,12573865911.000000,560636.000000
52000,7,28035,0.600000,1.000000,0.619987,1.000000,0.000000,1,46782.000000,52000.000000,1.000000,12573865911.000000,560636.000000
52000,8,28036,0.600000,1.000000,0.611453,1.000000,0.000000,0,0.000000,51971.000000,1.000000,12573865911.000000,560636.000000
52000,9,28030,0.600000,1.000000,0.545546,1.000000,0.000000,0,0.000000,51891.000000,1.000000,12573865911.000000,560636.000000
52000,10,28026,0.600000,1.000000,0.632220,1.000000,0.000000,0,0.000000,51659.000000,1.000000,12573865911.000000,560636.000000
52000,11,28035,0.600000,1.000000,0.805856,1.000000,0.000000,0,0.000000,51999.000000,1.000000,12573865911.000000,560636.000000
52000,12,28036,0.600000,1.000000,0.601395,1.000000,0.000000,0,0.000000,51998.000000,1.000000,12573865911.000000,560636.000000
52000,13,28034,0.600000,1.000000,0.729461,1.000000,0.000000,0,0.000000,51993.000000,1.000000,12573865911.000000,560636.000000
52000,14,28036,0.600000,1.000000,0.603705,1.000000,0.000000,0,0.000000,51816.000000,1.000000,12573865911.000000,560636.000000
52000,15,28035,0.600000,1.000000,0.605247,1.000000,0.000000,0,0.000000,51985.000000,1.000000,12573865911.000000,560636.000000
53000,0,28581,0.600000,1.000000,0.739682,1.000000,0.000000,0,0.000000,52998.000000,1.000000,13067633507.000000,571556.000000
53000,1,28579,0.600000,1.000000,0.888148,1.000000,0.000000,0,0.000000,52996.000000,1.000000,13067633507.000000,571556.000000
53000,2,28578,0.600000,1.000000,0.614140,1.000000,0.000000,0,0.000000,52988.000000,1.000000,13067633507.000000,571556.000000
53000,3,28578,0.600000,1.000000,0.657020,1.000000,0.000000,0,0.000000,52969.000000,1.000000,13067633507.000000,571556.000000
53000,4,28579,0.600000,1.000000,0.645606,1.000000,0.000000,0,0.000000,52989.000000,1.000000,13067633507.000000,571556.000000
53000,5,28575,0.600000,1.000000,0.517013,1.000000,0.000000,0,0.000000,52937.000000,1.000000,13067633507.000000,571556.000000
53000,6,28576,0.600000,1.000000,0.613239,1.000000,0.000000,0,0.000000,52919.000000,1.000000,13067633507.000000,571556.000000
53000,7,28580,0.600000,1.000000,0.652296,1.000000,0.000000,0,0.000000,52993.000000,1.000000,13067633507.000000,571556.000000
53000,8,28578,0.600000,1.000000,0.541929,1.000000,0.000000,0,0.000000,52843.000000,1.000000,13067633507.000000,571556.000000
53000,9,28577,0.600000,1.000000,0.646173,1.000000,0.000000,0,0.000000,52963.000000,1.000000,13067633507.000000,571556.000000
53000,10,28582,0.600000,1.000000,0.721501,1.000000,0.000000,1,47931.000000,53000.000000,1.000000,13067633507.000000,571556.000000
53000,11,28582,0.600000,1.000000,0.730101,1.000000,0.000000,0,0.000000,52994.000000,1.000000,13067633507.000000,571556.000000
53000,12,28580,0.600000,1.000000,0.825421,1.000000,0.000000,0,0.000000,52861.000000,1.000000,13067633507.000000,571556.000000
53000,13,28577,0.600000,1.000000,0.499119,1.000000,0.000000,0,0.000000,52982.000000,1.000000,13067633507.000000,571556.000000
53000,14,28576,0.600000,1.000000,0.508239,1.000000,0.000000,0,0.000000,52096.000000,1.000000,13067633507.000000,571556.000000
53000,15,28577,0.600000,1.000000,0.706876,1.000000,0.000000,0,0.000000,52897.000000,1.000000,13067633507.000000,571556.000000
54000,0,29128,0.600000,1.000000,0.714470,1.000000,0.000000,0,0.000000,53995.000000,1.000000,13572949364.000000,291229.000000
54000,1,29128,0.600000,1.000000,0.664834,1.000000,0.000000,0,0.000000,53979.000000,1.000000,13572949364.000000,291229.000000
54000,2,29128,0.600000,1.000000,0.738270,1.000000,0.000000,0,0.000000,53941.000000,1.000000,13572949364.000000,291229.000000
54000,3,29126,0.600000,1.000000,0.719638,1.000000,0.000000,0,0.000000,53921.000000,1.000000,13572949364.000000,291229.000000
54000,4,29129,0.600000,1.000000,0.749197,1.000000,0.000000,0,0.000000,53996.000000,1.000000,13572949364.000000,291229.000000
54000,5,29109,0.600000,1.000000,0.710886,1.000000,0.000000,0,0.000000,53776.000000,1.000000,13572949364.000000,291229.000000
54000,6,29128,0.600000,1.000000,0.572073,1.000000,0.000000,0,0.000000,53891.000000,1.000000,13572949364.000000,291229.000000
54000,7,29125,0.600000,1.000000,0.567080,1.000000,0.000000,0,0.000000,53961.000000,1.000000,13572949364.000000,291229.000000
54000,8,29129,0.600000,1.000000,0.835219,1.000000,0.000000,0,0.000000,53999.000000,1.000000,13572949364.000000,291229.000000
54000,9,29124,0.600000,1.000000,0.592249,1.000000,0.000000,0,0.000000,53836.000000,1.000000,13572949364.000000,291229.000000
54000,10,29125,0.600000,1.000000,0.656863,1.000000,0.000000,0,0.000000,53858.000000,1.000000,13572949364.000000,291229.000000
54000,11,29129,0.600000,1.000000,0.689644,1.000000,0.000000,1,48640.000000,54000.000000,1.000000,13572949364.000000,291229.000000
54000,12,29123,0.600000,1.000000,0.635744,1.000000,0.000000,0,0.000000,53907.000000,1.000000,13572949364.000000,291229.000000
54000,13,29128,0.600000,1.000000,0.727313,1.000000,0.000000,0,0.000000,53997.000000,1.000000,13572949364.000000,291229.000000
54000,14,29128,0.600000,1.000000,0.620684,1.000000,0.000000,0,0.000000,53968.000000,1.000000,13572949364.000000,291229.000000
54000,15,29125,0.600000,1.000000,0.557935,1.000000,0.000000,0,0.000000,53976.000000,1.000000,13572949364.000000,291229.000000
55000,0,29667,0.600000,1.000000,0.673006,1.000000,0.000000,0,0.000000,54998.000000,1.000000,14080077306.000000,534003.000000
55000,1,29651,0.600000,1.000000,0.622231,1.000000,0.000000,0,0.000000,54405.000000,1.000000,14080077306.000000,534003.000000
55000,2,29668,0.600000,1.000000,0.652558,1.000000,0.000000,0,0.000000,54989.000000,1.000000,14080077306.000000,534003.000000
55000,3,29663,0.600000,1.000000,0.610302,1.000000,0.000000,0,0.000000,54941.000000,1.000000,14080077306.000000,534003.000000
55000,4,29668,0.600000,1.000000,0.671439,1.000000,0.000000,1,49184.000000,55000.000000,1.000000,14080077306.000000,534003.000000
55000,5,29667,0.600000,1.000000,0.662131,1.000000,0.000000,0,0.000000,54999.000000,1.000000,14080077306.000000,534003.000000
55000,6,29667,0.600000,1.000000,0.628725,1.000000,0.000000,0,0.000000,54887.000000,1.000000,14080077306.000000,534003.000000
55000,7,29668,0.600000,1.000000,0.738149,1.000000,0.000000,0,0.000000,54985.000000,1.000000,14080077306.000000,534003.000000
55000,8,29664,0.600000,1.000000,0.733650,1.000000,0.000000,0,0.000000,54965.000000,1.000000,14080077306.000000,534003.000000
55000,9,29655,0.600000,1.000000,0.628280,1.000000,0.000000,0,0.000000,54931.000000,1.000000,14080077306.000000,534003.000000
55000,10,29667,0.600000,1.000000,0.740823,1.000000,0.000000,0,0.000000,54994.000000,1.000000,14080077306.000000,534003.000000
55000,11,29665,0.600000,1.000000,0.700376,1.000000,0.000000,0,0.000000,54948.000000,1.000000,14080077306.000000,534003.000000
55000,12,29668,0.600000,1.000000,0.720922,1.000000,0.000000,0,0.000000,54996.000000,1.000000,14080077306.000000,534003.000000
55000,13,29668,0.600000,1.000000,0.683230,1.000000,0.000000,0,0.000000,54987.000000,1.000000,14080077306.000000,534003.000000
55000,14,29667,0.600000,1.000000,0.656246,1.000000,0.000000,0,0.000000,54980.000000,1.000000,14080077306.000000,534003.000000
55000,15,29665,0.600000,1.000000,0.615284,1.000000,0.000000,0,0.000000,54967.000000,1.000000,14080077306.000000,534003.000000
56000,0,30210,0.600000,1.000000,0.595612,1.000000,0.000000,0,0.000000,55971.000000,1.000000,14604601860.000000,483356.000000
56000,1,30213,0.600000,1.000000,0.544525,1.000000,0.000000,0,0.000000,55973.000000,1.000000,14604601860.000000,483356.000000
56000,2,30215,0.600000,1.000000,0.662404,1.000000,0.000000,0,0.000000,55999.000000,1.000000,14604601860.000000,483356.000000
56000,3,30214,0.600000,1.000000,0.797801,1.000000,0.000000,0,0.000000,55994.000000,1.000000,14604601860.000000,483356.000000
56000,4,30208,0.600000,1.000000,0.661155,1.000000,0.000000,0,0.000000,55651.000000,1.000000,14604601860.000000,483356.000000
56000,5,30216,0.600000,1.000000,0.702298,1.000000,0.000000,0,0.000000,55984.000000,1.000000,14604601860.000000,483356.000000
56000,6,30213,0.600000,1.000000,0.708073,1.000000,0.000000,0,0.000000,55805.000000,1.000000,14604601860.000000,483356.000000
56000,7,30212,0.600000,1.000000,0.604560,1.000000,0.000000,0,0.000000,55967.000000,1.000000,14604601860.000000,483356.000000
56000,8,30214,0.600000,1.000000,0.610893,1.000000,0.000000,0,0.000000,55995.000000,1.000000,14604601860.000000,483356.000000
56000,9,30201,0.600000,1.000000,0.651652,1.000000,0.000000,0,0.000000,55578.000000,1.000000,14604601860.000000,483356.000000
56000,10,30216,0.600000,1.000000,0.759520,1.000000,0.000000,1,50577.000000,56000.000000,1.000000,14604601860.000000,483356.000000
56000,11,30213,0.600000,1.000000,0.753063,1.000000,0.000000,0,0.000000,55956.000000,1.000000,14604601860.000000,483356.000000
56000,12,30212,0.600000,1.000000,0.614062,1.000000,0.000000,0,0.000000,55978.000000,1.000000,14604601860.000000,483356.000000
56000,13,30215,0.600000,1.000000,0.711780,1.000000,0.000000,0,0.000000,55993.000000,1.000000,14604601860.000000,483356.000000
56000,14,30211,0.600000,1.000000,0.659729,1.000000,0.000000,0,0.000000,55884.000000,1.000000,14604601860.000000,483356.000000
56000,15,30215,0.600000,1.000000,0.657635,1.000000,0.000000,0,0.000000,55992.000000,1.000000,14604601860.000000,483356.000000
57000,0,30769,0.600000,1.000000,0.661180,1.000000,0.000000,0,0.000000,56981.000000,1.000000,15145486610.000000,307675.000000
57000,1,30761,0.600000,1.000000,0.693148,1.000000,0.000000,0,0.000000,56693.000000,1.000000,15145486610.000000,307675.000000
57000,2,30769,0.600000,1.000000,0.689408,1.000000,0.000000,0,0.000000,56999.000000,1.000000,15145486610.000000,307675.000000
57000,3,30765,0.600000,1.000000,0.746022,1.000000,0.000000,0,0.000000,56930.000000,1.000000,15145486610.000000,307675.000000
57000,4,30770,0.600000,1.000000,0.626455,1.000000,0.000000,0,0.000000,56985.000000,1.000000,15145486610.000000,307675.000000
57000,5,30770,0.600000,1.000000,0.719019,1.000000,0.000000,0,0.000000,56997.000000,1.000000,15145486610.000000,307675.000000
57000,6,30765,0.600000,1.000000,0.591860,1.000000,0.000000,0,0.000000,56978.000000,1.000000,15145486610.000000,307675.000000
57000,7,30763,0.600000,1.000000,0.553186,1.000000,0.000000,0,0.000000,56845.000000,1.000000,15145486610.000000,307675.000000
57000,8,30765,0.600000,1.000000,0.597912,1.000000,0.000000,0,0.000000,56973.000000,1.000000,15145486610.000000,307675.000000
57000,9,30767,0.600000,1.000000,0.645036,1.000000,0.000000,0,0.000000,56928.000000,1.000000,15145486610.000000,307675.000000
57000,10,30768,0.600000,1.000000,0.679617,1.000000,0.000000,0,0.000000,56968.000000,1.000000,15145486610.000000,307675.000000
57000,11,30770,0.600000,1.000000,0.621106,1.000000,0.000000,1,51286.000000,57000.000000,1.000000,15145486610.000000,307675.000000
57000,12,30763,0.600000,1.000000,0.632745,1.000000,0.000000,0,0.000000,56961.000000,1.000000,15145486610.000000,307675.000000
57000,13,30768,0.600000,1.000000,0.711166,1.000000,0.000000,0,0.000000,56966.000000,1.000000,15145486610.000000,307675.000000
57000,14,30766,0.600000,1.000000,0.604880,1.000000,0.000000,0,0.000000,56950.000000,1.000000,15145486610.000000,307675.000000
57000,15,30769,0.600000,1.000000,0.673679,1.000000,0.000000,0,0.000000,56993.000000,1.000000,15145486610.000000,307675.000000
58000,0,31302,0.600000,1.000000,0.718931,1.000000,0.000000,0,0.000000,57975.000000,1.000000,15675791388.000000,500728.000000
58000,1,31298,0.600000,1.000000,0.598098,1.000000,0.000000,0,0.000000,57903.000000,1.000000,15675791388.000000,500728.000000
58000,2,31303,0.600000,1.000000,0.668788,1.000000,0.000000,0,0.000000,57998.000000,1.000000,15675791388.000000,500728.000000
58000,3,31304,0.600000,1.000000,0.597218,1.000000,0.000000,0,0.000000,57969.000000,1.000000,15675791388.000000,500728.000000
58000,4,31303,0.600000,1.000000,0.714834,1.000000,0.000000,0,0.000000,57996.000000,1.000000,15675791388.000000,500728.000000
58000,5,31296,0.600000,1.000000,0.586547,1.000000,0.000000,0,0.000000,57916.000000,1.000000,15675791388.000000,500728.000000
58000,6,31294,0.600000,1.000000,0.569102,1.000000,0.000000,0,0.000000,57574.000000,1.000000,15675791388.000000,500728.000000
58000,7,31300,0.600000,1.000000,0.728563,1.000000,0.000000,0,0.000000,57979.000000,1.000000,15675791388.000000,500728.000000
58000,8,31304,0.600000,1.000000,0.789241,1.000000,0.000000,0,0.000000,57999.000000,1.000000,15675791388.000000,500728.000000
58000,9,31299,0.600000,1.000000,0.571623,1.000000,0.000000,0,0.000000,57925.000000,1.000000,15675791388.000000,500728.000000
58000,10,31296,0.600000,1.000000,0.585537,1.000000,0.000000,0,0.000000,57889.000000,1.000000,15675791388.000000,500728.000000
58000,11,31298,0.600000,1.000000,0.625343,1.000000,0.000000,0,0.000000,57976.000000,1.000000,15675791388.000000,500728.000000
58000,12,31304,0.600000,1.000000,0.620113,1.000000,0.000000,1,52231.000000,58000.000000,1.000000,15675791388.000000,500728.000000
58000,13,31304,0.600000,1.000000,0.564130,1.000000,0.000000,0,0.000000,57967.000000,1.000000,15675791388.000000,500728.000000
58000,14,31303,0.600000,1.000000,0.577037,1.000000,0.000000,0,0.000000,57950.000000,1.000000,15675791388.000000,500728.000000
58000,15,31304,0.600000,1.000000,0.655961,1.000000,0.000000,0,0.000000,57995.000000,1.000000,15675791388.000000,500728.000000
59000,0,31848,0.600000,1.000000,0.770079,1.000000,0.000000,0,0.000000,58995.000000,1.000000,16224518292.000000,827963.000000
59000,1,31849,0.600000,1.000000,0.801413,1.000000,0.000000,0,0.000000,58996.000000,1.000000,16224518292.000000,827963.000000
59000,2,31840,0.600000,1.000000,0.705655,1.000000,0.000000,0,0.000000,58951.000000,1.000000,16224518292.000000,827963.000000
59000,3,31841,0.600000,1.000000,0.726832,1.000000,0.000000,0,0.000000,58920.000000,1.000000,16224518292.000000,827963.000000
59000,4,31846,0.600000,1.000000,0.672034,1.000000,0.000000,0,0.000000,58991.000000,1.000000,16224518292.000000,827963.000000
59000,5,31847,0.600000,1.000000,0.779317,1.000000,0.000000,0,0.000000,58770.000000,1.000000,16224518292.000000,827963.000000
59000,6,31844,0.600000,1.000000,0.648835,1.000000,0.000000,0,0.000000,58965.000000,1.000000,16224518292.000000,827963.000000
59000,7,31849,0.600000,1.000000,0.949311,1.000000,0.000000,1,53167.000000,59000.000000,1.000000,16224518292.000000,827963.000000
59000,8,31847,0.600000,1.000000,0.752976,1.000000,0.000000,0,0.000000,58983.000000,1.000000,16224518292.000000,827963.000000
59000,9,31836,0.600000,1.000000,0.553926,1.000000,0.000000,0,0.000000,58953.000000,1.000000,16224518292.000000,827963.000000
59000,10,31845,0.600000,1.000000,0.688732,1.000000,0.000000,0,0.000000,58773.000000,1.000000,16224518292.000000,827963.000000
59000,11,31838,0.600000,1.000000,0.764508,1.000000,0.000000,0,0.000000,58939.000000,1.000000,16224518292.000000,827963.000000
59000,12,31847,0.600000,1.000000,0.555797,1.000000,0.000000,0,0.000000,58950.000000,1.000000,16224518292.000000,827963.000000
59000,13,31843,0.600000,1.000000,0.657606,1.000000,0.000000,0,0.000000,58925.000000,1.000000,16224518292.000000,827963.000000
59000,14,31836,0.600000,1.000000,0.592505,1.000000,0.000000,0,0.000000,58912.000000,1.000000,16224518292.000000,827963.000000
59000,15,31846,0.600000,1.000000,0.667894,1.000000,0.000000,0,0.000000,58985.000000,1.000000,16224518292.000000,827963.000000
60000,0,32382,0.600000,1.000000,0.634673,1.000000,0.000000,0,0.000000,59998.000000,1.000000,16773552785.000000,259014.000000
60000,1,32377,0.600000,1.000000,0.584077,1.000000,0.000000,0,0.000000,59835.000000,1.000000,16773552785.000000,259014.000000
60000,2,32374,0.600000,1.000000,0.726394,1.000000,0.000000,0,0.000000,59959.000000,1.000000,16773552785.000000,259014.000000
60000,3,32379,0.600000,1.000000,0.663297,1.000000,0.000000,0,0.000000,59942.000000,1.000000,16773552785.000000,259014.000000
60000,4,32382,0.600000,1.000000,0.695595,1.000000,0.000000,0,0.000000,59991.000000,1.000000,16773552785.000000,259014.000000
60000,5,32379,0.600000,1.000000,0.639120,1.000000,0.000000,0,0.000000,59881.000000,1.000000,16773552785.000000,259014.000000
60000,6,32382,0.600000,1.000000,0.743172,1.000000,0.000000,0,0.000000,59732.000000,1.000000,16773552785.000000,259014.000000
60000,7,32382,0.600000,1.000000,0.646017,1.000000,0.000000,0,0.000000,59999.000000,1.000000,16773552785.000000,259014.000000
60000,8,32382,0.600000,1.000000,0.658975,1.000000,0.000000,0,0.000000,59994.000000,1.000000,16773552785.000000,259014.000000
60000,9,32365,0.600000,1.000000,0.545418,1.000000,0.000000,0,0.000000,59883.000000,1.000000,16773552785.000000,259014.000000
60000,10,32378,0.600000,1.000000,0.520191,1.000000,0.000000,0,0.000000,59972.000000,1.000000,16773552785.000000,259014.000000
60000,11,32378,0.600000,1.000000,0.601313,1.000000,0.000000,0,0.000000,59875.000000,1.000000,16773552785.000000,259014.000000
60000,12,32382,0.600000,1.000000,0.645310,1.000000,0.000000,1,53947.000000,60000.000000,1.000000,16773552785.000000,259014.000000
60000,13,32380,0.600000,1.000000,0.645663,1.000000,0.000000,0,0.000000,59978.000000,1.000000,16773552785.000000,259014.000000
60000,14,32369,0.600000,1.000000,0.576427,1.000000,0.000000,0,0.000000,59534.000000,1.000000,16773552785.000000,259014.000000
60000,15,32380,0.600000,1.000000,0.765444,1.000000,0.000000,0,0.000000,59996.000000,1.000000,16773552785.000000,259014.000000
61000,0,32927,0.600000,1.000000,0.551892,1.000000,0.000000,0,0.000000,60585.000000,1.000000,17346338922.000000,263408.000000
61000,1,32927,0.600000,1.000000,0.755580,1.000000,0.000000,0,0.000000,60996.000000,1.000000,17346338922.000000,263408.000000
61000,2,32928,0.600000,1.000000,0.672577,1.000000,0.000000,0,0.000000,60988.000000,1.000000,17346338922.000000,263408.000000
61000,3,32915,0.600000,1.000000,0.738486,1.000000,0.000000,0,0.000000,60679.000000,1.000000,17346338922.000000,263408.000000
61000,4,32926,0.600000,1.000000,0.703256,1.000000,0.000000,0,0.000000,60878.000000,1.000000,17346338922.000000,263408.000000
61000,5,32929,0.600000,1.000000,0.734086,1.000000,0.000000,0,0.000000,60986.000000,1.000000,17346338922.000000,263408.000000
61000,6,32925,0.600000,1.000000,0.577761,1.000000,0.000000,0,0.000000,60944.000000,1.000000,17346338922.000000,263408.000000
61000,7,32928,0.600000,1.000000,0.767781,1.000000,0.000000,0,0.000000,60955.000000,1.000000,17346338922.000000,263408.000000
61000,8,32930,0.600000,1.000000,0.563063,1.000000,0.000000,0,0.000000,60999.000000,1.000000,17346338922.000000,263408.000000
61000,9,32929,0.600000,1.000000,0.688988,1.000000,0.000000,0,0.000000,60630.000000,1.000000,17346338922.000000,263408.000000
61000,10,32927,0.600000,1.000000,0.629899,1.000000,0.000000,0,0.000000,60862.000000,1.000000,17346338922.000000,263408.000000
61000,11,32929,0.600000,1.000000,0.625839,1.000000,0.000000,1,54860.000000,61000.000000,1.000000,17346338922.000000,263408.000000
61000,12,32927,0.600000,1.000000,0.625203,1.000000,0.000000,0,0.000000,60967.000000,1.000000,17346338922.000000,263408.000000
61000,13,32922,0.600000,1.000000,0.649731,1.000000,0.000000,0,0.000000,60909.000000,1.000000,17346338922.000000,263408.000000
61000,14,32926,0.600000,1.000000,0.616730,1.000000,0.000000,0,0.000000,60751.000000,1.000000,17346338922.000000,263408.000000
61000,15,32927,0.600000,1.000000,0.629504,1.000000,0.000000,0,0.000000,60990.000000,1.000000,17346338922.000000,263408.000000
62000,0,33475,0.600000,1.000000,0.629691,1.000000,0.000000,1,55238.000000,62000.000000,1.000000,17923252491.000000,669378.000000
62000,1,33472,0.600000,1.000000,0.758994,1.000000,0.000000,0,0.000000,61995.000000,1.000000,17923252491.000000,669378.000000
62000,2,33471,0.600000,1.000000,0.696495,1.000000,0.000000,0,0.000000,61960.000000,1.000000,17923252491.000000,669378.000000
62000,3,33463,0.600000,1.000000,0.669799,1.000000,0.000000,0,0.000000,61756.000000,1.000000,17923252491.000000,669378.000000
62000,4,33474,0.600000,1.000000,0.660870,1.000000,0.000000,0,0.000000,61998.000000,1.000000,17923252491.000000,669378.000000
62000,5,33461,0.600000,1.000000,0.671733,1.000000,0.000000,0,0.000000,61515.000000,1.000000,17923252491.000000,669378.000000
62000,6,33472,0.600000,1.000000,0.709845,1.000000,0.000000,0,0.000000,61994.000000,1.000000,17923252491.000000,669378.000000
62000,7,33471,0.600000,1.000000,0.581430,1.000000,0.000000,0,0.000000,61896.000000,1.000000,17923252491.000000,669378.000000
62000,8,33467,0.600000,1.000000,0.598593,1.000000,0.000000,0,0.000000,61945.000000,1.000000,17923252491.000000,669378.000000
62000,9,33470,0.600000,1.000000,0.620458,1.000000,0.000000,0,0.000000,61965.000000,1.000000,17923252491.000000,669378.000000
62000,10,33473,0.600000,1.000000,0.624425,1.000000,0.000000,0,0.000000,61975.000000,1.000000,17923252491.000000,669378.000000
62000,11,33471,0.600000,1.000000,0.620276,1.000000,0.000000,0,0.000000,61892.000000,1.000000,17923252491.000000,669378.000000
62000,12,33473,0.600000,1.000000,0.679805,1.000000,0.000000,0,0.000000,61999.000000,1.000000,17923252491.000000,669378.000000
62000,13,33473,0.600000,1.000000,0.688255,1.000000,0.000000,0,0.000000,61974.000000,1.000000,17923252491.000000,669378.000000
62000,14,33452,0.600000,1.000000,0.567806,1.000000,0.000000,0,0.000000,61787.000000,1.000000,17923252491.000000,669378.000000
62000,15,33473,0.600000,1.000000,0.753008,1.000000,0.000000,0,0.000000,61997.000000,1.000000,17923252491.000000,669378.000000
63000,0,33999,0.600000,1.000000,0.654144,1.000000,0.000000,0,0.000000,62983.000000,1.000000,18491444487.000000,747929.000000
63000,1,33998,0.600000,1.000000,0.841758,1.000000,0.000000,0,0.000000,62998.000000,1.000000,18491444487.000000,747929.000000
63000,2,33998,0.600000,1.000000,0.673981,1.000000,0.000000,0,0.000000,62949.000000,1.000000,18491444487.000000,747929.000000
63000,3,33999,0.600000,1.000000,0.804064,1.000000,0.000000,0,0.000000,62988.000000,1.000000,18491444487.000000,747929.000000
63000,4,33989,0.600000,1.000000,0.534224,1.000000,0.000000,0,0.000000,62741.000000,1.000000,18491444487.000000,747929.000000
63000,5,34000,0.600000,1.000000,0.739364,1.000000,0.000000,0,0.000000,62972.000000,1.000000,18491444487.000000,747929.000000
63000,6,33988,0.600000,1.000000,0.682679,1.000000,0.000000,0,0.000000,62926.000000,1.000000,18491444487.000000,747929.000000
63000,7,33997,0.600000,1.000000,0.811197,1.000000,0.000000,0,0.000000,62978.000000,1.000000,18491444487.000000,747929.000000
63000,8,33994,0.600000,1.000000,0.795549,1.000000,0.000000,0,0.000000,62970.000000,1.000000,18491444487.000000,747929.000000
63000,9,33992,0.600000,1.000000,0.609152,1.000000,0.000000,0,0.000000,62824.000000,1.000000,18491444487.000000,747929.000000
63000,10,33994,0.600000,1.000000,0.582605,1.000000,0.000000,0,0.000000,62971.000000,1.000000,18491444487.000000,747929.000000
63000,11,33995,0.600000,1.000000,0.620395,1.000000,0.000000,0,0.000000,62964.000000,1.000000,18491444487.000000,747929.000000
63000,12,33999,0.600000,1.000000,0.755658,1.000000,0.000000,0,0.000000,62985.000000,1.000000,18491444487.000000,747929.000000
63000,13,33999,0.600000,1.000000,0.797670,1.000000,0.000000,1,56803.000000,63000.000000,1.000000,18491444487.000000,747929.000000
63000,14,33998,0.600000,1.000000,0.679179,1.000000,0.000000,0,0.000000,62979.000000,1.000000,18491444487.000000,747929.000000
63000,15,33994,0.600000,1.000000,0.564952,1.000000,0.000000,0,0.000000,62981.000000,1.000000,18491444487.000000,747929.000000
64000,0,34537,0.600000,1.000000,0.714002,1.000000,0.000000,0,0.000000,63715.000000,1.000000,19081969288.000000,414386.000000
64000,1,34520,0.600000,1.000000,0.465847,1.000000,0.000000,0,0.000000,63729.000000,1.000000,19081969288.000000,414386.000000
64000,2,34539,0.600000,1.000000,0.763475,1.000000,0.000000,0,0.000000,63997.000000,1.000000,19081969288.000000,414386.000000
64000,3,34533,0.600000,1.000000,0.482890,1.000000,0.000000,0,0.000000,63960.000000,1.000000,19081969288.000000,414386.000000
64000,4,34538,0.600000,1.000000,0.783996,1.000000,0.000000,1,57210.000000,64000.000000,1.000000,19081969288.000000,414386.000000
64000,5,34529,0.600000,1.000000,0.474986,1.000000,0.000000,0,0.000000,63908.000000,1.000000,19081969288.000000,414386.000000
64000,6,34538,0.600000,1.000000,0.689408,1.000000,0.000000,0,0.000000,63989.000000,1.000000,19081969288.000000,414386.000000
64000,7,34532,0.600000,1.000000,0.715218,1.000000,0.000000,0,0.000000,63986.000000,1.000000,19081969288.000000,414386.000000
64000,8,34536,0.600000,1.000000,0.629953,1.000000,0.000000,0,0.000000,63938.000000,1.000000,19081969288.000000,414386.000000
64000,9,34538,0.600000,1.000000,0.694661,1.000000,0.000000,0,0.000000,63993.000000,1.000000,19081969288.000000,414386.000000
64000,10,34537,0.600000,1.000000,0.601878,1.000000,0.000000,0,0.000000,63992.000000,1.000000,19081969288.000000,414386.000000
64000,11,34537,0.600000,1.000000,0.748099,1.000000,0.000000,0,0.000000,63995.000000,1.000000,19081969288.000000,414386.000000
64000,12,34537,0.600000,1.000000,0.656831,1.000000,0.000000,0,0.000000,63948.000000,1.000000,19081969288.000000,414386.000000
64000,13,34532,0.600000,1.000000,0.584593,1.000000,0.000000,0,0.000000,63877.000000,1.000000,19081969288.000000,414386.000000
64000,14,34538,0.600000,1.000000,0.703063,1.000000,0.000000,0,0.000000,63987.000000,1.000000,19081969288.000000,414386.000000
64000,15,34529,0.600000,1.000000,0.659968,1.000000,0.000000,0,0.000000,63895.000000,1.000000,19081969288.000000,414386.000000
65000,0,35072,0.600000,1.000000,0.690723,1.000000,0.000000,0,0.000000,64959.000000,1.000000,19679250057.000000,490981.000000
65000,1,35072,0.600000,1.000000,0.775491,1.000000,0.000000,0,0.000000,64999.000000,1.000000,19679250057.000000,490981.000000
65000,2,35067,0.600000,1.000000,0.639041,1.000000,0.000000,0,0.000000,64864.000000,1.000000,19679250057.000000,490981.000000
65000,3,35070,0.600000,1.000000,0.745051,1.000000,0.000000,0,0.000000,64939.000000,1.000000,19679250057.000000,490981.000000
65000,4,35072,0.600000,1.000000,0.615226,1.000000,0.000000,0,0.000000,64965.000000,1.000000,19679250057.000000,490981.000000
65000,5,35072,0.600000,1.000000,0.756923,1.000000,0.000000,0,0.000000,64992.000000,1.000000,19679250057.000000,490981.000000
65000,6,35073,0.600000,1.000000,0.605489,1.000000,0.000000,0,0.000000,64994.000000,1.000000,19679250057.000000,490981.000000
65000,7,35073,0.600000,1.000000,0.633346,1.000000,0.000000,1,58521.000000,65000.000000,1.000000,19679250057.000000,490981.000000
65000,8,35073,0.600000,1.000000,0.549474,1.000000,0.000000,0,0.000000,64995.000000,1.000000,19679250057.000000,490981.000000
65000,9,35068,0.600000,1.000000,0.656453,1.000000,0.000000,0,0.000000,64821.000000,1.000000,19679250057.000000,490981.000000
65000,10,35074,0.600000,1.000000,0.627712,1.000000,0.000000,0,0.000000,64997.000000,1.000000,19679250057.000000,490981.000000
65000,11,35065,0.600000,1.000000,0.664232,1.000000,0.000000,0,0.000000,64893.000000,1.000000,19679250057.000000,490981.000000
65000,12,35069,0.600000,1.000000,0.642123,1.000000,0.000000,0,0.000000,64960.000000,1.000000,19679250057.000000,490981.000000
65000,13,35071,0.600000,1.000000,0.712206,1.000000,0.000000,0,0.000000,64968.000000,1.000000,19679250057.000000,490981.000000
65000,14,35067,0.600000,1.000000,0.735521,1.000000,0.000000,0,0.000000,64900.000000,1.000000,19679250057.000000,490981.000000
65000,15,35073,0.600000,1.000000,0.734134,1.000000,0.000000,0,0.000000,64998.000000,1.000000,19679250057.000000,490981.000000
66000,0,35612,0.600000,1.000000,0.660640,1.000000,0.000000,0,0.000000,65944.000000,1.000000,20291361631.000000,356123.000000
66000,1,35615,0.600000,1.000000,0.686190,1.000000,0.000000,0,0.000000,65996.000000,1.000000,20291361631.000000,356123.000000
66000,2,35604,0.600000,1.000000,0.475628,1.000000,0.000000,0,0.000000,65921.000000,1.000000,20291361631.000000,356123.000000
66000,3,35614,0.600000,1.000000,0.803476,1.000000,0.000000,0,0.000000,65954.000000,1.000000,20291361631.000000,356123.000000
66000,4,35609,0.600000,1.000000,0.585858,1.000000,0.000000,0,0.000000,65892.000000,1.000000,20291361631.000000,356123.000000
66000,5,35606,0.600000,1.000000,0.620498,1.000000,0.000000,0,0.000000,65683.000000,1.000000,20291361631.000000,356123.000000
66000,6,35613,0.600000,1.000000,0.631745,1.000000,0.000000,0,0.000000,65961.000000,1.000000,20291361631.000000,356123.000000
66000,7,35614,0.600000,1.000000,0.658263,1.000000,0.000000,0,0.000000,65878.000000,1.000000,20291361631.000000,356123.000000
66000,8,35612,0.600000,1.000000,0.664822,1.000000,0.000000,0,0.000000,65937.000000,1.000000,20291361631.000000,356123.000000
66000,9,35614,0.600000,1.000000,0.672384,1.000000,0.000000,0,0.000000,65991.000000,1.000000,20291361631.000000,356123.000000
66000,10,35614,0.600000,1.000000,0.745586,1.000000,0.000000,1,59338.000000,66000.000000,1.000000,20291361631.000000,356123.000000
66000,11,35615,0.600000,1.000000,0.738916,1.000000,0.000000,0,0.000000,65896.000000,1.000000,20291361631.000000,356123.000000
66000,12,35614,0.600000,1.000000,0.716645,1.000000,0.000000,0,0.000000,65785.000000,1.000000,20291361631.000000,356123.000000
66000,13,35613,0.600000,1.000000,0.646841,1.000000,0.000000,0,0.000000,65990.000000,1.000000,20291361631.000000,356123.000000
66000,14,35611,0.600000,1.000000,0.674217,1.000000,0.000000,0,0.000000,65760.000000,1.000000,20291361631.000000,356123.000000
66000,15,35611,0.600000,1.000000,0.614048,1.000000,0.000000,0,0.000000,65925.000000,1.000000,20291361631.000000,356123.000000
67000,0,36149,0.600000,1.000000,0.598366,1.000000,0.000000,0,0.000000,66952.000000,1.000000,20907425236.000000,361473.000000
67000,1,36144,0.600000,1.000000,0.594654,1.000000,0.000000,0,0.000000,66520.000000,1.000000,20907425236.000000,361473.000000
67000,2,36152,0.600000,1.000000,0.729886,1.000000,0.000000,0,0.000000,66992.000000,1.000000,20907425236.000000,361473.000000
67000,3,36140,0.600000,1.000000,0.704186,1.000000,0.000000,0,0.000000,66840.000000,1.000000,20907425236.000000,361473.000000
67000,4,36154,0.600000,1.000000,0.574475,1.000000,0.000000,0,0.000000,66998.000000,1.000000,20907425236.000000,361473.000000
67000,5,36147,0.600000,1.000000,0.586906,1.000000,0.000000,0,0.000000,66965.000000,1.000000,20907425236.000000,361473.000000
67000,6,36153,0.600000,1.000000,0.665261,1.000000,0.000000,0,0.000000,66978.000000,1.000000,20907425236.000000,361473.000000
67000,7,36153,0.600000,1.000000,0.706068,1.000000,0.000000,1,60276.000000,67000.000000,1.000000,20907425236.000000,361473.000000
67000,8,36153,0.600000,1.000000,0.758963,1.000000,0.000000,0,0.000000,66999.000000,1.000000,20907425236.000000,361473.000000
67000,9,36147,0.600000,1.000000,0.632745,1.000000,0.000000,0,0.000000,66960.000000,1.000000,20907425236.000000,361473.000000
67000,10,36144,0.600000,1.000000,0.570404,1.000000,0.000000,0,0.000000,66883.000000,1.000000,20907425236.000000,361473.000000
67000,11,36154,0.600000,1.000000,0.702626,1.000000,0.000000,0,0.000000,66986.000000,1.000000,20907425236.000000,361473.000000
67000,12,36152,0.600000,1.000000,0.649225,1.000000,0.000000,0,0.000000,66984.000000,1.000000,20907425236.000000,361473.000000
67000,13,36147,0.600000,1.000000,0.610747,1.000000,0.000000,0,0.000000,66920.000000,1.000000,20907425236.000000,361473.000000
67000,14,36150,0.600000,1.000000,0.553987,1.000000,0.000000,0,0.000000,66964.000000,1.000000,20907425236.000000,361473.000000
67000,15,36137,0.600000,1.000000,0.656172,1.000000,0.000000,0,0.000000,66790.000000,1.000000,20907425236.000000,361473.000000
68000,0,36690,0.600000,1.000000,0.633514,1.000000,0.000000,0,0.000000,67981.000000,1.000000,21537103761.000000,587006.000000
68000,1,36691,0.600000,1.000000,0.602139,1.000000,0.000000,0,0.000000,67955.000000,1.000000,21537103761.000000,587006.000000
68000,2,36691,0.600000,1.000000,0.569057,1.000000,0.000000,0,0.000000,67985.000000,1.000000,21537103761.000000,587006.000000
68000,3,36695,0.600000,1.000000,0.795518,1.000000,0.000000,0,0.000000,67996.000000,1.000000,21537103761.000000,587006.000000
68000,4,36679,0.600000,1.000000,0.659982,1.000000,0.000000,0,0.000000,67908.000000,1.000000,21537103761.000000,587006.000000
68000,5,36684,0.600000,1.000000,0.722490,1.000000,0.000000,0,0.000000,67684.000000,1.000000,21537103761.000000,587006.000000
68000,6,36694,0.600000,1.000000,0.719346,1.000000,0.000000,0,0.000000,67995.000000,1.000000,21537103761.000000,587006.000000
68000,7,36686,0.600000,1.000000,0.645828,1.000000,0.000000,0,0.000000,67737.000000,1.000000,21537103761.000000,587006.000000
68000,8,36685,0.600000,1.000000,0.574426,1.000000,0.000000,0,0.000000,67949.000000,1.000000,21537103761.000000,587006.000000
68000,9,36695,0.600000,1.000000,0.630629,1.000000,0.000000,1,61126.000000,68000.000000,1.000000,21537103761.000000,587006.000000
68000,10,36686,0.600000,1.000000,0.696559,1.000000,0.000000,0,0.000000,67952.000000,1.000000,21537103761.000000,587006.000000
68000,11,36688,0.600000,1.000000,0.719402,1.000000,0.000000,0,0.000000,67964.000000,1.000000,21537103761.000000,587006.000000
68000,12,36691,0.600000,1.000000,0.704394,1.000000,0.000000,0,0.000000,67978.000000,1.000000,21537103761.000000,587006.000000
68000,13,36693,0.600000,1.000000,0.774373,1.000000,0.000000,0,0.000000,67999.000000,1.000000,21537103761.000000,587006.000000
68000,14,36681,0.600000,1.000000,0.519488,1.000000,0.000000,0,0.000000,67884.000000,1.000000,21537103761.000000,587006.000000
68000,15,36692,0.600000,1.000000,0.691571,1.000000,0.000000,0,0.000000,67924.000000,1.000000,21537103761.000000,587006.000000
69000,0,37232,0.600000,1.000000,0.618509,1.000000,0.000000,0,0.000000,68984.000000,1.000000,22178208940.000000,446764.000000
69000,1,37230,0.600000,1.000000,0.689055,1.000000,0.000000,0,0.000000,68951.000000,1.000000,22178208940.000000,446764.000000
69000,2,37233,0.600000,1.000000,0.691514,1.000000,0.000000,1,61120.000000,69000.000000,1.000000,22178208940.000000,446764.000000
69000,3,37227,0.600000,1.000000,0.660965,1.000000,0.000000,0,0.000000,68986.000000,1.000000,22178208940.000000,446764.000000
69000,4,37234,0.600000,1.000000,0.582933,1.000000,0.000000,0,0.000000,68996.000000,1.000000,22178208940.000000,446764.000000
69000,5,37233,0.600000,1.000000,0.757033,1.000000,0.000000,0,0.000000,68995.000000,1.000000,22178208940.000000,446764.000000
69000,6,37228,0.600000,1.000000,0.771427,1.000000,0.000000,0,0.000000,68849.000000,1.000000,22178208940.000000,446764.000000
69000,7,37233,0.600000,1.000000,0.610721,1.000000,0.000000,0,0.000000,68999.000000,1.000000,22178208940.000000,446764.000000
69000,8,37227,0.600000,1.000000,0.641961,1.000000,0.000000,0,0.000000,68867.000000,1.000000,22178208940.000000,446764.000000
69000,9,37229,0.600000,1.000000,0.663483,1.000000,0.000000,0,0.000000,68959.000000,1.000000,22178208940.000000,446764.000000
69000,10,37230,0.600000,1.000000,0.512377,1.000000,0.000000,0,0.000000,68954.000000,1.000000,22178208940.000000,446764.000000
69000,11,37233,0.600000,1.000000,0.728773,1.000000,0.000000,0,0.000000,68971.000000,1.000000,22178208940.000000,446764.000000
69000,12,37233,0.600000,1.000000,0.798484,1.000000,0.000000,0,0.000000,68998.000000,1.000000,22178208940.000000,446764.000000
69000,13,37232,0.600000,1.000000,0.541231,1.000000,0.000000,0,0.000000,68978.000000,1.000000,22178208940.000000,446764.000000
69000,14,37228,0.600000,1.000000,0.755885,1.000000,0.000000,0,0.000000,68893.000000,1.000000,22178208940.000000,446764.000000
69000,15,37232,0.600000,1.000000,0.665413,1.000000,0.000000,0,0.000000,68982.000000,1.000000,22178208940.000000,446764.000000
70000,0,37774,0.600000,1.000000,0.836524,1.000000,0.000000,0,0.000000,69989.000000,1.000000,22825242477.000000,982087.000000
70000,1,37766,0.600000,1.000000,0.548190,1.000000,0.000000,0,0.000000,69935.000000,1.000000,22825242477.000000,982087.000000
70000,2,37754,0.600000,1.000000,0.693879,1.000000,0.000000,0,0.000000,69629.000000,1.000000,22825242477.000000,982087.000000
70000,3,37773,0.600000,1.000000,0.700788,1.000000,0.000000,0,0.000000,69996.000000,1.000000,22825242477.000000,982087.000000
70000,4,37773,0.600000,1.000000,0.707909,1.000000,0.000000,0,0.000000,69967.000000,1.000000,22825242477.000000,982087.000000
70000,5,37776,0.600000,1.000000,0.630780,1.000000,0.000000,1,63055.000000,70000.000000,1.000000,22825242477.000000,982087.000000
70000,6,37770,0.600000,1.000000,0.586726,1.000000,0.000000,0,0.000000,69971.000000,1.000000,22825242477.000000,982087.000000
70000,7,37771,0.600000,1.000000,0.745386,1.000000,0.000000,0,0.000000,69995.000000,1.000000,22825242477.000000,982087.000000
70000,8,37765,0.600000,1.000000,0.587270,1.000000,0.000000,0,0.000000,69918.000000,1.000000,22825242477.000000,982087.000000
70000,9,37765,0.600000,1.000000,0.695565,1.000000,0.000000,0,0.000000,69835.000000,1.000000,22825242477.000000,982087.000000
70000,10,37773,0.600000,1.000000,0.709159,1.000000,0.000000,0,0.000000,69923.000000,1.000000,22825242477.000000,982087.000000
70000,11,37775,0.600000,1.000000,0.793395,1.000000,0.000000,0,0.000000,69991.000000,1.000000,22825242477.000000,982087.000000
70000,12,37773,0.600000,1.000000,0.790457,1.000000,0.000000,0,0.000000,69993.000000,1.000000,22825242477.000000,982087.000000
70000,13,37774,0.600000,1.000000,0.591768,1.000000,0.000000,0,0.000000,69862.000000,1.000000,22825242477.000000,982087.000000
70000,14,37763,0.600000,1.000000,0.741504,1.000000,0.000000,0,0.000000,69882.000000,1.000000,22825242477.000000,982087.000000
70000,15,37776,0.600000,1.000000,0.781205,1.000000,0.000000,0,0.000000,69999.000000,1.000000,22825242477.000000,982087.000000
71000,0,38300,0.600000,1.000000,0.638988,1.000000,0.000000,0,0.000000,70985.000000,1.000000,23466410716.000000,765924.000000
71000,1,38300,0.600000,1.000000,0.613564,1.000000,0.000000,0,0.000000,70968.000000,1.000000,23466410716.000000,765924.000000
71000,2,38302,0.600000,1.000000,0.804375,1.000000,0.000000,0,0.000000,70998.000000,1.000000,23466410716.000000,765924.000000
71000,3,38291,0.600000,1.000000,0.493358,1.000000,0.000000,0,0.000000,70939.000000,1.000000,23466410716.000000,765924.000000
71000,4,38294,0.600000,1.000000,0.651339,1.000000,0.000000,0,0.000000,70803.000000,1.000000,23466410716.000000,765924.000000
71000,5,38297,0.600000,1.000000,0.574609,1.000000,0.000000,0,0.000000,70869.000000,1.000000,23466410716.000000,765924.000000
71000,6,38303,0.600000,1.000000,0.736093,1.000000,0.000000,1,64048.000000,71000.000000,1.000000,23466410716.000000,765924.000000
71000,7,38304,0.600000,1.000000,0.723732,1.000000,0.000000,0,0.000000,70999.000000,1.000000,23466410716.000000,765924.000000
71000,8,38280,0.600000,1.000000,0.515569,1.000000,0.000000,0,0.000000,70834.000000,1.000000,23466410716.000000,765924.000000
71000,9,38298,0.600000,1.000000,0.658585,1.000000,0.000000,0,0.000000,70982.000000,1.000000,23466410716.000000,765924.000000
71000,10,38292,0.600000,1.000000,0.519448,1.000000,0.000000,0,0.000000,70955.000000,1.000000,23466410716.000000,765924.000000
71000,11,38291,0.600000,1.000000,0.535706,1.000000,0.000000,0,0.000000,70876.000000,1.000000,23466410716.000000,765924.000000
71000,12,38301,0.600000,1.000000,0.690093,1.000000,0.000000,0,0.000000,70994.000000,1.000000,23466410716.000000,765924.000000
71000,13,38301,0.600000,1.000000,0.744892,1.000000,0.000000,0,0.000000,70995.000000,1.000000,23466410716.000000,765924.000000
71000,14,38299,0.600000,1.000000,0.610301,1.000000,0.000000,0,0.000000,70937.000000,1.000000,23466410716.000000,765924.000000
71000,15,38297,0.600000,1.000000,0.669418,1.000000,0.000000,0,0.000000,70986.000000,1.000000,23466410716.000000,765924.000000
72000,0,38837,0.600000,1.000000,0.585538,1.000000,0.000000,0,0.000000,71958.000000,1.000000,24127952975.000000,388319.000000
72000,1,38836,0.600000,1.000000,0.701867,1.000000,0.000000,0,0.000000,71991.000000,1.000000,24127952975.000000,388319.000000
72000,2,38836,0.600000,1.000000,0.771687,1.000000,0.000000,0,0.000000,71990.000000,1.000000,24127952975.000000,388319.000000
72000,3,38823,0.600000,1.000000,0.736299,1.000000,0.000000,0,0.000000,71581.000000,1.000000,24127952975.000000,388319.000000
72000,4,38831,0.600000,1.000000,0.716356,1.000000,0.000000,0,0.000000,71692.000000,1.000000,24127952975.000000,388319.000000
72000,5,38834,0.600000,1.000000,0.595652,1.000000,0.000000,0,0.000000,71953.000000,1.000000,24127952975.000000,388319.000000
72000,6,38837,0.600000,1.000000,0.593215,1.000000,0.000000,0,0.000000,71976.000000,1.000000,24127952975.000000,388319.000000
72000,7,38837,0.600000,1.000000,0.735390,1.000000,0.000000,0,0.000000,71996.000000,1.000000,24127952975.000000,388319.000000
72000,8,38826,0.600000,1.000000,0.593080,1.000000,0.000000,0,0.000000,71782.000000,1.000000,24127952975.000000,388319.000000
72000,9,38837,0.600000,1.000000,0.710603,1.000000,0.000000,1,64642.000000,72000.000000,1.000000,24127952975.000000,388319.000000
72000,10,38836,0.600000,1.000000,0.573557,1.000000,0.000000,0,0.000000,71998.000000,1.000000,24127952975.000000,388319.000000
72000,11,38834,0.600000,1.000000,0.613207,1.000000,0.000000,0,0.000000,71704.000000,1.000000,24127952975.000000,388319.000000
72000,12,38822,0.600000,1.000000,0.650036,1.000000,0.000000,0,0.000000,71767.000000,1.000000,24127952975.000000,388319.000000
72000,13,38828,0.600000,1.000000,0.560563,1.000000,0.000000,0,0.000000,71889.000000,1.000000,24127952975.000000,388319.000000
72000,14,38837,0.600000,1.000000,0.653552,1.000000,0.000000,0,0.000000,71997.000000,1.000000,24127952975.000000,388319.000000
72000,15,38836,0.600000,1.000000,0.622088,1.000000,0.000000,0,0.000000,71977.000000,1.000000,24127952975.000000,388319.000000
73000,0,39361,0.600000,1.000000,0.575634,1.000000,0.000000,0,0.000000,72596.000000,1.000000,24796801270.000000,708617.000000
73000,1,39373,0.600000,1.000000,0.732320,1.000000,0.000000,0,0.000000,72998.000000,1.000000,24796801270.000000,708617.000000
73000,2,39369,0.600000,1.000000,0.688863,1.000000,0.000000,0,0.000000,72987.000000,1.000000,24796801270.000000,708617.000000
73000,3,39368,0.600000,1.000000,0.590254,1.000000,0.000000,0,0.000000,72912.000000,1.000000,24796801270.000000,708617.000000
73000,4,39372,0.600000,1.000000,0.661853,1.000000,0.000000,0,0.000000,72999.000000,1.000000,24796801270.000000,708617.000000
73000,5,39371,0.600000,1.000000,0.635070,1.000000,0.000000,0,0.000000,72965.000000,1.000000,24796801270.000000,708617.000000
73000,6,39360,0.600000,1.000000,0.476074,1.000000,0.000000,0,0.000000,72896.000000,1.000000,24796801270.000000,708617.000000
73000,7,39366,0.600000,1.000000,0.702207,1.000000,0.000000,0,0.000000,72957.000000,1.000000,24796801270.000000,708617.000000
73000,8,39373,0.600000,1.000000,0.699855,1.000000,0.000000,1,65142.000000,73000.000000,1.000000,24796801270.000000,708617.000000
73000,9,39365,0.600000,1.000000,0.634848,1.000000,0.000000,0,0.000000,72816.000000,1.000000,24796801270.000000,708617.000000
73000,10,39368,0.600000,1.000000,0.773614,1.000000,0.000000,0,0.000000,72689.000000,1.000000,24796801270.000000,708617.000000
73000,11,39374,0.600000,1.000000,0.662589,1.000000,0.000000,0,0.000000,72991.000000,1.000000,24796801270.000000,708617.000000
73000,12,39364,0.600000,1.000000,0.660200,1.000000,0.000000,0,0.000000,72691.000000,1.000000,24796801270.000000,708617.000000
73000,13,39372,0.600000,1.000000,0.726238,1.000000,0.000000,0,0.000000,72997.000000,1.000000,24796801270.000000,708617.000000
73000,14,39366,0.600000,1.000000,0.613946,1.000000,0.000000,0,0.000000,72945.000000,1.000000,24796801270.000000,708617.000000
73000,15,39358,0.600000,1.000000,0.646962,1.000000,0.000000,0,0.000000,72705.000000,1.000000,24796801270.000000,708617.000000
74000,0,39893,0.600000,1.000000,0.566606,1.000000,0.000000,0,0.000000,73928.000000,1.000000,25470564180.000000,319192.000000
74000,1,39897,0.600000,1.000000,0.652453,1.000000,0.000000,0,0.000000,73985.000000,1.000000,25470564180.000000,319192.000000
74000,2,39897,0.600000,1.000000,0.574832,1.000000,0.000000,0,0.000000,73924.000000,1.000000,25470564180.000000,319192.000000
74000,3,39901,0.600000,1.000000,0.586094,1.000000,0.000000,1,66434.000000,74000.000000,1.000000,25470564180.000000,319192.000000
74000,4,39902,0.600000,1.000000,0.577913,1.000000,0.000000,0,0.000000,73914.000000,1.000000,25470564180.000000,319192.000000
74000,5,39901,0.600000,1.000000,0.783657,1.000000,0.000000,0,0.000000,73996.000000,1.000000,25470564180.000000,319192.000000
74000,6,39896,0.600000,1.000000,0.476982,1.000000,0.000000,0,0.000000,73925.000000,1.000000,25470564180.000000,319192.000000
74000,7,39898,0.600000,1.000000,0.565300,1.000000,0.000000,0,0.000000,73957.000000,1.000000,25470564180.000000,319192.000000
74000,8,39901,0.600000,1.000000,0.654576,1.000000,0.000000,0,0.000000,73975.000000,1.000000,25470564180.000000,319192.000000
74000,9,39899,0.600000,1.000000,0.597937,1.000000,0.000000,0,0.000000,73980.000000,1.000000,25470564180.000000,319192.000000
74000,10,39901,0.600000,1.000000,0.705556,1.000000,0.000000,0,0.000000,73991.000000,1.000000,25470564180.000000,319192.000000
74000,11,39901,0.600000,1.000000,0.649891,1.000000,0.000000,0,0.000000,73997.000000,1.000000,25470564180.000000,319192.000000
74000,12,39901,0.600000,1.000000,0.678081,1.000000,0.000000,0,0.000000,73998.000000,1.000000,25470564180.000000,319192.000000
74000,13,39900,0.600000,1.000000,0.591156,1.000000,0.000000,0,0.000000,73992.000000,1.000000,25470564180.000000,319192.000000
74000,14,39901,0.600000,1.000000,0.656078,1.000000,0.000000,0,0.000000,73999.000000,1.000000,25470564180.000000,319192.000000
74000,15,39891,0.600000,1.000000,0.604484,1.000000,0.000000,0,0.000000,73904.000000,1.000000,25470564180.000000,319192.000000
75000,0,40435,0.600000,1.000000,0.608016,1.000000,0.000000,0,0.000000,74977.000000,1.000000,26163871588.000000,1213171.000000
75000,1,40442,0.600000,1.000000,0.769155,1.000000,0.000000,0,0.000000,74987.000000,1.000000,26163871588.000000,1213171.000000
75000,2,40441,0.600000,1.000000,0.676534,1.000000,0.000000,0,0.000000,74996.000000,1.000000,26163871588.000000,1213171.000000
75000,3,40440,0.600000,1.000000,0.763098,1.000000,0.000000,0,0.000000,74997.000000,1.000000,26163871588.000000,1213171.000000
75000,4,40440,0.600000,1.000000,0.645794,1.000000,0.000000,0,0.000000,74994.000000,1.000000,26163871588.000000,1213171.000000
75000,5,40440,0.600000,1.000000,0.706329,1.000000,0.000000,0,0.000000,74938.000000,1.000000,26163871588.000000,1213171.000000
75000,6,40432,0.600000,1.000000,0.563047,1.000000,0.000000,0,0.000000,74812.000000,1.000000,26163871588.000000,1213171.000000
75000,7,40443,0.600000,1.000000,0.733231,1.000000,0.000000,1,67376.000000,75000.000000,1.000000,26163871588.000000,1213171.000000
75000,8,40443,0.600000,1.000000,0.655282,1.000000,0.000000,0,0.000000,74946.000000,1.000000,26163871588.000000,1213171.000000
75000,9,40440,0.600000,1.000000,0.647675,1.000000,0.000000,0,0.000000,74982.000000,1.000000,26163871588.000000,1213171.000000
75000,10,40435,0.600000,1.000000,0.588859,1.000000,0.000000,0,0.000000,74956.000000,1.000000,26163871588.000000,1213171.000000
75000,11,40436,0.600000,1.000000,0.544189,1.000000,0.000000,0,0.000000,74935.000000,1.000000,26163871588.000000,1213171.000000
75000,12,40441,0.600000,1.000000,0.651387,1.000000,0.000000,0,0.000000,74999.000000,1.000000,26163871588.000000,1213171.000000
75000,13,40428,0.600000,1.000000,0.609359,1.000000,0.000000,0,0.000000,74804.000000,1.000000,26163871588.000000,1213171.000000
75000,14,40443,0.600000,1.000000,0.679427,1.000000,0.000000,0,0.000000,74989.000000,1.000000,26163871588.000000,1213171.000000
75000,15,40431,0.600000,1.000000,0.666667,1.000000,0.000000,0,0.000000,74824.000000,1.000000,26163871588.000000,1213171.000000
76000,0,40982,0.600000,1.000000,0.809926,1.000000,0.000000,0,0.000000,75999.000000,1.000000,26867881515.000000,573697.000000
76000,1,40981,0.600000,1.000000,0.814418,1.000000,0.000000,0,0.000000,75997.000000,1.000000,26867881515.000000,573697.000000
76000,2,40975,0.600000,1.000000,0.559124,1.000000,0.000000,0,0.000000,75969.000000,1.000000,26867881515.000000,573697.000000
76000,3,40977,0.600000,1.000000,0.670438,1.000000,0.000000,0,0.000000,75817.000000,1.000000,26867881515.000000,573697.000000
76000,4,40981,0.600000,1.000000,0.711296,1.000000,0.000000,0,0.000000,75992.000000,1.000000,26867881515.000000,573697.000000
76000,5,40982,0.600000,1.000000,0.704818,1.000000,0.000000,1,68347.000000,76000.000000,1.000000,26867881515.000000,573697.000000
76000,6,40980,0.600000,1.000000,0.699893,1.000000,0.000000,0,0.000000,75989.000000,1.000000,26867881515.000000,573697.000000
76000,7,40976,0.600000,1.000000,0.465867,1.000000,0.000000,0,0.000000,75889.000000,1.000000,26867881515.000000,573697.000000
76000,8,40980,0.600000,1.000000,0.695744,1.000000,0.000000,0,0.000000,75882.000000,1.000000,26867881515.000000,573697.000000
76000,9,40979,0.600000,1.000000,0.604704,1.000000,0.000000,0,0.000000,75902.000000,1.000000,26867881515.000000,573697.000000
76000,10,40983,0.600000,1.000000,0.648021,1.000000,0.000000,0,0.000000,75994.000000,1.000000,26867881515.000000,573697.000000
76000,11,40982,0.600000,1.000000,0.619906,1.000000,0.000000,0,0.000000,75944.000000,1.000000,26867881515.000000,573697.000000
76000,12,40976,0.600000,1.000000,0.569074,1.000000,0.000000,0,0.000000,75935.000000,1.000000,26867881515.000000,573697.000000
76000,13,40972,0.600000,1.000000,0.508112,1.000000,0.000000,0,0.000000,75962.000000,1.000000,26867881515.000000,573697.000000
76000,14,40975,0.600000,1.000000,0.563215,1.000000,0.000000,0,0.000000,75964.000000,1.000000,26867881515.000000,573697.000000
76000,15,40976,0.600000,1.000000,0.598367,1.000000,0.000000,0,0.000000,75880.000000,1.000000,26867881515.000000,573697.000000
77000,0,41501,0.600000,1.000000,0.530202,1.000000,0.000000,0,0.000000,76827.000000,1.000000,27570693209.000000,664152.000000
77000,1,41513,0.600000,1.000000,0.743058,1.000000,0.000000,0,0.000000,76608.000000,1.000000,27570693209.000000,664152.000000
77000,2,41507,0.600000,1.000000,0.622658,1.000000,0.000000,0,0.000000,76937.000000,1.000000,27570693209.000000,664152.000000
77000,3,41504,0.600000,1.000000,0.556186,1.000000,0.000000,0,0.000000,76933.000000,1.000000,27570693209.000000,664152.000000
77000,4,41514,0.600000,1.000000,0.799093,1.000000,0.000000,0,0.000000,76999.000000,1.000000,27570693209.000000,664152.000000
77000,5,41511,0.600000,1.000000,0.632437,1.000000,0.000000,0,0.000000,76973.000000,1.000000,27570693209.000000,664152.000000
77000,6,41513,0.600000,1.000000,0.468383,1.000000,0.000000,0,0.000000,76994.000000,1.000000,27570693209.000000,664152.000000
77000,7,41514,0.600000,1.000000,0.823661,1.000000,0.000000,0,0.000000,76912.000000,1.000000,27570693209.000000,664152.000000
77000,8,41513,0.600000,1.000000,0.673539,1.000000,0.000000,0,0.000000,76905.000000,1.000000,27570693209.000000,664152.000000
77000,9,41512,0.600000,1.000000,0.697365,1.000000,0.000000,0,0.000000,76915.000000,1.000000,27570693209.000000,664152.000000
77000,10,41514,0.600000,1.000000,0.750094,1.000000,0.000000,1,69246.000000,77000.000000,1.000000,27570693209.000000,664152.000000
77000,11,41507,0.600000,1.000000,0.582596,1.000000,0.000000,0,0.000000,76925.000000,1.000000,27570693209.000000,664152.000000
77000,12,41514,0.600000,1.000000,0.737094,1.000000,0.000000,0,0.000000,76995.000000,1.000000,27570693209.000000,664152.000000
77000,13,41515,0.600000,1.000000,0.685966,1.000000,0.000000,0,0.000000,76990.000000,1.000000,27570693209.000000,664152.000000
77000,14,41512,0.600000,1.000000,0.679286,1.000000,0.000000,0,0.000000,76971.000000,1.000000,27570693209.000000,664152.000000
77000,15,41513,0.600000,1.000000,0.628619,1.000000,0.000000,0,0.000000,76978.000000,1.000000,27570693209.000000,664152.000000
78000,0,42057,0.600000,1.000000,0.718893,1.000000,0.000000,0,0.000000,77967.000000,1.000000,28303267735.000000,925327.000000
78000,1,42062,0.600000,1.000000,0.697760,1.000000,0.000000,0,0.000000,77990.000000,1.000000,28303267735.000000,925327.000000
78000,2,42053,0.600000,1.000000,0.642263,1.000000,0.000000,0,0.000000,77875.000000,1.000000,28303267735.000000,925327.000000
78000,3,42054,0.600000,1.000000,0.637341,1.000000,0.000000,0,0.000000,77904.000000,1.000000,28303267735.000000,925327.000000
78000,4,42059,0.600000,1.000000,0.727628,1.000000,0.000000,0,0.000000,77938.000000,1.000000,28303267735.000000,925327.000000
78000,5,42060,0.600000,1.000000,0.621170,1.000000,0.000000,0,0.000000,77979.000000,1.000000,28303267735.000000,925327.000000
78000,6,42063,0.600000,1.000000,0.652459,1.000000,0.000000,0,0.000000,77943.000000,1.000000,28303267735.000000,925327.000000
78000,7,42057,0.600000,1.000000,0.604793,1.000000,0.000000,0,0.000000,77980.000000,1.000000,28303267735.000000,925327.000000
78000,8,42062,0.600000,1.000000,0.766850,1.000000,0.000000,1,69549.000000,78000.000000,1.000000,28303267735.000000,925327.000000
78000,9,42059,0.600000,1.000000,0.682746,1.000000,0.000000,0,0.000000,77809.000000,1.000000,28303267735.000000,925327.000000
78000,10,42061,0.600000,1.000000,0.779269,1.000000,0.000000,0,0.000000,77999.000000,1.000000,28303267735.000000,925327.000000
78000,11,42061,0.600000,1.000000,0.798014,1.000000,0.000000,0,0.000000,77984.000000,1.000000,28303267735.000000,925327.000000
78000,12,42061,0.600000,1.000000,0.737831,1.000000,0.000000,0,0.000000,77992.000000,1.000000,28303267735.000000,925327.000000
78000,13,42056,0.600000,1.000000,0.753420,1.000000,0.000000,0,0.000000,77852.000000,1.000000,28303267735.000000,925327.000000
78000,14,42063,0.600000,1.000000,0.729767,1.000000,0.000000,0,0.000000,77997.000000,1.000000,28303267735.000000,925327.000000
78000,15,42055,0.600000,1.000000,0.615019,1.000000,0.000000,0,0.000000,77974.000000,1.000000,28303267735.000000,925327.000000
79000,0,42597,0.600000,1.000000,0.729580,1.000000,0.000000,1,70288.000000,79000.000000,1.000000,29025681715.000000,681466.000000
79000,1,42592,0.600000,1.000000,0.640134,1.000000,0.000000,0,0.000000,78848.000000,1.000000,29025681715.000000,681466.000000
79000,2,42589,0.600000,1.000000,0.651485,1.000000,0.000000,0,0.000000,78586.000000,1.000000,29025681715.000000,681466.000000
79000,3,42598,0.600000,1.000000,0.698544,1.000000,0.000000,0,0.000000,78999.000000,1.000000,29025681715.000000,681466.000000
79000,4,42580,0.600000,1.000000,0.596749,1.000000,0.000000,0,0.000000,78627.000000,1.000000,29025681715.000000,681466.000000
79000,5,42594,0.600000,1.000000,0.625766,1.000000,0.000000,0,0.000000,78983.000000,1.000000,29025681715.000000,681466.000000
79000,6,42592,0.600000,1.000000,0.723143,1.000000,0.000000,0,0.000000,78816.000000,1.000000,29025681715.000000,681466.000000
79000,7,42595,0.600000,1.000000,0.698267,1.000000,0.000000,0,0.000000,78981.000000,1.000000,29025681715.000000,681466.000000
79000,8,42591,0.600000,1.000000,0.527032,1.000000,0.000000,0,0.000000,78944.000000,1.000000,29025681715.000000,681466.000000
79000,9,42598,0.600000,1.000000,0.648088,1.000000,0.000000,0,0.000000,78996.000000,1.000000,29025681715.000000,681466.000000
79000,10,42588,0.600000,1.000000,0.467219,1.000000,0.000000,0,0.000000,78907.000000,1.000000,29025681715.000000,681466.000000
79000,11,42585,0.600000,1.000000,0.579148,1.000000,0.000000,0,0.000000,78926.000000,1.000000,29025681715.000000,681466.000000
79000,12,42595,0.600000,1.000000,0.702045,1.000000,0.000000,0,0.000000,78994.000000,1.000000,29025681715.000000,681466.000000
79000,13,42596,0.600000,1.000000,0.861291,1.000000,0.000000,0,0.000000,78990.000000,1.000000,29025681715.000000,681466.000000
79000,14,42591,0.600000,1.000000,0.599532,1.000000,0.000000,0,0.000000,78974.000000,1.000000,29025681715.000000,681466.000000
79000,15,42596,0.600000,1.000000,0.693388,1.000000,0.000000,0,0.000000,78952.000000,1.000000,29025681715.000000,681466.000000
80000,0,43138,0.600000,1.000000,0.759420,1.000000,0.000000,1,71160.000000,80000.000000,1.000000,29767205067.000000,862658.000000
80000,1,43133,0.600000,1.000000,0.679086,1.000000,0.000000,0,0.000000,79959.000000,1.000000,29767205067.000000,862658.000000
80000,2,43132,0.600000,1.000000,0.577520,1.000000,0.000000,0,0.000000,79971.000000,1.000000,29767205067.000000,862658.000000
80000,3,43127,0.600000,1.000000,0.554562,1.000000,0.000000,0,0.000000,79954.000000,1.000000,29767205067.000000,862658.000000
80000,4,43131,0.600000,1.000000,0.563578,1.000000,0.000000,0,0.000000,79970.000000,1.000000,29767205067.000000,862658.000000
80000,5,43129,0.600000,1.000000,0.742883,1.000000,0.000000,0,0.000000,79976.000000,1.000000,29767205067.000000,862658.000000
80000,6,43132,0.600000,1.000000,0.651813,1.000000,0.000000,0,0.000000,79963.000000,1.000000,29767205067.000000,862658.000000
80000,7,43125,0.600000,1.000000,0.675614,1.000000,0.000000,0,0.000000,79894.000000,1.000000,29767205067.000000,862658.000000
80000,8,43135,0.600000,1.000000,0.668838,1.000000,0.000000,0,0.000000,79979.000000,1.000000,29767205067.000000,862658.000000
80000,9,43128,0.600000,1.000000,0.816491,1.000000,0.000000,0,0.000000,79774.000000,1.000000,29767205067.000000,862658.000000
80000,10,43139,0.600000,1.000000,0.747292,1.000000,0.000000,0,0.000000,79987.000000,1.000000,29767205067.000000,862658.000000
80000,11,43137,0.600000,1.000000,0.647616,1.000000,0.000000,0,0.000000,79926.000000,1.000000,29767205067.000000,862658.000000
80000,12,43135,0.600000,1.000000,0.682071,1.000000,0.000000,0,0.000000,79891.000000,1.000000,29767205067.000000,862658.000000
80000,13,43129,0.600000,1.000000,0.586848,1.000000,0.000000,0,0.000000,79947.000000,1.000000,29767205067.000000,862658.000000
80000,14,43138,0.600000,1.000000,0.717731,1.000000,0.000000,0,0.000000,79945.000000,1.000000,29767205067.000000,862658.000000
80000,15,43139,0.600000,1.000000,0.757893,1.000000,0.000000,0,0.000000,79999.000000,1.000000,29767205067.000000,862658.000000
81000,0,43670,0.600000,1.000000,0.743102,1.000000,0.000000,0,0.000000,80999.000000,1.000000,30507775043.000000,523998.000000
81000,1,43667,0.600000,1.000000,0.683295,1.000000,0.000000,0,0.000000,80987.000000,1.000000,30507775043.000000,523998.000000
81000,2,43670,0.600000,1.000000,0.733889,1.000000,0.000000,0,0.000000,80997.000000,1.000000,30507775043.000000,523998.000000
81000,3,43661,0.600000,1.000000,0.648695,1.000000,0.000000,0,0.000000,80953.000000,1.000000,30507775043.000000,523998.000000
81000,4,43665,0.600000,1.000000,0.598494,1.000000,0.000000,0,0.000000,80991.000000,1.000000,30507775043.000000,523998.000000
81000,5,43668,0.600000,1.000000,0.594343,1.000000,0.000000,0,0.000000,80944.000000,1.000000,30507775043.000000,523998.000000
81000,6,43664,0.600000,1.000000,0.626093,1.000000,0.000000,0,0.000000,80831.000000,1.000000,30507775043.000000,523998.000000
81000,7,43669,0.600000,1.000000,0.726202,1.000000,0.000000,0,0.000000,80686.000000,1.000000,30507775043.000000,523998.000000
81000,8,43664,0.600000,1.000000,0.634304,1.000000,0.000000,0,0.000000,80930.000000,1.000000,30507775043.000000,523998.000000
81000,9,43668,0.600000,1.000000,0.709378,1.000000,0.000000,0,0.000000,80934.000000,1.000000,30507775043.000000,523998.000000
81000,10,43671,0.600000,1.000000,0.818365,1.000000,0.000000,1,72836.000000,81000.000000,1.000000,30507775043.000000,523998.000000
81000,11,43666,0.600000,1.000000,0.680253,1.000000,0.000000,0,0.000000,80981.000000,1.000000,30507775043.000000,523998.000000
81000,12,43668,0.600000,1.000000,0.617034,1.000000,0.000000,0,0.000000,80975.000000,1.000000,30507775043.000000,523998.000000
81000,13,43664,0.600000,1.000000,0.673856,1.000000,0.000000,0,0.000000,80920.000000,1.000000,30507775043.000000,523998.000000
81000,14,43663,0.600000,1.000000,0.632878,1.000000,0.000000,0,0.000000,80945.000000,1.000000,30507775043.000000,523998.000000
81000,15,43661,0.600000,1.000000,0.617784,1.000000,0.000000,0,0.000000,80928.000000,1.000000,30507775043.000000,523998.000000
82000,0,44194,0.600000,1.000000,0.571718,1.000000,0.000000,0,0.000000,81974.000000,1.000000,31252141091.000000,1325847.000000
82000,1,44188,0.600000,1.000000,0.491478,1.000000,0.000000,0,0.000000,81942.000000,1.000000,31252141091.000000,1325847.000000
82000,2,44199,0.600000,1.000000,0.797956,1.000000,0.000000,0,0.000000,81997.000000,1.000000,31252141091.000000,1325847.000000
82000,3,44201,0.600000,1.000000,0.704076,1.000000,0.000000,1,73703.000000,82000.000000,1.000000,31252141091.000000,1325847.000000
82000,4,44198,0.600000,1.000000,0.588505,1.000000,0.000000,0,0.000000,81970.000000,1.000000,31252141091.000000,1325847.000000
82000,5,44189,0.600000,1.000000,0.732827,1.000000,0.000000,0,0.000000,81978.000000,1.000000,31252141091.000000,1325847.000000
82000,6,44193,0.600000,1.000000,0.530992,1.000000,0.000000,0,0.000000,81971.000000,1.000000,31252141091.000000,1325847.000000
82000,7,44200,0.600000,1.000000,0.747033,1.000000,0.000000,0,0.000000,81993.000000,1.000000,31252141091.000000,1325847.000000
82000,8,44202,0.600000,1.000000,0.700474,1.000000,0.000000,0,0.000000,81969.000000,1.000000,31252141091.000000,1325847.000000
82000,9,44184,0.600000,1.000000,0.618235,1.000000,0.000000,0,0.000000,81829.000000,1.000000,31252141091.000000,1325847.000000
82000,10,44196,0.600000,1.000000,0.540269,1.000000,0.000000,0,0.000000,81951.000000,1.000000,31252141091.000000,1325847.000000
82000,11,44199,0.600000,1.000000,0.636576,1.000000,0.000000,0,0.000000,81988.000000,1.000000,31252141091.000000,1325847.000000
82000,12,44201,0.600000,1.000000,0.633449,1.000000,0.000000,0,0.000000,81982.000000,1.000000,31252141091.000000,1325847.000000
82000,13,44196,0.600000,1.000000,0.590996,1.000000,0.000000,0,0.000000,81973.000000,1.000000,31252141091.000000,1325847.000000
82000,14,44196,0.600000,1.000000,0.613685,1.000000,0.000000,0,0.000000,81980.000000,1.000000,31252141091.000000,1325847.000000
82000,15,44195,0.600000,1.000000,0.603337,1.000000,0.000000,0,0.000000,81758.000000,1.000000,31252141091.000000,1325847.000000
83000,0,44737,0.600000,1.000000,0.613784,1.000000,0.000000,0,0.000000,82919.000000,1.000000,32020418492.000000,1073636.000000
83000,1,44739,0.600000,1.000000,0.609054,1.000000,0.000000,0,0.000000,82989.000000,1.000000,32020418492.000000,1073636.000000
83000,2,44736,0.600000,1.000000,0.656650,1.000000,0.000000,0,0.000000,82957.000000,1.000000,32020418492.000000,1073636.000000
83000,3,44731,0.600000,1.000000,0.633694,1.000000,0.000000,0,0.000000,82889.000000,1.000000,32020418492.000000,1073636.000000
83000,4,44732,0.600000,1.000000,0.591570,1.000000,0.000000,0,0.000000,82949.000000,1.000000,32020418492.000000,1073636.000000
83000,5,44732,0.600000,1.000000,0.576594,1.000000,0.000000,0,0.000000,82899.000000,1.000000,32020418492.000000,1073636.000000
83000,6,44739,0.600000,1.000000,0.798839,1.000000,0.000000,0,0.000000,82999.000000,1.000000,32020418492.000000,1073636.000000
83000,7,44737,0.600000,1.000000,0.627317,1.000000,0.000000,0,0.000000,82967.000000,1.000000,32020418492.000000,1073636.000000
83000,8,44738,0.600000,1.000000,0.732183,1.000000,0.000000,0,0.000000,82992.000000,1.000000,32020418492.000000,1073636.000000
83000,9,44730,0.600000,1.000000,0.626350,1.000000,0.000000,0,0.000000,82516.000000,1.000000,32020418492.000000,1073636.000000
83000,10,44739,0.600000,1.000000,0.647477,1.000000,0.000000,1,74548.000000,83000.000000,1.000000,32020418492.000000,1073636.000000
83000,11,44730,0.600000,1.000000,0.549653,1.000000,0.000000,0,0.000000,82966.000000,1.000000,32020418492.000000,1073636.000000
83000,12,44739,0.600000,1.000000,0.755576,1.000000,0.000000,0,0.000000,82997.000000,1.000000,32020418492.000000,1073636.000000
83000,13,44734,0.600000,1.000000,0.542897,1.000000,0.000000,0,0.000000,82741.000000,1.000000,32020418492.000000,1073636.000000
83000,14,44739,0.600000,1.000000,0.734244,1.000000,0.000000,0,0.000000,82990.000000,1.000000,32020418492.000000,1073636.000000
83000,15,44738,0.600000,1.000000,0.780029,1.000000,0.000000,0,0.000000,82998.000000,1.000000,32020418492.000000,1073636.000000
84000,0,45259,0.600000,1.000000,0.665205,1.000000,0.000000,0,0.000000,83796.000000,1.000000,32774938750.000000,724156.000000
84000,1,45263,0.600000,1.000000,0.595097,1.000000,0.000000,0,0.000000,83991.000000,1.000000,32774938750.000000,724156.000000
84000,2,45260,0.600000,1.000000,0.656338,1.000000,0.000000,0,0.000000,83988.000000,1.000000,32774938750.000000,724156.000000
84000,3,45255,0.600000,1.000000,0.523907,1.000000,0.000000,0,0.000000,83876.000000,1.000000,32774938750.000000,724156.000000
84000,4,45263,0.600000,1.000000,0.645739,1.000000,0.000000,0,0.000000,83992.000000,1.000000,32774938750.000000,724156.000000
84000,5,45262,0.600000,1.000000,0.731863,1.000000,0.000000,0,0.000000,83999.000000,1.000000,32774938750.000000,724156.000000
84000,6,45262,0.600000,1.000000,0.630310,1.000000,0.000000,0,0.000000,83928.000000,1.000000,32774938750.000000,724156.000000
84000,7,45258,0.600000,1.000000,0.702120,1.000000,0.000000,0,0.000000,83845.000000,1.000000,32774938750.000000,724156.000000
84000,8,45263,0.600000,1.000000,0.729064,1.000000,0.000000,0,0.000000,83997.000000,1.000000,32774938750.000000,724156.000000
84000,9,45263,0.600000,1.000000,0.693732,1.000000,0.000000,0,0.000000,83984.000000,1.000000,32774938750.000000,724156.000000
84000,10,45262,0.600000,1.000000,0.616650,1.000000,0.000000,0,0.000000,83959.000000,1.000000,32774938750.000000,724156.000000
84000,11,45259,0.600000,1.000000,0.696958,1.000000,0.000000,0,0.000000,83894.000000,1.000000,32774938750.000000,724156.000000
84000,12,45247,0.600000,1.000000,0.673913,1.000000,0.000000,0,0.000000,83307.000000,1.000000,32774938750.000000,724156.000000
84000,13,45257,0.600000,1.000000,0.592104,1.000000,0.000000,0,0.000000,83911.000000,1.000000,32774938750.000000,724156.000000
84000,14,45258,0.600000,1.000000,0.623932,1.000000,0.000000,0,0.000000,83926.000000,1.000000,32774938750.000000,724156.000000
84000,15,45263,0.600000,1.000000,0.636430,1.000000,0.000000,1,74515.000000,84000.000000,1.000000,32774938750.000000,724156.000000
85000,0,45803,0.600000,1.000000,0.665117,1.000000,0.000000,0,0.000000,84845.000000,1.000000,33567370000.000000,641251.000000
85000,1,45804,0.600000,1.000000,0.677743,1.000000,0.000000,0,0.000000,84846.000000,1.000000,33567370000.000000,641251.000000
85000,2,45794,0.600000,1.000000,0.610805,1.000000,0.000000,0,0.000000,84734.000000,1.000000,33567370000.000000,641251.000000
85000,3,45806,0.600000,1.000000,0.624507,1.000000,0.000000,0,0.000000,84990.000000,1.000000,33567370000.000000,641251.000000
85000,4,45799,0.600000,1.000000,0.674940,1.000000,0.000000,0,0.000000,84938.000000,1.000000,33567370000.000000,641251.000000
85000,5,45803,0.600000,1.000000,0.497942,1.000000,0.000000,0,0.000000,84966.000000,1.000000,33567370000.000000,641251.000000
85000,6,45808,0.600000,1.000000,0.629413,1.000000,0.000000,0,0.000000,84989.000000,1.000000,33567370000.000000,641251.000000
85000,7,45804,0.600000,1.000000,0.684155,1.000000,0.000000,0,0.000000,84953.000000,1.000000,33567370000.000000,641251.000000
85000,8,45807,0.600000,1.000000,0.738639,1.000000,0.000000,1,75791.000000,85000.000000,1.000000,33567370000.000000,641251.000000
85000,9,45806,0.600000,1.000000,0.671946,1.000000,0.000000,0,0.000000,84997.000000,1.000000,33567370000.000000,641251.000000
85000,10,45807,0.600000,1.000000,0.658044,1.000000,0.000000,0,0.000000,84995.000000,1.000000,33567370000.000000,641251.000000
85000,11,45798,0.600000,1.000000,0.692394,1.000000,0.000000,0,0.000000,84881.000000,1.000000,33567370000.000000,641251.000000
85000,12,45804,0.600000,1.000000,0.638873,1.000000,0.000000,0,0.000000,84994.000000,1.000000,33567370000.000000,641251.000000
85000,13,45805,0.600000,1.000000,0.605824,1.000000,0.000000,0,0.000000,84690.000000,1.000000,33567370000.000000,641251.000000
85000,14,45805,0.600000,1.000000,0.686506,1.000000,0.000000,0,0.000000,84998.000000,1.000000,33567370000.000000,641251.000000
85000,15,45803,0.600000,1.000000,0.549659,1.000000,0.000000,0,0.000000,84974.000000,1.000000,33567370000.000000,641251.000000
86000,0,46338,0.600000,1.000000,0.573724,1.000000,0.000000,0,0.000000,85975.000000,1.000000,34362871331.000000,741484.000000
86000,1,46347,0.600000,1.000000,0.669226,1.000000,0.000000,0,0.000000,85978.000000,1.000000,34362871331.000000,741484.000000
86000,2,46344,0.600000,1.000000,0.644641,1.000000,0.000000,0,0.000000,85970.000000,1.000000,34362871331.000000,741484.000000
86000,3,46346,0.600000,1.000000,0.820035,1.000000,0.000000,0,0.000000,85998.000000,1.000000,34362871331.000000,741484.000000
86000,4,46342,0.600000,1.000000,0.714954,1.000000,0.000000,0,0.000000,85971.000000,1.000000,34362871331.000000,741484.000000
86000,5,46344,0.600000,1.000000,0.557424,1.000000,0.000000,0,0.000000,85995.000000,1.000000,34362871331.000000,741484.000000
86000,6,46346,0.600000,1.000000,0.758857,1.000000,0.000000,1,77379.000000,86000.000000,1.000000,34362871331.000000,741484.000000
86000,7,46346,0.600000,1.000000,0.724715,1.000000,0.000000,0,0.000000,85994.000000,1.000000,34362871331.000000,741484.000000
86000,8,46333,0.600000,1.000000,0.660897,1.000000,0.000000,0,0.000000,85585.000000,1.000000,34362871331.000000,741484.000000
86000,9,46344,0.600000,1.000000,0.607066,1.000000,0.000000,0,0.000000,85962.000000,1.000000,34362871331.000000,741484.000000
86000,10,46345,0.600000,1.000000,0.654235,1.000000,0.000000,0,0.000000,85729.000000,1.000000,34362871331.000000,741484.000000
86000,11,46345,0.600000,1.000000,0.684495,1.000000,0.000000,0,0.000000,85992.000000,1.000000,34362871331.000000,741484.000000
86000,12,46343,0.600000,1.000000,0.580853,1.000000,0.000000,0,0.000000,85943.000000,1.000000,34362871331.000000,741484.000000
86000,13,46344,0.600000,1.000000,0.634348,1.000000,0.000000,0,0.000000,85990.000000,1.000000,34362871331.000000,741484.000000
86000,14,46347,0.600000,1.000000,0.667537,1.000000,0.000000,0,0.000000,85996.000000,1.000000,34362871331.000000,741484.000000
86000,15,46335,0.600000,1.000000,0.712890,1.000000,0.000000,0,0.000000,85700.000000,1.000000,34362871331.000000,741484.000000
87000,0,46869,0.600000,1.000000,0.685636,1.000000,0.000000,0,0.000000,86816.000000,1.000000,35162625486.000000,843815.000000
87000,1,46873,0.600000,1.000000,0.585030,1.000000,0.000000,0,0.000000,86929.000000,1.000000,35162625486.000000,843815.000000
87000,2,46878,0.600000,1.000000,0.631602,1.000000,0.000000,0,0.000000,86485.000000,1.000000,35162625486.000000,843815.000000
87000,3,46880,0.600000,1.000000,0.712025,1.000000,0.000000,0,0.000000,86994.000000,1.000000,35162625486.000000,843815.000000
87000,4,46883,0.600000,1.000000,0.743717,1.000000,0.000000,1,77706.000000,87000.000000,1.000000,35162625486.000000,843815.000000
87000,5,46880,0.600000,1.000000,0.658259,1.000000,0.000000,0,0.000000,86834.000000,1.000000,35162625486.000000,843815.000000
87000,6,46883,0.600000,1.000000,0.775320,1.000000,0.000000,0,0.000000,86999.000000,1.000000,35162625486.000000,843815.000000
87000,7,46880,0.600000,1.000000,0.523361,1.000000,0.000000,0,0.000000,86976.000000,1.000000,35162625486.000000,843815.000000
87000,8,46881,0.600000,1.000000,0.674520,1.000000,0.000000,0,0.000000,86945.000000,1.000000,35162625486.000000,843815.000000
87000,9,46879,0.600000,1.000000,0.665321,1.000000,0.000000,0,0.000000,86979.000000,1.000000,35162625486.000000,843815.000000
87000,10,46883,0.600000,1.000000,0.680909,1.000000,0.000000,0,0.000000,86990.000000,1.000000,35162625486.000000,843815.000000
87000,11,46881,0.600000,1.000000,0.705118,1.000000,0.000000,0,0.000000,86957.000000,1.000000,35162625486.000000,843815.000000
87000,12,46879,0.600000,1.000000,0.710776,1.000000,0.000000,0,0.000000,86942.000000,1.000000,35162625486.000000,843815.000000
87000,13,46879,0.600000,1.000000,0.717248,1.000000,0.000000,0,0.000000,86980.000000,1.000000,35162625486.000000,843815.000000
87000,14,46880,0.600000,1.000000,0.643996,1.000000,0.000000,0,0.000000,86977.000000,1.000000,35162625486.000000,843815.000000
87000,15,46880,0.600000,1.000000,0.721806,1.000000,0.000000,0,0.000000,86758.000000,1.000000,35162625486.000000,843815.000000
88000,0,47415,0.600000,1.000000,0.647660,1.000000,0.000000,0,0.000000,87722.000000,1.000000,35976890295.000000,1043149.000000
88000,1,47419,0.600000,1.000000,0.525472,1.000000,0.000000,0,0.000000,87980.000000,1.000000,35976890295.000000,1043149.000000
88000,2,47420,0.600000,1.000000,0.512890,1.000000,0.000000,0,0.000000,87974.000000,1.000000,35976890295.000000,1043149.000000
88000,3,47423,0.600000,1.000000,0.684580,1.000000,0.000000,0,0.000000,87992.000000,1.000000,35976890295.000000,1043149.000000
88000,4,47421,0.600000,1.000000,0.604143,1.000000,0.000000,0,0.000000,87819.000000,1.000000,35976890295.000000,1043149.000000
88000,5,47422,0.600000,1.000000,0.739058,1.000000,0.000000,0,0.000000,87989.000000,1.000000,35976890295.000000,1043149.000000
88000,6,47415,0.600000,1.000000,0.605208,1.000000,0.000000,0,0.000000,87963.000000,1.000000,35976890295.000000,1043149.000000
88000,7,47411,0.600000,1.000000,0.623365,1.000000,0.000000,0,0.000000,87884.000000,1.000000,35976890295.000000,1043149.000000
88000,8,47420,0.600000,1.000000,0.665244,1.000000,0.000000,0,0.000000,87984.000000,1.000000,35976890295.000000,1043149.000000
88000,9,47418,0.600000,1.000000,0.662392,1.000000,0.000000,0,0.000000,87607.000000,1.000000,35976890295.000000,1043149.000000
88000,10,47418,0.600000,1.000000,0.667581,1.000000,0.000000,0,0.000000,87979.000000,1.000000,35976890295.000000,1043149.000000
88000,11,47421,0.600000,1.000000,0.636768,1.000000,0.000000,0,0.000000,87988.000000,1.000000,35976890295.000000,1043149.000000
88000,12,47421,0.600000,1.000000,0.590176,1.000000,0.000000,0,0.000000,87947.000000,1.000000,35976890295.000000,1043149.000000
88000,13,47419,0.600000,1.000000,0.649111,1.000000,0.000000,0,0.000000,87978.000000,1.000000,35976890295.000000,1043149.000000
88000,14,47423,0.600000,1.000000,0.812389,1.000000,0.000000,1,79246.000000,88000.000000,1.000000,35976890295.000000,1043149.000000
88000,15,47417,0.600000,1.000000,0.632584,1.000000,0.000000,0,0.000000,87953.000000,1.000000,35976890295.000000,1043149.000000
89000,0,47960,0.600000,1.000000,0.651168,1.000000,0.000000,0,0.000000,88897.000000,1.000000,36806135793.000000,671477.000000
89000,1,47964,0.600000,1.000000,0.708822,1.000000,0.000000,0,0.000000,88975.000000,1.000000,36806135793.000000,671477.000000
89000,2,47967,0.600000,1.000000,0.729680,1.000000,0.000000,0,0.000000,88995.000000,1.000000,36806135793.000000,671477.000000
89000,3,47969,0.600000,1.000000,0.682915,1.000000,0.000000,0,0.000000,88981.000000,1.000000,36806135793.000000,671477.000000
89000,4,47948,0.600000,1.000000,0.626404,1.000000,0.000000,0,0.000000,88743.000000,1.000000,36806135793.000000,671477.000000
89000,5,47969,0.600000,1.000000,0.701305,1.000000,0.000000,0,0.000000,88999.000000,1.000000,36806135793.000000,671477.000000
89000,6,47959,0.600000,1.000000,0.608998,1.000000,0.000000,0,0.000000,88919.000000,1.000000,36806135793.000000,671477.000000
89000,7,47967,0.600000,1.000000,0.741774,1.000000,0.000000,0,0.000000,88959.000000,1.000000,36806135793.000000,671477.000000
89000,8,47967,0.600000,1.000000,0.687468,1.000000,0.000000,0,0.000000,88978.000000,1.000000,36806135793.000000,671477.000000
89000,9,47970,0.600000,1.000000,0.725229,1.000000,0.000000,1,79849.000000,89000.000000,1.000000,36806135793.000000,671477.000000
89000,10,47963,0.600000,1.000000,0.583683,1.000000,0.000000,0,0.000000,88906.000000,1.000000,36806135793.000000,671477.000000
89000,11,47941,0.600000,1.000000,0.420782,1.000000,0.000000,0,0.000000,88529.000000,1.000000,36806135793.000000,671477.000000
89000,12,47967,0.600000,1.000000,0.711145,1.000000,0.000000,0,0.000000,88996.000000,1.000000,36806135793.000000,671477.000000
89000,13,47968,0.600000,1.000000,0.590777,1.000000,0.000000,0,0.000000,88877.000000,1.000000,36806135793.000000,671477.000000
89000,14,47966,0.600000,1.000000,0.674786,1.000000,0.000000,0,0.000000,88989.000000,1.000000,36806135793.000000,671477.000000
89000,15,47952,0.600000,1.000000,0.752213,1.000000,0.000000,0,0.000000,88792.000000,1.000000,36806135793.000000,671477.000000
90000,0,48507,0.600000,1.000000,0.667296,1.000000,0.000000,0,0.000000,89983.000000,1.000000,37643760740.000000,1261151.000000
90000,1,48508,0.600000,1.000000,0.805125,1.000000,0.000000,0,0.000000,89928.000000,1.000000,37643760740.000000,1261151.000000
90000,2,48507,0.600000,1.000000,0.680996,1.000000,0.000000,0,0.000000,89990.000000,1.000000,37643760740.000000,1261151.000000
90000,3,48499,0.600000,1.000000,0.830323,1.000000,0.000000,0,0.000000,89807.000000,1.000000,37643760740.000000,1261151.000000
90000,4,48507,0.600000,1.000000,0.753085,1.000000,0.000000,0,0.000000,89989.000000,1.000000,37643760740.000000,1261151.000000
90000,5,48506,0.600000,1.000000,0.651105,1.000000,0.000000,0,0.000000,89955.000000,1.000000,37643760740.000000,1261151.000000
90000,6,48510,0.600000,1.000000,0.679909,1.000000,0.000000,0,0.000000,89995.000000,1.000000,37643760740.000000,1261151.000000
90000,7,48508,0.600000,1.000000,0.722559,1.000000,0.000000,0,0.000000,89984.000000,1.000000,37643760740.000000,1261151.000000
90000,8,48507,0.600000,1.000000,0.677373,1.000000,0.000000,0,0.000000,89992.000000,1.000000,37643760740.000000,1261151.000000
90000,9,48505,0.600000,1.000000,0.583906,1.000000,0.000000,0,0.000000,89991.000000,1.000000,37643760740.000000,1261151.000000
90000,10,48503,0.600000,1.000000,0.612395,1.000000,0.000000,0,0.000000,89564.000000,1.000000,37643760740.000000,1261151.000000
90000,11,48491,0.600000,1.000000,0.763006,1.000000,0.000000,0,0.000000,89811.000000,1.000000,37643760740.000000,1261151.000000
90000,12,48511,0.600000,1.000000,0.795819,1.000000,0.000000,1,80812.000000,90000.000000,1.000000,37643760740.000000,1261151.000000
90000,13,48505,0.600000,1.000000,0.660930,1.000000,0.000000,0,0.000000,89918.000000,1.000000,37643760740.000000,1261151.000000
90000,14,48503,0.600000,1.000000,0.701805,1.000000,0.000000,0,0.000000,89914.000000,1.000000,37643760740.000000,1261151.000000
90000,15,48503,0.600000,1.000000,0.687922,1.000000,0.000000,0,0.000000,89896.000000,1.000000,37643760740.000000,1261151.000000
91000,0,49038,0.600000,1.000000,0.814394,1.000000,0.000000,0,0.000000,90857.000000,1.000000,38474234210.000000,1274969.000000
91000,1,49039,0.600000,1.000000,0.580437,1.000000,0.000000,0,0.000000,90990.000000,1.000000,38474234210.000000,1274969.000000
91000,2,49040,0.600000,1.000000,0.661908,1.000000,0.000000,0,0.000000,90932.000000,1.000000,38474234210.000000,1274969.000000
91000,3,49036,0.600000,1.000000,0.665314,1.000000,0.000000,0,0.000000,90974.000000,1.000000,38474234210.000000,1274969.000000
91000,4,49040,0.600000,1.000000,0.589625,1.000000,0.000000,0,0.000000,90928.000000,1.000000,38474234210.000000,1274969.000000
91000,5,49038,0.600000,1.000000,0.849614,1.000000,0.000000,0,0.000000,90997.000000,1.000000,38474234210.000000,1274969.000000
91000,6,49035,0.600000,1.000000,0.632259,1.000000,0.000000,0,0.000000,90917.000000,1.000000,38474234210.000000,1274969.000000
91000,7,49039,0.600000,1.000000,0.595346,1.000000,0.000000,0,0.000000,90973.000000,1.000000,38474234210.000000,1274969.000000
91000,8,49034,0.600000,1.000000,0.541266,1.000000,0.000000,0,0.000000,90923.000000,1.000000,38474234210.000000,1274969.000000
91000,9,49037,0.600000,1.000000,0.603037,1.000000,0.000000,0,0.000000,90695.000000,1.000000,38474234210.000000,1274969.000000
91000,10,49038,0.600000,1.000000,0.737071,1.000000,0.000000,0,0.000000,90992.000000,1.000000,38474234210.000000,1274969.000000
91000,11,49028,0.600000,1.000000,0.605938,1.000000,0.000000,0,0.000000,90770.000000,1.000000,38474234210.000000,1274969.000000
91000,12,49037,0.600000,1.000000,0.664660,1.000000,0.000000,0,0.000000,90951.000000,1.000000,38474234210.000000,1274969.000000
91000,13,49041,0.600000,1.000000,0.692035,1.000000,0.000000,0,0.000000,90995.000000,1.000000,38474234210.000000,1274969.000000
91000,14,49040,0.600000,1.000000,0.762949,1.000000,0.000000,1,81925.000000,91000.000000,1.000000,38474234210.000000,1274969.000000
91000,15,49034,0.600000,1.000000,0.660088,1.000000,0.000000,0,0.000000,90967.000000,1.000000,38474234210.000000,1274969.000000
92000,0,49564,0.600000,1.000000,0.521257,1.000000,0.000000,0,0.000000,91995.000000,1.000000,39301477068.000000,495577.000000
92000,1,49562,0.600000,1.000000,0.629117,1.000000,0.000000,0,0.000000,91926.000000,1.000000,39301477068.000000,495577.000000
92000,2,49564,0.600000,1.000000,0.645642,1.000000,0.000000,0,0.000000,91994.000000,1.000000,39301477068.000000,495577.000000
92000,3,49564,0.600000,1.000000,0.671841,1.000000,0.000000,0,0.000000,91874.000000,1.000000,39301477068.000000,495577.000000
92000,4,49565,0.600000,1.000000,0.673190,1.000000,0.000000,0,0.000000,91989.000000,1.000000,39301477068.000000,495577.000000
92000,5,49549,0.600000,1.000000,0.539131,1.000000,0.000000,0,0.000000,91617.000000,1.000000,39301477068.000000,495577.000000
92000,6,49566,0.600000,1.000000,0.666687,1.000000,0.000000,0,0.000000,91998.000000,1.000000,39301477068.000000,495577.000000
92000,7,49563,0.600000,1.000000,0.666523,1.000000,0.000000,0,0.000000,91846.000000,1.000000,39301477068.000000,495577.000000
92000,8,49565,0.600000,1.000000,0.633040,1.000000,0.000000,0,0.000000,91859.000000,1.000000,39301477068.000000,495577.000000
92000,9,49567,0.600000,1.000000,0.570382,1.000000,0.000000,0,0.000000,91999.000000,1.000000,39301477068.000000,495577.000000
92000,10,49553,0.600000,1.000000,0.609896,1.000000,0.000000,0,0.000000,91763.000000,1.000000,39301477068.000000,495577.000000
92000,11,49555,0.600000,1.000000,0.523581,1.000000,0.000000,0,0.000000,91930.000000,1.000000,39301477068.000000,495577.000000
92000,12,49550,0.600000,1.000000,0.564336,1.000000,0.000000,0,0.000000,91577.000000,1.000000,39301477068.000000,495577.000000
92000,13,49566,0.600000,1.000000,0.637779,1.000000,0.000000,0,0.000000,91969.000000,1.000000,39301477068.000000,495577.000000
92000,14,49566,0.600000,1.000000,0.745822,1.000000,0.000000,1,82733.000000,92000.000000,1.000000,39301477068.000000,495577.000000
92000,15,49565,0.600000,1.000000,0.756966,1.000000,0.000000,0,0.000000,91997.000000,1.000000,39301477068.000000,495577.000000
93000,0,50111,0.600000,1.000000,0.647943,1.000000,0.000000,0,0.000000,92987.000000,1.000000,40173087015.000000,300661.000000
93000,1,50104,0.600000,1.000000,0.762916,1.000000,0.000000,0,0.000000,92610.000000,1.000000,40173087015.000000,300661.000000
93000,2,50108,0.600000,1.000000,0.674677,1.000000,0.000000,0,0.000000,92899.000000,1.000000,40173087015.000000,300661.000000
93000,3,50108,0.600000,1.000000,0.623849,1.000000,0.000000,0,0.000000,92595.000000,1.000000,40173087015.000000,300661.000000
93000,4,50111,0.600000,1.000000,0.742608,1.000000,0.000000,0,0.000000,92967.000000,1.000000,40173087015.000000,300661.000000
93000,5,50110,0.600000,1.000000,0.640459,1.000000,0.000000,0,0.000000,92961.000000,1.000000,40173087015.000000,300661.000000
93000,6,50111,0.600000,1.000000,0.742177,1.000000,0.000000,0,0.000000,92998.000000,1.000000,40173087015.000000,300661.000000
93000,7,50110,0.600000,1.000000,0.629944,1.000000,0.000000,0,0.000000,92993.000000,1.000000,40173087015.000000,300661.000000
93000,8,50102,0.600000,1.000000,0.660018,1.000000,0.000000,0,0.000000,92908.000000,1.000000,40173087015.000000,300661.000000
93000,9,50109,0.600000,1.000000,0.627564,1.000000,0.000000,0,0.000000,92820.000000,1.000000,40173087015.000000,300661.000000
93000,10,50111,0.600000,1.000000,0.693226,1.000000,0.000000,1,83603.000000,93000.000000,1.000000,40173087015.000000,300661.000000
93000,11,50111,0.600000,1.000000,0.634141,1.000000,0.000000,0,0.000000,92995.000000,1.000000,40173087015.000000,300661.000000
93000,12,50108,0.600000,1.000000,0.628419,1.000000,0.000000,0,0.000000,92989.000000,1.000000,40173087015.000000,300661.000000
93000,13,50106,0.600000,1.000000,0.651943,1.000000,0.000000,0,0.000000,92857.000000,1.000000,40173087015.000000,300661.000000
93000,14,50100,0.600000,1.000000,0.598979,1.000000,0.000000,0,0.000000,92614.000000,1.000000,40173087015.000000,300661.000000
93000,15,50109,0.600000,1.000000,0.753737,1.000000,0.000000,0,0.000000,92994.000000,1.000000,40173087015.000000,300661.000000
94000,0,50657,0.600000,1.000000,0.716469,1.000000,0.000000,0,0.000000,93912.000000,1.000000,41052737157.000000,506513.000000
94000,1,50653,0.600000,1.000000,0.662685,1.000000,0.000000,0,0.000000,93986.000000,1.000000,41052737157.000000,506513.000000
94000,2,50656,0.600000,1.000000,0.746428,1.000000,0.000000,0,0.000000,93996.000000,1.000000,41052737157.000000,506513.000000
94000,3,50657,0.600000,1.000000,0.723517,1.000000,0.000000,0,0.000000,93988.000000,1.000000,41052737157.000000,506513.000000
94000,4,50660,0.600000,1.000000,0.655069,1.000000,0.000000,0,0.000000,93954.000000,1.000000,41052737157.000000,506513.000000
94000,5,50656,0.600000,1.000000,0.589981,1.000000,0.000000,0,0.000000,93984.000000,1.000000,41052737157.000000,506513.000000
94000,6,50650,0.600000,1.000000,0.518513,1.000000,0.000000,0,0.000000,93965.000000,1.000000,41052737157.000000,506513.000000
94000,7,50655,0.600000,1.000000,0.575345,1.000000,0.000000,0,0.000000,93966.000000,1.000000,41052737157.000000,506513.000000
94000,8,50659,0.600000,1.000000,0.774563,1.000000,0.000000,1,83862.000000,94000.000000,1.000000,41052737157.000000,506513.000000
94000,9,50649,0.600000,1.000000,0.641537,1.000000,0.000000,0,0.000000,93763.000000,1.000000,41052737157.000000,506513.000000
94000,10,50654,0.600000,1.000000,0.682024,1.000000,0.000000,0,0.000000,93975.000000,1.000000,41052737157.000000,506513.000000
94000,11,50655,0.600000,1.000000,0.738688,1.000000,0.000000,0,0.000000,93993.000000,1.000000,41052737157.000000,506513.000000
94000,12,50654,0.600000,1.000000,0.569730,1.000000,0.000000,0,0.000000,93977.000000,1.000000,41052737157.000000,506513.000000
94000,13,50649,0.600000,1.000000,0.688110,1.000000,0.000000,0,0.000000,93978.000000,1.000000,41052737157.000000,506513.000000
94000,14,50648,0.600000,1.000000,0.511786,1.000000,0.000000,0,0.000000,93829.000000,1.000000,41052737157.000000,506513.000000
94000,15,50647,0.600000,1.000000,0.533384,1.000000,0.000000,0,0.000000,93935.000000,1.000000,41052737157.000000,506513.000000
95000,0,51195,0.600000,1.000000,0.822625,1.000000,0.000000,0,0.000000,94996.000000,1.000000,41931572160.000000,614284.000000
95000,1,51196,0.600000,1.000000,0.614515,1.000000,0.000000,0,0.000000,94988.000000,1.000000,41931572160.000000,614284.000000
95000,2,51190,0.600000,1.000000,0.578071,1.000000,0.000000,0,0.000000,94914.000000,1.000000,41931572160.000000,614284.000000
95000,3,51188,0.600000,1.000000,0.709086,1.000000,0.000000,0,0.000000,94908.000000,1.000000,41931572160.000000,614284.000000
95000,4,51196,0.600000,1.000000,0.699681,1.000000,0.000000,0,0.000000,94997.000000,1.000000,41931572160.000000,614284.000000
95000,5,51195,0.600000,1.000000,0.689158,1.000000,0.000000,0,0.000000,94984.000000,1.000000,41931572160.000000,614284.000000
95000,6,51193,0.600000,1.000000,0.714621,1.000000,0.000000,0,0.000000,94934.000000,1.000000,41931572160.000000,614284.000000
95000,7,51195,0.600000,1.000000,0.635393,1.000000,0.000000,0,0.000000,94885.000000,1.000000,41931572160.000000,614284.000000
95000,8,51189,0.600000,1.000000,0.559844,1.000000,0.000000,0,0.000000,94917.000000,1.000000,41931572160.000000,614284.000000
95000,9,51196,0.600000,1.000000,0.617736,1.000000,0.000000,0,0.000000,94951.000000,1.000000,41931572160.000000,614284.000000
95000,10,51189,0.600000,1.000000,0.665997,1.000000,0.000000,0,0.000000,94976.000000,1.000000,41931572160.000000,614284.000000
95000,11,51195,0.600000,1.000000,0.689765,1.000000,0.000000,0,0.000000,94991.000000,1.000000,41931572160.000000,614284.000000
95000,12,51196,0.600000,1.000000,0.639666,1.000000,0.000000,0,0.000000,94999.000000,1.000000,41931572160.000000,614284.000000
95000,13,51186,0.600000,1.000000,0.665081,1.000000,0.000000,0,0.000000,94779.000000,1.000000,41931572160.000000,614284.000000
95000,14,51193,0.600000,1.000000,0.553474,1.000000,0.000000,0,0.000000,94981.000000,1.000000,41931572160.000000,614284.000000
95000,15,51196,0.600000,1.000000,0.688483,1.000000,0.000000,1,84443.000000,95000.000000,1.000000,41931572160.000000,614284.000000
96000,0,51724,0.600000,1.000000,0.619955,1.000000,0.000000,0,0.000000,95939.000000,1.000000,42802334569.000000,931013.000000
96000,1,51723,0.600000,1.000000,0.704252,1.000000,0.000000,0,0.000000,95996.000000,1.000000,42802334569.000000,931013.000000
96000,2,51727,0.600000,1.000000,0.630606,1.000000,0.000000,1,85443.000000,96000.000000,1.000000,42802334569.000000,931013.000000
96000,3,51706,0.600000,1.000000,0.451614,1.000000,0.000000,0,0.000000,95672.000000,1.000000,42802334569.000000,931013.000000
96000,4,51726,0.600000,1.000000,0.661994,1.000000,0.000000,0,0.000000,95976.000000,1.000000,42802334569.000000,931013.000000
96000,5,51723,0.600000,1.000000,0.607557,1.000000,0.000000,0,0.000000,95993.000000,1.000000,42802334569.000000,931013.000000
96000,6,51724,0.600000,1.000000,0.698173,1.000000,0.000000,0,0.000000,95997.000000,1.000000,42802334569.000000,931013.000000
96000,7,51724,0.600000,1.000000,0.744345,1.000000,0.000000,0,0.000000,95999.000000,1.000000,42802334569.000000,931013.000000
96000,8,51724,0.600000,1.000000,0.771208,1.000000,0.000000,0,0.000000,95998.000000,1.000000,42802334569.000000,931013.000000
96000,9,51719,0.600000,1.000000,0.621121,1.000000,0.000000,0,0.000000,95895.000000,1.000000,42802334569.000000,931013.000000
96000,10,51720,0.600000,1.000000,0.582120,1.000000,0.000000,0,0.000000,95960.000000,1.000000,42802334569.000000,931013.000000
96000,11,51719,0.600000,1.000000,0.545136,1.000000,0.000000,0,0.000000,95847.000000,1.000000,42802334569.000000,931013.000000
96000,12,51723,0.600000,1.000000,0.723495,1.000000,0.000000,0,0.000000,95992.000000,1.000000,42802334569.000000,931013.000000
96000,13,51723,0.600000,1.000000,0.646978,1.000000,0.000000,0,0.000000,95983.000000,1.000000,42802334569.000000,931013.000000
96000,14,51719,0.600000,1.000000,0.632961,1.000000,0.000000,0,0.000000,95961.000000,1.000000,42802334569.000000,931013.000000
96000,15,51725,0.600000,1.000000,0.642494,1.000000,0.000000,0,0.000000,95986.000000,1.000000,42802334569.000000,931013.000000
97000,0,52262,0.600000,1.000000,0.632056,1.000000,0.000000,0,0.000000,96182.000000,1.000000,43690824248.000000,940615.000000
97000,1,52260,0.600000,1.000000,0.733788,1.000000,0.000000,0,0.000000,96991.000000,1.000000,43690824248.000000,940615.000000
97000,2,52257,0.600000,1.000000,0.745975,1.000000,0.000000,0,0.000000,96935.000000,1.000000,43690824248.000000,940615.000000
97000,3,52262,0.600000,1.000000,0.685237,1.000000,0.000000,0,0.000000,96999.000000,1.000000,43690824248.000000,940615.000000
97000,4,52261,0.600000,1.000000,0.673355,1.000000,0.000000,0,0.000000,96994.000000,1.000000,43690824248.000000,940615.000000
97000,5,52242,0.600000,1.000000,0.599810,1.000000,0.000000,0,0.000000,96718.000000,1.000000,43690824248.000000,940615.000000
97000,6,52261,0.600000,1.000000,0.710794,1.000000,0.000000,0,0.000000,96997.000000,1.000000,43690824248.000000,940615.000000
97000,7,52248,0.600000,1.000000,0.497216,1.000000,0.000000,0,0.000000,96903.000000,1.000000,43690824248.000000,940615.000000
97000,8,52248,0.600000,1.000000,0.567731,1.000000,0.000000,0,0.000000,96875.000000,1.000000,43690824248.000000,940615.000000
97000,9,52258,0.600000,1.000000,0.618842,1.000000,0.000000,0,0.000000,96980.000000,1.000000,43690824248.000000,940615.000000
97000,10,52260,0.600000,1.000000,0.786829,1.000000,0.000000,0,0.000000,96996.000000,1.000000,43690824248.000000,940615.000000
97000,11,52257,0.600000,1.000000,0.638457,1.000000,0.000000,0,0.000000,96977.000000,1.000000,43690824248.000000,940615.000000
97000,12,52252,0.600000,1.000000,0.567056,1.000000,0.000000,0,0.000000,96847.000000,1.000000,43690824248.000000,940615.000000
97000,13,52244,0.600000,1.000000,0.612541,1.000000,0.000000,0,0.000000,96843.000000,1.000000,43690824248.000000,940615.000000
97000,14,52262,0.600000,1.000000,0.618602,1.000000,0.000000,1,87398.000000,97000.000000,1.000000,43690824248.000000,940615.000000
97000,15,52260,0.600000,1.000000,0.686504,1.000000,0.000000,0,0.000000,96970.000000,1.000000,43690824248.000000,940615.000000
98000,0,52796,0.600000,1.000000,0.745855,1.000000,0.000000,0,0.000000,97982.000000,1.000000,44592663545.000000,527903.000000
98000,1,52789,0.600000,1.000000,0.626261,1.000000,0.000000,0,0.000000,97965.000000,1.000000,44592663545.000000,527903.000000
98000,2,52794,0.600000,1.000000,0.640145,1.000000,0.000000,0,0.000000,97961.000000,1.000000,44592663545.000000,527903.000000
98000,3,52795,0.600000,1.000000,0.812909,1.000000,0.000000,0,0.000000,97999.000000,1.000000,44592663545.000000,527903.000000
98000,4,52785,0.600000,1.000000,0.633740,1.000000,0.000000,0,0.000000,97866.000000,1.000000,44592663545.000000,527903.000000
98000,5,52796,0.600000,1.000000,0.746053,1.000000,0.000000,1,88186.000000,98000.000000,1.000000,44592663545.000000,527903.000000
98000,6,52796,0.600000,1.000000,0.805619,1.000000,0.000000,0,0.000000,97990.000000,1.000000,44592663545.000000,527903.000000
98000,7,52790,0.600000,1.000000,0.624309,1.000000,0.000000,0,0.000000,97975.000000,1.000000,44592663545.000000,527903.000000
98000,8,52795,0.600000,1.000000,0.747055,1.000000,0.000000,0,0.000000,97997.000000,1.000000,44592663545.000000,527903.000000
98000,9,52793,0.600000,1.000000,0.667174,1.000000,0.000000,0,0.000000,96980.000000,1.000000,44592663545.000000,527903.000000
98000,10,52787,0.600000,1.000000,0.641760,1.000000,0.000000,0,0.000000,97951.000000,1.000000,44592663545.000000,527903.000000
98000,11,52789,0.600000,1.000000,0.651723,1.000000,0.000000,0,0.000000,97825.000000,1.000000,44592663545.000000,527903.000000
98000,12,52796,0.600000,1.000000,0.677296,1.000000,0.000000,0,0.000000,97968.000000,1.000000,44592663545.000000,527903.000000
98000,13,52787,0.600000,1.000000,0.741220,1.000000,0.000000,0,0.000000,97540.000000,1.000000,44592663545.000000,527903.000000
98000,14,52796,0.600000,1.000000,0.788930,1.000000,0.000000,0,0.000000,97991.000000,1.000000,44592663545.000000,527903.000000
98000,15,52795,0.600000,1.000000,0.610520,1.000000,0.000000,0,0.000000,97944.000000,1.000000,44592663545.000000,527903.000000
99000,0,53342,0.600000,1.000000,0.703815,1.000000,0.000000,0,0.000000,98970.000000,1.000000,45524303333.000000,853462.000000
99000,1,53339,0.600000,1.000000,0.700864,1.000000,0.000000,0,0.000000,98860.000000,1.000000,45524303333.000000,853462.000000
99000,2,53343,0.600000,1.000000,0.639799,1.000000,0.000000,0,0.000000,98996.000000,1.000000,45524303333.000000,853462.000000
99000,3,53343,0.600000,1.000000,0.661704,1.000000,0.000000,0,0.000000,98994.000000,1.000000,45524303333.000000,853462.000000
99000,4,53345,0.600000,1.000000,0.671050,1.000000,0.000000,1,88401.000000,99000.000000,1.000000,45524303333.000000,853462.000000
99000,5,53342,0.600000,1.000000,0.669381,1.000000,0.000000,0,0.000000,98942.000000,1.000000,45524303333.000000,853462.000000
99000,6,53334,0.600000,1.000000,0.559245,1.000000,0.000000,0,0.000000,98861.000000,1.000000,45524303333.000000,853462.000000
99000,7,53343,0.600000,1.000000,0.703563,1.000000,0.000000,0,0.000000,98997.000000,1.000000,45524303333.000000,853462.000000
99000,8,53344,0.600000,1.000000,0.650763,1.000000,0.000000,0,0.000000,98998.000000,1.000000,45524303333.000000,853462.000000
99000,9,53341,0.600000,1.000000,0.754688,1.000000,0.000000,0,0.000000,98780.000000,1.000000,45524303333.000000,853462.000000
99000,10,53341,0.600000,1.000000,0.615049,1.000000,0.000000,0,0.000000,98982.000000,1.000000,45524303333.000000,853462.000000
99000,11,53341,0.600000,1.000000,0.477622,1.000000,0.000000,0,0.000000,98985.000000,1.000000,45524303333.000000,853462.000000
99000,12,53344,0.600000,1.000000,0.602351,1.000000,0.000000,0,0.000000,98988.000000,1.000000,45524303333.000000,853462.000000
99000,13,53339,0.600000,1.000000,0.652628,1.000000,0.000000,0,0.000000,98883.000000,1.000000,45524303333.000000,853462.000000
99000,14,53342,0.600000,1.000000,0.796172,1.000000,0.000000,0,0.000000,98969.000000,1.000000,45524303333.000000,853462.000000
99000,15,53334,0.600000,1.000000,0.486498,1.000000,0.000000,0,0.000000,98867.000000,1.000000,45524303333.000000,853462.000000
100000,0,53879,0.600000,1.000000,0.586344,1.000000,0.000000,0,0.000000,99926.000000,1.000000,46452211343.000000,754323.000000
100000,1,53885,0.600000,1.000000,0.707532,1.000000,0.000000,0,0.000000,99984.000000,1.000000,46452211343.000000,754323.000000
100000,2,53884,0.600000,1.000000,0.661302,1.000000,0.000000,0,0.000000,99993.000000,1.000000,46452211343.000000,754323.000000
100000,3,53884,0.600000,1.000000,0.707974,1.000000,0.000000,0,0.000000,99992.000000,1.000000,46452211343.000000,754323.000000
100000,4,53886,0.600000,1.000000,0.738690,1.000000,0.000000,1,89282.000000,100000.000000,1.000000,46452211343.000000,754323.000000
100000,5,53886,0.600000,1.000000,0.758309,1.000000,0.000000,0,0.000000,99999.000000,1.000000,46452211343.000000,754323.000000
100000,6,53885,0.600000,1.000000,0.684133,1.000000,0.000000,0,0.000000,99950.000000,1.000000,46452211343.000000,754323.000000
100000,7,53879,0.600000,1.000000,0.537465,1.000000,0.000000,0,0.000000,99973.000000,1.000000,46452211343.000000,754323.000000
100000,8,53883,0.600000,1.000000,0.597706,1.000000,0.000000,0,0.000000,99979.000000,1.000000,46452211343.000000,754323.000000
100000,9,53886,0.600000,1.000000,0.693947,1.000000,0.000000,0,0.000000,99731.000000,1.000000,46452211343.000000,754323.000000
100000,10,53883,0.600000,1.000000,0.680648,1.000000,0.000000,0,0.000000,99976.000000,1.000000,46452211343.000000,754323.000000
100000,11,53886,0.600000,1.000000,0.745501,1.000000,0.000000,0,0.000000,99995.000000,1.000000,46452211343.000000,754323.000000
100000,12,53873,0.600000,1.000000,0.711249,1.000000,0.000000,0,0.000000,99615.000000,1.000000,46452211343.000000,754323.000000
100000,13,53874,0.600000,1.000000,0.670328,1.000000,0.000000,0,0.000000,99882.000000,1.000000,46452211343.000000,754323.000000
100000,14,53874,0.600000,1.000000,0.553127,1.000000,0.000000,0,0.000000,99875.000000,1.000000,46452211343.000000,754323.000000
100000,15,53884,0.600000,1.000000,0.707250,1.000000,0.000000,0,0.000000,99997.000000,1.000000,46452211343.000000,754323.000000
101000,0,54420,0.600000,1.000000,0.838957,1.000000,0.000000,0,0.000000,100846.000000,1.000000,47385670936.000000,1197231.000000
101000,1,54423,0.600000,1.000000,0.726798,1.000000,0.000000,0,0.000000,100999.000000,1.000000,47385670936.000000,1197231.000000
101000,2,54422,0.600000,1.000000,0.629483,1.000000,0.000000,0,0.000000,100964.000000,1.000000,47385670936.000000,1197231.000000
101000,3,54422,0.600000,1.000000,0.531661,1.000000,0.000000,0,0.000000,100987.000000,1.000000,47385670936.000000,1197231.000000
101000,4,54415,0.600000,1.000000,0.652862,1.000000,0.000000,0,0.000000,100112.000000,1.000000,47385670936.000000,1197231.000000
101000,5,54422,0.600000,1.000000,0.589912,1.000000,0.000000,0,0.000000,100993.000000,1.000000,47385670936.000000,1197231.000000
101000,6,54419,0.600000,1.000000,0.672289,1.000000,0.000000,0,0.000000,100949.000000,1.000000,47385670936.000000,1197231.000000
101000,7,54423,0.600000,1.000000,0.679162,1.000000,0.000000,1,90602.000000,101000.000000,1.000000,47385670936.000000,1197231.000000
101000,8,54423,0.600000,1.000000,0.686829,1.000000,0.000000,0,0.000000,100998.000000,1.000000,47385670936.000000,1197231.000000
101000,9,54423,0.600000,1.000000,0.668293,1.000000,0.000000,0,0.000000,100988.000000,1.000000,47385670936.000000,1197231.000000
101000,10,54419,0.600000,1.000000,0.665493,1.000000,0.000000,0,0.000000,100958.000000,1.000000,47385670936.000000,1197231.000000
101000,11,54422,0.600000,1.000000,0.750886,1.000000,0.000000,0,0.000000,100996.000000,1.000000,47385670936.000000,1197231.000000
101000,12,54422,0.600000,1.000000,0.715371,1.000000,0.000000,0,0.000000,100968.000000,1.000000,47385670936.000000,1197231.000000
101000,13,54422,0.600000,1.000000,0.622452,1.000000,0.000000,0,0.000000,100954.000000,1.000000,47385670936.000000,1197231.000000
101000,14,54420,0.600000,1.000000,0.693587,1.000000,0.000000,0,0.000000,100874.000000,1.000000,47385670936.000000,1197231.000000
101000,15,54413,0.600000,1.000000,0.673794,1.000000,0.000000,0,0.000000,100848.000000,1.000000,47385670936.000000,1197231.000000
102000,0,54974,0.600000,1.000000,0.828114,1.000000,0.000000,0,0.000000,101999.000000,1.000000,48348424001.000000,1649095.000000
102000,1,54970,0.600000,1.000000,0.598890,1.000000,0.000000,0,0.000000,101978.000000,1.000000,48348424001.000000,1649095.000000
102000,2,54967,0.600000,1.000000,0.532921,1.000000,0.000000,0,0.000000,101782.000000,1.000000,48348424001.000000,1649095.000000
102000,3,54975,0.600000,1.000000,0.700438,1.000000,0.000000,1,91640.000000,102000.000000,1.000000,48348424001.000000,1649095.000000
102000,4,54974,0.600000,1.000000,0.719402,1.000000,0.000000,0,0.000000,101979.000000,1.000000,48348424001.000000,1649095.000000
102000,5,54969,0.600000,1.000000,0.723763,1.000000,0.000000,0,0.000000,101988.000000,1.000000,48348424001.000000,1649095.000000
102000,6,54973,0.600000,1.000000,0.735347,1.000000,0.000000,0,0.000000,101994.000000,1.000000,48348424001.000000,1649095.000000
102000,7,54967,0.600000,1.000000,0.612652,1.000000,0.000000,0,0.000000,101915.000000,1.000000,48348424001.000000,1649095.000000
102000,8,54975,0.600000,1.000000,0.629326,1.000000,0.000000,0,0.000000,101998.000000,1.000000,48348424001.000000,1649095.000000
102000,9,54972,0.600000,1.000000,0.701686,1.000000,0.000000,0,0.000000,101975.000000,1.000000,48348424001.000000,1649095.000000
102000,10,54972,0.600000,1.000000,0.796880,1.000000,0.000000,0,0.000000,101995.000000,1.000000,48348424001.000000,1649095.000000
102000,11,54973,0.600000,1.000000,0.785601,1.000000,0.000000,0,0.000000,101992.000000,1.000000,48348424001.000000,1649095.000000
102000,12,54970,0.600000,1.000000,0.618215,1.000000,0.000000,0,0.000000,101973.000000,1.000000,48348424001.000000,1649095.000000
102000,13,54968,0.600000,1.000000,0.588379,1.000000,0.000000,0,0.000000,101950.000000,1.000000,48348424001.000000,1649095.000000
102000,14,54959,0.600000,1.000000,0.502307,1.000000,0.000000,0,0.000000,101522.000000,1.000000,48348424001.000000,1649095.000000
102000,15,54973,0.600000,1.000000,0.542535,1.000000,0.000000,0,0.000000,101990.000000,1.000000,48348424001.000000,1649095.000000
103000,0,55509,0.600000,1.000000,0.607677,1.000000,0.000000,0,0.000000,102860.000000,1.000000,49311309956.000000,999279.000000
103000,1,55511,0.600000,1.000000,0.528274,1.000000,0.000000,0,0.000000,102923.000000,1.000000,49311309956.000000,999279.000000
103000,2,55517,0.600000,1.000000,0.567020,1.000000,0.000000,0,0.000000,102935.000000,1.000000,49311309956.000000,999279.000000
103000,3,55516,0.600000,1.000000,0.704604,1.000000,0.000000,0,0.000000,102997.000000,1.000000,49311309956.000000,999279.000000
103000,4,55518,0.600000,1.000000,0.627484,1.000000,0.000000,0,0.000000,102986.000000,1.000000,49311309956.000000,999279.000000
103000,5,55517,0.600000,1.000000,0.657125,1.000000,0.000000,0,0.000000,102992.000000,1.000000,49311309956.000000,999279.000000
103000,6,55508,0.600000,1.000000,0.484608,1.000000,0.000000,0,0.000000,102661.000000,1.000000,49311309956.000000,999279.000000
103000,7,55517,0.600000,1.000000,0.721203,1.000000,0.000000,0,0.000000,102998.000000,1.000000,49311309956.000000,999279.000000
103000,8,55518,0.600000,1.000000,0.657104,1.000000,0.000000,0,0.000000,102977.000000,1.000000,49311309956.000000,999279.000000
103000,9,55515,0.600000,1.000000,0.683092,1.000000,0.000000,0,0.000000,102941.000000,1.000000,49311309956.000000,999279.000000
103000,10,55520,0.600000,1.000000,0.749666,1.000000,0.000000,1,92443.000000,103000.000000,1.000000,49311309956.000000,999279.000000
103000,11,55518,0.600000,1.000000,0.683515,1.000000,0.000000,0,0.000000,102993.000000,1.000000,49311309956.000000,999279.000000
103000,12,55516,0.600000,1.000000,0.691111,1.000000,0.000000,0,0.000000,102988.000000,1.000000,49311309956.000000,999279.000000
103000,13,55517,0.600000,1.000000,0.593264,1.000000,0.000000,0,0.000000,102968.000000,1.000000,49311309956.000000,999279.000000
103000,14,55516,0.600000,1.000000,0.747444,1.000000,0.000000,0,0.000000,102974.000000,1.000000,49311309956.000000,999279.000000
103000,15,55513,0.600000,1.000000,0.548661,1.000000,0.000000,0,0.000000,102965.000000,1.000000,49311309956.000000,999279.000000
104000,0,56046,0.600000,1.000000,0.684972,1.000000,0.000000,0,0.000000,103993.000000,1.000000,50255439667.000000,1457115.000000
104000,1,56046,0.600000,1.000000,0.614357,1.000000,0.000000,0,0.000000,103992.000000,1.000000,50255439667.000000,1457115.000000
104000,2,56048,0.600000,1.000000,0.748808,1.000000,0.000000,0,0.000000,103998.000000,1.000000,50255439667.000000,1457115.000000
104000,3,56046,0.600000,1.000000,0.667635,1.000000,0.000000,0,0.000000,103347.000000,1.000000,50255439667.000000,1457115.000000
104000,4,56035,0.600000,1.000000,0.650815,1.000000,0.000000,0,0.000000,103820.000000,1.000000,50255439667.000000,1457115.000000
104000,5,56047,0.600000,1.000000,0.695751,1.000000,0.000000,0,0.000000,103997.000000,1.000000,50255439667.000000,1457115.000000
104000,6,56042,0.600000,1.000000,0.586483,1.000000,0.000000,0,0.000000,103956.000000,1.000000,50255439667.000000,1457115.000000
104000,7,56042,0.600000,1.000000,0.702517,1.000000,0.000000,0,0.000000,103948.000000,1.000000,50255439667.000000,1457115.000000
104000,8,56042,0.600000,1.000000,0.590060,1.000000,0.000000,0,0.000000,103960.000000,1.000000,50255439667.000000,1457115.000000
104000,9,56039,0.600000,1.000000,0.579728,1.000000,0.000000,0,0.000000,103900.000000,1.000000,50255439667.000000,1457115.000000
104000,10,56039,0.600000,1.000000,0.673572,1.000000,0.000000,0,0.000000,103680.000000,1.000000,50255439667.000000,1457115.000000
104000,11,56049,0.600000,1.000000,0.747165,1.000000,0.000000,0,0.000000,103995.000000,1.000000,50255439667.000000,1457115.000000
104000,12,56046,0.600000,1.000000,0.661371,1.000000,0.000000,0,0.000000,103977.000000,1.000000,50255439667.000000,1457115.000000
104000,13,56048,0.600000,1.000000,0.643830,1.000000,0.000000,0,0.000000,103999.000000,1.000000,50255439667.000000,1457115.000000
104000,14,56045,0.600000,1.000000,0.537881,1.000000,0.000000,0,0.000000,103903.000000,1.000000,50255439667.000000,1457115.000000
104000,15,56049,0.600000,1.000000,0.716012,1.000000,0.000000,1,92449.000000,104000.000000,1.000000,50255439667.000000,1457115.000000
105000,0,56583,0.600000,1.000000,0.671415,1.000000,0.000000,0,0.000000,104987.000000,1.000000,51225721686.000000,1471171.000000
105000,1,56582,0.600000,1.000000,0.815026,1.000000,0.000000,0,0.000000,104618.000000,1.000000,51225721686.000000,1471171.000000
105000,2,56579,0.600000,1.000000,0.495585,1.000000,0.000000,0,0.000000,104879.000000,1.000000,51225721686.000000,1471171.000000
105000,3,56584,0.600000,1.000000,0.662835,1.000000,0.000000,0,0.000000,104988.000000,1.000000,51225721686.000000,1471171.000000
105000,4,56586,0.600000,1.000000,0.613693,1.000000,0.000000,0,0.000000,104960.000000,1.000000,51225721686.000000,1471171.000000
105000,5,56580,0.600000,1.000000,0.778333,1.000000,0.000000,0,0.000000,104986.000000,1.000000,51225721686.000000,1471171.000000
105000,6,56586,0.600000,1.000000,0.669205,1.000000,0.000000,0,0.000000,104974.000000,1.000000,51225721686.000000,1471171.000000
105000,7,56584,0.600000,1.000000,0.728013,1.000000,0.000000,0,0.000000,104992.000000,1.000000,51225721686.000000,1471171.000000
105000,8,56575,0.600000,1.000000,0.547094,1.000000,0.000000,0,0.000000,104896.000000,1.000000,51225721686.000000,1471171.000000
105000,9,56583,0.600000,1.000000,0.746173,1.000000,0.000000,0,0.000000,104998.000000,1.000000,51225721686.000000,1471171.000000
105000,10,56585,0.600000,1.000000,0.789104,1.000000,0.000000,1,94219.000000,105000.000000,1.000000,51225721686.000000,1471171.000000
105000,11,56583,0.600000,1.000000,0.825628,1.000000,0.000000,0,0.000000,104712.000000,1.000000,51225721686.000000,1471171.000000
105000,12,56584,0.600000,1.000000,0.665879,1.000000,0.000000,0,0.000000,104990.000000,1.000000,51225721686.000000,1471171.000000
105000,13,56582,0.600000,1.000000,0.591353,1.000000,0.000000,0,0.000000,104973.000000,1.000000,51225721686.000000,1471171.000000
105000,14,56582,0.600000,1.000000,0.650854,1.000000,0.000000,0,0.000000,104881.000000,1.000000,51225721686.000000,1471171.000000
105000,15,56586,0.600000,1.000000,0.686079,1.000000,0.000000,0,0.000000,104758.000000,1.000000,51225721686.000000,1471171.000000
106000,0,57127,0.600000,1.000000,0.703782,1.000000,0.000000,0,0.000000,105991.000000,1.000000,52209965370.000000,1256749.000000
106000,1,57124,0.600000,1.000000,0.585562,1.000000,0.000000,0,0.000000,105990.000000,1.000000,52209965370.000000,1256749.000000
106000,2,57122,0.600000,1.000000,0.616688,1.000000,0.000000,0,0.000000,105973.000000,1.000000,52209965370.000000,1256749.000000
106000,3,57128,0.600000,1.000000,0.642878,1.000000,0.000000,0,0.000000,105971.000000,1.000000,52209965370.000000,1256749.000000
106000,4,57128,0.600000,1.000000,0.623397,1.000000,0.000000,0,0.000000,105737.000000,1.000000,52209965370.000000,1256749.000000
106000,5,57121,0.600000,1.000000,0.632048,1.000000,0.000000,0,0.000000,105951.000000,1.000000,52209965370.000000,1256749.000000
106000,6,57127,0.600000,1.000000,0.588624,1.000000,0.000000,0,0.000000,105992.000000,1.000000,52209965370.000000,1256749.000000
106000,7,57128,0.600000,1.000000,0.722833,1.000000,0.000000,0,0.000000,105999.000000,1.000000,52209965370.000000,1256749.000000
106000,8,57113,0.600000,1.000000,0.540177,1.000000,0.000000,0,0.000000,105652.000000,1.000000,52209965370.000000,1256749.000000
106000,9,57119,0.600000,1.000000,0.448096,1.000000,0.000000,0,0.000000,105969.000000,1.000000,52209965370.000000,1256749.000000
106000,10,57120,0.600000,1.000000,0.567620,1.000000,0.000000,0,0.000000,105459.000000,1.000000,52209965370.000000,1256749.000000
106000,11,57127,0.600000,1.000000,0.749902,1.000000,0.000000,0,0.000000,105996.000000,1.000000,52209965370.000000,1256749.000000
106000,12,57128,0.600000,1.000000,0.629696,1.000000,0.000000,1,94834.000000,106000.000000,1.000000,52209965370.000000,1256749.000000
106000,13,57116,0.600000,1.000000,0.511457,1.000000,0.000000,0,0.000000,105825.000000,1.000000,52209965370.000000,1256749.000000
106000,14,57128,0.600000,1.000000,0.606180,1.000000,0.000000,0,0.000000,105998.000000,1.000000,52209965370.000000,1256749.000000
106000,15,57124,0.600000,1.000000,0.694314,1.000000,0.000000,0,0.000000,105953.000000,1.000000,52209965370.000000,1256749.000000
107000,0,57667,0.600000,1.000000,0.706587,1.000000,0.000000,0,0.000000,106959.000000,1.000000,53200806614.000000,461282.000000
107000,1,57663,0.600000,1.000000,0.714723,1.000000,0.000000,0,0.000000,106757.000000,1.000000,53200806614.000000,461282.000000
107000,2,57654,0.600000,1.000000,0.605378,1.000000,0.000000,0,0.000000,106899.000000,1.000000,53200806614.000000,461282.000000
107000,3,57666,0.600000,1.000000,0.728893,1.000000,0.000000,0,0.000000,106769.000000,1.000000,53200806614.000000,461282.000000
107000,4,57659,0.600000,1.000000,0.628535,1.000000,0.000000,0,0.000000,106820.000000,1.000000,53200806614.000000,461282.000000
107000,5,57667,0.600000,1.000000,0.697315,1.000000,0.000000,0,0.000000,106994.000000,1.000000,53200806614.000000,461282.000000
107000,6,57664,0.600000,1.000000,0.779292,1.000000,0.000000,0,0.000000,106855.000000,1.000000,53200806614.000000,461282.000000
107000,7,57664,0.600000,1.000000,0.657127,1.000000,0.000000,0,0.000000,106984.000000,1.000000,53200806614.000000,461282.000000
107000,8,57659,0.600000,1.000000,0.561351,1.000000,0.000000,0,0.000000,106880.000000,1.000000,53200806614.000000,461282.000000
107000,9,57660,0.600000,1.000000,0.598883,1.000000,0.000000,0,0.000000,106943.000000,1.000000,53200806614.000000,461282.000000
107000,10,57665,0.600000,1.000000,0.684321,1.000000,0.000000,0,0.000000,106946.000000,1.000000,53200806614.000000,461282.000000
107000,11,57661,0.600000,1.000000,0.600521,1.000000,0.000000,0,0.000000,106987.000000,1.000000,53200806614.000000,461282.000000
107000,12,57665,0.600000,1.000000,0.638151,1.000000,0.000000,0,0.000000,106989.000000,1.000000,53200806614.000000,461282.000000
107000,13,57665,0.600000,1.000000,0.609670,1.000000,0.000000,0,0.000000,106977.000000,1.000000,53200806614.000000,461282.000000
107000,14,57666,0.600000,1.000000,0.821427,1.000000,0.000000,1,96537.000000,107000.000000,1.000000,53200806614.000000,461282.000000
107000,15,57667,0.600000,1.000000,0.686704,1.000000,0.000000,0,0.000000,106999.000000,1.000000,53200806614.000000,461282.000000
108000,0,58201,0.600000,1.000000,0.554516,1.000000,0.000000,0,0.000000,107980.000000,1.000000,54193163191.000000,1163942.000000
108000,1,58196,0.600000,1.000000,0.573953,1.000000,0.000000,0,0.000000,107908.000000,1.000000,54193163191.000000,1163942.000000
108000,2,58201,0.600000,1.000000,0.668238,1.000000,0.000000,0,0.000000,107992.000000,1.000000,54193163191.000000,1163942.000000
108000,3,58194,0.600000,1.000000,0.640306,1.000000,0.000000,0,0.000000,107971.000000,1.000000,54193163191.000000,1163942.000000
108000,4,58201,0.600000,1.000000,0.625092,1.000000,0.000000,0,0.000000,107894.000000,1.000000,54193163191.000000,1163942.000000
108000,5,58201,0.600000,1.000000,0.638088,1.000000,0.000000,0,0.000000,107985.000000,1.000000,54193163191.000000,1163942.000000
108000,6,58200,0.600000,1.000000,0.563772,1.000000,0.000000,0,0.000000,107979.000000,1.000000,54193163191.000000,1163942.000000
108000,7,58183,0.600000,1.000000,0.491378,1.000000,0.000000,0,0.000000,107036.000000,1.000000,54193163191.000000,1163942.000000
108000,8,58201,0.600000,1.000000,0.731520,1.000000,0.000000,0,0.000000,107993.000000,1.000000,54193163191.000000,1163942.000000
108000,9,58198,0.600000,1.000000,0.590593,1.000000,0.000000,0,0.000000,107662.000000,1.000000,54193163191.000000,1163942.000000
108000,10,58202,0.600000,1.000000,0.691425,1.000000,0.000000,1,96886.000000,108000.000000,1.000000,54193163191.000000,1163942.000000
108000,11,58197,0.600000,1.000000,0.662408,1.000000,0.000000,0,0.000000,107991.000000,1.000000,54193163191.000000,1163942.000000
108000,12,58196,0.600000,1.000000,0.623197,1.000000,0.000000,0,0.000000,107899.000000,1.000000,54193163191.000000,1163942.000000
108000,13,58202,0.600000,1.000000,0.611181,1.000000,0.000000,0,0.000000,107997.000000,1.000000,54193163191.000000,1163942.000000
108000,14,58202,0.600000,1.000000,0.678748,1.000000,0.000000,0,0.000000,107999.000000,1.000000,54193163191.000000,1163942.000000
108000,15,58202,0.600000,1.000000,0.700156,1.000000,0.000000,0,0.000000,107987.000000,1.000000,54193163191.000000,1163942.000000
109000,0,58728,0.600000,1.000000,0.585132,1.000000,0.000000,0,0.000000,108956.000000,1.000000,55182826283.000000,1057075.000000
109000,1,58731,0.600000,1.000000,0.596113,1.000000,0.000000,0,0.000000,108983.000000,1.000000,55182826283.000000,1057075.000000
109000,2,58728,0.600000,1.000000,0.542231,1.000000,0.000000,0,0.000000,108914.000000,1.000000,55182826283.000000,1057075.000000
109000,3,58733,0.600000,1.000000,0.732538,1.000000,0.000000,1,98042.000000,109000.000000,1.000000,55182826283.000000,1057075.000000
109000,4,58727,0.600000,1.000000,0.584141,1.000000,0.000000,0,0.000000,108901.000000,1.000000,55182826283.000000,1057075.000000
109000,5,58713,0.600000,1.000000,0.645629,1.000000,0.000000,0,0.000000,108672.000000,1.000000,55182826283.000000,1057075.000000
109000,6,58729,0.600000,1.000000,0.668355,1.000000,0.000000,0,0.000000,108873.000000,1.000000,55182826283.000000,1057075.000000
109000,7,58727,0.600000,1.000000,0.602740,1.000000,0.000000,0,0.000000,108872.000000,1.000000,55182826283.000000,1057075.000000
109000,8,58733,0.600000,1.000000,0.756498,1.000000,0.000000,0,0.000000,108417.000000,1.000000,55182826283.000000,1057075.000000
109000,9,58728,0.600000,1.000000,0.511458,1.000000,0.000000,0,0.000000,108968.000000,1.000000,55182826283.000000,1057075.000000
109000,10,58733,0.600000,1.000000,0.682821,1.000000,0.000000,0,0.000000,108980.000000,1.000000,55182826283.000000,1057075.000000
109000,11,58723,0.600000,1.000000,0.488127,1.000000,0.000000,0,0.000000,108885.000000,1.000000,55182826283.000000,1057075.000000
109000,12,58710,0.600000,1.000000,0.590394,1.000000,0.000000,0,0.000000,108542.000000,1.000000,55182826283.000000,1057075.000000
109000,13,58733,0.600000,1.000000,0.737170,1.000000,0.000000,0,0.000000,108995.000000,1.000000,55182826283.000000,1057075.000000
109000,14,58734,0.600000,1.000000,0.704490,1.000000,0.000000,0,0.000000,108998.000000,1.000000,55182826283.000000,1057075.000000
109000,15,58731,0.600000,1.000000,0.727410,1.000000,0.000000,0,0.000000,108993.000000,1.000000,55182826283.000000,1057075.000000
110000,0,59268,0.600000,1.000000,0.751985,1.000000,0.000000,0,0.000000,109995.000000,1.000000,56196377079.000000,1066733.000000
110000,1,59265,0.600000,1.000000,0.614129,1.000000,0.000000,0,0.000000,109984.000000,1.000000,56196377079.000000,1066733.000000
110000,2,59263,0.600000,1.000000,0.638292,1.000000,0.000000,0,0.000000,109941.000000,1.000000,56196377079.000000,1066733.000000
110000,3,59267,0.600000,1.000000,0.677399,1.000000,0.000000,0,0.000000,109886.000000,1.000000,56196377079.000000,1066733.000000
110000,4,59259,0.600000,1.000000,0.567481,1.000000,0.000000,0,0.000000,109584.000000,1.000000,56196377079.000000,1066733.000000
110000,5,59263,0.600000,1.000000,0.670543,1.000000,0.000000,0,0.000000,109869.000000,1.000000,56196377079.000000,1066733.000000
110000,6,59261,0.600000,1.000000,0.532732,1.000000,0.000000,0,0.000000,109942.000000,1.000000,56196377079.000000,1066733.000000
110000,7,59265,0.600000,1.000000,0.597880,1.000000,0.000000,0,0.000000,109855.000000,1.000000,56196377079.000000,1066733.000000
110000,8,59254,0.600000,1.000000,0.498583,1.000000,0.000000,0,0.000000,109923.000000,1.000000,56196377079.000000,1066733.000000
110000,9,59262,0.600000,1.000000,0.696221,1.000000,0.000000,0,0.000000,109868.000000,1.000000,56196377079.000000,1066733.000000
110000,10,59268,0.600000,1.000000,0.624977,1.000000,0.000000,0,0.000000,109999.000000,1.000000,56196377079.000000,1066733.000000
110000,11,59268,0.600000,1.000000,0.757828,1.000000,0.000000,0,0.000000,109998.000000,1.000000,56196377079.000000,1066733.000000
110000,12,59264,0.600000,1.000000,0.636674,1.000000,0.000000,0,0.000000,109932.000000,1.000000,56196377079.000000,1066733.000000
110000,13,59268,0.600000,1.000000,0.651308,1.000000,0.000000,0,0.000000,109990.000000,1.000000,56196377079.000000,1066733.000000
110000,14,59268,0.600000,1.000000,0.713419,1.000000,0.000000,0,0.000000,109992.000000,1.000000,56196377079.000000,1066733.000000
110000,15,59268,0.600000,1.000000,0.665376,1.000000,0.000000,1,97778.000000,110000.000000,1.000000,56196377079.000000,1066733.000000
111000,0,59809,0.600000,1.000000,0.781988,1.000000,0.000000,0,0.000000,110998.000000,1.000000,57226328211.000000,1196070.000000
111000,1,59809,0.600000,1.000000,0.740530,1.000000,0.000000,0,0.000000,110974.000000,1.000000,57226328211.000000,1196070.000000
111000,2,59807,0.600000,1.000000,0.695413,1.000000,0.000000,0,0.000000,110933.000000,1.000000,57226328211.000000,1196070.000000
111000,3,59805,0.600000,1.000000,0.753764,1.000000,0.000000,0,0.000000,110841.000000,1.000000,57226328211.000000,1196070.000000
111000,4,59797,0.600000,1.000000,0.557434,1.000000,0.000000,0,0.000000,110938.000000,1.000000,57226328211.000000,1196070.000000
111000,5,59806,0.600000,1.000000,0.648448,1.000000,0.000000,0,0.000000,110967.000000,1.000000,57226328211.000000,1196070.000000
111000,6,59805,0.600000,1.000000,0.770165,1.000000,0.000000,0,0.000000,110879.000000,1.000000,57226328211.000000,1196070.000000
111000,7,59808,0.600000,1.000000,0.715865,1.000000,0.000000,0,0.000000,110988.000000,1.000000,57226328211.000000,1196070.000000
111000,8,59801,0.600000,1.000000,0.573781,1.000000,0.000000,0,0.000000,110915.000000,1.000000,57226328211.000000,1196070.000000
111000,9,59805,0.600000,1.000000,0.698639,1.000000,0.000000,0,0.000000,110984.000000,1.000000,57226328211.000000,1196070.000000
111000,10,59808,0.600000,1.000000,0.645461,1.000000,0.000000,0,0.000000,110978.000000,1.000000,57226328211.000000,1196070.000000
111000,11,59804,0.600000,1.000000,0.615138,1.000000,0.000000,0,0.000000,110764.000000,1.000000,57226328211.000000,1196070.000000
111000,12,59807,0.600000,1.000000,0.610673,1.000000,0.000000,0,0.000000,110903.000000,1.000000,57226328211.000000,1196070.000000
111000,13,59802,0.600000,1.000000,0.685808,1.000000,0.000000,0,0.000000,110617.000000,1.000000,57226328211.000000,1196070.000000
111000,14,59799,0.600000,1.000000,0.508049,1.000000,0.000000,0,0.000000,110949.000000,1.000000,57226328211.000000,1196070.000000
111000,15,59809,0.600000,1.000000,0.728312,1.000000,0.000000,1,98734.000000,111000.000000,1.000000,57226328211.000000,1196070.000000
112000,0,60324,0.600000,1.000000,0.683244,1.000000,0.000000,0,0.000000,111185.000000,1.000000,58250064472.000000,724082.000000
112000,1,60343,0.600000,1.000000,0.578021,1.000000,0.000000,0,0.000000,111989.000000,1.000000,58250064472.000000,724082.000000
112000,2,60341,0.600000,1.000000,0.686270,1.000000,0.000000,0,0.000000,111976.000000,1.000000,58250064472.000000,724082.000000
112000,3,60331,0.600000,1.000000,0.572012,1.000000,0.000000,0,0.000000,111744.000000,1.000000,58250064472.000000,724082.000000
112000,4,60331,0.600000,1.000000,0.659853,1.000000,0.000000,0,0.000000,111928.000000,1.000000,58250064472.000000,724082.000000
112000,5,60326,0.600000,1.000000,0.558600,1.000000,0.000000,0,0.000000,111901.000000,1.000000,58250064472.000000,724082.000000
112000,6,60343,0.600000,1.000000,0.817904,1.000000,0.000000,1,100428.000000,112000.000000,1.000000,58250064472.000000,724082.000000
112000,7,60344,0.600000,1.000000,0.759607,1.000000,0.000000,0,0.000000,111999.000000,1.000000,58250064472.000000,724082.000000
112000,8,60334,0.600000,1.000000,0.618300,1.000000,0.000000,0,0.000000,111891.000000,1.000000,58250064472.000000,724082.000000
112000,9,60341,0.600000,1.000000,0.605943,1.000000,0.000000,0,0.000000,111862.000000,1.000000,58250064472.000000,724082.000000
112000,10,60340,0.600000,1.000000,0.704308,1.000000,0.000000,0,0.000000,111872.000000,1.000000,58250064472.000000,724082.000000
112000,11,60338,0.600000,1.000000,0.600919,1.000000,0.000000,0,0.000000,111975.000000,1.000000,58250064472.000000,724082.000000
112000,12,60341,0.600000,1.000000,0.631635,1.000000,0.000000,0,0.000000,111984.000000,1.000000,58250064472.000000,724082.000000
112000,13,60342,0.600000,1.000000,0.642877,1.000000,0.000000,0,0.000000,111985.000000,1.000000,58250064472.000000,724082.000000
112000,14,60344,0.600000,1.000000,0.745607,1.000000,0.000000,0,0.000000,111993.000000,1.000000,58250064472.000000,724082.000000
112000,15,60339,0.600000,1.000000,0.668068,1.000000,0.000000,0,0.000000,111969.000000,1.000000,58250064472.000000,724082.000000
113000,0,60868,0.600000,1.000000,0.719189,1.000000,0.000000,0,0.000000,112981.000000,1.000000,59278615658.000000,852161.000000
113000,1,60871,0.600000,1.000000,0.702487,1.000000,0.000000,0,0.000000,112991.000000,1.000000,59278615658.000000,852161.000000
113000,2,60869,0.600000,1.000000,0.696318,1.000000,0.000000,0,0.000000,112993.000000,1.000000,59278615658.000000,852161.000000
113000,3,60869,0.600000,1.000000,0.587873,1.000000,0.000000,0,0.000000,112966.000000,1.000000,59278615658.000000,852161.000000
113000,4,60873,0.600000,1.000000,0.673447,1.000000,0.000000,1,101226.000000,113000.000000,1.000000,59278615658.000000,852161.000000
113000,5,60871,0.600000,1.000000,0.666993,1.000000,0.000000,0,0.000000,112986.000000,1.000000,59278615658.000000,852161.000000
113000,6,60867,0.600000,1.000000,0.639627,1.000000,0.000000,0,0.000000,112968.000000,1.000000,59278615658.000000,852161.000000
113000,7,60870,0.600000,1.000000,0.779533,1.000000,0.000000,0,0.000000,112996.000000,1.000000,59278615658.000000,852161.000000
113000,8,60863,0.600000,1.000000,0.625102,1.000000,0.000000,0,0.000000,112712.000000,1.000000,59278615658.000000,852161.000000
113000,9,60870,0.600000,1.000000,0.822611,1.000000,0.000000,0,0.000000,112883.000000,1.000000,59278615658.000000,852161.000000
113000,10,60872,0.600000,1.000000,0.687206,1.000000,0.000000,0,0.000000,112896.000000,1.000000,59278615658.000000,852161.000000
113000,11,60871,0.600000,1.000000,0.703087,1.000000,0.000000,0,0.000000,112959.000000,1.000000,59278615658.000000,852161.000000
113000,12,60873,0.600000,1.000000,0.758480,1.000000,0.000000,0,0.000000,112999.000000,1.000000,59278615658.000000,852161.000000
113000,13,60841,0.600000,1.000000,0.599449,1.000000,0.000000,0,0.000000,112524.000000,1.000000,59278615658.000000,852161.000000
113000,14,60868,0.600000,1.000000,0.599410,1.000000,0.000000,0,0.000000,112934.000000,1.000000,59278615658.000000,852161.000000
113000,15,60872,0.600000,1.000000,0.673644,1.000000,0.000000,0,0.000000,112921.000000,1.000000,59278615658.000000,852161.000000
114000,0,61401,0.600000,1.000000,0.751817,1.000000,0.000000,0,0.000000,113947.000000,1.000000,60320588516.000000,1227974.000000
114000,1,61403,0.600000,1.000000,0.662383,1.000000,0.000000,0,0.000000,113875.000000,1.000000,60320588516.000000,1227974.000000
114000,2,61382,0.600000,1.000000,0.690249,1.000000,0.000000,0,0.000000,113569.000000,1.000000,60320588516.000000,1227974.000000
114000,3,61401,0.600000,1.000000,0.698288,1.000000,0.000000,0,0.000000,113982.000000,1.000000,60320588516.000000,1227974.000000
114000,4,61406,0.600000,1.000000,0.774735,1.000000,0.000000,0,0.000000,113991.000000,1.000000,60320588516.000000,1227974.000000
114000,5,61402,0.600000,1.000000,0.616434,1.000000,0.000000,0,0.000000,113958.000000,1.000000,60320588516.000000,1227974.000000
114000,6,61404,0.600000,1.000000,0.737419,1.000000,0.000000,0,0.000000,113993.000000,1.000000,60320588516.000000,1227974.000000
114000,7,61398,0.600000,1.000000,0.521366,1.000000,0.000000,0,0.000000,113949.000000,1.000000,60320588516.000000,1227974.000000
114000,8,61398,0.600000,1.000000,0.508714,1.000000,0.000000,0,0.000000,113973.000000,1.000000,60320588516.000000,1227974.000000
114000,9,61404,0.600000,1.000000,0.678560,1.000000,0.000000,0,0.000000,113929.000000,1.000000,60320588516.000000,1227974.000000
114000,10,61400,0.600000,1.000000,0.590964,1.000000,0.000000,0,0.000000,113838.000000,1.000000,60320588516.000000,1227974.000000
114000,11,61406,0.600000,1.000000,0.886951,1.000000,0.000000,1,102252.000000,114000.000000,1.000000,60320588516.000000,1227974.000000
114000,12,61398,0.600000,1.000000,0.612101,1.000000,0.000000,0,0.000000,113974.000000,1.000000,60320588516.000000,1227974.000000
114000,13,61406,0.600000,1.000000,0.821119,1.000000,0.000000,0,0.000000,113999.000000,1.000000,60320588516.000000,1227974.000000
114000,14,61404,0.600000,1.000000,0.641157,1.000000,0.000000,0,0.000000,113976.000000,1.000000,60320588516.000000,1227974.000000
114000,15,61397,0.600000,1.000000,0.548562,1.000000,0.000000,0,0.000000,113885.000000,1.000000,60320588516.000000,1227974.000000
115000,0,61929,0.600000,1.000000,0.668465,1.000000,0.000000,0,0.000000,114876.000000,1.000000,61376098702.000000,867105.000000
115000,1,61937,0.600000,1.000000,0.731213,1.000000,0.000000,0,0.000000,114985.000000,1.000000,61376098702.000000,867105.000000
115000,2,61938,0.600000,1.000000,0.617952,1.000000,0.000000,0,0.000000,114926.000000,1.000000,61376098702.000000,867105.000000
115000,3,61933,0.600000,1.000000,0.579797,1.000000,0.000000,0,0.000000,114920.000000,1.000000,61376098702.000000,867105.000000
115000,4,61935,0.600000,1.000000,0.632484,1.000000,0.000000,0,0.000000,114986.000000,1.000000,61376098702.000000,867105.000000
115000,5,61936,0.600000,1.000000,0.617644,1.000000,0.000000,0,0.000000,114979.000000,1.000000,61376098702.000000,867105.000000
115000,6,61934,0.600000,1.000000,0.546807,1.000000,0.000000,0,0.000000,114980.000000,1.000000,61376098702.000000,867105.000000
115000,7,61935,0.600000,1.000000,0.563870,1.000000,0.000000,0,0.000000,114859.000000,1.000000,61376098702.000000,867105.000000
115000,8,61939,0.600000,1.000000,0.620798,1.000000,0.000000,0,0.000000,114990.000000,1.000000,61376098702.000000,867105.000000
115000,9,61939,0.600000,1.000000,0.686597,1.000000,0.000000,0,0.000000,114993.000000,1.000000,61376098702.000000,867105.000000
115000,10,61937,0.600000,1.000000,0.681396,1.000000,0.000000,0,0.000000,114987.000000,1.000000,61376098702.000000,867105.000000
115000,11,61938,0.600000,1.000000,0.762211,1.000000,0.000000,0,0.000000,114999.000000,1.000000,61376098702.000000,867105.000000
115000,12,61939,0.600000,1.000000,0.694191,1.000000,0.000000,1,102902.000000,115000.000000,1.000000,61376098702.000000,867105.000000
115000,13,61935,0.600000,1.000000,0.771689,1.000000,0.000000,0,0.000000,114841.000000,1.000000,61376098702.000000,867105.000000
115000,14,61930,0.600000,1.000000,0.541927,1.000000,0.000000,0,0.000000,114896.000000,1.000000,61376098702.000000,867105.000000
115000,15,61934,0.600000,1.000000,0.548555,1.000000,0.000000,0,0.000000,114978.000000,1.000000,61376098702.000000,867105.000000
116000,0,62480,0.600000,1.000000,0.629942,1.000000,0.000000,0,0.000000,115961.000000,1.000000,62462006334.000000,1249582.000000
116000,1,62464,0.600000,1.000000,0.527184,1.000000,0.000000,0,0.000000,115400.000000,1.000000,62462006334.000000,1249582.000000
116000,2,62486,0.600000,1.000000,0.856013,1.000000,0.000000,1,103550.000000,116000.000000,1.000000,62462006334.000000,1249582.000000
116000,3,62485,0.600000,1.000000,0.601039,1.000000,0.000000,0,0.000000,115983.000000,1.000000,62462006334.000000,1249582.000000
116000,4,62472,0.600000,1.000000,0.547343,1.000000,0.000000,0,0.000000,115825.000000,1.000000,62462006334.000000,1249582.000000
116000,5,62485,0.600000,1.000000,0.682481,1.000000,0.000000,0,0.000000,115993.000000,1.000000,62462006334.000000,1249582.000000
116000,6,62480,0.600000,1.000000,0.600642,1.000000,0.000000,0,0.000000,115958.000000,1.000000,62462006334.000000,1249582.000000
116000,7,62479,0.600000,1.000000,0.780741,1.000000,0.000000,0,0.000000,115989.000000,1.000000,62462006334.000000,1249582.000000
116000,8,62485,0.600000,1.000000,0.677568,1.000000,0.000000,0,0.000000,115892.000000,1.000000,62462006334.000000,1249582.000000
116000,9,62481,0.600000,1.000000,0.605590,1.000000,0.000000,0,0.000000,115932.000000,1.000000,62462006334.000000,1249582.000000
116000,10,62475,0.600000,1.000000,0.550362,1.000000,0.000000,0,0.000000,115952.000000,1.000000,62462006334.000000,1249582.000000
116000,11,62485,0.600000,1.000000,0.779451,1.000000,0.000000,0,0.000000,115997.000000,1.000000,62462006334.000000,1249582.000000
116000,12,62485,0.600000,1.000000,0.700897,1.000000,0.000000,0,0.000000,115988.000000,1.000000,62462006334.000000,1249582.000000
116000,13,62484,0.600000,1.000000,0.593304,1.000000,0.000000,0,0.000000,115986.000000,1.000000,62462006334.000000,1249582.000000
116000,14,62485,0.600000,1.000000,0.760466,1.000000,0.000000,0,0.000000,115998.000000,1.000000,62462006334.000000,1249582.000000
116000,15,62485,0.600000,1.000000,0.734823,1.000000,0.000000,0,0.000000,115994.000000,1.000000,62462006334.000000,1249582.000000
117000,0,63025,0.600000,1.000000,0.572993,1.000000,0.000000,0,0.000000,116977.000000,1.000000,63554157932.000000,1134435.000000
117000,1,63027,0.600000,1.000000,0.629831,1.000000,0.000000,0,0.000000,116982.000000,1.000000,63554157932.000000,1134435.000000
117000,2,63021,0.600000,1.000000,0.568533,1.000000,0.000000,0,0.000000,116978.000000,1.000000,63554157932.000000,1134435.000000
117000,3,63025,0.600000,1.000000,0.679566,1.000000,0.000000,0,0.000000,116989.000000,1.000000,63554157932.000000,1134435.000000
117000,4,63025,0.600000,1.000000,0.721673,1.000000,0.000000,0,0.000000,116717.000000,1.000000,63554157932.000000,1134435.000000
117000,5,63026,0.600000,1.000000,0.733642,1.000000,0.000000,0,0.000000,116998.000000,1.000000,63554157932.000000,1134435.000000
117000,6,63026,0.600000,1.000000,0.622137,1.000000,0.000000,0,0.000000,116964.000000,1.000000,63554157932.000000,1134435.000000
117000,7,63024,0.600000,1.000000,0.682929,1.000000,0.000000,0,0.000000,116912.000000,1.000000,63554157932.000000,1134435.000000
117000,8,63025,0.600000,1.000000,0.640559,1.000000,0.000000,0,0.000000,116967.000000,1.000000,63554157932.000000,1134435.000000
117000,9,63026,0.600000,1.000000,0.633735,1.000000,0.000000,0,0.000000,116707.000000,1.000000,63554157932.000000,1134435.000000
117000,10,63024,0.600000,1.000000,0.596429,1.000000,0.000000,0,0.000000,116971.000000,1.000000,63554157932.000000,1134435.000000
117000,11,63024,0.600000,1.000000,0.613098,1.000000,0.000000,0,0.000000,116920.000000,1.000000,63554157932.000000,1134435.000000
117000,12,63026,0.600000,1.000000,0.714896,1.000000,0.000000,1,104606.000000,117000.000000,1.000000,63554157932.000000,1134435.000000
117000,13,63026,0.600000,1.000000,0.740284,1.000000,0.000000,0,0.000000,116999.000000,1.000000,63554157932.000000,1134435.000000
117000,14,63023,0.600000,1.000000,0.491158,1.000000,0.000000,0,0.000000,116897.000000,1.000000,63554157932.000000,1134435.000000
117000,15,63025,0.600000,1.000000,0.669035,1.000000,0.000000,0,0.000000,116809.000000,1.000000,63554157932.000000,1134435.000000
118000,0,63550,0.600000,1.000000,0.679348,1.000000,0.000000,0,0.000000,117925.000000,1.000000,64614335834.000000,762568.000000
118000,1,63553,0.600000,1.000000,0.695625,1.000000,0.000000,0,0.000000,117976.000000,1.000000,64614335834.000000,762568.000000
118000,2,63551,0.600000,1.000000,0.685133,1.000000,0.000000,0,0.000000,117923.000000,1.000000,64614335834.000000,762568.000000
118000,3,63549,0.600000,1.000000,0.683039,1.000000,0.000000,0,0.000000,117990.000000,1.000000,64614335834.000000,762568.000000
118000,4,63554,0.600000,1.000000,0.715200,1.000000,0.000000,0,0.000000,117999.000000,1.000000,64614335834.000000,762568.000000
118000,5,63550,0.600000,1.000000,0.679709,1.000000,0.000000,0,0.000000,117967.000000,1.000000,64614335834.000000,762568.000000
118000,6,63543,0.600000,1.000000,0.661625,1.000000,0.000000,0,0.000000,117924.000000,1.000000,64614335834.000000,762568.000000
118000,7,63553,0.600000,1.000000,0.763648,1.000000,0.000000,1,105830.000000,118000.000000,1.000000,64614335834.000000,762568.000000
118000,8,63547,0.600000,1.000000,0.721243,1.000000,0.000000,0,0.000000,117905.000000,1.000000,64614335834.000000,762568.000000
118000,9,63541,0.600000,1.000000,0.576035,1.000000,0.000000,0,0.000000,117817.000000,1.000000,64614335834.000000,762568.000000
118000,10,63536,0.600000,1.000000,0.635468,1.000000,0.000000,0,0.000000,117665.000000,1.000000,64614335834.000000,762568.000000
118000,11,63549,0.600000,1.000000,0.579459,1.000000,0.000000,0,0.000000,117806.000000,1.000000,64614335834.000000,762568.000000
118000,12,63543,0.600000,1.000000,0.508683,1.000000,0.000000,0,0.000000,117944.000000,1.000000,64614335834.000000,762568.000000
118000,13,63550,0.600000,1.000000,0.537171,1.000000,0.000000,0,0.000000,117963.000000,1.000000,64614335834.000000,762568.000000
118000,14,63552,0.600000,1.000000,0.651978,1.000000,0.000000,0,0.000000,117988.000000,1.000000,64614335834.000000,762568.000000
118000,15,63553,0.600000,1.000000,0.725445,1.000000,0.000000,0,0.000000,117992.000000,1.000000,64614335834.000000,762568.000000
119000,0,64091,0.600000,1.000000,0.694915,1.000000,0.000000,0,0.000000,118996.000000,1.000000,65714169221.000000,1794482.000000
119000,1,64090,0.600000,1.000000,0.674977,1.000000,0.000000,0,0.000000,118975.000000,1.000000,65714169221.000000,1794482.000000
119000,2,64087,0.600000,1.000000,0.694528,1.000000,0.000000,0,0.000000,118973.000000,1.000000,65714169221.000000,1794482.000000
119000,3,64090,0.600000,1.000000,0.743492,1.000000,0.000000,1,106967.000000,119000.000000,1.000000,65714169221.000000,1794482.000000
119000,4,64089,0.600000,1.000000,0.668291,1.000000,0.000000,0,0.000000,118990.000000,1.000000,65714169221.000000,1794482.000000
119000,5,64090,0.600000,1.000000,0.786381,1.000000,0.000000,0,0.000000,118995.000000,1.000000,65714169221.000000,1794482.000000
119000,6,64087,0.600000,1.000000,0.725602,1.000000,0.000000,0,0.000000,118960.000000,1.000000,65714169221.000000,1794482.000000
119000,7,64082,0.600000,1.000000,0.557421,1.000000,0.000000,0,0.000000,118934.000000,1.000000,65714169221.000000,1794482.000000
119000,8,64078,0.600000,1.000000,0.591403,1.000000,0.000000,0,0.000000,118840.000000,1.000000,65714169221.000000,1794482.000000
119000,9,64091,0.600000,1.000000,0.705609,1.000000,0.000000,0,0.000000,118985.000000,1.000000,65714169221.000000,1794482.000000
119000,10,64078,0.600000,1.000000,0.721114,1.000000,0.000000,0,0.000000,118789.000000,1.000000,65714169221.000000,1794482.000000
119000,11,64091,0.600000,1.000000,0.734962,1.000000,0.000000,0,0.000000,118999.000000,1.000000,65714169221.000000,1794482.000000
119000,12,64085,0.600000,1.000000,0.651610,1.000000,0.000000,0,0.000000,118986.000000,1.000000,65714169221.000000,1794482.000000
119000,13,64091,0.600000,1.000000,0.715816,1.000000,0.000000,0,0.000000,118998.000000,1.000000,65714169221.000000,1794482.000000
119000,14,64085,0.600000,1.000000,0.543933,1.000000,0.000000,0,0.000000,118966.000000,1.000000,65714169221.000000,1794482.000000
119000,15,64086,0.600000,1.000000,0.644517,1.000000,0.000000,0,0.000000,118882.000000,1.000000,65714169221.000000,1794482.000000
120000,0,64628,0.600000,1.000000,0.786603,1.000000,0.000000,0,0.000000,119682.000000,1.000000,66828583515.000000,517030.000000
120000,1,64629,0.600000,1.000000,0.682085,1.000000,0.000000,0,0.000000,119956.000000,1.000000,66828583515.000000,517030.000000
120000,2,64625,0.600000,1.000000,0.494136,1.000000,0.000000,0,0.000000,119960.000000,1.000000,66828583515.000000,517030.000000
120000,3,64625,0.600000,1.000000,0.597559,1.000000,0.000000,0,0.000000,119830.000000,1.000000,66828583515.000000,517030.000000
120000,4,64629,0.600000,1.000000,0.767004,1.000000,0.000000,0,0.000000,119995.000000,1.000000,66828583515.000000,517030.000000
120000,5,64631,0.600000,1.000000,0.671048,1.000000,0.000000,0,0.000000,119994.000000,1.000000,66828583515.000000,517030.000000
120000,6,64630,0.600000,1.000000,0.568288,1.000000,0.000000,0,0.000000,119979.000000,1.000000,66828583515.000000,517030.000000
120000,7,64630,0.600000,1.000000,0.810051,1.000000,0.000000,1,107615.000000,120000.000000,1.000000,66828583515.000000,517030.000000
120000,8,64629,0.600000,1.000000,0.637862,1.000000,0.000000,0,0.000000,119974.000000,1.000000,66828583515.000000,517030.000000
120000,9,64630,0.600000,1.000000,0.666525,1.000000,0.000000,0,0.000000,119996.000000,1.000000,66828583515.000000,517030.000000
120000,10,64630,0.600000,1.000000,0.701111,1.000000,0.000000,0,0.000000,119992.000000,1.000000,66828583515.000000,517030.000000
120000,11,64624,0.600000,1.000000,0.652674,1.000000,0.000000,0,0.000000,119943.000000,1.000000,66828583515.000000,517030.000000
120000,12,64631,0.600000,1.000000,0.649090,1.000000,0.000000,0,0.000000,119970.000000,1.000000,66828583515.000000,517030.000000
120000,13,64622,0.600000,1.000000,0.633042,1.000000,0.000000,0,0.000000,119942.000000,1.000000,66828583515.000000,517030.000000
120000,14,64630,0.600000,1.000000,0.753861,1.000000,0.000000,0,0.000000,119860.000000,1.000000,66828583515.000000,517030.000000
120000,15,64626,0.600000,1.000000,0.644096,1.000000,0.000000,0,0.000000,119978.000000,1.000000,66828583515.000000,517030.000000
121000,0,65173,0.600000,1.000000,0.702206,1.000000,0.000000,0,0.000000,120996.000000,1.000000,67955887458.000000,651713.000000
121000,1,65167,0.600000,1.000000,0.604899,1.000000,0.000000,0,0.000000,120954.000000,1.000000,67955887458.000000,651713.000000
121000,2,65174,0.600000,1.000000,0.621353,1.000000,0.000000,0,0.000000,120942.000000,1.000000,67955887458.000000,651713.000000
121000,3,65174,0.600000,1.000000,0.568858,1.000000,0.000000,1,108791.000000,121000.000000,1.000000,67955887458.000000,651713.000000
121000,4,65174,0.600000,1.000000,0.664320,1.000000,0.000000,0,0.000000,120990.000000,1.000000,67955887458.000000,651713.000000
121000,5,65172,0.600000,1.000000,0.639087,1.000000,0.000000,0,0.000000,120955.000000,1.000000,67955887458.000000,651713.000000
121000,6,65159,0.600000,1.000000,0.575376,1.000000,0.000000,0,0.000000,120785.000000,1.000000,67955887458.000000,651713.000000
121000,7,65172,0.600000,1.000000,0.568864,1.000000,0.000000,0,0.000000,120822.000000,1.000000,67955887458.000000,651713.000000
121000,8,65174,0.600000,1.000000,0.636114,1.000000,0.000000,0,0.000000,120999.000000,1.000000,67955887458.000000,651713.000000
121000,9,65172,0.600000,1.000000,0.630331,1.000000,0.000000,0,0.000000,120994.000000,1.000000,67955887458.000000,651713.000000
121000,10,65165,0.600000,1.000000,0.503001,1.000000,0.000000,0,0.000000,120950.000000,1.000000,67955887458.000000,651713.000000
121000,11,65174,0.600000,1.000000,0.777836,1.000000,0.000000,0,0.000000,120998.000000,1.000000,67955887458.000000,651713.000000
121000,12,65174,0.600000,1.000000,0.617920,1.000000,0.000000,0,0.000000,120995.000000,1.000000,67955887458.000000,651713.000000
121000,13,65166,0.600000,1.000000,0.583780,1.000000,0.000000,0,0.000000,120943.000000,1.000000,67955887458.000000,651713.000000
121000,14,65173,0.600000,1.000000,0.611149,1.000000,0.000000,0,0.000000,120972.000000,1.000000,67955887458.000000,651713.000000
121000,15,65171,0.600000,1.000000,0.607537,1.000000,0.000000,0,0.000000,120975.000000,1.000000,67955887458.000000,651713.000000
122000,0,65701,0.600000,1.000000,0.751790,1.000000,0.000000,0,0.000000,121838.000000,1.000000,69080134750.000000,1182747.000000
122000,1,65710,0.600000,1.000000,0.687350,1.000000,0.000000,0,0.000000,121995.000000,1.000000,69080134750.000000,1182747.000000
122000,2,65710,0.600000,1.000000,0.647544,1.000000,0.000000,0,0.000000,121874.000000,1.000000,69080134750.000000,1182747.000000
122000,3,65711,0.600000,1.000000,0.671566,1.000000,0.000000,0,0.000000,121994.000000,1.000000,69080134750.000000,1182747.000000
122000,4,65711,0.600000,1.000000,0.639786,1.000000,0.000000,0,0.000000,121987.000000,1.000000,69080134750.000000,1182747.000000
122000,5,65707,0.600000,1.000000,0.800953,1.000000,0.000000,0,0.000000,121993.000000,1.000000,69080134750.000000,1182747.000000
122000,6,65708,0.600000,1.000000,0.703227,1.000000,0.000000,0,0.000000,121927.000000,1.000000,69080134750.000000,1182747.000000
122000,7,65710,0.600000,1.000000,0.772473,1.000000,0.000000,0,0.000000,121999.000000,1.000000,69080134750.000000,1182747.000000
122000,8,65705,0.600000,1.000000,0.650794,1.000000,0.000000,0,0.000000,121940.000000,1.000000,69080134750.000000,1182747.000000
122000,9,65711,0.600000,1.000000,0.770751,1.000000,0.000000,1,109525.000000,122000.000000,1.000000,69080134750.000000,1182747.000000
122000,10,65711,0.600000,1.000000,0.713422,1.000000,0.000000,0,0.000000,121977.000000,1.000000,69080134750.000000,1182747.000000
122000,11,65706,0.600000,1.000000,0.664009,1.000000,0.000000,0,0.000000,121863.000000,1.000000,69080134750.000000,1182747.000000
122000,12,65701,0.600000,1.000000,0.572842,1.000000,0.000000,0,0.000000,121967.000000,1.000000,69080134750.000000,1182747.000000
122000,13,65710,0.600000,1.000000,0.687850,1.000000,0.000000,0,0.000000,121996.000000,1.000000,69080134750.000000,1182747.000000
122000,14,65703,0.600000,1.000000,0.620463,1.000000,0.000000,0,0.000000,121879.000000,1.000000,69080134750.000000,1182747.000000
122000,15,65709,0.600000,1.000000,0.602565,1.000000,0.000000,0,0.000000,121962.000000,1.000000,69080134750.000000,1182747.000000
123000,0,66242,0.600000,1.000000,0.653267,1.000000,0.000000,0,0.000000,122856.000000,1.000000,70210955972.000000,1457361.000000
123000,1,66229,0.600000,1.000000,0.585235,1.000000,0.000000,0,0.000000,122740.000000,1.000000,70210955972.000000,1457361.000000
123000,2,66245,0.600000,1.000000,0.585263,1.000000,0.000000,0,0.000000,122971.000000,1.000000,70210955972.000000,1457361.000000
123000,3,66242,0.600000,1.000000,0.636264,1.000000,0.000000,0,0.000000,122912.000000,1.000000,70210955972.000000,1457361.000000
123000,4,66244,0.600000,1.000000,0.666098,1.000000,0.000000,0,0.000000,122987.000000,1.000000,70210955972.000000,1457361.000000
123000,5,66247,0.600000,1.000000,0.668108,1.000000,0.000000,1,110635.000000,123000.000000,1.000000,70210955972.000000,1457361.000000
123000,6,66247,0.600000,1.000000,0.742245,1.000000,0.000000,0,0.000000,122999.000000,1.000000,70210955972.000000,1457361.000000
123000,7,66244,0.600000,1.000000,0.637762,1.000000,0.000000,0,0.000000,122960.000000,1.000000,70210955972.000000,1457361.000000
123000,8,66244,0.600000,1.000000,0.688027,1.000000,0.000000,0,0.000000,122995.000000,1.000000,70210955972.000000,1457361.000000
123000,9,66245,0.600000,1.000000,0.596616,1.000000,0.000000,0,0.000000,122974.000000,1.000000,70210955972.000000,1457361.000000
123000,10,66240,0.600000,1.000000,0.497585,1.000000,0.000000,0,0.000000,122962.000000,1.000000,70210955972.000000,1457361.000000
123000,11,66246,0.600000,1.000000,0.673867,1.000000,0.000000,0,0.000000,122993.000000,1.000000,70210955972.000000,1457361.000000
123000,12,66245,0.600000,1.000000,0.669080,1.000000,0.000000,0,0.000000,122973.000000,1.000000,70210955972.000000,1457361.000000
123000,13,66245,0.600000,1.000000,0.562778,1.000000,0.000000,0,0.000000,122953.000000,1.000000,70210955972.000000,1457361.000000
123000,14,66244,0.600000,1.000000,0.584811,1.000000,0.000000,0,0.000000,122951.000000,1.000000,70210955972.000000,1457361.000000
123000,15,66245,0.600000,1.000000,0.626695,1.000000,0.000000,0,0.000000,122992.000000,1.000000,70210955972.000000,1457361.000000
124000,0,66794,0.600000,1.000000,0.557387,1.000000,0.000000,0,0.000000,123921.000000,1.000000,71378740456.000000,1068698.000000
124000,1,66790,0.600000,1.000000,0.596878,1.000000,0.000000,0,0.000000,123748.000000,1.000000,71378740456.000000,1068698.000000
124000,2,66796,0.600000,1.000000,0.791710,1.000000,0.000000,0,0.000000,123998.000000,1.000000,71378740456.000000,1068698.000000
124000,3,66792,0.600000,1.000000,0.762070,1.000000,0.000000,0,0.000000,123749.000000,1.000000,71378740456.000000,1068698.000000
124000,4,66796,0.600000,1.000000,0.661088,1.000000,0.000000,0,0.000000,123975.000000,1.000000,71378740456.000000,1068698.000000
124000,5,66792,0.600000,1.000000,0.569005,1.000000,0.000000,0,0.000000,123982.000000,1.000000,71378740456.000000,1068698.000000
124000,6,66790,0.600000,1.000000,0.628126,1.000000,0.000000,0,0.000000,123751.000000,1.000000,71378740456.000000,1068698.000000
124000,7,66787,0.600000,1.000000,0.521660,1.000000,0.000000,0,0.000000,123877.000000,1.000000,71378740456.000000,1068698.000000
124000,8,66796,0.600000,1.000000,0.758765,1.000000,0.000000,1,110663.000000,124000.000000,1.000000,71378740456.000000,1068698.000000
124000,9,66787,0.600000,1.000000,0.649378,1.000000,0.000000,0,0.000000,123918.000000,1.000000,71378740456.000000,1068698.000000
124000,10,66787,0.600000,1.000000,0.727862,1.000000,0.000000,0,0.000000,123747.000000,1.000000,71378740456.000000,1068698.000000
124000,11,66790,0.600000,1.000000,0.712410,1.000000,0.000000,0,0.000000,123891.000000,1.000000,71378740456.000000,1068698.000000
124000,12,66796,0.600000,1.000000,0.552170,1.000000,0.000000,0,0.000000,123994.000000,1.000000,71378740456.000000,1068698.000000
124000,13,66786,0.600000,1.000000,0.651608,1.000000,0.000000,0,0.000000,123961.000000,1.000000,71378740456.000000,1068698.000000
124000,14,66796,0.600000,1.000000,0.706029,1.000000,0.000000,0,0.000000,123995.000000,1.000000,71378740456.000000,1068698.000000
124000,15,66797,0.600000,1.000000,0.670671,1.000000,0.000000,0,0.000000,123981.000000,1.000000,71378740456.000000,1068698.000000
125000,0,67338,0.600000,1.000000,0.660653,1.000000,0.000000,0,0.000000,124983.000000,1.000000,72540265444.000000,1077306.000000
125000,1,67337,0.600000,1.000000,0.658805,1.000000,0.000000,0,0.000000,124992.000000,1.000000,72540265444.000000,1077306.000000
125000,2,67318,0.600000,1.000000,0.532274,1.000000,0.000000,0,0.000000,124758.000000,1.000000,72540265444.000000,1077306.000000
125000,3,67337,0.600000,1.000000,0.630087,1.000000,0.000000,0,0.000000,124993.000000,1.000000,72540265444.000000,1077306.000000
125000,4,67334,0.600000,1.000000,0.673675,1.000000,0.000000,0,0.000000,124972.000000,1.000000,72540265444.000000,1077306.000000
125000,5,67332,0.600000,1.000000,0.667986,1.000000,0.000000,0,0.000000,124986.000000,1.000000,72540265444.000000,1077306.000000
125000,6,67321,0.600000,1.000000,0.506491,1.000000,0.000000,0,0.000000,124856.000000,1.000000,72540265444.000000,1077306.000000
125000,7,67332,0.600000,1.000000,0.699338,1.000000,0.000000,0,0.000000,124841.000000,1.000000,72540265444.000000,1077306.000000
125000,8,67339,0.600000,1.000000,0.774221,1.000000,0.000000,1,111580.000000,125000.000000,1.000000,72540265444.000000,1077306.000000
125000,9,67337,0.600000,1.000000,0.704107,1.000000,0.000000,0,0.000000,124995.000000,1.000000,72540265444.000000,1077306.000000
125000,10,67338,0.600000,1.000000,0.774889,1.000000,0.000000,0,0.000000,124999.000000,1.000000,72540265444.000000,1077306.000000
125000,11,67335,0.600000,1.000000,0.560835,1.000000,0.000000,0,0.000000,124966.000000,1.000000,72540265444.000000,1077306.000000
125000,12,67339,0.600000,1.000000,0.644217,1.000000,0.000000,0,0.000000,124979.000000,1.000000,72540265444.000000,1077306.000000
125000,13,67333,0.600000,1.000000,0.552881,1.000000,0.000000,0,0.000000,124982.000000,1.000000,72540265444.000000,1077306.000000
125000,14,67330,0.600000,1.000000,0.774989,1.000000,0.000000,0,0.000000,124629.000000,1.000000,72540265444.000000,1077306.000000
125000,15,67332,0.600000,1.000000,0.479635,1.000000,0.000000,0,0.000000,124971.000000,1.000000,72540265444.000000,1077306.000000
126000,0,67860,0.600000,1.000000,0.622892,1.000000,0.000000,0,0.000000,125901.000000,1.000000,73684695449.000000,678637.000000
126000,1,67855,0.600000,1.000000,0.616086,1.000000,0.000000,0,0.000000,125727.000000,1.000000,73684695449.000000,678637.000000
126000,2,67865,0.600000,1.000000,0.729168,1.000000,0.000000,1,112537.000000,126000.000000,1.000000,73684695449.000000,678637.000000
126000,3,67861,0.600000,1.000000,0.695740,1.000000,0.000000,0,0.000000,125810.000000,1.000000,73684695449.000000,678637.000000
126000,4,67865,0.600000,1.000000,0.633710,1.000000,0.000000,0,0.000000,125991.000000,1.000000,73684695449.000000,678637.000000
126000,5,67864,0.600000,1.000000,0.576266,1.000000,0.000000,0,0.000000,125928.000000,1.000000,73684695449.000000,678637.000000
126000,6,67863,0.600000,1.000000,0.716048,1.000000,0.000000,0,0.000000,125959.000000,1.000000,73684695449.000000,678637.000000
126000,7,67862,0.600000,1.000000,0.607366,1.000000,0.000000,0,0.000000,125871.000000,1.000000,73684695449.000000,678637.000000
126000,8,67857,0.600000,1.000000,0.486905,1.000000,0.000000,0,0.000000,125893.000000,1.000000,73684695449.000000,678637.000000
126000,9,67863,0.600000,1.000000,0.732054,1.000000,0.000000,0,0.000000,125998.000000,1.000000,73684695449.000000,678637.000000
126000,10,67864,0.600000,1.000000,0.601075,1.000000,0.000000,0,0.000000,125980.000000,1.000000,73684695449.000000,678637.000000
126000,11,67864,0.600000,1.000000,0.696908,1.000000,0.000000,0,0.000000,125988.000000,1.000000,73684695449.000000,678637.000000
126000,12,67864,0.600000,1.000000,0.666651,1.000000,0.000000,0,0.000000,125976.000000,1.000000,73684695449.000000,678637.000000
126000,13,67863,0.600000,1.000000,0.668272,1.000000,0.000000,0,0.000000,125961.000000,1.000000,73684695449.000000,678637.000000
126000,14,67865,0.600000,1.000000,0.697655,1.000000,0.000000,0,0.000000,125971.000000,1.000000,73684695449.000000,678637.000000
126000,15,67862,0.600000,1.000000,0.790509,1.000000,0.000000,0,0.000000,125997.000000,1.000000,73684695449.000000,678637.000000
127000,0,68398,0.600000,1.000000,0.695840,1.000000,0.000000,1,113305.000000,127000.000000,1.000000,74845469448.000000,683935.000000
127000,1,68388,0.600000,1.000000,0.457269,1.000000,0.000000,0,0.000000,126926.000000,1.000000,74845469448.000000,683935.000000
127000,2,68395,0.600000,1.000000,0.569042,1.000000,0.000000,0,0.000000,126866.000000,1.000000,74845469448.000000,683935.000000
127000,3,68394,0.600000,1.000000,0.543629,1.000000,0.000000,0,0.000000,126966.000000,1.000000,74845469448.000000,683935.000000
127000,4,68398,0.600000,1.000000,0.713575,1.000000,0.000000,0,0.000000,126999.000000,1.000000,74845469448.000000,683935.000000
127000,5,68397,0.600000,1.000000,0.706340,1.000000,0.000000,0,0.000000,126974.000000,1.000000,74845469448.000000,683935.000000
127000,6,68395,0.600000,1.000000,0.685819,1.000000,0.000000,0,0.000000,126920.000000,1.000000,74845469448.000000,683935.000000
127000,7,68397,0.600000,1.000000,0.772497,1.000000,0.000000,0,0.000000,126998.000000,1.000000,74845469448.000000,683935.000000
127000,8,68397,0.600000,1.000000,0.661415,1.000000,0.000000,0,0.000000,126990.000000,1.000000,74845469448.000000,683935.000000
127000,9,68396,0.600000,1.000000,0.636788,1.000000,0.000000,0,0.000000,126982.000000,1.000000,74845469448.000000,683935.000000
127000,10,68396,0.600000,1.000000,0.656568,1.000000,0.000000,0,0.000000,126958.000000,1.000000,74845469448.000000,683935.000000
127000,11,68394,0.600000,1.000000,0.578115,1.000000,0.000000,0,0.000000,126943.000000,1.000000,74845469448.000000,683935.000000
127000,12,68397,0.600000,1.000000,0.504569,1.000000,0.000000,0,0.000000,126953.000000,1.000000,74845469448.000000,683935.000000
127000,13,68384,0.600000,1.000000,0.654220,1.000000,0.000000,0,0.000000,126643.000000,1.000000,74845469448.000000,683935.000000
127000,14,68395,0.600000,1.000000,0.693991,1.000000,0.000000,0,0.000000,126964.000000,1.000000,74845469448.000000,683935.000000
127000,15,68395,0.600000,1.000000,0.666909,1.000000,0.000000,0,0.000000,126986.000000,1.000000,74845469448.000000,683935.000000
128000,0,68926,0.600000,1.000000,0.663506,1.000000,0.000000,0,0.000000,127987.000000,1.000000,76013109227.000000,1102814.000000
128000,1,68928,0.600000,1.000000,0.664177,1.000000,0.000000,0,0.000000,127963.000000,1.000000,76013109227.000000,1102814.000000
128000,2,68927,0.600000,1.000000,0.693914,1.000000,0.000000,0,0.000000,127807.000000,1.000000,76013109227.000000,1102814.000000
128000,3,68926,0.600000,1.000000,0.616891,1.000000,0.000000,0,0.000000,127948.000000,1.000000,76013109227.000000,1102814.000000
128000,4,68926,0.600000,1.000000,0.596034,1.000000,0.000000,0,0.000000,127843.000000,1.000000,76013109227.000000,1102814.000000
128000,5,68928,0.600000,1.000000,0.678146,1.000000,0.000000,0,0.000000,127999.000000,1.000000,76013109227.000000,1102814.000000
128000,6,68928,0.600000,1.000000,0.781799,1.000000,0.000000,1,115188.000000,128000.000000,1.000000,76013109227.000000,1102814.000000
128000,7,68928,0.600000,1.000000,0.625585,1.000000,0.000000,0,0.000000,127994.000000,1.000000,76013109227.000000,1102814.000000
128000,8,68923,0.600000,1.000000,0.505523,1.000000,0.000000,0,0.000000,127958.000000,1.000000,76013109227.000000,1102814.000000
128000,9,68925,0.600000,1.000000,0.647668,1.000000,0.000000,0,0.000000,127992.000000,1.000000,76013109227.000000,1102814.000000
128000,10,68923,0.600000,1.000000,0.505363,1.000000,0.000000,0,0.000000,127796.000000,1.000000,76013109227.000000,1102814.000000
128000,11,68928,0.600000,1.000000,0.672562,1.000000,0.000000,0,0.000000,127996.000000,1.000000,76013109227.000000,1102814.000000
128000,12,68928,0.600000,1.000000,0.535301,1.000000,0.000000,0,0.000000,127997.000000,1.000000,76013109227.000000,1102814.000000
128000,13,68925,0.600000,1.000000,0.666060,1.000000,0.000000,0,0.000000,127970.000000,1.000000,76013109227.000000,1102814.000000
128000,14,68927,0.600000,1.000000,0.622587,1.000000,0.000000,0,0.000000,127966.000000,1.000000,76013109227.000000,1102814.000000
128000,15,68923,0.600000,1.000000,0.572990,1.000000,0.000000,0,0.000000,127845.000000,1.000000,76013109227.000000,1102814.000000
129000,0,69468,0.600000,1.000000,0.639332,1.000000,0.000000,0,0.000000,128907.000000,1.000000,77207708085.000000,1250373.000000
129000,1,69464,0.600000,1.000000,0.575974,1.000000,0.000000,0,0.000000,128926.000000,1.000000,77207708085.000000,1250373.000000
129000,2,69469,0.600000,1.000000,0.753099,1.000000,0.000000,0,0.000000,128993.000000,1.000000,77207708085.000000,1250373.000000
129000,3,69469,0.600000,1.000000,0.777792,1.000000,0.000000,0,0.000000,128999.000000,1.000000,77207708085.000000,1250373.000000
129000,4,69464,0.600000,1.000000,0.641770,1.000000,0.000000,0,0.000000,128481.000000,1.000000,77207708085.000000,1250373.000000
129000,5,69468,0.600000,1.000000,0.664185,1.000000,0.000000,0,0.000000,128985.000000,1.000000,77207708085.000000,1250373.000000
129000,6,69467,0.600000,1.000000,0.659007,1.000000,0.000000,0,0.000000,128979.000000,1.000000,77207708085.000000,1250373.000000
129000,7,69469,0.600000,1.000000,0.635297,1.000000,0.000000,1,115758.000000,129000.000000,1.000000,77207708085.000000,1250373.000000
129000,8,69469,0.600000,1.000000,0.582713,1.000000,0.000000,0,0.000000,128989.000000,1.000000,77207708085.000000,1250373.000000
129000,9,69467,0.600000,1.000000,0.650973,1.000000,0.000000,0,0.000000,128881.000000,1.000000,77207708085.000000,1250373.000000
129000,10,69456,0.600000,1.000000,0.641179,1.000000,0.000000,0,0.000000,128678.000000,1.000000,77207708085.000000,1250373.000000
129000,11,69469,0.600000,1.000000,0.783939,1.000000,0.000000,0,0.000000,128998.000000,1.000000,77207708085.000000,1250373.000000
129000,12,69464,0.600000,1.000000,0.702516,1.000000,0.000000,0,0.000000,128390.000000,1.000000,77207708085.000000,1250373.000000
129000,13,69466,0.600000,1.000000,0.718888,1.000000,0.000000,0,0.000000,128990.000000,1.000000,77207708085.000000,1250373.000000
129000,14,69457,0.600000,1.000000,0.674653,1.000000,0.000000,0,0.000000,128785.000000,1.000000,77207708085.000000,1250373.000000
129000,15,69465,0.600000,1.000000,0.642124,1.000000,0.000000,0,0.000000,128971.000000,1.000000,77207708085.000000,1250373.000000
130000,0,69988,0.600000,1.000000,0.597040,1.000000,0.000000,0,0.000000,129980.000000,1.000000,78379421441.000000,1259833.000000
130000,1,69991,0.600000,1.000000,0.719943,1.000000,0.000000,0,0.000000,129967.000000,1.000000,78379421441.000000,1259833.000000
130000,2,69992,0.600000,1.000000,0.638899,1.000000,0.000000,0,0.000000,129986.000000,1.000000,78379421441.000000,1259833.000000
130000,3,69989,0.600000,1.000000,0.771119,1.000000,0.000000,0,0.000000,129991.000000,1.000000,78379421441.000000,1259833.000000
130000,4,69994,0.600000,1.000000,0.721936,1.000000,0.000000,0,0.000000,129997.000000,1.000000,78379421441.000000,1259833.000000
130000,5,69990,0.600000,1.000000,0.579151,1.000000,0.000000,0,0.000000,129922.000000,1.000000,78379421441.000000,1259833.000000
130000,6,69990,0.600000,1.000000,0.612624,1.000000,0.000000,0,0.000000,129932.000000,1.000000,78379421441.000000,1259833.000000
130000,7,69994,0.600000,1.000000,0.742449,1.000000,0.000000,0,0.000000,129981.000000,1.000000,78379421441.000000,1259833.000000
130000,8,69987,0.600000,1.000000,0.536969,1.000000,0.000000,0,0.000000,129884.000000,1.000000,78379421441.000000,1259833.000000
130000,9,69994,0.600000,1.000000,0.756791,1.000000,0.000000,1,116734.000000,130000.000000,1.000000,78379421441.000000,1259833.000000
130000,10,69993,0.600000,1.000000,0.711908,1.000000,0.000000,0,0.000000,129999.000000,1.000000,78379421441.000000,1259833.000000
130000,11,69992,0.600000,1.000000,0.570692,1.000000,0.000000,0,0.000000,129993.000000,1.000000,78379421441.000000,1259833.000000
130000,12,69992,0.600000,1.000000,0.791532,1.000000,0.000000,0,0.000000,129656.000000,1.000000,78379421441.000000,1259833.000000
130000,13,69986,0.600000,1.000000,0.591610,1.000000,0.000000,0,0.000000,129941.000000,1.000000,78379421441.000000,1259833.000000
130000,14,69990,0.600000,1.000000,0.546013,1.000000,0.000000,0,0.000000,129917.000000,1.000000,78379421441.000000,1259833.000000
130000,15,69991,0.600000,1.000000,0.688844,1.000000,0.000000,0,0.000000,129995.000000,1.000000,78379421441.000000,1259833.000000
131000,0,70519,0.600000,1.000000,0.702642,1.000000,0.000000,0,0.000000,130995.000000,1.000000,79562356792.000000,846200.000000
131000,1,70509,0.600000,1.000000,0.627190,1.000000,0.000000,0,0.000000,130689.000000,1.000000,79562356792.000000,846200.000000
131000,2,70517,0.600000,1.000000,0.670072,1.000000,0.000000,0,0.000000,130830.000000,1.000000,79562356792.000000,846200.000000
131000,3,70520,0.600000,1.000000,0.533660,1.000000,0.000000,0,0.000000,130948.000000,1.000000,79562356792.000000,846200.000000
131000,4,70518,0.600000,1.000000,0.486099,1.000000,0.000000,0,0.000000,130957.000000,1.000000,79562356792.000000,846200.000000
131000,5,70518,0.600000,1.000000,0.628558,1.000000,0.000000,0,0.000000,130954.000000,1.000000,79562356792.000000,846200.000000
131000,6,70519,0.600000,1.000000,0.624051,1.000000,0.000000,0,0.000000,130998.000000,1.000000,79562356792.000000,846200.000000
131000,7,70519,0.600000,1.000000,0.653699,1.000000,0.000000,0,0.000000,130990.000000,1.000000,79562356792.000000,846200.000000
131000,8,70517,0.600000,1.000000,0.605884,1.000000,0.000000,0,0.000000,130978.000000,1.000000,79562356792.000000,846200.000000
131000,9,70519,0.600000,1.000000,0.541552,1.000000,0.000000,0,0.000000,130980.000000,1.000000,79562356792.000000,846200.000000
131000,10,70515,0.600000,1.000000,0.584885,1.000000,0.000000,0,0.000000,130963.000000,1.000000,79562356792.000000,846200.000000
131000,11,70519,0.600000,1.000000,0.555204,1.000000,0.000000,1,117298.000000,131000.000000,1.000000,79562356792.000000,846200.000000
131000,12,70517,0.600000,1.000000,0.560902,1.000000,0.000000,0,0.000000,130985.000000,1.000000,79562356792.000000,846200.000000
131000,13,70518,0.600000,1.000000,0.656475,1.000000,0.000000,0,0.000000,130999.000000,1.000000,79562356792.000000,846200.000000
131000,14,70509,0.600000,1.000000,0.517718,1.000000,0.000000,0,0.000000,130888.000000,1.000000,79562356792.000000,846200.000000
131000,15,70519,0.600000,1.000000,0.617612,1.000000,0.000000,0,0.000000,130920.000000,1.000000,79562356792.000000,846200.000000
132000,0,71066,0.600000,1.000000,0.668780,1.000000,0.000000,0,0.000000,131984.000000,1.000000,80796073050.000000,852730.000000
132000,1,71052,0.600000,1.000000,0.459970,1.000000,0.000000,0,0.000000,131893.000000,1.000000,80796073050.000000,852730.000000
132000,2,71064,0.600000,1.000000,0.545730,1.000000,0.000000,0,0.000000,131812.000000,1.000000,80796073050.000000,852730.000000
132000,3,71064,0.600000,1.000000,0.758006,1.000000,0.000000,0,0.000000,131993.000000,1.000000,80796073050.000000,852730.000000
132000,4,71064,0.600000,1.000000,0.648625,1.000000,0.000000,0,0.000000,131994.000000,1.000000,80796073050.000000,852730.000000
132000,5,71066,0.600000,1.000000,0.603346,1.000000,0.000000,0,0.000000,131959.000000,1.000000,80796073050.000000,852730.000000
132000,6,71066,0.600000,1.000000,0.668688,1.000000,0.000000,0,0.000000,131917.000000,1.000000,80796073050.000000,852730.000000
132000,7,71064,0.600000,1.000000,0.662411,1.000000,0.000000,0,0.000000,131960.000000,1.000000,80796073050.000000,852730.000000
132000,8,71054,0.600000,1.000000,0.525758,1.000000,0.000000,0,0.000000,131867.000000,1.000000,80796073050.000000,852730.000000
132000,9,71060,0.600000,1.000000,0.586778,1.000000,0.000000,0,0.000000,131972.000000,1.000000,80796073050.000000,852730.000000
132000,10,71060,0.600000,1.000000,0.695870,1.000000,0.000000,0,0.000000,131671.000000,1.000000,80796073050.000000,852730.000000
132000,11,71058,0.600000,1.000000,0.565943,1.000000,0.000000,0,0.000000,131943.000000,1.000000,80796073050.000000,852730.000000
132000,12,71060,0.600000,1.000000,0.676713,1.000000,0.000000,0,0.000000,131324.000000,1.000000,80796073050.000000,852730.000000
132000,13,71065,0.600000,1.000000,0.783324,1.000000,0.000000,0,0.000000,131997.000000,1.000000,80796073050.000000,852730.000000
132000,14,71058,0.600000,1.000000,0.607284,1.000000,0.000000,0,0.000000,131911.000000,1.000000,80796073050.000000,852730.000000
132000,15,71065,0.600000,1.000000,0.681559,1.000000,0.000000,1,117330.000000,132000.000000,1.000000,80796073050.000000,852730.000000
133000,0,71608,0.600000,1.000000,0.498350,1.000000,0.000000,0,0.000000,132975.000000,1.000000,82043004376.000000,1575317.000000
133000,1,71610,0.600000,1.000000,0.667478,1.000000,0.000000,0,0.000000,132986.000000,1.000000,82043004376.000000,1575317.000000
133000,2,71609,0.600000,1.000000,0.646506,1.000000,0.000000,0,0.000000,132987.000000,1.000000,82043004376.000000,1575317.000000
133000,3,71609,0.600000,1.000000,0.616738,1.000000,0.000000,0,0.000000,132938.000000,1.000000,82043004376.000000,1575317.000000
133000,4,71607,0.600000,1.000000,0.563790,1.000000,0.000000,0,0.000000,132943.000000,1.000000,82043004376.000000,1575317.000000
133000,5,71610,0.600000,1.000000,0.652998,1.000000,0.000000,0,0.000000,132939.000000,1.000000,82043004376.000000,1575317.000000
133000,6,71610,0.600000,1.000000,0.710980,1.000000,0.000000,0,0.000000,132999.000000,1.000000,82043004376.000000,1575317.000000
133000,7,71610,0.600000,1.000000,0.676154,1.000000,0.000000,0,0.000000,132973.000000,1.000000,82043004376.000000,1575317.000000
133000,8,71600,0.600000,1.000000,0.535792,1.000000,0.000000,0,0.000000,132869.000000,1.000000,82043004376.000000,1575317.000000
133000,9,71610,0.600000,1.000000,0.699327,1.000000,0.000000,1,119355.000000,133000.000000,1.000000,82043004376.000000,1575317.000000
133000,10,71599,0.600000,1.000000,0.574415,1.000000,0.000000,0,0.000000,132817.000000,1.000000,82043004376.000000,1575317.000000
133000,11,71607,0.600000,1.000000,0.578330,1.000000,0.000000,0,0.000000,132956.000000,1.000000,82043004376.000000,1575317.000000
133000,12,71607,0.600000,1.000000,0.634498,1.000000,0.000000,0,0.000000,132991.000000,1.000000,82043004376.000000,1575317.000000
133000,13,71610,0.600000,1.000000,0.732799,1.000000,0.000000,0,0.000000,132985.000000,1.000000,82043004376.000000,1575317.000000
133000,14,71611,0.600000,1.000000,0.698746,1.000000,0.000000,0,0.000000,132995.000000,1.000000,82043004376.000000,1575317.000000
133000,15,71609,0.600000,1.000000,0.765063,1.000000,0.000000,0,0.000000,132994.000000,1.000000,82043004376.000000,1575317.000000
134000,0,72150,0.600000,1.000000,0.800830,1.000000,0.000000,1,119552.000000,134000.000000,1.000000,83280003713.000000,721465.000000
134000,1,72148,0.600000,1.000000,0.760198,1.000000,0.000000,0,0.000000,133996.000000,1.000000,83280003713.000000,721465.000000
134000,2,72144,0.600000,1.000000,0.664228,1.000000,0.000000,0,0.000000,133954.000000,1.000000,83280003713.000000,721465.000000
134000,3,72149,0.600000,1.000000,0.802379,1.000000,0.000000,0,0.000000,133987.000000,1.000000,83280003713.000000,721465.000000
134000,4,72144,0.600000,1.000000,0.585781,1.000000,0.000000,0,0.000000,133975.000000,1.000000,83280003713.000000,721465.000000
134000,5,72147,0.600000,1.000000,0.728374,1.000000,0.000000,0,0.000000,133993.000000,1.000000,83280003713.000000,721465.000000
134000,6,72148,0.600000,1.000000,0.689994,1.000000,0.000000,0,0.000000,133964.000000,1.000000,83280003713.000000,721465.000000
134000,7,72149,0.600000,1.000000,0.662053,1.000000,0.000000,0,0.000000,133980.000000,1.000000,83280003713.000000,721465.000000
134000,8,72142,0.600000,1.000000,0.565779,1.000000,0.000000,0,0.000000,133893.000000,1.000000,83280003713.000000,721465.000000
134000,9,72144,0.600000,1.000000,0.533082,1.000000,0.000000,0,0.000000,133914.000000,1.000000,83280003713.000000,721465.000000
134000,10,72140,0.600000,1.000000,0.609473,1.000000,0.000000,0,0.000000,133903.000000,1.000000,83280003713.000000,721465.000000
134000,11,72147,0.600000,1.000000,0.727872,1.000000,0.000000,0,0.000000,133997.000000,1.000000,83280003713.000000,721465.000000
134000,12,72145,0.600000,1.000000,0.645346,1.000000,0.000000,0,0.000000,133971.000000,1.000000,83280003713.000000,721465.000000
134000,13,72144,0.600000,1.000000,0.614458,1.000000,0.000000,0,0.000000,133979.000000,1.000000,83280003713.000000,721465.000000
134000,14,72146,0.600000,1.000000,0.641656,1.000000,0.000000,0,0.000000,133992.000000,1.000000,83280003713.000000,721465.000000
134000,15,72144,0.600000,1.000000,0.609649,1.000000,0.000000,0,0.000000,133966.000000,1.000000,83280003713.000000,721465.000000
135000,0,72686,0.600000,1.000000,0.768277,1.000000,0.000000,0,0.000000,134997.000000,1.000000,84529020889.000000,1308307.000000
135000,1,72684,0.600000,1.000000,0.617652,1.000000,0.000000,0,0.000000,134978.000000,1.000000,84529020889.000000,1308307.000000
135000,2,72676,0.600000,1.000000,0.696921,1.000000,0.000000,0,0.000000,134771.000000,1.000000,84529020889.000000,1308307.000000
135000,3,72688,0.600000,1.000000,0.705507,1.000000,0.000000,1,121475.000000,135000.000000,1.000000,84529020889.000000,1308307.000000
135000,4,72687,0.600000,1.000000,0.707705,1.000000,0.000000,0,0.000000,134981.000000,1.000000,84529020889.000000,1308307.000000
135000,5,72685,0.600000,1.000000,0.696259,1.000000,0.000000,0,0.000000,134994.000000,1.000000,84529020889.000000,1308307.000000
135000,6,72688,0.600000,1.000000,0.761221,1.000000,0.000000,0,0.000000,134985.000000,1.000000,84529020889.000000,1308307.000000
135000,7,72688,0.600000,1.000000,0.837127,1.000000,0.000000,0,0.000000,134998.000000,1.000000,84529020889.000000,1308307.000000
135000,8,72686,0.600000,1.000000,0.813628,1.000000,0.000000,0,0.000000,134995.000000,1.000000,84529020889.000000,1308307.000000
135000,9,72685,0.600000,1.000000,0.720055,1.000000,0.000000,0,0.000000,134982.000000,1.000000,84529020889.000000,1308307.000000
135000,10,72684,0.600000,1.000000,0.728599,1.000000,0.000000,0,0.000000,134550.000000,1.000000,84529020889.000000,1308307.000000
135000,11,72684,0.600000,1.000000,0.762739,1.000000,0.000000,0,0.000000,134961.000000,1.000000,84529020889.000000,1308307.000000
135000,12,72683,0.600000,1.000000,0.746947,1.000000,0.000000,0,0.000000,134924.000000,1.000000,84529020889.000000,1308307.000000
135000,13,72684,0.600000,1.000000,0.788283,1.000000,0.000000,0,0.000000,134940.000000,1.000000,84529020889.000000,1308307.000000
135000,14,72686,0.600000,1.000000,0.584623,1.000000,0.000000,0,0.000000,134555.000000,1.000000,84529020889.000000,1308307.000000
135000,15,72681,0.600000,1.000000,0.525979,1.000000,0.000000,0,0.000000,134934.000000,1.000000,84529020889.000000,1308307.000000
136000,0,73224,0.600000,1.000000,0.611679,1.000000,0.000000,0,0.000000,135981.000000,1.000000,85787627799.000000,1610925.000000
136000,1,73224,0.600000,1.000000,0.684990,1.000000,0.000000,0,0.000000,135986.000000,1.000000,85787627799.000000,1610925.000000
136000,2,73223,0.600000,1.000000,0.497415,1.000000,0.000000,0,0.000000,135970.000000,1.000000,85787627799.000000,1610925.000000
136000,3,73219,0.600000,1.000000,0.647585,1.000000,0.000000,0,0.000000,135718.000000,1.000000,85787627799.000000,1610925.000000
136000,4,73227,0.600000,1.000000,0.780348,1.000000,0.000000,0,0.000000,135923.000000,1.000000,85787627799.000000,1610925.000000
136000,5,73226,0.600000,1.000000,0.582262,1.000000,0.000000,0,0.000000,135987.000000,1.000000,85787627799.000000,1610925.000000
136000,6,73228,0.600000,1.000000,0.541983,1.000000,0.000000,0,0.000000,135950.000000,1.000000,85787627799.000000,1610925.000000
136000,7,73213,0.600000,1.000000,0.504775,1.000000,0.000000,0,0.000000,135888.000000,1.000000,85787627799.000000,1610925.000000
136000,8,73222,0.600000,1.000000,0.551695,1.000000,0.000000,0,0.000000,135964.000000,1.000000,85787627799.000000,1610925.000000
136000,9,73228,0.600000,1.000000,0.668796,1.000000,0.000000,0,0.000000,135996.000000,1.000000,85787627799.000000,1610925.000000
136000,10,73226,0.600000,1.000000,0.683182,1.000000,0.000000,0,0.000000,135994.000000,1.000000,85787627799.000000,1610925.000000
136000,11,73221,0.600000,1.000000,0.690215,1.000000,0.000000,0,0.000000,135807.000000,1.000000,85787627799.000000,1610925.000000
136000,12,73216,0.600000,1.000000,0.679573,1.000000,0.000000,0,0.000000,135805.000000,1.000000,85787627799.000000,1610925.000000
136000,13,73226,0.600000,1.000000,0.772601,1.000000,0.000000,0,0.000000,135997.000000,1.000000,85787627799.000000,1610925.000000
136000,14,73229,0.600000,1.000000,0.748441,1.000000,0.000000,0,0.000000,135999.000000,1.000000,85787627799.000000,1610925.000000
136000,15,73229,0.600000,1.000000,0.746489,1.000000,0.000000,1,120928.000000,136000.000000,1.000000,85787627799.000000,1610925.000000
137000,0,73754,0.600000,1.000000,0.594026,1.000000,0.000000,0,0.000000,136903.000000,1.000000,87025590398.000000,1180030.000000
137000,1,73735,0.600000,1.000000,0.559834,1.000000,0.000000,0,0.000000,136885.000000,1.000000,87025590398.000000,1180030.000000
137000,2,73752,0.600000,1.000000,0.632006,1.000000,0.000000,0,0.000000,136986.000000,1.000000,87025590398.000000,1180030.000000
137000,3,73753,0.600000,1.000000,0.682987,1.000000,0.000000,0,0.000000,136974.000000,1.000000,87025590398.000000,1180030.000000
137000,4,73746,0.600000,1.000000,0.553326,1.000000,0.000000,0,0.000000,136976.000000,1.000000,87025590398.000000,1180030.000000
137000,5,73748,0.600000,1.000000,0.670823,1.000000,0.000000,0,0.000000,136475.000000,1.000000,87025590398.000000,1180030.000000
137000,6,73752,0.600000,1.000000,0.630366,1.000000,0.000000,0,0.000000,136920.000000,1.000000,87025590398.000000,1180030.000000
137000,7,73753,0.600000,1.000000,0.758599,1.000000,0.000000,0,0.000000,136988.000000,1.000000,87025590398.000000,1180030.000000
137000,8,73744,0.600000,1.000000,0.615761,1.000000,0.000000,0,0.000000,136695.000000,1.000000,87025590398.000000,1180030.000000
137000,9,73751,0.600000,1.000000,0.605790,1.000000,0.000000,0,0.000000,136990.000000,1.000000,87025590398.000000,1180030.000000
137000,10,73755,0.600000,1.000000,0.697611,1.000000,0.000000,0,0.000000,136998.000000,1.000000,87025590398.000000,1180030.000000
137000,11,73753,0.600000,1.000000,0.748218,1.000000,0.000000,0,0.000000,136934.000000,1.000000,87025590398.000000,1180030.000000
137000,12,73752,0.600000,1.000000,0.625903,1.000000,0.000000,0,0.000000,136977.000000,1.000000,87025590398.000000,1180030.000000
137000,13,73754,0.600000,1.000000,0.805376,1.000000,0.000000,1,123032.000000,137000.000000,1.000000,87025590398.000000,1180030.000000
137000,14,73748,0.600000,1.000000,0.599197,1.000000,0.000000,0,0.000000,136987.000000,1.000000,87025590398.000000,1180030.000000
137000,15,73754,0.600000,1.000000,0.681392,1.000000,0.000000,0,0.000000,136992.000000,1.000000,87025590398.000000,1180030.000000
138000,0,74298,0.600000,1.000000,0.691096,1.000000,0.000000,0,0.000000,137972.000000,1.000000,88319964485.000000,445771.000000
138000,1,74294,0.600000,1.000000,0.646407,1.000000,0.000000,0,0.000000,137905.000000,1.000000,88319964485.000000,445771.000000
138000,2,74300,0.600000,1.000000,0.662175,1.000000,0.000000,1,123398.000000,138000.000000,1.000000,88319964485.000000,445771.000000
138000,3,74299,0.600000,1.000000,0.811007,1.000000,0.000000,0,0.000000,137997.000000,1.000000,88319964485.000000,445771.000000
138000,4,74297,0.600000,1.000000,0.573464,1.000000,0.000000,0,0.000000,137753.000000,1.000000,88319964485.000000,445771.000000
138000,5,74295,0.600000,1.000000,0.656777,1.000000,0.000000,0,0.000000,137982.000000,1.000000,88319964485.000000,445771.000000
138000,6,74297,0.600000,1.000000,0.670762,1.000000,0.000000,0,0.000000,137931.000000,1.000000,88319964485.000000,445771.000000
138000,7,74290,0.600000,1.000000,0.552890,1.000000,0.000000,0,0.000000,137888.000000,1.000000,88319964485.000000,445771.000000
138000,8,74298,0.600000,1.000000,0.603999,1.000000,0.000000,0,0.000000,137934.000000,1.000000,88319964485.000000,445771.000000
138000,9,74295,0.600000,1.000000,0.696381,1.000000,0.000000,0,0.000000,137957.000000,1.000000,88319964485.000000,445771.000000
138000,10,74297,0.600000,1.000000,0.496306,1.000000,0.000000,0,0.000000,137951.000000,1.000000,88319964485.000000,445771.000000
138000,11,74299,0.600000,1.000000,0.702141,1.000000,0.000000,0,0.000000,137999.000000,1.000000,88319964485.000000,445771.000000
138000,12,74295,0.600000,1.000000,0.679516,1.000000,0.000000,0,0.000000,137968.000000,1.000000,88319964485.000000,445771.000000
138000,13,74299,0.600000,1.000000,0.624701,1.000000,0.000000,0,0.000000,137979.000000,1.000000,88319964485.000000,445771.000000
138000,14,74294,0.600000,1.000000,0.682689,1.000000,0.000000,0,0.000000,137381.000000,1.000000,88319964485.000000,445771.000000
138000,15,74300,0.600000,1.000000,0.716374,1.000000,0.000000,0,0.000000,137986.000000,1.000000,88319964485.000000,445771.000000
139000,0,74834,0.600000,1.000000,0.585623,1.000000,0.000000,0,0.000000,138997.000000,1.000000,89592762134.000000,1047619.000000
139000,1,74814,0.600000,1.000000,0.661865,1.000000,0.000000,0,0.000000,138560.000000,1.000000,89592762134.000000,1047619.000000
139000,2,74834,0.600000,1.000000,0.836285,1.000000,0.000000,0,0.000000,138999.000000,1.000000,89592762134.000000,1047619.000000
139000,3,74827,0.600000,1.000000,0.555742,1.000000,0.000000,0,0.000000,138941.000000,1.000000,89592762134.000000,1047619.000000
139000,4,74831,0.600000,1.000000,0.677227,1.000000,0.000000,0,0.000000,138768.000000,1.000000,89592762134.000000,1047619.000000
139000,5,74832,0.600000,1.000000,0.570666,1.000000,0.000000,0,0.000000,138976.000000,1.000000,89592762134.000000,1047619.000000
139000,6,74827,0.600000,1.000000,0.665435,1.000000,0.000000,0,0.000000,138634.000000,1.000000,89592762134.000000,1047619.000000
139000,7,74829,0.600000,1.000000,0.685139,1.000000,0.000000,0,0.000000,138939.000000,1.000000,89592762134.000000,1047619.000000
139000,8,74833,0.600000,1.000000,0.739259,1.000000,0.000000,0,0.000000,138995.000000,1.000000,89592762134.000000,1047619.000000
139000,9,74829,0.600000,1.000000,0.575883,1.000000,0.000000,0,0.000000,138985.000000,1.000000,89592762134.000000,1047619.000000
139000,10,74825,0.600000,1.000000,0.729196,1.000000,0.000000,0,0.000000,138746.000000,1.000000,89592762134.000000,1047619.000000
139000,11,74834,0.600000,1.000000,0.783369,1.000000,0.000000,1,124272.000000,139000.000000,1.000000,89592762134.000000,1047619.000000
139000,12,74835,0.600000,1.000000,0.725646,1.000000,0.000000,0,0.000000,138989.000000,1.000000,89592762134.000000,1047619.000000
139000,13,74831,0.600000,1.000000,0.594027,1.000000,0.000000,0,0.000000,138973.000000,1.000000,89592762134.000000,1047619.000000
139000,14,74834,0.600000,1.000000,0.603194,1.000000,0.000000,0,0.000000,138993.000000,1.000000,89592762134.000000,1047619.000000
139000,15,74833,0.600000,1.000000,0.557033,1.000000,0.000000,0,0.000000,138964.000000,1.000000,89592762134.000000,1047619.000000
140000,0,75372,0.600000,1.000000,0.701010,1.000000,0.000000,0,0.000000,139998.000000,1.000000,90886874464.000000,1205912.000000
140000,1,75360,0.600000,1.000000,0.644112,1.000000,0.000000,0,0.000000,139859.000000,1.000000,90886874464.000000,1205912.000000
140000,2,75372,0.600000,1.000000,0.558453,1.000000,0.000000,0,0.000000,139985.000000,1.000000,90886874464.000000,1205912.000000
140000,3,75370,0.600000,1.000000,0.587031,1.000000,0.000000,0,0.000000,139885.000000,1.000000,90886874464.000000,1205912.000000
140000,4,75369,0.600000,1.000000,0.599741,1.000000,0.000000,0,0.000000,139909.000000,1.000000,90886874464.000000,1205912.000000
140000,5,75373,0.600000,1.000000,0.699631,1.000000,0.000000,0,0.000000,139999.000000,1.000000,90886874464.000000,1205912.000000
140000,6,75373,0.600000,1.000000,0.658945,1.000000,0.000000,0,0.000000,139994.000000,1.000000,90886874464.000000,1205912.000000
140000,7,75372,0.600000,1.000000,0.577784,1.000000,0.000000,0,0.000000,139958.000000,1.000000,90886874464.000000,1205912.000000
140000,8,75372,0.600000,1.000000,0.764513,1.000000,0.000000,1,125064.000000,140000.000000,1.000000,90886874464.000000,1205912.000000
140000,9,75366,0.600000,1.000000,0.443387,1.000000,0.000000,0,0.000000,139920.000000,1.000000,90886874464.000000,1205912.000000
140000,10,75365,0.600000,1.000000,0.613632,1.000000,0.000000,0,0.000000,139915.000000,1.000000,90886874464.000000,1205912.000000
140000,11,75372,0.600000,1.000000,0.670703,1.000000,0.000000,0,0.000000,139997.000000,1.000000,90886874464.000000,1205912.000000
140000,12,75360,0.600000,1.000000,0.676022,1.000000,0.000000,0,0.000000,139415.000000,1.000000,90886874464.000000,1205912.000000
140000,13,75362,0.600000,1.000000,0.733317,1.000000,0.000000,0,0.000000,139800.000000,1.000000,90886874464.000000,1205912.000000
140000,14,75370,0.600000,1.000000,0.643396,1.000000,0.000000,0,0.000000,139862.000000,1.000000,90886874464.000000,1205912.000000
140000,15,75370,0.600000,1.000000,0.635094,1.000000,0.000000,0,0.000000,139979.000000,1.000000,90886874464.000000,1205912.000000
141000,0,75910,0.600000,1.000000,0.623857,1.000000,0.000000,0,0.000000,140971.000000,1.000000,92203929914.000000,1214610.000000
141000,1,75914,0.600000,1.000000,0.639146,1.000000,0.000000,0,0.000000,140987.000000,1.000000,92203929914.000000,1214610.000000
141000,2,75913,0.600000,1.000000,0.757764,1.000000,0.000000,0,0.000000,140997.000000,1.000000,92203929914.000000,1214610.000000
141000,3,75914,0.600000,1.000000,0.639506,1.000000,0.000000,0,0.000000,140992.000000,1.000000,92203929914.000000,1214610.000000
141000,4,75915,0.600000,1.000000,0.629328,1.000000,0.000000,0,0.000000,140995.000000,1.000000,92203929914.000000,1214610.000000
141000,5,75905,0.600000,1.000000,0.591265,1.000000,0.000000,0,0.000000,140910.000000,1.000000,92203929914.000000,1214610.000000
141000,6,75913,0.600000,1.000000,0.623814,1.000000,0.000000,0,0.000000,140979.000000,1.000000,92203929914.000000,1214610.000000
141000,7,75915,0.600000,1.000000,0.642742,1.000000,0.000000,0,0.000000,140947.000000,1.000000,92203929914.000000,1214610.000000
141000,8,75915,0.600000,1.000000,0.801255,1.000000,0.000000,1,125922.000000,141000.000000,1.000000,92203929914.000000,1214610.000000
141000,9,75913,0.600000,1.000000,0.656982,1.000000,0.000000,0,0.000000,140882.000000,1.000000,92203929914.000000,1214610.000000
141000,10,75914,0.600000,1.000000,0.567276,1.000000,0.000000,0,0.000000,140996.000000,1.000000,92203929914.000000,1214610.000000
141000,11,75913,0.600000,1.000000,0.724453,1.000000,0.000000,0,0.000000,140905.000000,1.000000,92203929914.000000,1214610.000000
141000,12,75916,0.600000,1.000000,0.636823,1.000000,0.000000,0,0.000000,140985.000000,1.000000,92203929914.000000,1214610.000000
141000,13,75912,0.600000,1.000000,0.572705,1.000000,0.000000,0,0.000000,140984.000000,1.000000,92203929914.000000,1214610.000000
141000,14,75913,0.600000,1.000000,0.606368,1.000000,0.000000,0,0.000000,140942.000000,1.000000,92203929914.000000,1214610.000000
141000,15,75909,0.600000,1.000000,0.684286,1.000000,0.000000,0,0.000000,140873.000000,1.000000,92203929914.000000,1214610.000000
142000,0,76456,0.600000,1.000000,0.666154,1.000000,0.000000,0,0.000000,141983.000000,1.000000,93521285388.000000,1834890.000000
142000,1,76458,0.600000,1.000000,0.651883,1.000000,0.000000,0,0.000000,141994.000000,1.000000,93521285388.000000,1834890.000000
142000,2,76451,0.600000,1.000000,0.652982,1.000000,0.000000,0,0.000000,141962.000000,1.000000,93521285388.000000,1834890.000000
142000,3,76450,0.600000,1.000000,0.631577,1.000000,0.000000,0,0.000000,141872.000000,1.000000,93521285388.000000,1834890.000000
142000,4,76456,0.600000,1.000000,0.619132,1.000000,0.000000,0,0.000000,141972.000000,1.000000,93521285388.000000,1834890.000000
142000,5,76447,0.600000,1.000000,0.547044,1.000000,0.000000,0,0.000000,141773.000000,1.000000,93521285388.000000,1834890.000000
142000,6,76449,0.600000,1.000000,0.613494,1.000000,0.000000,0,0.000000,141842.000000,1.000000,93521285388.000000,1834890.000000
142000,7,76457,0.600000,1.000000,0.754168,1.000000,0.000000,0,0.000000,141999.000000,1.000000,93521285388.000000,1834890.000000
142000,8,76445,0.600000,1.000000,0.594599,1.000000,0.000000,0,0.000000,141755.000000,1.000000,93521285388.000000,1834890.000000
142000,9,76454,0.600000,1.000000,0.573383,1.000000,0.000000,0,0.000000,141966.000000,1.000000,93521285388.000000,1834890.000000
142000,10,76450,0.600000,1.000000,0.685332,1.000000,0.000000,0,0.000000,141667.000000,1.000000,93521285388.000000,1834890.000000
142000,11,76457,0.600000,1.000000,0.673141,1.000000,0.000000,1,126936.000000,142000.000000,1.000000,93521285388.000000,1834890.000000
142000,12,76455,0.600000,1.000000,0.679499,1.000000,0.000000,0,0.000000,141960.000000,1.000000,93521285388.000000,1834890.000000
142000,13,76455,0.600000,1.000000,0.734961,1.000000,0.000000,0,0.000000,141995.000000,1.000000,93521285388.000000,1834890.000000
142000,14,76454,0.600000,1.000000,0.605002,1.000000,0.000000,0,0.000000,141963.000000,1.000000,93521285388.000000,1834890.000000
142000,15,76456,0.600000,1.000000,0.674963,1.000000,0.000000,0,0.000000,141993.000000,1.000000,93521285388.000000,1834890.000000
143000,0,76990,0.600000,1.000000,0.633855,1.000000,0.000000,0,0.000000,142988.000000,1.000000,94835204371.000000,307956.000000
143000,1,76992,0.600000,1.000000,0.839906,1.000000,0.000000,0,0.000000,142997.000000,1.000000,94835204371.000000,307956.000000
143000,2,76993,0.600000,1.000000,0.702561,1.000000,0.000000,1,127962.000000,143000.000000,1.000000,94835204371.000000,307956.000000
143000,3,76985,0.600000,1.000000,0.658249,1.000000,0.000000,0,0.000000,142973.000000,1.000000,94835204371.000000,307956.000000
143000,4,76992,0.600000,1.000000,0.654582,1.000000,0.000000,0,0.000000,142938.000000,1.000000,94835204371.000000,307956.000000
143000,5,76980,0.600000,1.000000,0.556036,1.000000,0.000000,0,0.000000,142904.000000,1.000000,94835204371.000000,307956.000000
143000,6,76987,0.600000,1.000000,0.704219,1.000000,0.000000,0,0.000000,142966.000000,1.000000,94835204371.000000,307956.000000
143000,7,76986,0.600000,1.000000,0.602515,1.000000,0.000000,0,0.000000,142920.000000,1.000000,94835204371.000000,307956.000000
143000,8,76989,0.600000,1.000000,0.602424,1.000000,0.000000,0,0.000000,142957.000000,1.000000,94835204371.000000,307956.000000
143000,9,76991,0.600000,1.000000,0.746308,1.000000,0.000000,0,0.000000,142987.000000,1.000000,94835204371.000000,307956.000000
143000,10,76987,0.600000,1.000000,0.568969,1.000000,0.000000,0,0.000000,142833.000000,1.000000,94835204371.000000,307956.000000
143000,11,76986,0.600000,1.000000,0.664514,1.000000,0.000000,0,0.000000,142986.000000,1.000000,94835204371.000000,307956.000000
143000,12,76992,0.600000,1.000000,0.633665,1.000000,0.000000,0,0.000000,142993.000000,1.000000,94835204371.000000,307956.000000
143000,13,76991,0.600000,1.000000,0.849516,1.000000,0.000000,0,0.000000,142996.000000,1.000000,94835204371.000000,307956.000000
143000,14,76986,0.600000,1.000000,0.706161,1.000000,0.000000,0,0.000000,142819.000000,1.000000,94835204371.000000,307956.000000
143000,15,76986,0.600000,1.000000,0.679607,1.000000,0.000000,0,0.000000,142964.000000,1.000000,94835204371.000000,307956.000000
144000,0,77519,0.600000,1.000000,0.811707,1.000000,0.000000,0,0.000000,143996.000000,1.000000,96135188463.000000,1085185.000000
144000,1,77512,0.600000,1.000000,0.589560,1.000000,0.000000,0,0.000000,143975.000000,1.000000,96135188463.000000,1085185.000000
144000,2,77514,0.600000,1.000000,0.727628,1.000000,0.000000,0,0.000000,143990.000000,1.000000,96135188463.000000,1085185.000000
144000,3,77507,0.600000,1.000000,0.584693,1.000000,0.000000,0,0.000000,143900.000000,1.000000,96135188463.000000,1085185.000000
144000,4,77516,0.600000,1.000000,0.726855,1.000000,0.000000,0,0.000000,143935.000000,1.000000,96135188463.000000,1085185.000000
144000,5,77516,0.600000,1.000000,0.710659,1.000000,0.000000,0,0.000000,143916.000000,1.000000,96135188463.000000,1085185.000000
144000,6,77520,0.600000,1.000000,0.719591,1.000000,0.000000,1,129213.000000,144000.000000,1.000000,96135188463.000000,1085185.000000
144000,7,77515,0.600000,1.000000,0.569799,1.000000,0.000000,0,0.000000,143983.000000,1.000000,96135188463.000000,1085185.000000
144000,8,77511,0.600000,1.000000,0.656033,1.000000,0.000000,0,0.000000,143915.000000,1.000000,96135188463.000000,1085185.000000
144000,9,77511,0.600000,1.000000,0.558697,1.000000,0.000000,0,0.000000,143942.000000,1.000000,96135188463.000000,1085185.000000
144000,10,77508,0.600000,1.000000,0.679713,1.000000,0.000000,0,0.000000,143806.000000,1.000000,96135188463.000000,1085185.000000
144000,11,77516,0.600000,1.000000,0.633194,1.000000,0.000000,0,0.000000,143973.000000,1.000000,96135188463.000000,1085185.000000
144000,12,77513,0.600000,1.000000,0.558515,1.000000,0.000000,0,0.000000,143968.000000,1.000000,96135188463.000000,1085185.000000
144000,13,77518,0.600000,1.000000,0.646341,1.000000,0.000000,0,0.000000,143976.000000,1.000000,96135188463.000000,1085185.000000
144000,14,77520,0.600000,1.000000,0.739741,1.000000,0.000000,0,0.000000,143999.000000,1.000000,96135188463.000000,1085185.000000
144000,15,77511,0.600000,1.000000,0.593254,1.000000,0.000000,0,0.000000,143982.000000,1.000000,96135188463.000000,1085185.000000
145000,0,78053,0.600000,1.000000,0.702709,1.000000,0.000000,1,129202.000000,145000.000000,1.000000,97464625485.000000,1873138.000000
145000,1,78045,0.600000,1.000000,0.568859,1.000000,0.000000,0,0.000000,144926.000000,1.000000,97464625485.000000,1873138.000000
145000,2,78048,0.600000,1.000000,0.599683,1.000000,0.000000,0,0.000000,144714.000000,1.000000,97464625485.000000,1873138.000000
145000,3,78047,0.600000,1.000000,0.529252,1.000000,0.000000,0,0.000000,144951.000000,1.000000,97464625485.000000,1873138.000000
145000,4,78050,0.600000,1.000000,0.633665,1.000000,0.000000,0,0.000000,144953.000000,1.000000,97464625485.000000,1873138.000000
145000,5,78047,0.600000,1.000000,0.625123,1.000000,0.000000,0,0.000000,144981.000000,1.000000,97464625485.000000,1873138.000000
145000,6,78051,0.600000,1.000000,0.600026,1.000000,0.000000,0,0.000000,144974.000000,1.000000,97464625485.000000,1873138.000000
145000,7,78048,0.600000,1.000000,0.673610,1.000000,0.000000,0,0.000000,144986.000000,1.000000,97464625485.000000,1873138.000000
145000,8,78046,0.600000,1.000000,0.497650,1.000000,0.000000,0,0.000000,144969.000000,1.000000,97464625485.000000,1873138.000000
145000,9,78048,0.600000,1.000000,0.687716,1.000000,0.000000,0,0.000000,144992.000000,1.000000,97464625485.000000,1873138.000000
145000,10,78050,0.600000,1.000000,0.594024,1.000000,0.000000,0,0.000000,144697.000000,1.000000,97464625485.000000,1873138.000000
145000,11,78051,0.600000,1.000000,0.773696,1.000000,0.000000,0,0.000000,144991.000000,1.000000,97464625485.000000,1873138.000000
145000,12,78053,0.600000,1.000000,0.765162,1.000000,0.000000,0,0.000000,144999.000000,1.000000,97464625485.000000,1873138.000000
145000,13,78048,0.600000,1.000000,0.607966,1.000000,0.000000,0,0.000000,144987.000000,1.000000,97464625485.000000,1873138.000000
145000,14,78047,0.600000,1.000000,0.748904,1.000000,0.000000,0,0.000000,144895.000000,1.000000,97464625485.000000,1873138.000000
145000,15,78041,0.600000,1.000000,0.614171,1.000000,0.000000,0,0.000000,144911.000000,1.000000,97464625485.000000,1873138.000000
146000,0,78593,0.600000,1.000000,0.673927,1.000000,0.000000,0,0.000000,145988.000000,1.000000,98825825209.000000,1257448.000000
146000,1,78593,0.600000,1.000000,0.706109,1.000000,0.000000,0,0.000000,145968.000000,1.000000,98825825209.000000,1257448.000000
146000,2,78595,0.600000,1.000000,0.751705,1.000000,0.000000,0,0.000000,145992.000000,1.000000,98825825209.000000,1257448.000000
146000,3,78594,0.600000,1.000000,0.600952,1.000000,0.000000,0,0.000000,145982.000000,1.000000,98825825209.000000,1257448.000000
146000,4,78590,0.600000,1.000000,0.626582,1.000000,0.000000,0,0.000000,145933.000000,1.000000,98825825209.000000,1257448.000000
146000,5,78594,0.600000,1.000000,0.686317,1.000000,0.000000,0,0.000000,145957.000000,1.000000,98825825209.000000,1257448.000000
146000,6,78594,0.600000,1.000000,0.691419,1.000000,0.000000,0,0.000000,145955.000000,1.000000,98825825209.000000,1257448.000000
146000,7,78592,0.600000,1.000000,0.623337,1.000000,0.000000,0,0.000000,145953.000000,1.000000,98825825209.000000,1257448.000000
146000,8,78591,0.600000,1.000000,0.604749,1.000000,0.000000,0,0.000000,145958.000000,1.000000,98825825209.000000,1257448.000000
146000,9,78581,0.600000,1.000000,0.596330,1.000000,0.000000,0,0.000000,145898.000000,1.000000,98825825209.000000,1257448.000000
146000,10,78596,0.600000,1.000000,0.771661,1.000000,0.000000,1,131561.000000,146000.000000,1.000000,98825825209.000000,1257448.000000
146000,11,78576,0.600000,1.000000,0.682059,1.000000,0.000000,0,0.000000,145699.000000,1.000000,98825825209.000000,1257448.000000
146000,12,78592,0.600000,1.000000,0.635693,1.000000,0.000000,0,0.000000,145979.000000,1.000000,98825825209.000000,1257448.000000
146000,13,78596,0.600000,1.000000,0.700736,1.000000,0.000000,0,0.000000,145999.000000,1.000000,98825825209.000000,1257448.000000
146000,14,78592,0.600000,1.000000,0.707903,1.000000,0.000000,0,0.000000,145989.000000,1.000000,98825825209.000000,1257448.000000
146000,15,78594,0.600000,1.000000,0.708967,1.000000,0.000000,0,0.000000,145991.000000,1.000000,98825825209.000000,1257448.000000
147000,0,79136,0.600000,1.000000,0.739791,1.000000,0.000000,0,0.000000,146996.000000,1.000000,100197096891.000000,791327.000000
147000,1,79137,0.600000,1.000000,0.726160,1.000000,0.000000,1,131407.000000,147000.000000,1.000000,100197096891.000000,791327.000000
147000,2,79138,0.600000,1.000000,0.639286,1.000000,0.000000,0,0.000000,146990.000000,1.000000,100197096891.000000,791327.000000
147000,3,79138,0.600000,1.000000,0.653373,1.000000,0.000000,0,0.000000,146986.000000,1.000000,100197096891.000000,791327.000000
147000,4,79136,0.600000,1.000000,0.624532,1.000000,0.000000,0,0.000000,146987.000000,1.000000,100197096891.000000,791327.000000
147000,5,79137,0.600000,1.000000,0.744414,1.000000,0.000000,0,0.000000,146899.000000,1.000000,100197096891.000000,791327.000000
147000,6,79135,0.600000,1.000000,0.689953,1.000000,0.000000,0,0.000000,146959.000000,1.000000,100197096891.000000,791327.000000
147000,7,79132,0.600000,1.000000,0.560446,1.000000,0.000000,0,0.000000,146775.000000,1.000000,100197096891.000000,791327.000000
147000,8,79129,0.600000,1.000000,0.615190,1.000000,0.000000,0,0.000000,146944.000000,1.000000,100197096891.000000,791327.000000
147000,9,79133,0.600000,1.000000,0.688213,1.000000,0.000000,0,0.000000,146937.000000,1.000000,100197096891.000000,791327.000000
147000,10,79137,0.600000,1.000000,0.638342,1.000000,0.000000,0,0.000000,146993.000000,1.000000,100197096891.000000,791327.000000
147000,11,79134,0.600000,1.000000,0.618939,1.000000,0.000000,0,0.000000,146925.000000,1.000000,100197096891.000000,791327.000000
147000,12,79134,0.600000,1.000000,0.752385,1.000000,0.000000,0,0.000000,146922.000000,1.000000,100197096891.000000,791327.000000
147000,13,79134,0.600000,1.000000,0.527585,1.000000,0.000000,0,0.000000,146938.000000,1.000000,100197096891.000000,791327.000000
147000,14,79131,0.600000,1.000000,0.606076,1.000000,0.000000,0,0.000000,146845.000000,1.000000,100197096891.000000,791327.000000
147000,15,79136,0.600000,1.000000,0.581746,1.000000,0.000000,0,0.000000,146970.000000,1.000000,100197096891.000000,791327.000000
148000,0,79680,0.600000,1.000000,0.723418,1.000000,0.000000,1,131894.000000,148000.000000,1.000000,101570327682.000000,1274812.000000
148000,1,79675,0.600000,1.000000,0.600282,1.000000,0.000000,0,0.000000,147983.000000,1.000000,101570327682.000000,1274812.000000
148000,2,79679,0.600000,1.000000,0.710334,1.000000,0.000000,0,0.000000,147984.000000,1.000000,101570327682.000000,1274812.000000
148000,3,79679,0.600000,1.000000,0.719262,1.000000,0.000000,0,0.000000,147990.000000,1.000000,101570327682.000000,1274812.000000
148000,4,79666,0.600000,1.000000,0.547168,1.000000,0.000000,0,0.000000,147706.000000,1.000000,101570327682.000000,1274812.000000
148000,5,79672,0.600000,1.000000,0.549129,1.000000,0.000000,0,0.000000,147939.000000,1.000000,101570327682.000000,1274812.000000
148000,6,79679,0.600000,1.000000,0.669565,1.000000,0.000000,0,0.000000,147996.000000,1.000000,101570327682.000000,1274812.000000
148000,7,79679,0.600000,1.000000,0.641955,1.000000,0.000000,0,0.000000,147998.000000,1.000000,101570327682.000000,1274812.000000
148000,8,79671,0.600000,1.000000,0.688073,1.000000,0.000000,0,0.000000,147565.000000,1.000000,101570327682.000000,1274812.000000
148000,9,79673,0.600000,1.000000,0.610278,1.000000,0.000000,0,0.000000,147980.000000,1.000000,101570327682.000000,1274812.000000
148000,10,79668,0.600000,1.000000,0.595824,1.000000,0.000000,0,0.000000,147804.000000,1.000000,101570327682.000000,1274812.000000
148000,11,79677,0.600000,1.000000,0.659703,1.000000,0.000000,0,0.000000,147956.000000,1.000000,101570327682.000000,1274812.000000
148000,12,79675,0.600000,1.000000,0.535298,1.000000,0.000000,0,0.000000,147901.000000,1.000000,101570327682.000000,1274812.000000
148000,13,79674,0.600000,1.000000,0.585435,1.000000,0.000000,0,0.000000,147929.000000,1.000000,101570327682.000000,1274812.000000
148000,14,79680,0.600000,1.000000,0.679809,1.000000,0.000000,0,0.000000,147999.000000,1.000000,101570327682.000000,1274812.000000
148000,15,79677,0.600000,1.000000,0.629770,1.000000,0.000000,0,0.000000,147966.000000,1.000000,101570327682.000000,1274812.000000
149000,0,80216,0.600000,1.000000,0.747488,1.000000,0.000000,0,0.000000,148999.000000,1.000000,102943439372.000000,962550.000000
149000,1,80202,0.600000,1.000000,0.647726,1.000000,0.000000,0,0.000000,148598.000000,1.000000,102943439372.000000,962550.000000
149000,2,80211,0.600000,1.000000,0.711148,1.000000,0.000000,0,0.000000,148783.000000,1.000000,102943439372.000000,962550.000000
149000,3,80215,0.600000,1.000000,0.720015,1.000000,0.000000,0,0.000000,148998.000000,1.000000,102943439372.000000,962550.000000
149000,4,80216,0.600000,1.000000,0.716611,1.000000,0.000000,1,133225.000000,149000.000000,1.000000,102943439372.000000,962550.000000
149000,5,80207,0.600000,1.000000,0.700170,1.000000,0.000000,0,0.000000,148891.000000,1.000000,102943439372.000000,962550.000000
149000,6,80214,0.600000,1.000000,0.634981,1.000000,0.000000,0,0.000000,148993.000000,1.000000,102943439372.000000,962550.000000
149000,7,80215,0.600000,1.000000,0.728674,1.000000,0.000000,0,0.000000,148997.000000,1.000000,102943439372.000000,962550.000000
149000,8,80212,0.600000,1.000000,0.563608,1.000000,0.000000,0,0.000000,148964.000000,1.000000,102943439372.000000,962550.000000
149000,9,80216,0.600000,1.000000,0.684883,1.000000,0.000000,0,0.000000,148989.000000,1.000000,102943439372.000000,962550.000000
149000,10,80212,0.600000,1.000000,0.668852,1.000000,0.000000,0,0.000000,148842.000000,1.000000,102943439372.000000,962550.000000
149000,11,80212,0.600000,1.000000,0.571252,1.000000,0.000000,0,0.000000,148975.000000,1.000000,102943439372.000000,962550.000000
149000,12,80212,0.600000,1.000000,0.654792,1.000000,0.000000,0,0.000000,148643.000000,1.000000,102943439372.000000,962550.000000
149000,13,80214,0.600000,1.000000,0.736912,1.000000,0.000000,0,0.000000,148942.000000,1.000000,102943439372.000000,962550.000000
149000,14,80214,0.600000,1.000000,0.796254,1.000000,0.000000,0,0.000000,148995.000000,1.000000,102943439372.000000,962550.000000
149000,15,80204,0.600000,1.000000,0.565268,1.000000,0.000000,0,0.000000,148899.000000,1.000000,102943439372.000000,962550.000000
150000,0,80752,0.600000,1.000000,0.673977,1.000000,0.000000,1,133693.000000,150000.000000,1.000000,104328838725.000000,1453501.000000
150000,1,80752,0.600000,1.000000,0.681523,1.000000,0.000000,0,0.000000,149991.000000,1.000000,104328838725.000000,1453501.000000
150000,2,80752,0.600000,1.000000,0.689278,1.000000,0.000000,0,0.000000,149993.000000,1.000000,104328838725.000000,1453501.000000
150000,3,80752,0.600000,1.000000,0.710936,1.000000,0.000000,0,0.000000,149992.000000,1.000000,104328838725.000000,1453501.000000
150000,4,80752,0.600000,1.000000,0.792694,1.000000,0.000000,0,0.000000,149999.000000,1.000000,104328838725.000000,1453501.000000
150000,5,80750,0.600000,1.000000,0.657242,1.000000,0.000000,0,0.000000,149972.000000,1.000000,104328838725.000000,1453501.000000
150000,6,80750,0.600000,1.000000,0.588707,1.000000,0.000000,0,0.000000,149942.000000,1.000000,104328838725.000000,1453501.000000
150000,7,80753,0.600000,1.000000,0.589995,1.000000,0.000000,0,0.000000,149996.000000,1.000000,104328838725.000000,1453501.000000
150000,8,80749,0.600000,1.000000,0.560716,1.000000,0.000000,0,0.000000,149977.000000,1.000000,104328838725.000000,1453501.000000
150000,9,80748,0.600000,1.000000,0.657477,1.000000,0.000000,0,0.000000,149889.000000,1.000000,104328838725.000000,1453501.000000
150000,10,80752,0.600000,1.000000,0.603420,1.000000,0.000000,0,0.000000,149983.000000,1.000000,104328838725.000000,1453501.000000
150000,11,80747,0.600000,1.000000,0.735837,1.000000,0.000000,0,0.000000,149894.000000,1.000000,104328838725.000000,1453501.000000
150000,12,80752,0.600000,1.000000,0.642784,1.000000,0.000000,0,0.000000,149987.000000,1.000000,104328838725.000000,1453501.000000
150000,13,80749,0.600000,1.000000,0.603668,1.000000,0.000000,0,0.000000,149953.000000,1.000000,104328838725.000000,1453501.000000
150000,14,80752,0.600000,1.000000,0.580805,1.000000,0.000000,0,0.000000,149995.000000,1.000000,104328838725.000000,1453501.000000
150000,15,80737,0.600000,1.000000,0.610949,1.000000,0.000000,0,0.000000,149776.000000,1.000000,104328838725.000000,1453501.000000
151000,0,81294,0.600000,1.000000,0.795366,1.000000,0.000000,0,0.000000,150999.000000,1.000000,105728863917.000000,1625844.000000
151000,1,81294,0.600000,1.000000,0.723886,1.000000,0.000000,0,0.000000,150977.000000,1.000000,105728863917.000000,1625844.000000
151000,2,81294,0.600000,1.000000,0.707637,1.000000,0.000000,0,0.000000,150982.000000,1.000000,105728863917.000000,1625844.000000
151000,3,81284,0.600000,1.000000,0.677014,1.000000,0.000000,0,0.000000,150801.000000,1.000000,105728863917.000000,1625844.000000
151000,4,81270,0.600000,1.000000,0.545176,1.000000,0.000000,0,0.000000,150676.000000,1.000000,105728863917.000000,1625844.000000
151000,5,81296,0.600000,1.000000,0.802646,1.000000,0.000000,1,135532.000000,151000.000000,1.000000,105728863917.000000,1625844.000000
151000,6,81295,0.600000,1.000000,0.768917,1.000000,0.000000,0,0.000000,150996.000000,1.000000,105728863917.000000,1625844.000000
151000,7,81292,0.600000,1.000000,0.644489,1.000000,0.000000,0,0.000000,150993.000000,1.000000,105728863917.000000,1625844.000000
151000,8,81290,0.600000,1.000000,0.532117,1.000000,0.000000,0,0.000000,150924.000000,1.000000,105728863917.000000,1625844.000000
151000,9,81294,0.600000,1.000000,0.690982,1.000000,0.000000,0,0.000000,150984.000000,1.000000,105728863917.000000,1625844.000000
151000,10,81292,0.600000,1.000000,0.562982,1.000000,0.000000,0,0.000000,150954.000000,1.000000,105728863917.000000,1625844.000000
151000,11,81293,0.600000,1.000000,0.661363,1.000000,0.000000,0,0.000000,150988.000000,1.000000,105728863917.000000,1625844.000000
151000,12,81273,0.600000,1.000000,0.707270,1.000000,0.000000,0,0.000000,150749.000000,1.000000,105728863917.000000,1625844.000000
151000,13,81291,0.600000,1.000000,0.671576,1.000000,0.000000,0,0.000000,150980.000000,1.000000,105728863917.000000,1625844.000000
151000,14,81295,0.600000,1.000000,0.686622,1.000000,0.000000,0,0.000000,150983.000000,1.000000,105728863917.000000,1625844.000000
151000,15,81292,0.600000,1.000000,0.726139,1.000000,0.000000,0,0.000000,150947.000000,1.000000,105728863917.000000,1625844.000000
152000,0,81835,0.600000,1.000000,0.697597,1.000000,0.000000,0,0.000000,151995.000000,1.000000,107139856627.000000,1309346.000000
152000,1,81837,0.600000,1.000000,0.650608,1.000000,0.000000,0,0.000000,151987.000000,1.000000,107139856627.000000,1309346.000000
152000,2,81830,0.600000,1.000000,0.570712,1.000000,0.000000,0,0.000000,151947.000000,1.000000,107139856627.000000,1309346.000000
152000,3,81827,0.600000,1.000000,0.537670,1.000000,0.000000,0,0.000000,151847.000000,1.000000,107139856627.000000,1309346.000000
152000,4,81830,0.600000,1.000000,0.607242,1.000000,0.000000,0,0.000000,151754.000000,1.000000,107139856627.000000,1309346.000000
152000,5,81834,0.600000,1.000000,0.587015,1.000000,0.000000,0,0.000000,151971.000000,1.000000,107139856627.000000,1309346.000000
152000,6,81835,0.600000,1.000000,0.760821,1.000000,0.000000,0,0.000000,151998.000000,1.000000,107139856627.000000,1309346.000000
152000,7,81821,0.600000,1.000000,0.628033,1.000000,0.000000,0,0.000000,151586.000000,1.000000,107139856627.000000,1309346.000000
152000,8,81834,0.600000,1.000000,0.754898,1.000000,0.000000,0,0.000000,151996.000000,1.000000,107139856627.000000,1309346.000000
152000,9,81837,0.600000,1.000000,0.645884,1.000000,0.000000,0,0.000000,151992.000000,1.000000,107139856627.000000,1309346.000000
152000,10,81800,0.600000,1.000000,0.450242,1.000000,0.000000,0,0.000000,151404.000000,1.000000,107139856627.000000,1309346.000000
152000,11,81828,0.600000,1.000000,0.500078,1.000000,0.000000,0,0.000000,151925.000000,1.000000,107139856627.000000,1309346.000000
152000,12,81834,0.600000,1.000000,0.604049,1.000000,0.000000,0,0.000000,151990.000000,1.000000,107139856627.000000,1309346.000000
152000,13,81835,0.600000,1.000000,0.759645,1.000000,0.000000,0,0.000000,151997.000000,1.000000,107139856627.000000,1309346.000000
152000,14,81836,0.600000,1.000000,0.720816,1.000000,0.000000,1,136844.000000,152000.000000,1.000000,107139856627.000000,1309346.000000
152000,15,81836,0.600000,1.000000,0.542760,1.000000,0.000000,0,0.000000,151935.000000,1.000000,107139856627.000000,1309346.000000
153000,0,82366,0.600000,1.000000,0.618549,1.000000,0.000000,0,0.000000,152991.000000,1.000000,108536643774.000000,2800275.000000
153000,1,82363,0.600000,1.000000,0.644609,1.000000,0.000000,0,0.000000,152995.000000,1.000000,108536643774.000000,2800275.000000
153000,2,82356,0.600000,1.000000,0.575514,1.000000,0.000000,0,0.000000,152656.000000,1.000000,108536643774.000000,2800275.000000
153000,3,82364,0.600000,1.000000,0.672979,1.000000,0.000000,0,0.000000,152896.000000,1.000000,108536643774.000000,2800275.000000
153000,4,82361,0.600000,1.000000,0.611863,1.000000,0.000000,0,0.000000,152859.000000,1.000000,108536643774.000000,2800275.000000
153000,5,82362,0.600000,1.000000,0.866382,1.000000,0.000000,0,0.000000,152994.000000,1.000000,108536643774.000000,2800275.000000
153000,6,82363,0.600000,1.000000,0.582158,1.000000,0.000000,0,0.000000,152946.000000,1.000000,108536643774.000000,2800275.000000
153000,7,82364,0.600000,1.000000,0.761561,1.000000,0.000000,0,0.000000,152999.000000,1.000000,108536643774.000000,2800275.000000
153000,8,82361,0.600000,1.000000,0.790615,1.000000,0.000000,0,0.000000,152987.000000,1.000000,108536643774.000000,2800275.000000
153000,9,82362,0.600000,1.000000,0.731792,1.000000,0.000000,0,0.000000,152847.000000,1.000000,108536643774.000000,2800275.000000
153000,10,82365,0.600000,1.000000,0.647059,1.000000,0.000000,1,138015.000000,153000.000000,1.000000,108536643774.000000,2800275.000000
153000,11,82353,0.600000,1.000000,0.634528,1.000000,0.000000,0,0.000000,152823.000000,1.000000,108536643774.000000,2800275.000000
153000,12,82363,0.600000,1.000000,0.670861,1.000000,0.000000,0,0.000000,152988.000000,1.000000,108536643774.000000,2800275.000000
153000,13,82365,0.600000,1.000000,0.678259,1.000000,0.000000,0,0.000000,152996.000000,1.000000,108536643774.000000,2800275.000000
153000,14,82363,0.600000,1.000000,0.587980,1.000000,0.000000,0,0.000000,152980.000000,1.000000,108536643774.000000,2800275.000000
153000,15,82365,0.600000,1.000000,0.668738,1.000000,0.000000,0,0.000000,152909.000000,1.000000,108536643774.000000,2800275.000000
154000,0,82905,0.600000,1.000000,0.656143,1.000000,0.000000,0,0.000000,153834.000000,1.000000,109963202680.000000,1160637.000000
154000,1,82903,0.600000,1.000000,0.565670,1.000000,0.000000,0,0.000000,153856.000000,1.000000,109963202680.000000,1160637.000000
154000,2,82899,0.600000,1.000000,0.719667,1.000000,0.000000,0,0.000000,153959.000000,1.000000,109963202680.000000,1160637.000000
154000,3,82903,0.600000,1.000000,0.805255,1.000000,0.000000,0,0.000000,153992.000000,1.000000,109963202680.000000,1160637.000000
154000,4,82905,0.600000,1.000000,0.615018,1.000000,0.000000,0,0.000000,153999.000000,1.000000,109963202680.000000,1160637.000000
154000,5,82891,0.600000,1.000000,0.645417,1.000000,0.000000,0,0.000000,153892.000000,1.000000,109963202680.000000,1160637.000000
154000,6,82903,0.600000,1.000000,0.660997,1.000000,0.000000,0,0.000000,153997.000000,1.000000,109963202680.000000,1160637.000000
154000,7,82905,0.600000,1.000000,0.671552,1.000000,0.000000,0,0.000000,153988.000000,1.000000,109963202680.000000,1160637.000000
154000,8,82904,0.600000,1.000000,0.694817,1.000000,0.000000,1,137783.000000,154000.000000,1.000000,109963202680.000000,1160637.000000
154000,9,82902,0.600000,1.000000,0.722877,1.000000,0.000000,0,0.000000,153993.000000,1.000000,109963202680.000000,1160637.000000
154000,10,82896,0.600000,1.000000,0.623598,1.000000,0.000000,0,0.000000,153926.000000,1.000000,109963202680.000000,1160637.000000
154000,11,82905,0.600000,1.000000,0.617311,1.000000,0.000000,0,0.000000,153982.000000,1.000000,109963202680.000000,1160637.000000
154000,12,82903,0.600000,1.000000,0.608660,1.000000,0.000000,0,0.000000,153968.000000,1.000000,109963202680.000000,1160637.000000
154000,13,82900,0.600000,1.000000,0.673947,1.000000,0.000000,0,0.000000,153886.000000,1.000000,109963202680.000000,1160637.000000
154000,14,82905,0.600000,1.000000,0.683972,1.000000,0.000000,0,0.000000,153995.000000,1.000000,109963202680.000000,1160637.000000
154000,15,82899,0.600000,1.000000,0.615073,1.000000,0.000000,0,0.000000,153961.000000,1.000000,109963202680.000000,1160637.000000
155000,0,83428,0.600000,1.000000,0.627163,1.000000,0.000000,0,0.000000,154950.000000,1.000000,111369205587.000000,2336016.000000
155000,1,83425,0.600000,1.000000,0.680998,1.000000,0.000000,0,0.000000,154402.000000,1.000000,111369205587.000000,2336016.000000
155000,2,83430,0.600000,1.000000,0.682676,1.000000,0.000000,0,0.000000,154928.000000,1.000000,111369205587.000000,2336016.000000
155000,3,83432,0.600000,1.000000,0.755863,1.000000,0.000000,0,0.000000,154992.000000,1.000000,111369205587.000000,2336016.000000
155000,4,83425,0.600000,1.000000,0.634804,1.000000,0.000000,0,0.000000,154960.000000,1.000000,111369205587.000000,2336016.000000
155000,5,83431,0.600000,1.000000,0.565714,1.000000,0.000000,0,0.000000,154966.000000,1.000000,111369205587.000000,2336016.000000
155000,6,83416,0.600000,1.000000,0.618947,1.000000,0.000000,0,0.000000,154660.000000,1.000000,111369205587.000000,2336016.000000
155000,7,83432,0.600000,1.000000,0.641572,1.000000,0.000000,0,0.000000,154988.000000,1.000000,111369205587.000000,2336016.000000
155000,8,83432,0.600000,1.000000,0.620199,1.000000,0.000000,0,0.000000,154974.000000,1.000000,111369205587.000000,2336016.000000
155000,9,83433,0.600000,1.000000,0.823771,1.000000,0.000000,1,139193.000000,155000.000000,1.000000,111369205587.000000,2336016.000000
155000,10,83434,0.600000,1.000000,0.686299,1.000000,0.000000,0,0.000000,154946.000000,1.000000,111369205587.000000,2336016.000000
155000,11,83434,0.600000,1.000000,0.732841,1.000000,0.000000,0,0.000000,154996.000000,1.000000,111369205587.000000,2336016.000000
155000,12,83433,0.600000,1.000000,0.586746,1.000000,0.000000,0,0.000000,154783.000000,1.000000,111369205587.000000,2336016.000000
155000,13,83432,0.600000,1.000000,0.646110,1.000000,0.000000,0,0.000000,154544.000000,1.000000,111369205587.000000,2336016.000000
155000,14,83433,0.600000,1.000000,0.755518,1.000000,0.000000,0,0.000000,154993.000000,1.000000,111369205587.000000,2336016.000000
155000,15,83431,0.600000,1.000000,0.682167,1.000000,0.000000,0,0.000000,154995.000000,1.000000,111369205587.000000,2336016.000000
156000,0,83971,0.600000,1.000000,0.528332,1.000000,0.000000,0,0.000000,155935.000000,1.000000,112817221951.000000,1343502.000000
156000,1,83967,0.600000,1.000000,0.466199,1.000000,0.000000,0,0.000000,155941.000000,1.000000,112817221951.000000,1343502.000000
156000,2,83973,0.600000,1.000000,0.760293,1.000000,0.000000,1,139671.000000,156000.000000,1.000000,112817221951.000000,1343502.000000
156000,3,83972,0.600000,1.000000,0.595532,1.000000,0.000000,0,0.000000,155903.000000,1.000000,112817221951.000000,1343502.000000
156000,4,83971,0.600000,1.000000,0.717666,1.000000,0.000000,0,0.000000,155979.000000,1.000000,112817221951.000000,1343502.000000
156000,5,83967,0.600000,1.000000,0.629349,1.000000,0.000000,0,0.000000,155734.000000,1.000000,112817221951.000000,1343502.000000
156000,6,83959,0.600000,1.000000,0.627014,1.000000,0.000000,0,0.000000,155763.000000,1.000000,112817221951.000000,1343502.000000
156000,7,83972,0.600000,1.000000,0.723217,1.000000,0.000000,0,0.000000,155993.000000,1.000000,112817221951.000000,1343502.000000
156000,8,83971,0.600000,1.000000,0.719834,1.000000,0.000000,0,0.000000,155967.000000,1.000000,112817221951.000000,1343502.000000
156000,9,83973,0.600000,1.000000,0.671704,1.000000,0.000000,0,0.000000,155997.000000,1.000000,112817221951.000000,1343502.000000
156000,10,83973,0.600000,1.000000,0.660675,1.000000,0.000000,0,0.000000,155995.000000,1.000000,112817221951.000000,1343502.000000
156000,11,83972,0.600000,1.000000,0.704413,1.000000,0.000000,0,0.000000,155992.000000,1.000000,112817221951.000000,1343502.000000
156000,12,83972,0.600000,1.000000,0.629250,1.000000,0.000000,0,0.000000,155969.000000,1.000000,112817221951.000000,1343502.000000
156000,13,83971,0.600000,1.000000,0.697021,1.000000,0.000000,0,0.000000,155968.000000,1.000000,112817221951.000000,1343502.000000
156000,14,83973,0.600000,1.000000,0.731786,1.000000,0.000000,0,0.000000,155945.000000,1.000000,112817221951.000000,1343502.000000
156000,15,83974,0.600000,1.000000,0.651401,1.000000,0.000000,0,0.000000,155937.000000,1.000000,112817221951.000000,1343502.000000
157000,0,84501,0.600000,1.000000,0.562382,1.000000,0.000000,0,0.000000,156856.000000,1.000000,114273577533.000000,676086.000000
157000,1,84516,0.600000,1.000000,0.699554,1.000000,0.000000,0,0.000000,156994.000000,1.000000,114273577533.000000,676086.000000
157000,2,84516,0.600000,1.000000,0.619453,1.000000,0.000000,0,0.000000,156999.000000,1.000000,114273577533.000000,676086.000000
157000,3,84507,0.600000,1.000000,0.580132,1.000000,0.000000,0,0.000000,156932.000000,1.000000,114273577533.000000,676086.000000
157000,4,84516,0.600000,1.000000,0.818827,1.000000,0.000000,0,0.000000,156998.000000,1.000000,114273577533.000000,676086.000000
157000,5,84509,0.600000,1.000000,0.677078,1.000000,0.000000,0,0.000000,156866.000000,1.000000,114273577533.000000,676086.000000
157000,6,84516,0.600000,1.000000,0.654314,1.000000,0.000000,1,140858.000000,157000.000000,1.000000,114273577533.000000,676086.000000
157000,7,84515,0.600000,1.000000,0.603973,1.000000,0.000000,0,0.000000,156980.000000,1.000000,114273577533.000000,676086.000000
157000,8,84513,0.600000,1.000000,0.645359,1.000000,0.000000,0,0.000000,156971.000000,1.000000,114273577533.000000,676086.000000
157000,9,84493,0.600000,1.000000,0.586337,1.000000,0.000000,0,0.000000,156802.000000,1.000000,114273577533.000000,676086.000000
157000,10,84511,0.600000,1.000000,0.639362,1.000000,0.000000,0,0.000000,156573.000000,1.000000,114273577533.000000,676086.000000
157000,11,84514,0.600000,1.000000,0.619330,1.000000,0.000000,0,0.000000,156936.000000,1.000000,114273577533.000000,676086.000000
157000,12,84513,0.600000,1.000000,0.619178,1.000000,0.000000,0,0.000000,156976.000000,1.000000,114273577533.000000,676086.000000
157000,13,84516,0.600000,1.000000,0.655106,1.000000,0.000000,0,0.000000,156981.000000,1.000000,114273577533.000000,676086.000000
157000,14,84512,0.600000,1.000000,0.709874,1.000000,0.000000,0,0.000000,156958.000000,1.000000,114273577533.000000,676086.000000
157000,15,84507,0.600000,1.000000,0.565754,1.000000,0.000000,0,0.000000,156682.000000,1.000000,114273577533.000000,676086.000000
158000,0,85046,0.600000,1.000000,0.596834,1.000000,0.000000,0,0.000000,157919.000000,1.000000,115724133510.000000,1530835.000000
158000,1,85050,0.600000,1.000000,0.732425,1.000000,0.000000,1,141303.000000,158000.000000,1.000000,115724133510.000000,1530835.000000
158000,2,85044,0.600000,1.000000,0.797275,1.000000,0.000000,0,0.000000,157769.000000,1.000000,115724133510.000000,1530835.000000
158000,3,85049,0.600000,1.000000,0.636933,1.000000,0.000000,0,0.000000,157970.000000,1.000000,115724133510.000000,1530835.000000
158000,4,85041,0.600000,1.000000,0.609953,1.000000,0.000000,0,0.000000,157689.000000,1.000000,115724133510.000000,1530835.000000
158000,5,85048,0.600000,1.000000,0.696530,1.000000,0.000000,0,0.000000,157999.000000,1.000000,115724133510.000000,1530835.000000
158000,6,85048,0.600000,1.000000,0.749141,1.000000,0.000000,0,0.000000,157994.000000,1.000000,115724133510.000000,1530835.000000
158000,7,85036,0.600000,1.000000,0.712396,1.000000,0.000000,0,0.000000,157747.000000,1.000000,115724133510.000000,1530835.000000
158000,8,85048,0.600000,1.000000,0.659089,1.000000,0.000000,0,0.000000,157997.000000,1.000000,115724133510.000000,1530835.000000
158000,9,85047,0.600000,1.000000,0.665030,1.000000,0.000000,0,0.000000,157972.000000,1.000000,115724133510.000000,1530835.000000
158000,10,85047,0.600000,1.000000,0.634212,1.000000,0.000000,0,0.000000,157968.000000,1.000000,115724133510.000000,1530835.000000
158000,11,85042,0.600000,1.000000,0.715919,1.000000,0.000000,0,0.000000,157907.000000,1.000000,115724133510.000000,1530835.000000
158000,12,85047,0.600000,1.000000,0.623125,1.000000,0.000000,0,0.000000,157977.000000,1.000000,115724133510.000000,1530835.000000
158000,13,85047,0.600000,1.000000,0.611186,1.000000,0.000000,0,0.000000,157993.000000,1.000000,115724133510.000000,1530835.000000
158000,14,85042,0.600000,1.000000,0.651583,1.000000,0.000000,0,0.000000,157866.000000,1.000000,115724133510.000000,1530835.000000
158000,15,85048,0.600000,1.000000,0.609592,1.000000,0.000000,0,0.000000,157982.000000,1.000000,115724133510.000000,1530835.000000
159000,0,85577,0.600000,1.000000,0.706494,1.000000,0.000000,0,0.000000,158764.000000,1.000000,117198388148.000000,2225217.000000
159000,1,85587,0.600000,1.000000,0.598454,1.000000,0.000000,0,0.000000,158957.000000,1.000000,117198388148.000000,2225217.000000
159000,2,85589,0.600000,1.000000,0.603062,1.000000,0.000000,0,0.000000,158993.000000,1.000000,117198388148.000000,2225217.000000
159000,3,85590,0.600000,1.000000,0.704255,1.000000,0.000000,0,0.000000,158999.000000,1.000000,117198388148.000000,2225217.000000
159000,4,85588,0.600000,1.000000,0.594138,1.000000,0.000000,0,0.000000,158970.000000,1.000000,117198388148.000000,2225217.000000
159000,5,85585,0.600000,1.000000,0.568078,1.000000,0.000000,0,0.000000,158898.000000,1.000000,117198388148.000000,2225217.000000
159000,6,85588,0.600000,1.000000,0.551914,1.000000,0.000000,0,0.000000,158883.000000,1.000000,117198388148.000000,2225217.000000
159000,7,85592,0.600000,1.000000,0.688667,1.000000,0.000000,1,142597.000000,159000.000000,1.000000,117198388148.000000,2225217.000000
159000,8,85586,0.600000,1.000000,0.742700,1.000000,0.000000,0,0.000000,158724.000000,1.000000,117198388148.000000,2225217.000000
159000,9,85562,0.600000,1.000000,0.667597,1.000000,0.000000,0,0.000000,158526.000000,1.000000,117198388148.000000,2225217.000000
159000,10,85589,0.600000,1.000000,0.754523,1.000000,0.000000,0,0.000000,158895.000000,1.000000,117198388148.000000,2225217.000000
159000,11,85588,0.600000,1.000000,0.712044,1.000000,0.000000,0,0.000000,158988.000000,1.000000,117198388148.000000,2225217.000000
159000,12,85579,0.600000,1.000000,0.535060,1.000000,0.000000,0,0.000000,158738.000000,1.000000,117198388148.000000,2225217.000000
159000,13,85588,0.600000,1.000000,0.638475,1.000000,0.000000,0,0.000000,158980.000000,1.000000,117198388148.000000,2225217.000000
159000,14,85591,0.600000,1.000000,0.632425,1.000000,0.000000,0,0.000000,158972.000000,1.000000,117198388148.000000,2225217.000000
159000,15,85591,0.600000,1.000000,0.661333,1.000000,0.000000,0,0.000000,158994.000000,1.000000,117198388148.000000,2225217.000000
160000,0,86125,0.600000,1.000000,0.571326,1.000000,0.000000,0,0.000000,159946.000000,1.000000,118696097868.000000,1722604.000000
160000,1,86117,0.600000,1.000000,0.535435,1.000000,0.000000,0,0.000000,159874.000000,1.000000,118696097868.000000,1722604.000000
160000,2,86130,0.600000,1.000000,0.684831,1.000000,0.000000,0,0.000000,159983.000000,1.000000,118696097868.000000,1722604.000000
160000,3,86131,0.600000,1.000000,0.739679,1.000000,0.000000,0,0.000000,159994.000000,1.000000,118696097868.000000,1722604.000000
160000,4,86132,0.600000,1.000000,0.658802,1.000000,0.000000,0,0.000000,159944.000000,1.000000,118696097868.000000,1722604.000000
160000,5,86128,0.600000,1.000000,0.694385,1.000000,0.000000,0,0.000000,159933.000000,1.000000,118696097868.000000,1722604.000000
160000,6,86134,0.600000,1.000000,0.725850,1.000000,0.000000,0,0.000000,159996.000000,1.000000,118696097868.000000,1722604.000000
160000,7,86133,0.600000,1.000000,0.742093,1.000000,0.000000,0,0.000000,159976.000000,1.000000,118696097868.000000,1722604.000000
160000,8,86127,0.600000,1.000000,0.572949,1.000000,0.000000,0,0.000000,159939.000000,1.000000,118696097868.000000,1722604.000000
160000,9,86135,0.600000,1.000000,0.767253,1.000000,0.000000,1,143885.000000,160000.000000,1.000000,118696097868.000000,1722604.000000
160000,10,86135,0.600000,1.000000,0.749343,1.000000,0.000000,0,0.000000,159998.000000,1.000000,118696097868.000000,1722604.000000
160000,11,86134,0.600000,1.000000,0.677195,1.000000,0.000000,0,0.000000,159997.000000,1.000000,118696097868.000000,1722604.000000
160000,12,86130,0.600000,1.000000,0.704423,1.000000,0.000000,0,0.000000,159977.000000,1.000000,118696097868.000000,1722604.000000
160000,13,86132,0.600000,1.000000,0.710224,1.000000,0.000000,0,0.000000,159982.000000,1.000000,118696097868.000000,1722604.000000
160000,14,86134,0.600000,1.000000,0.623081,1.000000,0.000000,0,0.000000,159981.000000,1.000000,118696097868.000000,1722604.000000
160000,15,86135,0.600000,1.000000,0.627218,1.000000,0.000000,0,0.000000,159941.000000,1.000000,118696097868.000000,1722604.000000
161000,0,86673,0.600000,1.000000,0.691917,1.000000,0.000000,0,0.000000,160885.000000,1.000000,120191356249.000000,2080104.000000
161000,1,86676,0.600000,1.000000,0.706788,1.000000,0.000000,0,0.000000,160976.000000,1.000000,120191356249.000000,2080104.000000
161000,2,86674,0.600000,1.000000,0.671380,1.000000,0.000000,0,0.000000,160968.000000,1.000000,120191356249.000000,2080104.000000
161000,3,86670,0.600000,1.000000,0.696509,1.000000,0.000000,0,0.000000,160981.000000,1.000000,120191356249.000000,2080104.000000
161000,4,86663,0.600000,1.000000,0.600513,1.000000,0.000000,0,0.000000,160821.000000,1.000000,120191356249.000000,2080104.000000
161000,5,86672,0.600000,1.000000,0.610135,1.000000,0.000000,0,0.000000,160974.000000,1.000000,120191356249.000000,2080104.000000
161000,6,86677,0.600000,1.000000,0.611380,1.000000,0.000000,0,0.000000,160998.000000,1.000000,120191356249.000000,2080104.000000
161000,7,86671,0.600000,1.000000,0.646168,1.000000,0.000000,0,0.000000,160963.000000,1.000000,120191356249.000000,2080104.000000
161000,8,86672,0.600000,1.000000,0.703104,1.000000,0.000000,0,0.000000,160731.000000,1.000000,120191356249.000000,2080104.000000
161000,9,86676,0.600000,1.000000,0.758574,1.000000,0.000000,1,144723.000000,161000.000000,1.000000,120191356249.000000,2080104.000000
161000,10,86672,0.600000,1.000000,0.673068,1.000000,0.000000,0,0.000000,160892.000000,1.000000,120191356249.000000,2080104.000000
161000,11,86663,0.600000,1.000000,0.546497,1.000000,0.000000,0,0.000000,160933.000000,1.000000,120191356249.000000,2080104.000000
161000,12,86672,0.600000,1.000000,0.749312,1.000000,0.000000,0,0.000000,160896.000000,1.000000,120191356249.000000,2080104.000000
161000,13,86676,0.600000,1.000000,0.812918,1.000000,0.000000,0,0.000000,160999.000000,1.000000,120191356249.000000,2080104.000000
161000,14,86664,0.600000,1.000000,0.614922,1.000000,0.000000,0,0.000000,160772.000000,1.000000,120191356249.000000,2080104.000000
161000,15,86674,0.600000,1.000000,0.783700,1.000000,0.000000,0,0.000000,160997.000000,1.000000,120191356249.000000,2080104.000000
162000,0,87220,0.600000,1.000000,0.655632,1.000000,0.000000,0,0.000000,161998.000000,1.000000,121708707129.000000,1046590.000000
162000,1,87220,0.600000,1.000000,0.855774,1.000000,0.000000,1,145041.000000,162000.000000,1.000000,121708707129.000000,1046590.000000
162000,2,87214,0.600000,1.000000,0.662627,1.000000,0.000000,0,0.000000,161928.000000,1.000000,121708707129.000000,1046590.000000
162000,3,87213,0.600000,1.000000,0.569261,1.000000,0.000000,0,0.000000,161918.000000,1.000000,121708707129.000000,1046590.000000
162000,4,87219,0.600000,1.000000,0.607061,1.000000,0.000000,0,0.000000,161988.000000,1.000000,121708707129.000000,1046590.000000
162000,5,87217,0.600000,1.000000,0.715110,1.000000,0.000000,0,0.000000,161975.000000,1.000000,121708707129.000000,1046590.000000
162000,6,87219,0.600000,1.000000,0.724365,1.000000,0.000000,0,0.000000,161986.000000,1.000000,121708707129.000000,1046590.000000
162000,7,87211,0.600000,1.000000,0.580556,1.000000,0.000000,0,0.000000,161971.000000,1.000000,121708707129.000000,1046590.000000
162000,8,87217,0.600000,1.000000,0.665523,1.000000,0.000000,0,0.000000,161874.000000,1.000000,121708707129.000000,1046590.000000
162000,9,87212,0.600000,1.000000,0.563567,1.000000,0.000000,0,0.000000,161934.000000,1.000000,121708707129.000000,1046590.000000
162000,10,87219,0.600000,1.000000,0.645777,1.000000,0.000000,0,0.000000,161945.000000,1.000000,121708707129.000000,1046590.000000
162000,11,87218,0.600000,1.000000,0.610399,1.000000,0.000000,0,0.000000,161991.000000,1.000000,121708707129.000000,1046590.000000
162000,12,87215,0.600000,1.000000,0.577363,1.000000,0.000000,0,0.000000,161974.000000,1.000000,121708707129.000000,1046590.000000
162000,13,87220,0.600000,1.000000,0.573049,1.000000,0.000000,0,0.000000,161990.000000,1.000000,121708707129.000000,1046590.000000
162000,14,87217,0.600000,1.000000,0.644446,1.000000,0.000000,0,0.000000,161973.000000,1.000000,121708707129.000000,1046590.000000
162000,15,87220,0.600000,1.000000,0.656300,1.000000,0.000000,0,0.000000,161989.000000,1.000000,121708707129.000000,1046590.000000
163000,0,87756,0.600000,1.000000,0.705999,1.000000,0.000000,0,0.000000,162998.000000,1.000000,123212056915.000000,877535.000000
163000,1,87756,0.600000,1.000000,0.761772,1.000000,0.000000,1,145896.000000,163000.000000,1.000000,123212056915.000000,877535.000000
163000,2,87746,0.600000,1.000000,0.581312,1.000000,0.000000,0,0.000000,162711.000000,1.000000,123212056915.000000,877535.000000
163000,3,87752,0.600000,1.000000,0.600831,1.000000,0.000000,0,0.000000,162973.000000,1.000000,123212056915.000000,877535.000000
163000,4,87754,0.600000,1.000000,0.616096,1.000000,0.000000,0,0.000000,162949.000000,1.000000,123212056915.000000,877535.000000
163000,5,87756,0.600000,1.000000,0.688813,1.000000,0.000000,0,0.000000,162989.000000,1.000000,123212056915.000000,877535.000000
163000,6,87755,0.600000,1.000000,0.787778,1.000000,0.000000,0,0.000000,162995.000000,1.000000,123212056915.000000,877535.000000
163000,7,87756,0.600000,1.000000,0.643666,1.000000,0.000000,0,0.000000,162988.000000,1.000000,123212056915.000000,877535.000000
163000,8,87754,0.600000,1.000000,0.590734,1.000000,0.000000,0,0.000000,162990.000000,1.000000,123212056915.000000,877535.000000
163000,9,87756,0.600000,1.000000,0.792664,1.000000,0.000000,0,0.000000,162999.000000,1.000000,123212056915.000000,877535.000000
163000,10,87756,0.600000,1.000000,0.704989,1.000000,0.000000,0,0.000000,162997.000000,1.000000,123212056915.000000,877535.000000
163000,11,87746,0.600000,1.000000,0.513137,1.000000,0.000000,0,0.000000,162943.000000,1.000000,123212056915.000000,877535.000000
163000,12,87756,0.600000,1.000000,0.633851,1.000000,0.000000,0,0.000000,162965.000000,1.000000,123212056915.000000,877535.000000
163000,13,87753,0.600000,1.000000,0.702760,1.000000,0.000000,0,0.000000,162992.000000,1.000000,123212056915.000000,877535.000000
163000,14,87755,0.600000,1.000000,0.688728,1.000000,0.000000,0,0.000000,162996.000000,1.000000,123212056915.000000,877535.000000
163000,15,87756,0.600000,1.000000,0.590506,1.000000,0.000000,0,0.000000,162890.000000,1.000000,123212056915.000000,877535.000000
164000,0,88285,0.600000,1.000000,0.536111,1.000000,0.000000,0,0.000000,163972.000000,1.000000,124701326771.000000,882835.000000
164000,1,88277,0.600000,1.000000,0.472312,1.000000,0.000000,0,0.000000,163735.000000,1.000000,124701326771.000000,882835.000000
164000,2,88285,0.600000,1.000000,0.724295,1.000000,0.000000,0,0.000000,163945.000000,1.000000,124701326771.000000,882835.000000
164000,3,88285,0.600000,1.000000,0.750445,1.000000,0.000000,0,0.000000,163999.000000,1.000000,124701326771.000000,882835.000000
164000,4,88279,0.600000,1.000000,0.680450,1.000000,0.000000,0,0.000000,163950.000000,1.000000,124701326771.000000,882835.000000
164000,5,88283,0.600000,1.000000,0.614849,1.000000,0.000000,0,0.000000,163970.000000,1.000000,124701326771.000000,882835.000000
164000,6,88274,0.600000,1.000000,0.631824,1.000000,0.000000,0,0.000000,163711.000000,1.000000,124701326771.000000,882835.000000
164000,7,88285,0.600000,1.000000,0.579918,1.000000,0.000000,0,0.000000,163993.000000,1.000000,124701326771.000000,882835.000000
164000,8,88283,0.600000,1.000000,0.723992,1.000000,0.000000,0,0.000000,163953.000000,1.000000,124701326771.000000,882835.000000
164000,9,88285,0.600000,1.000000,0.851720,1.000000,0.000000,1,147441.000000,164000.000000,1.000000,124701326771.000000,882835.000000
164000,10,88286,0.600000,1.000000,0.605869,1.000000,0.000000,0,0.000000,163987.000000,1.000000,124701326771.000000,882835.000000
164000,11,88283,0.600000,1.000000,0.705563,1.000000,0.000000,0,0.000000,163992.000000,1.000000,124701326771.000000,882835.000000
164000,12,88280,0.600000,1.000000,0.618983,1.000000,0.000000,0,0.000000,163977.000000,1.000000,124701326771.000000,882835.000000
164000,13,88284,0.600000,1.000000,0.778003,1.000000,0.000000,0,0.000000,163997.000000,1.000000,124701326771.000000,882835.000000
164000,14,88285,0.600000,1.000000,0.695584,1.000000,0.000000,0,0.000000,163976.000000,1.000000,124701326771.000000,882835.000000
164000,15,88284,0.600000,1.000000,0.719877,1.000000,0.000000,0,0.000000,163995.000000,1.000000,124701326771.000000,882835.000000
165000,0,88814,0.600000,1.000000,0.663189,1.000000,0.000000,0,0.000000,164777.000000,1.000000,126224589196.000000,888233.000000
165000,1,88812,0.600000,1.000000,0.529077,1.000000,0.000000,0,0.000000,164901.000000,1.000000,126224589196.000000,888233.000000
165000,2,88826,0.600000,1.000000,0.689347,1.000000,0.000000,1,147710.000000,165000.000000,1.000000,126224589196.000000,888233.000000
165000,3,88822,0.600000,1.000000,0.661007,1.000000,0.000000,0,0.000000,164970.000000,1.000000,126224589196.000000,888233.000000
165000,4,88821,0.600000,1.000000,0.706517,1.000000,0.000000,0,0.000000,164989.000000,1.000000,126224589196.000000,888233.000000
165000,5,88821,0.600000,1.000000,0.622990,1.000000,0.000000,0,0.000000,164978.000000,1.000000,126224589196.000000,888233.000000
165000,6,88824,0.600000,1.000000,0.671565,1.000000,0.000000,0,0.000000,164994.000000,1.000000,126224589196.000000,888233.000000
165000,7,88816,0.600000,1.000000,0.658805,1.000000,0.000000,0,0.000000,164774.000000,1.000000,126224589196.000000,888233.000000
165000,8,88818,0.600000,1.000000,0.557298,1.000000,0.000000,0,0.000000,164953.000000,1.000000,126224589196.000000,888233.000000
165000,9,88824,0.600000,1.000000,0.546907,1.000000,0.000000,0,0.000000,164983.000000,1.000000,126224589196.000000,888233.000000
165000,10,88824,0.600000,1.000000,0.701800,1.000000,0.000000,0,0.000000,164997.000000,1.000000,126224589196.000000,888233.000000
165000,11,88818,0.600000,1.000000,0.552768,1.000000,0.000000,0,0.000000,164878.000000,1.000000,126224589196.000000,888233.000000
165000,12,88823,0.600000,1.000000,0.678596,1.000000,0.000000,0,0.000000,164998.000000,1.000000,126224589196.000000,888233.000000
165000,13,88823,0.600000,1.000000,0.530232,1.000000,0.000000,0,0.000000,164966.000000,1.000000,126224589196.000000,888233.000000
165000,14,88820,0.600000,1.000000,0.483883,1.000000,0.000000,0,0.000000,164728.000000,1.000000,126224589196.000000,888233.000000
165000,15,88818,0.600000,1.000000,0.707650,1.000000,0.000000,0,0.000000,164907.000000,1.000000,126224589196.000000,888233.000000
166000,0,89366,0.600000,1.000000,0.651357,1.000000,0.000000,0,0.000000,165979.000000,1.000000,127778902975.000000,1787312.000000
166000,1,89370,0.600000,1.000000,0.664366,1.000000,0.000000,0,0.000000,165995.000000,1.000000,127778902975.000000,1787312.000000
166000,2,89364,0.600000,1.000000,0.503368,1.000000,0.000000,0,0.000000,165978.000000,1.000000,127778902975.000000,1787312.000000
166000,3,89365,0.600000,1.000000,0.579892,1.000000,0.000000,0,0.000000,165966.000000,1.000000,127778902975.000000,1787312.000000
166000,4,89368,0.600000,1.000000,0.672954,1.000000,0.000000,0,0.000000,165994.000000,1.000000,127778902975.000000,1787312.000000
166000,5,89363,0.600000,1.000000,0.559194,1.000000,0.000000,0,0.000000,165935.000000,1.000000,127778902975.000000,1787312.000000
166000,6,89367,0.600000,1.000000,0.607004,1.000000,0.000000,0,0.000000,165981.000000,1.000000,127778902975.000000,1787312.000000
166000,7,89369,0.600000,1.000000,0.751820,1.000000,0.000000,0,0.000000,165990.000000,1.000000,127778902975.000000,1787312.000000
166000,8,89363,0.600000,1.000000,0.671477,1.000000,0.000000,0,0.000000,165932.000000,1.000000,127778902975.000000,1787312.000000
166000,9,89355,0.600000,1.000000,0.513607,1.000000,0.000000,0,0.000000,165938.000000,1.000000,127778902975.000000,1787312.000000
166000,10,89362,0.600000,1.000000,0.571063,1.000000,0.000000,0,0.000000,165904.000000,1.000000,127778902975.000000,1787312.000000
166000,11,89365,0.600000,1.000000,0.674356,1.000000,0.000000,0,0.000000,165973.000000,1.000000,127778902975.000000,1787312.000000
166000,12,89371,0.600000,1.000000,0.707351,1.000000,0.000000,1,148363.000000,166000.000000,1.000000,127778902975.000000,1787312.000000
166000,13,89371,0.600000,1.000000,0.730205,1.000000,0.000000,0,0.000000,165993.000000,1.000000,127778902975.000000,1787312.000000
166000,14,89361,0.600000,1.000000,0.592246,1.000000,0.000000,0,0.000000,165872.000000,1.000000,127778902975.000000,1787312.000000
166000,15,89367,0.600000,1.000000,0.665607,1.000000,0.000000,0,0.000000,165886.000000,1.000000,127778902975.000000,1787312.000000
167000,0,89907,0.600000,1.000000,0.668452,1.000000,0.000000,1,148960.000000,167000.000000,1.000000,129325465634.000000,2337521.000000
167000,1,89903,0.600000,1.000000,0.598245,1.000000,0.000000,0,0.000000,166974.000000,1.000000,129325465634.000000,2337521.000000
167000,2,89905,0.600000,1.000000,0.553064,1.000000,0.000000,0,0.000000,166953.000000,1.000000,129325465634.000000,2337521.000000
167000,3,89902,0.600000,1.000000,0.575665,1.000000,0.000000,0,0.000000,166978.000000,1.000000,129325465634.000000,2337521.000000
167000,4,89906,0.600000,1.000000,0.747097,1.000000,0.000000,0,0.000000,166990.000000,1.000000,129325465634.000000,2337521.000000
167000,5,89901,0.600000,1.000000,0.757327,1.000000,0.000000,0,0.000000,166743.000000,1.000000,129325465634.000000,2337521.000000
167000,6,89907,0.600000,1.000000,0.557440,1.000000,0.000000,0,0.000000,166981.000000,1.000000,129325465634.000000,2337521.000000
167000,7,89907,0.600000,1.000000,0.675893,1.000000,0.000000,0,0.000000,166999.000000,1.000000,129325465634.000000,2337521.000000
167000,8,89907,0.600000,1.000000,0.709340,1.000000,0.000000,0,0.000000,166996.000000,1.000000,129325465634.000000,2337521.000000
167000,9,89900,0.600000,1.000000,0.602544,1.000000,0.000000,0,0.000000,166761.000000,1.000000,129325465634.000000,2337521.000000
167000,10,89903,0.600000,1.000000,0.656892,1.000000,0.000000,0,0.000000,166934.000000,1.000000,129325465634.000000,2337521.000000
167000,11,89902,0.600000,1.000000,0.629252,1.000000,0.000000,0,0.000000,166615.000000,1.000000,129325465634.000000,2337521.000000
167000,12,89907,0.600000,1.000000,0.717144,1.000000,0.000000,0,0.000000,166955.000000,1.000000,129325465634.000000,2337521.000000
167000,13,89906,0.600000,1.000000,0.620698,1.000000,0.000000,0,0.000000,166956.000000,1.000000,129325465634.000000,2337521.000000
167000,14,89907,0.600000,1.000000,0.733461,1.000000,0.000000,0,0.000000,166998.000000,1.000000,129325465634.000000,2337521.000000
167000,15,89904,0.600000,1.000000,0.645171,1.000000,0.000000,0,0.000000,166910.000000,1.000000,129325465634.000000,2337521.000000
168000,0,90433,0.600000,1.000000,0.653630,1.000000,0.000000,0,0.000000,167994.000000,1.000000,130844433119.000000,1446916.000000
168000,1,90432,0.600000,1.000000,0.731498,1.000000,0.000000,0,0.000000,167998.000000,1.000000,130844433119.000000,1446916.000000
168000,2,90433,0.600000,1.000000,0.697436,1.000000,0.000000,0,0.000000,167980.000000,1.000000,130844433119.000000,1446916.000000
168000,3,90433,0.600000,1.000000,0.691656,1.000000,0.000000,0,0.000000,167999.000000,1.000000,130844433119.000000,1446916.000000
168000,4,90432,0.600000,1.000000,0.559814,1.000000,0.000000,0,0.000000,167991.000000,1.000000,130844433119.000000,1446916.000000
168000,5,90429,0.600000,1.000000,0.612203,1.000000,0.000000,0,0.000000,167986.000000,1.000000,130844433119.000000,1446916.000000
168000,6,90431,0.600000,1.000000,0.579765,1.000000,0.000000,0,0.000000,167979.000000,1.000000,130844433119.000000,1446916.000000
168000,7,90431,0.600000,1.000000,0.630950,1.000000,0.000000,0,0.000000,167983.000000,1.000000,130844433119.000000,1446916.000000
168000,8,90432,0.600000,1.000000,0.705126,1.000000,0.000000,0,0.000000,167942.000000,1.000000,130844433119.000000,1446916.000000
168000,9,90428,0.600000,1.000000,0.653330,1.000000,0.000000,0,0.000000,167962.000000,1.000000,130844433119.000000,1446916.000000
168000,10,90428,0.600000,1.000000,0.757345,1.000000,0.000000,0,0.000000,167847.000000,1.000000,130844433119.000000,1446916.000000
168000,11,90428,0.600000,1.000000,0.582197,1.000000,0.000000,0,0.000000,167916.000000,1.000000,130844433119.000000,1446916.000000
168000,12,90430,0.600000,1.000000,0.568798,1.000000,0.000000,0,0.000000,167941.000000,1.000000,130844433119.000000,1446916.000000
168000,13,90434,0.600000,1.000000,0.704838,1.000000,0.000000,1,150748.000000,168000.000000,1.000000,130844433119.000000,1446916.000000
168000,14,90428,0.600000,1.000000,0.630904,1.000000,0.000000,0,0.000000,167610.000000,1.000000,130844433119.000000,1446916.000000
168000,15,90435,0.600000,1.000000,0.652259,1.000000,0.000000,0,0.000000,167992.000000,1.000000,130844433119.000000,1446916.000000
169000,0,90989,0.600000,1.000000,0.578232,1.000000,0.000000,0,0.000000,168981.000000,1.000000,132456691124.000000,363948.000000
169000,1,90989,0.600000,1.000000,0.694186,1.000000,0.000000,0,0.000000,168997.000000,1.000000,132456691124.000000,363948.000000
169000,2,90984,0.600000,1.000000,0.727394,1.000000,0.000000,0,0.000000,168825.000000,1.000000,132456691124.000000,363948.000000
169000,3,90988,0.600000,1.000000,0.615707,1.000000,0.000000,0,0.000000,168996.000000,1.000000,132456691124.000000,363948.000000
169000,4,90987,0.600000,1.000000,0.600478,1.000000,0.000000,0,0.000000,168986.000000,1.000000,132456691124.000000,363948.000000
169000,5,90987,0.600000,1.000000,0.682253,1.000000,0.000000,0,0.000000,168990.000000,1.000000,132456691124.000000,363948.000000
169000,6,90990,0.600000,1.000000,0.687654,1.000000,0.000000,0,0.000000,168998.000000,1.000000,132456691124.000000,363948.000000
169000,7,90984,0.600000,1.000000,0.563729,1.000000,0.000000,0,0.000000,168938.000000,1.000000,132456691124.000000,363948.000000
169000,8,90984,0.600000,1.000000,0.640609,1.000000,0.000000,0,0.000000,168982.000000,1.000000,132456691124.000000,363948.000000
169000,9,90978,0.600000,1.000000,0.580176,1.000000,0.000000,0,0.000000,168956.000000,1.000000,132456691124.000000,363948.000000
169000,10,90989,0.600000,1.000000,0.593456,1.000000,0.000000,0,0.000000,168995.000000,1.000000,132456691124.000000,363948.000000
169000,11,90979,0.600000,1.000000,0.651589,1.000000,0.000000,0,0.000000,168887.000000,1.000000,132456691124.000000,363948.000000
169000,12,90989,0.600000,1.000000,0.594637,1.000000,0.000000,0,0.000000,168983.000000,1.000000,132456691124.000000,363948.000000
169000,13,90989,0.600000,1.000000,0.706636,1.000000,0.000000,1,151656.000000,169000.000000,1.000000,132456691124.000000,363948.000000
169000,14,90988,0.600000,1.000000,0.649150,1.000000,0.000000,0,0.000000,168954.000000,1.000000,132456691124.000000,363948.000000
169000,15,90990,0.600000,1.000000,0.676110,1.000000,0.000000,0,0.000000,168975.000000,1.000000,132456691124.000000,363948.000000
170000,0,91528,0.600000,1.000000,0.714752,1.000000,0.000000,0,0.000000,169996.000000,1.000000,134028295025.000000,1830458.000000
170000,1,91527,0.600000,1.000000,0.651518,1.000000,0.000000,0,0.000000,169986.000000,1.000000,134028295025.000000,1830458.000000
170000,2,91526,0.600000,1.000000,0.696133,1.000000,0.000000,0,0.000000,169989.000000,1.000000,134028295025.000000,1830458.000000
170000,3,91525,0.600000,1.000000,0.616428,1.000000,0.000000,0,0.000000,169927.000000,1.000000,134028295025.000000,1830458.000000
170000,4,91521,0.600000,1.000000,0.683136,1.000000,0.000000,0,0.000000,169984.000000,1.000000,134028295025.000000,1830458.000000
170000,5,91529,0.600000,1.000000,0.635837,1.000000,0.000000,0,0.000000,169987.000000,1.000000,134028295025.000000,1830458.000000
170000,6,91513,0.600000,1.000000,0.520616,1.000000,0.000000,0,0.000000,169851.000000,1.000000,134028295025.000000,1830458.000000
170000,7,91523,0.600000,1.000000,0.520416,1.000000,0.000000,0,0.000000,169911.000000,1.000000,134028295025.000000,1830458.000000
170000,8,91529,0.600000,1.000000,0.708644,1.000000,0.000000,0,0.000000,169999.000000,1.000000,134028295025.000000,1830458.000000
170000,9,91529,0.600000,1.000000,0.641601,1.000000,0.000000,0,0.000000,169993.000000,1.000000,134028295025.000000,1830458.000000
170000,10,91521,0.600000,1.000000,0.563621,1.000000,0.000000,0,0.000000,169944.000000,1.000000,134028295025.000000,1830458.000000
170000,11,91521,0.600000,1.000000,0.519622,1.000000,0.000000,0,0.000000,169971.000000,1.000000,134028295025.000000,1830458.000000
170000,12,91525,0.600000,1.000000,0.590654,1.000000,0.000000,0,0.000000,169965.000000,1.000000,134028295025.000000,1830458.000000
170000,13,91524,0.600000,1.000000,0.569530,1.000000,0.000000,0,0.000000,169969.000000,1.000000,134028295025.000000,1830458.000000
170000,14,91525,0.600000,1.000000,0.689737,1.000000,0.000000,0,0.000000,169841.000000,1.000000,134028295025.000000,1830458.000000
170000,15,91529,0.600000,1.000000,0.691543,1.000000,0.000000,1,151177.000000,170000.000000,1.000000,134028295025.000000,1830458.000000
171000,0,92058,0.600000,1.000000,0.745882,1.000000,0.000000,0,0.000000,170998.000000,1.000000,135587441366.000000,1472896.000000
171000,1,92053,0.600000,1.000000,0.580252,1.000000,0.000000,0,0.000000,170972.000000,1.000000,135587441366.000000,1472896.000000
171000,2,92057,0.600000,1.000000,0.602201,1.000000,0.000000,0,0.000000,170985.000000,1.000000,135587441366.000000,1472896.000000
171000,3,92053,0.600000,1.000000,0.671548,1.000000,0.000000,0,0.000000,170970.000000,1.000000,135587441366.000000,1472896.000000
171000,4,92056,0.600000,1.000000,0.782287,1.000000,0.000000,0,0.000000,170996.000000,1.000000,135587441366.000000,1472896.000000
171000,5,92058,0.600000,1.000000,0.723388,1.000000,0.000000,0,0.000000,170986.000000,1.000000,135587441366.000000,1472896.000000
171000,6,92058,0.600000,1.000000,0.735651,1.000000,0.000000,0,0.000000,170994.000000,1.000000,135587441366.000000,1472896.000000
171000,7,92058,0.600000,1.000000,0.643708,1.000000,0.000000,0,0.000000,170950.000000,1.000000,135587441366.000000,1472896.000000
171000,8,92056,0.600000,1.000000,0.700065,1.000000,0.000000,0,0.000000,170980.000000,1.000000,135587441366.000000,1472896.000000
171000,9,92054,0.600000,1.000000,0.667614,1.000000,0.000000,0,0.000000,170984.000000,1.000000,135587441366.000000,1472896.000000
171000,10,92052,0.600000,1.000000,0.576418,1.000000,0.000000,0,0.000000,170971.000000,1.000000,135587441366.000000,1472896.000000
171000,11,92051,0.600000,1.000000,0.629713,1.000000,0.000000,0,0.000000,170528.000000,1.000000,135587441366.000000,1472896.000000
171000,12,92057,0.600000,1.000000,0.697588,1.000000,0.000000,0,0.000000,170988.000000,1.000000,135587441366.000000,1472896.000000
171000,13,92057,0.600000,1.000000,0.809668,1.000000,0.000000,1,153413.000000,171000.000000,1.000000,135587441366.000000,1472896.000000
171000,14,92056,0.600000,1.000000,0.584885,1.000000,0.000000,0,0.000000,170964.000000,1.000000,135587441366.000000,1472896.000000
171000,15,92054,0.600000,1.000000,0.694256,1.000000,0.000000,0,0.000000,170976.000000,1.000000,135587441366.000000,1472896.000000
172000,0,92588,0.600000,1.000000,0.605578,1.000000,0.000000,0,0.000000,171877.000000,1.000000,137183937254.000000,2407493.000000
172000,1,92597,0.600000,1.000000,0.730126,1.000000,0.000000,0,0.000000,171905.000000,1.000000,137183937254.000000,2407493.000000
172000,2,92600,0.600000,1.000000,0.627976,1.000000,0.000000,0,0.000000,171977.000000,1.000000,137183937254.000000,2407493.000000
172000,3,92600,0.600000,1.000000,0.676774,1.000000,0.000000,1,154471.000000,172000.000000,1.000000,137183937254.000000,2407493.000000
172000,4,92593,0.600000,1.000000,0.509356,1.000000,0.000000,0,0.000000,171959.000000,1.000000,137183937254.000000,2407493.000000
172000,5,92591,0.600000,1.000000,0.567625,1.000000,0.000000,0,0.000000,171961.000000,1.000000,137183937254.000000,2407493.000000
172000,6,92597,0.600000,1.000000,0.692797,1.000000,0.000000,0,0.000000,171995.000000,1.000000,137183937254.000000,2407493.000000
172000,7,92600,0.600000,1.000000,0.764570,1.000000,0.000000,0,0.000000,171991.000000,1.000000,137183937254.000000,2407493.000000
172000,8,92600,0.600000,1.000000,0.711559,1.000000,0.000000,0,0.000000,171999.000000,1.000000,137183937254.000000,2407493.000000
172000,9,92598,0.600000,1.000000,0.722222,1.000000,0.000000,0,0.000000,171978.000000,1.000000,137183937254.000000,2407493.000000
172000,10,92596,0.600000,1.000000,0.800321,1.000000,0.000000,0,0.000000,171998.000000,1.000000,137183937254.000000,2407493.000000
172000,11,92595,0.600000,1.000000,0.712406,1.000000,0.000000,0,0.000000,171830.000000,1.000000,137183937254.000000,2407493.000000
172000,12,92596,0.600000,1.000000,0.758846,1.000000,0.000000,0,0.000000,171996.000000,1.000000,137183937254.000000,2407493.000000
172000,13,92593,0.600000,1.000000,0.582227,1.000000,0.000000,0,0.000000,171968.000000,1.000000,137183937254.000000,2407493.000000
172000,14,92596,0.600000,1.000000,0.645875,1.000000,0.000000,0,0.000000,171987.000000,1.000000,137183937254.000000,2407493.000000
172000,15,92594,0.600000,1.000000,0.723455,1.000000,0.000000,0,0.000000,171925.000000,1.000000,137183937254.000000,2407493.000000
173000,0,93121,0.600000,1.000000,0.665608,1.000000,0.000000,0,0.000000,172763.000000,1.000000,138765935386.000000,1676281.000000
173000,1,93128,0.600000,1.000000,0.560252,1.000000,0.000000,0,0.000000,172963.000000,1.000000,138765935386.000000,1676281.000000
173000,2,93130,0.600000,1.000000,0.617411,1.000000,0.000000,0,0.000000,172961.000000,1.000000,138765935386.000000,1676281.000000
173000,3,93133,0.600000,1.000000,0.834063,1.000000,0.000000,1,155301.000000,173000.000000,1.000000,138765935386.000000,1676281.000000
173000,4,93129,0.600000,1.000000,0.631185,1.000000,0.000000,0,0.000000,172981.000000,1.000000,138765935386.000000,1676281.000000
173000,5,93124,0.600000,1.000000,0.770649,1.000000,0.000000,0,0.000000,172592.000000,1.000000,138765935386.000000,1676281.000000
173000,6,93129,0.600000,1.000000,0.612369,1.000000,0.000000,0,0.000000,172882.000000,1.000000,138765935386.000000,1676281.000000
173000,7,93123,0.600000,1.000000,0.668122,1.000000,0.000000,0,0.000000,172895.000000,1.000000,138765935386.000000,1676281.000000
173000,8,93133,0.600000,1.000000,0.718765,1.000000,0.000000,0,0.000000,172947.000000,1.000000,138765935386.000000,1676281.000000
173000,9,93126,0.600000,1.000000,0.598763,1.000000,0.000000,0,0.000000,172932.000000,1.000000,138765935386.000000,1676281.000000
173000,10,93133,0.600000,1.000000,0.784937,1.000000,0.000000,0,0.000000,172988.000000,1.000000,138765935386.000000,1676281.000000
173000,11,93127,0.600000,1.000000,0.712593,1.000000,0.000000,0,0.000000,172894.000000,1.000000,138765935386.000000,1676281.000000
173000,12,93134,0.600000,1.000000,0.658310,1.000000,0.000000,0,0.000000,172998.000000,1.000000,138765935386.000000,1676281.000000
173000,13,93126,0.600000,1.000000,0.676553,1.000000,0.000000,0,0.000000,172952.000000,1.000000,138765935386.000000,1676281.000000
173000,14,93129,0.600000,1.000000,0.563437,1.000000,0.000000,0,0.000000,172966.000000,1.000000,138765935386.000000,1676281.000000
173000,15,93127,0.600000,1.000000,0.706466,1.000000,0.000000,0,0.000000,172973.000000,1.000000,138765935386.000000,1676281.000000
174000,0,93651,0.600000,1.000000,0.598567,1.000000,0.000000,0,0.000000,173915.000000,1.000000,140346325871.000000,2435081.000000
174000,1,93660,0.600000,1.000000,0.813996,1.000000,0.000000,0,0.000000,173909.000000,1.000000,140346325871.000000,2435081.000000
174000,2,93661,0.600000,1.000000,0.698380,1.000000,0.000000,0,0.000000,173998.000000,1.000000,140346325871.000000,2435081.000000
174000,3,93661,0.600000,1.000000,0.739176,1.000000,0.000000,0,0.000000,173994.000000,1.000000,140346325871.000000,2435081.000000
174000,4,93652,0.600000,1.000000,0.708067,1.000000,0.000000,0,0.000000,173920.000000,1.000000,140346325871.000000,2435081.000000
174000,5,93654,0.600000,1.000000,0.612965,1.000000,0.000000,0,0.000000,173931.000000,1.000000,140346325871.000000,2435081.000000
174000,6,93658,0.600000,1.000000,0.633960,1.000000,0.000000,0,0.000000,173974.000000,1.000000,140346325871.000000,2435081.000000
174000,7,93661,0.600000,1.000000,0.692911,1.000000,0.000000,1,155868.000000,174000.000000,1.000000,140346325871.000000,2435081.000000
174000,8,93660,0.600000,1.000000,0.662628,1.000000,0.000000,0,0.000000,173986.000000,1.000000,140346325871.000000,2435081.000000
174000,9,93657,0.600000,1.000000,0.720210,1.000000,0.000000,0,0.000000,173963.000000,1.000000,140346325871.000000,2435081.000000
174000,10,93657,0.600000,1.000000,0.593449,1.000000,0.000000,0,0.000000,173929.000000,1.000000,140346325871.000000,2435081.000000
174000,11,93660,0.600000,1.000000,0.777470,1.000000,0.000000,0,0.000000,173996.000000,1.000000,140346325871.000000,2435081.000000
174000,12,93658,0.600000,1.000000,0.671369,1.000000,0.000000,0,0.000000,173930.000000,1.000000,140346325871.000000,2435081.000000
174000,13,93653,0.600000,1.000000,0.498461,1.000000,0.000000,0,0.000000,173967.000000,1.000000,140346325871.000000,2435081.000000
174000,14,93654,0.600000,1.000000,0.638113,1.000000,0.000000,0,0.000000,173971.000000,1.000000,140346325871.000000,2435081.000000
174000,15,93656,0.600000,1.000000,0.661343,1.000000,0.000000,0,0.000000,173899.000000,1.000000,140346325871.000000,2435081.000000
175000,0,94181,0.600000,1.000000,0.609973,1.000000,0.000000,0,0.000000,174984.000000,1.000000,141923232886.000000,2071991.000000
175000,1,94180,0.600000,1.000000,0.608033,1.000000,0.000000,0,0.000000,174925.000000,1.000000,141923232886.000000,2071991.000000
175000,2,94184,0.600000,1.000000,0.626986,1.000000,0.000000,0,0.000000,174820.000000,1.000000,141923232886.000000,2071991.000000
175000,3,94184,0.600000,1.000000,0.709830,1.000000,0.000000,0,0.000000,174987.000000,1.000000,141923232886.000000,2071991.000000
175000,4,94186,0.600000,1.000000,0.772283,1.000000,0.000000,0,0.000000,174999.000000,1.000000,141923232886.000000,2071991.000000
175000,5,94184,0.600000,1.000000,0.609314,1.000000,0.000000,0,0.000000,174992.000000,1.000000,141923232886.000000,2071991.000000
175000,6,94179,0.600000,1.000000,0.633171,1.000000,0.000000,0,0.000000,174980.000000,1.000000,141923232886.000000,2071991.000000
175000,7,94180,0.600000,1.000000,0.532140,1.000000,0.000000,0,0.000000,174835.000000,1.000000,141923232886.000000,2071991.000000
175000,8,94178,0.600000,1.000000,0.717995,1.000000,0.000000,0,0.000000,174913.000000,1.000000,141923232886.000000,2071991.000000
175000,9,94185,0.600000,1.000000,0.737539,1.000000,0.000000,0,0.000000,174996.000000,1.000000,141923232886.000000,2071991.000000
175000,10,94185,0.600000,1.000000,0.807918,1.000000,0.000000,1,157550.000000,175000.000000,1.000000,141923232886.000000,2071991.000000
175000,11,94186,0.600000,1.000000,0.604100,1.000000,0.000000,0,0.000000,174985.000000,1.000000,141923232886.000000,2071991.000000
175000,12,94183,0.600000,1.000000,0.636428,1.000000,0.000000,0,0.000000,174997.000000,1.000000,141923232886.000000,2071991.000000
175000,13,94183,0.600000,1.000000,0.758450,1.000000,0.000000,0,0.000000,174995.000000,1.000000,141923232886.000000,2071991.000000
175000,14,94166,0.600000,1.000000,0.585338,1.000000,0.000000,0,0.000000,174708.000000,1.000000,141923232886.000000,2071991.000000
175000,15,94184,0.600000,1.000000,0.650232,1.000000,0.000000,0,0.000000,174959.000000,1.000000,141923232886.000000,2071991.000000
176000,0,94715,0.600000,1.000000,0.693458,1.000000,0.000000,0,0.000000,175818.000000,1.000000,143537930894.000000,1704879.000000
176000,1,94719,0.600000,1.000000,0.723807,1.000000,0.000000,0,0.000000,175998.000000,1.000000,143537930894.000000,1704879.000000
176000,2,94716,0.600000,1.000000,0.669447,1.000000,0.000000,0,0.000000,175881.000000,1.000000,143537930894.000000,1704879.000000
176000,3,94701,0.600000,1.000000,0.647508,1.000000,0.000000,0,0.000000,175610.000000,1.000000,143537930894.000000,1704879.000000
176000,4,94719,0.600000,1.000000,0.746697,1.000000,0.000000,0,0.000000,175997.000000,1.000000,143537930894.000000,1704879.000000
176000,5,94719,0.600000,1.000000,0.676358,1.000000,0.000000,1,157918.000000,176000.000000,1.000000,143537930894.000000,1704879.000000
176000,6,94719,0.600000,1.000000,0.726710,1.000000,0.000000,0,0.000000,175988.000000,1.000000,143537930894.000000,1704879.000000
176000,7,94706,0.600000,1.000000,0.594205,1.000000,0.000000,0,0.000000,175838.000000,1.000000,143537930894.000000,1704879.000000
176000,8,94717,0.600000,1.000000,0.708901,1.000000,0.000000,0,0.000000,175651.000000,1.000000,143537930894.000000,1704879.000000
176000,9,94718,0.600000,1.000000,0.584246,1.000000,0.000000,0,0.000000,175991.000000,1.000000,143537930894.000000,1704879.000000
176000,10,94715,0.600000,1.000000,0.703817,1.000000,0.000000,0,0.000000,175930.000000,1.000000,143537930894.000000,1704879.000000
176000,11,94718,0.600000,1.000000,0.720337,1.000000,0.000000,0,0.000000,175987.000000,1.000000,143537930894.000000,1704879.000000
176000,12,94719,0.600000,1.000000,0.716806,1.000000,0.000000,0,0.000000,175999.000000,1.000000,143537930894.000000,1704879.000000
176000,13,94719,0.600000,1.000000,0.697251,1.000000,0.000000,0,0.000000,175989.000000,1.000000,143537930894.000000,1704879.000000
176000,14,94718,0.600000,1.000000,0.587624,1.000000,0.000000,0,0.000000,175993.000000,1.000000,143537930894.000000,1704879.000000
176000,15,94718,0.600000,1.000000,0.499301,1.000000,0.000000,0,0.000000,175956.000000,1.000000,143537930894.000000,1704879.000000
177000,0,95261,0.600000,1.000000,0.722362,1.000000,0.000000,0,0.000000,176982.000000,1.000000,145181194162.000000,571551.000000
177000,1,95261,0.600000,1.000000,0.666813,1.000000,0.000000,0,0.000000,176987.000000,1.000000,145181194162.000000,571551.000000
177000,2,95261,0.600000,1.000000,0.662259,1.000000,0.000000,1,158272.000000,177000.000000,1.000000,145181194162.000000,571551.000000
177000,3,95261,0.600000,1.000000,0.647994,1.000000,0.000000,0,0.000000,176948.000000,1.000000,145181194162.000000,571551.000000
177000,4,95243,0.600000,1.000000,0.719308,1.000000,0.000000,0,0.000000,176749.000000,1.000000,145181194162.000000,571551.000000
177000,5,95262,0.600000,1.000000,0.657685,1.000000,0.000000,0,0.000000,176999.000000,1.000000,145181194162.000000,571551.000000
177000,6,95257,0.600000,1.000000,0.565710,1.000000,0.000000,0,0.000000,176983.000000,1.000000,145181194162.000000,571551.000000
177000,7,95257,0.600000,1.000000,0.712776,1.000000,0.000000,0,0.000000,176892.000000,1.000000,145181194162.000000,571551.000000
177000,8,95254,0.600000,1.000000,0.519833,1.000000,0.000000,0,0.000000,176890.000000,1.000000,145181194162.000000,571551.000000
177000,9,95260,0.600000,1.000000,0.660092,1.000000,0.000000,0,0.000000,176996.000000,1.000000,145181194162.000000,571551.000000
177000,10,95260,0.600000,1.000000,0.752132,1.000000,0.000000,0,0.000000,176998.000000,1.000000,145181194162.000000,571551.000000
177000,11,95256,0.600000,1.000000,0.613301,1.000000,0.000000,0,0.000000,176887.000000,1.000000,145181194162.000000,571551.000000
177000,12,95257,0.600000,1.000000,0.706132,1.000000,0.000000,0,0.000000,176913.000000,1.000000,145181194162.000000,571551.000000
177000,13,95248,0.600000,1.000000,0.622183,1.000000,0.000000,0,0.000000,176831.000000,1.000000,145181194162.000000,571551.000000
177000,14,95259,0.600000,1.000000,0.583832,1.000000,0.000000,0,0.000000,176959.000000,1.000000,145181194162.000000,571551.000000
177000,15,95249,0.600000,1.000000,0.582662,1.000000,0.000000,0,0.000000,176961.000000,1.000000,145181194162.000000,571551.000000
178000,0,95792,0.600000,1.000000,0.701546,1.000000,0.000000,0,0.000000,177985.000000,1.000000,146812160535.000000,2682078.000000
178000,1,95787,0.600000,1.000000,0.569550,1.000000,0.000000,0,0.000000,177929.000000,1.000000,146812160535.000000,2682078.000000
178000,2,95783,0.600000,1.000000,0.691084,1.000000,0.000000,0,0.000000,177977.000000,1.000000,146812160535.000000,2682078.000000
178000,3,95789,0.600000,1.000000,0.581402,1.000000,0.000000,0,0.000000,177967.000000,1.000000,146812160535.000000,2682078.000000
178000,4,95792,0.600000,1.000000,0.775616,1.000000,0.000000,0,0.000000,177947.000000,1.000000,146812160535.000000,2682078.000000
178000,5,95795,0.600000,1.000000,0.728002,1.000000,0.000000,0,0.000000,177995.000000,1.000000,146812160535.000000,2682078.000000
178000,6,95791,0.600000,1.000000,0.601994,1.000000,0.000000,0,0.000000,177959.000000,1.000000,146812160535.000000,2682078.000000
178000,7,95795,0.600000,1.000000,0.774724,1.000000,0.000000,0,0.000000,177767.000000,1.000000,146812160535.000000,2682078.000000
178000,8,95792,0.600000,1.000000,0.703492,1.000000,0.000000,0,0.000000,177970.000000,1.000000,146812160535.000000,2682078.000000
178000,9,95784,0.600000,1.000000,0.602928,1.000000,0.000000,0,0.000000,177775.000000,1.000000,146812160535.000000,2682078.000000
178000,10,95790,0.600000,1.000000,0.646509,1.000000,0.000000,0,0.000000,177971.000000,1.000000,146812160535.000000,2682078.000000
178000,11,95792,0.600000,1.000000,0.827834,1.000000,0.000000,0,0.000000,177998.000000,1.000000,146812160535.000000,2682078.000000
178000,12,95791,0.600000,1.000000,0.668715,1.000000,0.000000,0,0.000000,177986.000000,1.000000,146812160535.000000,2682078.000000
178000,13,95786,0.600000,1.000000,0.623021,1.000000,0.000000,0,0.000000,177636.000000,1.000000,146812160535.000000,2682078.000000
178000,14,95790,0.600000,1.000000,0.553354,1.000000,0.000000,0,0.000000,177868.000000,1.000000,146812160535.000000,2682078.000000
178000,15,95794,0.600000,1.000000,0.790963,1.000000,0.000000,1,158550.000000,178000.000000,1.000000,146812160535.000000,2682078.000000
179000,0,96340,0.600000,1.000000,0.762463,1.000000,0.000000,0,0.000000,178802.000000,1.000000,148485760216.000000,1348711.000000
179000,1,96342,0.600000,1.000000,0.631770,1.000000,0.000000,1,160372.000000,179000.000000,1.000000,148485760216.000000,1348711.000000
179000,2,96326,0.600000,1.000000,0.522873,1.000000,0.000000,0,0.000000,178783.000000,1.000000,148485760216.000000,1348711.000000
179000,3,96335,0.600000,1.000000,0.548560,1.000000,0.000000,0,0.000000,178940.000000,1.000000,148485760216.000000,1348711.000000
179000,4,96333,0.600000,1.000000,0.543705,1.000000,0.000000,0,0.000000,178952.000000,1.000000,148485760216.000000,1348711.000000
179000,5,96326,0.600000,1.000000,0.597440,1.000000,0.000000,0,0.000000,178876.000000,1.000000,148485760216.000000,1348711.000000
179000,6,96330,0.600000,1.000000,0.741250,1.000000,0.000000,0,0.000000,178937.000000,1.000000,148485760216.000000,1348711.000000
179000,7,96339,0.600000,1.000000,0.575733,1.000000,0.000000,0,0.000000,178963.000000,1.000000,148485760216.000000,1348711.000000
179000,8,96342,0.600000,1.000000,0.775497,1.000000,0.000000,0,0.000000,178995.000000,1.000000,148485760216.000000,1348711.000000
179000,9,96339,0.600000,1.000000,0.665708,1.000000,0.000000,0,0.000000,178990.000000,1.000000,148485760216.000000,1348711.000000
179000,10,96327,0.600000,1.000000,0.716790,1.000000,0.000000,0,0.000000,178703.000000,1.000000,148485760216.000000,1348711.000000
179000,11,96324,0.600000,1.000000,0.659948,1.000000,0.000000,0,0.000000,178489.000000,1.000000,148485760216.000000,1348711.000000
179000,12,96341,0.600000,1.000000,0.767512,1.000000,0.000000,0,0.000000,178992.000000,1.000000,148485760216.000000,1348711.000000
179000,13,96331,0.600000,1.000000,0.597941,1.000000,0.000000,0,0.000000,178758.000000,1.000000,148485760216.000000,1348711.000000
179000,14,96337,0.600000,1.000000,0.661671,1.000000,0.000000,0,0.000000,178984.000000,1.000000,148485760216.000000,1348711.000000
179000,15,96342,0.600000,1.000000,0.704933,1.000000,0.000000,0,0.000000,178999.000000,1.000000,148485760216.000000,1348711.000000
180000,0,96869,0.600000,1.000000,0.575197,1.000000,0.000000,0,0.000000,179999.000000,1.000000,150130288698.000000,2324792.000000
180000,1,96860,0.600000,1.000000,0.637307,1.000000,0.000000,0,0.000000,179671.000000,1.000000,150130288698.000000,2324792.000000
180000,2,96865,0.600000,1.000000,0.616099,1.000000,0.000000,0,0.000000,179970.000000,1.000000,150130288698.000000,2324792.000000
180000,3,96869,0.600000,1.000000,0.624802,1.000000,0.000000,0,0.000000,179996.000000,1.000000,150130288698.000000,2324792.000000
180000,4,96866,0.600000,1.000000,0.604531,1.000000,0.000000,0,0.000000,179978.000000,1.000000,150130288698.000000,2324792.000000
180000,5,96867,0.600000,1.000000,0.531261,1.000000,0.000000,0,0.000000,179983.000000,1.000000,150130288698.000000,2324792.000000
180000,6,96866,0.600000,1.000000,0.616589,1.000000,0.000000,0,0.000000,179989.000000,1.000000,150130288698.000000,2324792.000000
180000,7,96868,0.600000,1.000000,0.737735,1.000000,0.000000,0,0.000000,179995.000000,1.000000,150130288698.000000,2324792.000000
180000,8,96865,0.600000,1.000000,0.647507,1.000000,0.000000,0,0.000000,179952.000000,1.000000,150130288698.000000,2324792.000000
180000,9,96865,0.600000,1.000000,0.658893,1.000000,0.000000,0,0.000000,179847.000000,1.000000,150130288698.000000,2324792.000000
180000,10,96867,0.600000,1.000000,0.561436,1.000000,0.000000,0,0.000000,179976.000000,1.000000,150130288698.000000,2324792.000000
180000,11,96869,0.600000,1.000000,0.611861,1.000000,0.000000,1,161523.000000,180000.000000,1.000000,150130288698.000000,2324792.000000
180000,12,96867,0.600000,1.000000,0.528593,1.000000,0.000000,0,0.000000,179953.000000,1.000000,150130288698.000000,2324792.000000
180000,13,96868,0.600000,1.000000,0.583176,1.000000,0.000000,0,0.000000,179919.000000,1.000000,150130288698.000000,2324792.000000
180000,14,96868,0.600000,1.000000,0.744975,1.000000,0.000000,0,0.000000,179987.000000,1.000000,150130288698.000000,2324792.000000
180000,15,96867,0.600000,1.000000,0.573875,1.000000,0.000000,0,0.000000,179977.000000,1.000000,150130288698.000000,2324792.000000
181000,0,97398,0.600000,1.000000,0.865388,1.000000,0.000000,0,0.000000,180998.000000,1.000000,151770239530.000000,1363525.000000
181000,1,97394,0.600000,1.000000,0.592282,1.000000,0.000000,0,0.000000,180941.000000,1.000000,151770239530.000000,1363525.000000
181000,2,97394,0.600000,1.000000,0.720036,1.000000,0.000000,0,0.000000,180967.000000,1.000000,151770239530.000000,1363525.000000
181000,3,97400,0.600000,1.000000,0.623593,1.000000,0.000000,0,0.000000,180995.000000,1.000000,151770239530.000000,1363525.000000
181000,4,97398,0.600000,1.000000,0.682519,1.000000,0.000000,0,0.000000,180929.000000,1.000000,151770239530.000000,1363525.000000
181000,5,97398,0.600000,1.000000,0.741037,1.000000,0.000000,0,0.000000,180989.000000,1.000000,151770239530.000000,1363525.000000
181000,6,97399,0.600000,1.000000,0.710048,1.000000,0.000000,0,0.000000,180925.000000,1.000000,151770239530.000000,1363525.000000
181000,7,97397,0.600000,1.000000,0.555980,1.000000,0.000000,0,0.000000,180994.000000,1.000000,151770239530.000000,1363525.000000
181000,8,97392,0.600000,1.000000,0.600278,1.000000,0.000000,0,0.000000,180984.000000,1.000000,151770239530.000000,1363525.000000
181000,9,97377,0.600000,1.000000,0.712016,1.000000,0.000000,0,0.000000,180739.000000,1.000000,151770239530.000000,1363525.000000
181000,10,97383,0.600000,1.000000,0.569969,1.000000,0.000000,0,0.000000,180804.000000,1.000000,151770239530.000000,1363525.000000
181000,11,97394,0.600000,1.000000,0.565649,1.000000,0.000000,0,0.000000,180982.000000,1.000000,151770239530.000000,1363525.000000
181000,12,97397,0.600000,1.000000,0.774152,1.000000,0.000000,0,0.000000,180993.000000,1.000000,151770239530.000000,1363525.000000
181000,13,97397,0.600000,1.000000,0.638979,1.000000,0.000000,0,0.000000,180909.000000,1.000000,151770239530.000000,1363525.000000
181000,14,97390,0.600000,1.000000,0.627799,1.000000,0.000000,0,0.000000,180543.000000,1.000000,151770239530.000000,1363525.000000
181000,15,97400,0.600000,1.000000,0.797480,1.000000,0.000000,1,161127.000000,181000.000000,1.000000,151770239530.000000,1363525.000000
182000,0,97929,0.600000,1.000000,0.549825,1.000000,0.000000,0,0.000000,181863.000000,1.000000,153450826236.000000,1175172.000000
182000,1,97935,0.600000,1.000000,0.650358,1.000000,0.000000,0,0.000000,181436.000000,1.000000,153450826236.000000,1175172.000000
182000,2,97934,0.600000,1.000000,0.744419,1.000000,0.000000,0,0.000000,181990.000000,1.000000,153450826236.000000,1175172.000000
182000,3,97922,0.600000,1.000000,0.516936,1.000000,0.000000,0,0.000000,181942.000000,1.000000,153450826236.000000,1175172.000000
182000,4,97932,0.600000,1.000000,0.546763,1.000000,0.000000,0,0.000000,181941.000000,1.000000,153450826236.000000,1175172.000000
182000,5,97932,0.600000,1.000000,0.596403,1.000000,0.000000,0,0.000000,181927.000000,1.000000,153450826236.000000,1175172.000000
182000,6,97935,0.600000,1.000000,0.668635,1.000000,0.000000,1,163005.000000,182000.000000,1.000000,153450826236.000000,1175172.000000
182000,7,97932,0.600000,1.000000,0.652087,1.000000,0.000000,0,0.000000,181991.000000,1.000000,153450826236.000000,1175172.000000
182000,8,97934,0.600000,1.000000,0.777326,1.000000,0.000000,0,0.000000,181997.000000,1.000000,153450826236.000000,1175172.000000
182000,9,97935,0.600000,1.000000,0.707014,1.000000,0.000000,0,0.000000,181993.000000,1.000000,153450826236.000000,1175172.000000
182000,10,97935,0.600000,1.000000,0.611611,1.000000,0.000000,0,0.000000,181739.000000,1.000000,153450826236.000000,1175172.000000
182000,11,97931,0.600000,1.000000,0.660613,1.000000,0.000000,0,0.000000,181768.000000,1.000000,153450826236.000000,1175172.000000
182000,12,97934,0.600000,1.000000,0.650615,1.000000,0.000000,0,0.000000,181982.000000,1.000000,153450826236.000000,1175172.000000
182000,13,97934,0.600000,1.000000,0.730338,1.000000,0.000000,0,0.000000,181998.000000,1.000000,153450826236.000000,1175172.000000
182000,14,97935,0.600000,1.000000,0.602530,1.000000,0.000000,0,0.000000,181930.000000,1.000000,153450826236.000000,1175172.000000
182000,15,97923,0.600000,1.000000,0.601229,1.000000,0.000000,0,0.000000,181874.000000,1.000000,153450826236.000000,1175172.000000
183000,0,98450,0.600000,1.000000,0.601979,1.000000,0.000000,0,0.000000,182368.000000,1.000000,155125700206.000000,1181558.000000
183000,1,98472,0.600000,1.000000,0.719071,1.000000,0.000000,0,0.000000,182999.000000,1.000000,155125700206.000000,1181558.000000
183000,2,98467,0.600000,1.000000,0.690182,1.000000,0.000000,0,0.000000,182813.000000,1.000000,155125700206.000000,1181558.000000
183000,3,98468,0.600000,1.000000,0.655805,1.000000,0.000000,0,0.000000,182918.000000,1.000000,155125700206.000000,1181558.000000
183000,4,98469,0.600000,1.000000,0.615301,1.000000,0.000000,0,0.000000,182971.000000,1.000000,155125700206.000000,1181558.000000
183000,5,98464,0.600000,1.000000,0.765855,1.000000,0.000000,0,0.000000,182605.000000,1.000000,155125700206.000000,1181558.000000
183000,6,98454,0.600000,1.000000,0.565755,1.000000,0.000000,0,0.000000,182890.000000,1.000000,155125700206.000000,1181558.000000
183000,7,98471,0.600000,1.000000,0.690948,1.000000,0.000000,0,0.000000,182998.000000,1.000000,155125700206.000000,1181558.000000
183000,8,98464,0.600000,1.000000,0.638199,1.000000,0.000000,0,0.000000,182955.000000,1.000000,155125700206.000000,1181558.000000
183000,9,98461,0.600000,1.000000,0.604280,1.000000,0.000000,0,0.000000,182920.000000,1.000000,155125700206.000000,1181558.000000
183000,10,98458,0.600000,1.000000,0.519219,1.000000,0.000000,0,0.000000,182869.000000,1.000000,155125700206.000000,1181558.000000
183000,11,98470,0.600000,1.000000,0.791453,1.000000,0.000000,0,0.000000,182996.000000,1.000000,155125700206.000000,1181558.000000
183000,12,98466,0.600000,1.000000,0.639287,1.000000,0.000000,0,0.000000,182987.000000,1.000000,155125700206.000000,1181558.000000
183000,13,98469,0.600000,1.000000,0.792833,1.000000,0.000000,0,0.000000,182980.000000,1.000000,155125700206.000000,1181558.000000
183000,14,98471,0.600000,1.000000,0.745688,1.000000,0.000000,1,164814.000000,183000.000000,1.000000,155125700206.000000,1181558.000000
183000,15,98466,0.600000,1.000000,0.629261,1.000000,0.000000,0,0.000000,182976.000000,1.000000,155125700206.000000,1181558.000000
184000,0,99009,0.600000,1.000000,0.758485,1.000000,0.000000,0,0.000000,183999.000000,1.000000,156841345180.000000,1782141.000000
184000,1,99010,0.600000,1.000000,0.637121,1.000000,0.000000,0,0.000000,183971.000000,1.000000,156841345180.000000,1782141.000000
184000,2,99009,0.600000,1.000000,0.651937,1.000000,0.000000,0,0.000000,183989.000000,1.000000,156841345180.000000,1782141.000000
184000,3,99010,0.600000,1.000000,0.718612,1.000000,0.000000,0,0.000000,183996.000000,1.000000,156841345180.000000,1782141.000000
184000,4,99011,0.600000,1.000000,0.688158,1.000000,0.000000,1,164710.000000,184000.000000,1.000000,156841345180.000000,1782141.000000
184000,5,99010,0.600000,1.000000,0.672043,1.000000,0.000000,0,0.000000,183296.000000,1.000000,156841345180.000000,1782141.000000
184000,6,99006,0.600000,1.000000,0.540763,1.000000,0.000000,0,0.000000,183773.000000,1.000000,156841345180.000000,1782141.000000
184000,7,99011,0.600000,1.000000,0.664066,1.000000,0.000000,0,0.000000,183944.000000,1.000000,156841345180.000000,1782141.000000
184000,8,99010,0.600000,1.000000,0.741304,1.000000,0.000000,0,0.000000,183905.000000,1.000000,156841345180.000000,1782141.000000
184000,9,99000,0.600000,1.000000,0.469334,1.000000,0.000000,0,0.000000,183897.000000,1.000000,156841345180.000000,1782141.000000
184000,10,99007,0.600000,1.000000,0.634769,1.000000,0.000000,0,0.000000,183941.000000,1.000000,156841345180.000000,1782141.000000
184000,11,99011,0.600000,1.000000,0.614124,1.000000,0.000000,0,0.000000,183992.000000,1.000000,156841345180.000000,1782141.000000
184000,12,99009,0.600000,1.000000,0.649951,1.000000,0.000000,0,0.000000,183990.000000,1.000000,156841345180.000000,1782141.000000
184000,13,99008,0.600000,1.000000,0.812250,1.000000,0.000000,0,0.000000,183938.000000,1.000000,156841345180.000000,1782141.000000
184000,14,99004,0.600000,1.000000,0.482550,1.000000,0.000000,0,0.000000,183972.000000,1.000000,156841345180.000000,1782141.000000
184000,15,99003,0.600000,1.000000,0.585607,1.000000,0.000000,0,0.000000,183959.000000,1.000000,156841345180.000000,1782141.000000
185000,0,99545,0.600000,1.000000,0.596906,1.000000,0.000000,0,0.000000,184988.000000,1.000000,158539747330.000000,1194464.000000
185000,1,99539,0.600000,1.000000,0.493933,1.000000,0.000000,0,0.000000,184961.000000,1.000000,158539747330.000000,1194464.000000
185000,2,99546,0.600000,1.000000,0.648438,1.000000,0.000000,0,0.000000,184991.000000,1.000000,158539747330.000000,1194464.000000
185000,3,99537,0.600000,1.000000,0.603979,1.000000,0.000000,0,0.000000,184920.000000,1.000000,158539747330.000000,1194464.000000
185000,4,99545,0.600000,1.000000,0.597839,1.000000,0.000000,0,0.000000,184963.000000,1.000000,158539747330.000000,1194464.000000
185000,5,99533,0.600000,1.000000,0.711609,1.000000,0.000000,0,0.000000,184795.000000,1.000000,158539747330.000000,1194464.000000
185000,6,99546,0.600000,1.000000,0.704750,1.000000,0.000000,0,0.000000,184999.000000,1.000000,158539747330.000000,1194464.000000
185000,7,99536,0.600000,1.000000,0.615392,1.000000,0.000000,0,0.000000,184777.000000,1.000000,158539747330.000000,1194464.000000
185000,8,99544,0.600000,1.000000,0.531809,1.000000,0.000000,0,0.000000,184978.000000,1.000000,158539747330.000000,1194464.000000
185000,9,99546,0.600000,1.000000,0.679953,1.000000,0.000000,1,165935.000000,185000.000000,1.000000,158539747330.000000,1194464.000000
185000,10,99543,0.600000,1.000000,0.611990,1.000000,0.000000,0,0.000000,184979.000000,1.000000,158539747330.000000,1194464.000000
185000,11,99545,0.600000,1.000000,0.698329,1.000000,0.000000,0,0.000000,184993.000000,1.000000,158539747330.000000,1194464.000000
185000,12,99547,0.600000,1.000000,0.659505,1.000000,0.000000,0,0.000000,184998.000000,1.000000,158539747330.000000,1194464.000000
185000,13,99545,0.600000,1.000000,0.704532,1.000000,0.000000,0,0.000000,184992.000000,1.000000,158539747330.000000,1194464.000000
185000,14,99542,0.600000,1.000000,0.725788,1.000000,0.000000,0,0.000000,184959.000000,1.000000,158539747330.000000,1194464.000000
185000,15,99543,0.600000,1.000000,0.519154,1.000000,0.000000,0,0.000000,184886.000000,1.000000,158539747330.000000,1194464.000000
186000,0,100085,0.600000,1.000000,0.722023,1.000000,0.000000,0,0.000000,185977.000000,1.000000,160262307941.000000,1601282.000000
186000,1,100086,0.600000,1.000000,0.666843,1.000000,0.000000,0,0.000000,185933.000000,1.000000,160262307941.000000,1601282.000000
186000,2,100074,0.600000,1.000000,0.477080,1.000000,0.000000,0,0.000000,185956.000000,1.000000,160262307941.000000,1601282.000000
186000,3,100086,0.600000,1.000000,0.643618,1.000000,0.000000,0,0.000000,185992.000000,1.000000,160262307941.000000,1601282.000000
186000,4,100084,0.600000,1.000000,0.615590,1.000000,0.000000,0,0.000000,185962.000000,1.000000,160262307941.000000,1601282.000000
186000,5,100088,0.600000,1.000000,0.749930,1.000000,0.000000,0,0.000000,185999.000000,1.000000,160262307941.000000,1601282.000000
186000,6,100086,0.600000,1.000000,0.679678,1.000000,0.000000,0,0.000000,185997.000000,1.000000,160262307941.000000,1601282.000000
186000,7,100078,0.600000,1.000000,0.546989,1.000000,0.000000,0,0.000000,185938.000000,1.000000,160262307941.000000,1601282.000000
186000,8,100089,0.600000,1.000000,0.645085,1.000000,0.000000,1,166340.000000,186000.000000,1.000000,160262307941.000000,1601282.000000
186000,9,100085,0.600000,1.000000,0.788915,1.000000,0.000000,0,0.000000,185988.000000,1.000000,160262307941.000000,1601282.000000
186000,10,100082,0.600000,1.000000,0.610105,1.000000,0.000000,0,0.000000,185971.000000,1.000000,160262307941.000000,1601282.000000
186000,11,100075,0.600000,1.000000,0.781472,1.000000,0.000000,0,0.000000,185866.000000,1.000000,160262307941.000000,1601282.000000
186000,12,100077,0.600000,1.000000,0.561677,1.000000,0.000000,0,0.000000,185883.000000,1.000000,160262307941.000000,1601282.000000
186000,13,100086,0.600000,1.000000,0.493881,1.000000,0.000000,0,0.000000,185955.000000,1.000000,160262307941.000000,1601282.000000
186000,14,100082,0.600000,1.000000,0.648595,1.000000,0.000000,0,0.000000,185597.000000,1.000000,160262307941.000000,1601282.000000
186000,15,100068,0.600000,1.000000,0.689140,1.000000,0.000000,0,0.000000,185699.000000,1.000000,160262307941.000000,1601282.000000
187000,0,100617,0.600000,1.000000,0.661342,1.000000,0.000000,0,0.000000,186834.000000,1.000000,161981296266.000000,2012386.000000
187000,1,100616,0.600000,1.000000,0.617914,1.000000,0.000000,0,0.000000,186898.000000,1.000000,161981296266.000000,2012386.000000
187000,2,100617,0.600000,1.000000,0.661261,1.000000,0.000000,0,0.000000,186990.000000,1.000000,161981296266.000000,2012386.000000
187000,3,100620,0.600000,1.000000,0.701691,1.000000,0.000000,0,0.000000,186906.000000,1.000000,161981296266.000000,2012386.000000
187000,4,100619,0.600000,1.000000,0.663381,1.000000,0.000000,0,0.000000,186942.000000,1.000000,161981296266.000000,2012386.000000
187000,5,100614,0.600000,1.000000,0.702582,1.000000,0.000000,0,0.000000,186750.000000,1.000000,161981296266.000000,2012386.000000
187000,6,100618,0.600000,1.000000,0.627751,1.000000,0.000000,0,0.000000,186991.000000,1.000000,161981296266.000000,2012386.000000
187000,7,100604,0.600000,1.000000,0.508234,1.000000,0.000000,0,0.000000,186843.000000,1.000000,161981296266.000000,2012386.000000
187000,8,100623,0.600000,1.000000,0.683729,1.000000,0.000000,0,0.000000,186998.000000,1.000000,161981296266.000000,2012386.000000
187000,9,100618,0.600000,1.000000,0.703489,1.000000,0.000000,0,0.000000,186992.000000,1.000000,161981296266.000000,2012386.000000
187000,10,100622,0.600000,1.000000,0.753829,1.000000,0.000000,1,168576.000000,187000.000000,1.000000,161981296266.000000,2012386.000000
187000,11,100621,0.600000,1.000000,0.709686,1.000000,0.000000,0,0.000000,186999.000000,1.000000,161981296266.000000,2012386.000000
187000,12,100614,0.600000,1.000000,0.582851,1.000000,0.000000,0,0.000000,186976.000000,1.000000,161981296266.000000,2012386.000000
187000,13,100618,0.600000,1.000000,0.635045,1.000000,0.000000,0,0.000000,186983.000000,1.000000,161981296266.000000,2012386.000000
187000,14,100621,0.600000,1.000000,0.536877,1.000000,0.000000,0,0.000000,186972.000000,1.000000,161981296266.000000,2012386.000000
187000,15,100614,0.600000,1.000000,0.703731,1.000000,0.000000,0,0.000000,186955.000000,1.000000,161981296266.000000,2012386.000000
188000,0,101164,0.600000,1.000000,0.668353,1.000000,0.000000,0,0.000000,187920.000000,1.000000,163738587901.000000,1416221.000000
188000,1,101164,0.600000,1.000000,0.734195,1.000000,0.000000,0,0.000000,187995.000000,1.000000,163738587901.000000,1416221.000000
188000,2,101155,0.600000,1.000000,0.549317,1.000000,0.000000,0,0.000000,187957.000000,1.000000,163738587901.000000,1416221.000000
188000,3,101164,0.600000,1.000000,0.728174,1.000000,0.000000,0,0.000000,187797.000000,1.000000,163738587901.000000,1416221.000000
188000,4,101164,0.600000,1.000000,0.741720,1.000000,0.000000,0,0.000000,187981.000000,1.000000,163738587901.000000,1416221.000000
188000,5,101159,0.600000,1.000000,0.717688,1.000000,0.000000,0,0.000000,187950.000000,1.000000,163738587901.000000,1416221.000000
188000,6,101164,0.600000,1.000000,0.765580,1.000000,0.000000,0,0.000000,187991.000000,1.000000,163738587901.000000,1416221.000000
188000,7,101161,0.600000,1.000000,0.624797,1.000000,0.000000,0,0.000000,187934.000000,1.000000,163738587901.000000,1416221.000000
188000,8,101164,0.600000,1.000000,0.660626,1.000000,0.000000,1,168020.000000,188000.000000,1.000000,163738587901.000000,1416221.000000
188000,9,101158,0.600000,1.000000,0.695843,1.000000,0.000000,0,0.000000,187961.000000,1.000000,163738587901.000000,1416221.000000
188000,10,101165,0.600000,1.000000,0.640464,1.000000,0.000000,0,0.000000,187876.000000,1.000000,163738587901.000000,1416221.000000
188000,11,101161,0.600000,1.000000,0.705614,1.000000,0.000000,0,0.000000,187978.000000,1.000000,163738587901.000000,1416221.000000
188000,12,101150,0.600000,1.000000,0.520374,1.000000,0.000000,0,0.000000,187902.000000,1.000000,163738587901.000000,1416221.000000
188000,13,101164,0.600000,1.000000,0.715157,1.000000,0.000000,0,0.000000,187963.000000,1.000000,163738587901.000000,1416221.000000
188000,14,101164,0.600000,1.000000,0.776808,1.000000,0.000000,0,0.000000,187999.000000,1.000000,163738587901.000000,1416221.000000
188000,15,101164,0.600000,1.000000,0.643621,1.000000,0.000000,0,0.000000,187985.000000,1.000000,163738587901.000000,1416221.000000
189000,0,101703,0.600000,1.000000,0.801084,1.000000,0.000000,0,0.000000,188997.000000,1.000000,165489901294.000000,2237427.000000
189000,1,101702,0.600000,1.000000,0.779932,1.000000,0.000000,0,0.000000,188989.000000,1.000000,165489901294.000000,2237427.000000
189000,2,101695,0.600000,1.000000,0.607255,1.000000,0.000000,0,0.000000,188758.000000,1.000000,165489901294.000000,2237427.000000
189000,3,101703,0.600000,1.000000,0.668191,1.000000,0.000000,0,0.000000,188985.000000,1.000000,165489901294.000000,2237427.000000
189000,4,101698,0.600000,1.000000,0.628915,1.000000,0.000000,0,0.000000,188842.000000,1.000000,165489901294.000000,2237427.000000
189000,5,101702,0.600000,1.000000,0.683537,1.000000,0.000000,0,0.000000,188966.000000,1.000000,165489901294.000000,2237427.000000
189000,6,101703,0.600000,1.000000,0.709807,1.000000,0.000000,1,169194.000000,189000.000000,1.000000,165489901294.000000,2237427.000000
189000,7,101702,0.600000,1.000000,0.585222,1.000000,0.000000,0,0.000000,188933.000000,1.000000,165489901294.000000,2237427.000000
189000,8,101702,0.600000,1.000000,0.731841,1.000000,0.000000,0,0.000000,188938.000000,1.000000,165489901294.000000,2237427.000000
189000,9,101698,0.600000,1.000000,0.632830,1.000000,0.000000,0,0.000000,188927.000000,1.000000,165489901294.000000,2237427.000000
189000,10,101701,0.600000,1.000000,0.674247,1.000000,0.000000,0,0.000000,188990.000000,1.000000,165489901294.000000,2237427.000000
189000,11,101702,0.600000,1.000000,0.660011,1.000000,0.000000,0,0.000000,188979.000000,1.000000,165489901294.000000,2237427.000000
189000,12,101701,0.600000,1.000000,0.683946,1.000000,0.000000,0,0.000000,188883.000000,1.000000,165489901294.000000,2237427.000000
189000,13,101702,0.600000,1.000000,0.670588,1.000000,0.000000,0,0.000000,188932.000000,1.000000,165489901294.000000,2237427.000000
189000,14,101702,0.600000,1.000000,0.677683,1.000000,0.000000,0,0.000000,188998.000000,1.000000,165489901294.000000,2237427.000000
189000,15,101702,0.600000,1.000000,0.755539,1.000000,0.000000,0,0.000000,188994.000000,1.000000,165489901294.000000,2237427.000000
190000,0,102236,0.600000,1.000000,0.670686,1.000000,0.000000,0,0.000000,189996.000000,1.000000,167225585255.000000,817850.000000
190000,1,102238,0.600000,1.000000,0.738129,1.000000,0.000000,1,170120.000000,190000.000000,1.000000,167225585255.000000,817850.000000
190000,2,102232,0.600000,1.000000,0.664104,1.000000,0.000000,0,0.000000,189987.000000,1.000000,167225585255.000000,817850.000000
190000,3,102237,0.600000,1.000000,0.713581,1.000000,0.000000,0,0.000000,189998.000000,1.000000,167225585255.000000,817850.000000
190000,4,102234,0.600000,1.000000,0.624997,1.000000,0.000000,0,0.000000,189995.000000,1.000000,167225585255.000000,817850.000000
190000,5,102232,0.600000,1.000000,0.600541,1.000000,0.000000,0,0.000000,189971.000000,1.000000,167225585255.000000,817850.000000
190000,6,102234,0.600000,1.000000,0.741729,1.000000,0.000000,0,0.000000,189914.000000,1.000000,167225585255.000000,817850.000000
190000,7,102224,0.600000,1.000000,0.711505,1.000000,0.000000,0,0.000000,189878.000000,1.000000,167225585255.000000,817850.000000
190000,8,102230,0.600000,1.000000,0.558058,1.000000,0.000000,0,0.000000,189936.000000,1.000000,167225585255.000000,817850.000000
190000,9,102234,0.600000,1.000000,0.603717,1.000000,0.000000,0,0.000000,189980.000000,1.000000,167225585255.000000,817850.000000
190000,10,102234,0.600000,1.000000,0.652240,1.000000,0.000000,0,0.000000,189993.000000,1.000000,167225585255.000000,817850.000000
190000,11,102231,0.600000,1.000000,0.640081,1.000000,0.000000,0,0.000000,189811.000000,1.000000,167225585255.000000,817850.000000
190000,12,102234,0.600000,1.000000,0.686489,1.000000,0.000000,0,0.000000,189952.000000,1.000000,167225585255.000000,817850.000000
190000,13,102235,0.600000,1.000000,0.698813,1.000000,0.000000,0,0.000000,189800.000000,1.000000,167225585255.000000,817850.000000
190000,14,102234,0.600000,1.000000,0.698550,1.000000,0.000000,0,0.000000,189962.000000,1.000000,167225585255.000000,817850.000000
190000,15,102230,0.600000,1.000000,0.561556,1.000000,0.000000,0,0.000000,189927.000000,1.000000,167225585255.000000,817850.000000
191000,0,102746,0.600000,1.000000,0.514594,1.000000,0.000000,0,0.000000,190711.000000,1.000000,168962102902.000000,1233136.000000
191000,1,102757,0.600000,1.000000,0.528778,1.000000,0.000000,0,0.000000,190870.000000,1.000000,168962102902.000000,1233136.000000
191000,2,102765,0.600000,1.000000,0.553729,1.000000,0.000000,0,0.000000,190959.000000,1.000000,168962102902.000000,1233136.000000
191000,3,102765,0.600000,1.000000,0.650160,1.000000,0.000000,0,0.000000,190993.000000,1.000000,168962102902.000000,1233136.000000
191000,4,102765,0.600000,1.000000,0.717358,1.000000,0.000000,0,0.000000,190998.000000,1.000000,168962102902.000000,1233136.000000
191000,5,102764,0.600000,1.000000,0.709978,1.000000,0.000000,0,0.000000,190971.000000,1.000000,168962102902.000000,1233136.000000
191000,6,102766,0.600000,1.000000,0.749099,1.000000,0.000000,0,0.000000,190999.000000,1.000000,168962102902.000000,1233136.000000
191000,7,102765,0.600000,1.000000,0.687178,1.000000,0.000000,0,0.000000,190956.000000,1.000000,168962102902.000000,1233136.000000
191000,8,102758,0.600000,1.000000,0.512971,1.000000,0.000000,0,0.000000,190933.000000,1.000000,168962102902.000000,1233136.000000
191000,9,102766,0.600000,1.000000,0.685357,1.000000,0.000000,1,171326.000000,191000.000000,1.000000,168962102902.000000,1233136.000000
191000,10,102765,0.600000,1.000000,0.667405,1.000000,0.000000,0,0.000000,190948.000000,1.000000,168962102902.000000,1233136.000000
191000,11,102766,0.600000,1.000000,0.579961,1.000000,0.000000,0,0.000000,190995.000000,1.000000,168962102902.000000,1233136.000000
191000,12,102763,0.600000,1.000000,0.600776,1.000000,0.000000,0,0.000000,190981.000000,1.000000,168962102902.000000,1233136.000000
191000,13,102765,0.600000,1.000000,0.717527,1.000000,0.000000,0,0.000000,190997.000000,1.000000,168962102902.000000,1233136.000000
191000,14,102761,0.600000,1.000000,0.693672,1.000000,0.000000,0,0.000000,190873.000000,1.000000,168962102902.000000,1233136.000000
191000,15,102763,0.600000,1.000000,0.585744,1.000000,0.000000,0,0.000000,190967.000000,1.000000,168962102902.000000,1233136.000000
192000,0,103296,0.600000,1.000000,0.728781,1.000000,0.000000,0,0.000000,191994.000000,1.000000,170719158723.000000,1032935.000000
192000,1,103291,0.600000,1.000000,0.526062,1.000000,0.000000,0,0.000000,191860.000000,1.000000,170719158723.000000,1032935.000000
192000,2,103286,0.600000,1.000000,0.587798,1.000000,0.000000,0,0.000000,191852.000000,1.000000,170719158723.000000,1032935.000000
192000,3,103298,0.600000,1.000000,0.785269,1.000000,0.000000,0,0.000000,191985.000000,1.000000,170719158723.000000,1032935.000000
192000,4,103296,0.600000,1.000000,0.522750,1.000000,0.000000,0,0.000000,191894.000000,1.000000,170719158723.000000,1032935.000000
192000,5,103299,0.600000,1.000000,0.763528,1.000000,0.000000,0,0.000000,191982.000000,1.000000,170719158723.000000,1032935.000000
192000,6,103295,0.600000,1.000000,0.584863,1.000000,0.000000,0,0.000000,191951.000000,1.000000,170719158723.000000,1032935.000000
192000,7,103298,0.600000,1.000000,0.791354,1.000000,0.000000,0,0.000000,191990.000000,1.000000,170719158723.000000,1032935.000000
192000,8,103298,0.600000,1.000000,0.633632,1.000000,0.000000,0,0.000000,191968.000000,1.000000,170719158723.000000,1032935.000000
192000,9,103299,0.600000,1.000000,0.651094,1.000000,0.000000,1,172180.000000,192000.000000,1.000000,170719158723.000000,1032935.000000
192000,10,103298,0.600000,1.000000,0.775772,1.000000,0.000000,0,0.000000,191998.000000,1.000000,170719158723.000000,1032935.000000
192000,11,103292,0.600000,1.000000,0.607201,1.000000,0.000000,0,0.000000,191973.000000,1.000000,170719158723.000000,1032935.000000
192000,12,103297,0.600000,1.000000,0.651511,1.000000,0.000000,0,0.000000,191997.000000,1.000000,170719158723.000000,1032935.000000
192000,13,103297,0.600000,1.000000,0.580072,1.000000,0.000000,0,0.000000,191969.000000,1.000000,170719158723.000000,1032935.000000
192000,14,103292,0.600000,1.000000,0.597048,1.000000,0.000000,0,0.000000,191965.000000,1.000000,170719158723.000000,1032935.000000
192000,15,103295,0.600000,1.000000,0.676007,1.000000,0.000000,0,0.000000,191934.000000,1.000000,170719158723.000000,1032935.000000
193000,0,103829,0.600000,1.000000,0.522134,1.000000,0.000000,0,0.000000,192956.000000,1.000000,172483019869.000000,1038259.000000
193000,1,103830,0.600000,1.000000,0.620193,1.000000,0.000000,0,0.000000,192945.000000,1.000000,172483019869.000000,1038259.000000
193000,2,103823,0.600000,1.000000,0.616597,1.000000,0.000000,0,0.000000,192947.000000,1.000000,172483019869.000000,1038259.000000
193000,3,103833,0.600000,1.000000,0.719019,1.000000,0.000000,0,0.000000,192994.000000,1.000000,172483019869.000000,1038259.000000
193000,4,103825,0.600000,1.000000,0.668527,1.000000,0.000000,0,0.000000,192659.000000,1.000000,172483019869.000000,1038259.000000
193000,5,103834,0.600000,1.000000,0.705093,1.000000,0.000000,0,0.000000,192997.000000,1.000000,172483019869.000000,1038259.000000
193000,6,103830,0.600000,1.000000,0.700949,1.000000,0.000000,0,0.000000,192973.000000,1.000000,172483019869.000000,1038259.000000
193000,7,103810,0.600000,1.000000,0.652561,1.000000,0.000000,0,0.000000,192129.000000,1.000000,172483019869.000000,1038259.000000
193000,8,103834,0.600000,1.000000,0.716323,1.000000,0.000000,0,0.000000,192933.000000,1.000000,172483019869.000000,1038259.000000
193000,9,103818,0.600000,1.000000,0.533143,1.000000,0.000000,0,0.000000,192821.000000,1.000000,172483019869.000000,1038259.000000
193000,10,103833,0.600000,1.000000,0.713094,1.000000,0.000000,0,0.000000,192986.000000,1.000000,172483019869.000000,1038259.000000
193000,11,103832,0.600000,1.000000,0.671615,1.000000,0.000000,0,0.000000,192958.000000,1.000000,172483019869.000000,1038259.000000
193000,12,103832,0.600000,1.000000,0.619791,1.000000,0.000000,0,0.000000,192924.000000,1.000000,172483019869.000000,1038259.000000
193000,13,103816,0.600000,1.000000,0.575863,1.000000,0.000000,0,0.000000,192046.000000,1.000000,172483019869.000000,1038259.000000
193000,14,103834,0.600000,1.000000,0.730368,1.000000,0.000000,1,173801.000000,193000.000000,1.000000,172483019869.000000,1038259.000000
193000,15,103830,0.600000,1.000000,0.716467,1.000000,0.000000,0,0.000000,192929.000000,1.000000,172483019869.000000,1038259.000000
194000,0,104357,0.600000,1.000000,0.641540,1.000000,0.000000,0,0.000000,193989.000000,1.000000,174235699838.000000,1878337.000000
194000,1,104355,0.600000,1.000000,0.572750,1.000000,0.000000,0,0.000000,193984.000000,1.000000,174235699838.000000,1878337.000000
194000,2,104357,0.600000,1.000000,0.665684,1.000000,0.000000,0,0.000000,193906.000000,1.000000,174235699838.000000,1878337.000000
194000,3,104357,0.600000,1.000000,0.742403,1.000000,0.000000,0,0.000000,193999.000000,1.000000,174235699838.000000,1878337.000000
194000,4,104354,0.600000,1.000000,0.600760,1.000000,0.000000,0,0.000000,193850.000000,1.000000,174235699838.000000,1878337.000000
194000,5,104353,0.600000,1.000000,0.491951,1.000000,0.000000,0,0.000000,193883.000000,1.000000,174235699838.000000,1878337.000000
194000,6,104357,0.600000,1.000000,0.640981,1.000000,0.000000,1,173624.000000,194000.000000,1.000000,174235699838.000000,1878337.000000
194000,7,104350,0.600000,1.000000,0.635853,1.000000,0.000000,0,0.000000,193959.000000,1.000000,174235699838.000000,1878337.000000
194000,8,104350,0.600000,1.000000,0.566479,1.000000,0.000000,0,0.000000,193956.000000,1.000000,174235699838.000000,1878337.000000
194000,9,104351,0.600000,1.000000,0.690247,1.000000,0.000000,0,0.000000,193969.000000,1.000000,174235699838.000000,1878337.000000
194000,10,104344,0.600000,1.000000,0.642176,1.000000,0.000000,0,0.000000,193569.000000,1.000000,174235699838.000000,1878337.000000
194000,11,104356,0.600000,1.000000,0.669086,1.000000,0.000000,0,0.000000,193991.000000,1.000000,174235699838.000000,1878337.000000
194000,12,104357,0.600000,1.000000,0.675711,1.000000,0.000000,0,0.000000,193940.000000,1.000000,174235699838.000000,1878337.000000
194000,13,104355,0.600000,1.000000,0.622170,1.000000,0.000000,0,0.000000,193990.000000,1.000000,174235699838.000000,1878337.000000
194000,14,104356,0.600000,1.000000,0.599065,1.000000,0.000000,0,0.000000,193911.000000,1.000000,174235699838.000000,1878337.000000
194000,15,104353,0.600000,1.000000,0.530136,1.000000,0.000000,0,0.000000,193925.000000,1.000000,174235699838.000000,1878337.000000
195000,0,104891,0.600000,1.000000,0.588344,1.000000,0.000000,0,0.000000,194935.000000,1.000000,176040034103.000000,1678314.000000
195000,1,104882,0.600000,1.000000,0.619553,1.000000,0.000000,0,0.000000,194889.000000,1.000000,176040034103.000000,1678314.000000
195000,2,104895,0.600000,1.000000,0.640435,1.000000,0.000000,0,0.000000,194969.000000,1.000000,176040034103.000000,1678314.000000
195000,3,104886,0.600000,1.000000,0.615153,1.000000,0.000000,0,0.000000,194950.000000,1.000000,176040034103.000000,1678314.000000
195000,4,104897,0.600000,1.000000,0.769875,1.000000,0.000000,0,0.000000,194995.000000,1.000000,176040034103.000000,1678314.000000
195000,5,104897,0.600000,1.000000,0.758541,1.000000,0.000000,1,174821.000000,195000.000000,1.000000,176040034103.000000,1678314.000000
195000,6,104892,0.600000,1.000000,0.613269,1.000000,0.000000,0,0.000000,194978.000000,1.000000,176040034103.000000,1678314.000000
195000,7,104892,0.600000,1.000000,0.670448,1.000000,0.000000,0,0.000000,194902.000000,1.000000,176040034103.000000,1678314.000000
195000,8,104896,0.600000,1.000000,0.665217,1.000000,0.000000,0,0.000000,194968.000000,1.000000,176040034103.000000,1678314.000000
195000,9,104890,0.600000,1.000000,0.683146,1.000000,0.000000,0,0.000000,194860.000000,1.000000,176040034103.000000,1678314.000000
195000,10,104897,0.600000,1.000000,0.787229,1.000000,0.000000,0,0.000000,194999.000000,1.000000,176040034103.000000,1678314.000000
195000,11,104895,0.600000,1.000000,0.653026,1.000000,0.000000,0,0.000000,194990.000000,1.000000,176040034103.000000,1678314.000000
195000,12,104894,0.600000,1.000000,0.686186,1.000000,0.000000,0,0.000000,194948.000000,1.000000,176040034103.000000,1678314.000000
195000,13,104890,0.600000,1.000000,0.622441,1.000000,0.000000,0,0.000000,194984.000000,1.000000,176040034103.000000,1678314.000000
195000,14,104897,0.600000,1.000000,0.646881,1.000000,0.000000,0,0.000000,194973.000000,1.000000,176040034103.000000,1678314.000000
195000,15,104894,0.600000,1.000000,0.574627,1.000000,0.000000,0,0.000000,194974.000000,1.000000,176040034103.000000,1678314.000000
196000,0,105431,0.600000,1.000000,0.556144,1.000000,0.000000,0,0.000000,195933.000000,1.000000,177857036548.000000,1476023.000000
196000,1,105433,0.600000,1.000000,0.698593,1.000000,0.000000,0,0.000000,195953.000000,1.000000,177857036548.000000,1476023.000000
196000,2,105429,0.600000,1.000000,0.528902,1.000000,0.000000,0,0.000000,195943.000000,1.000000,177857036548.000000,1476023.000000
196000,3,105436,0.600000,1.000000,0.709742,1.000000,0.000000,0,0.000000,195972.000000,1.000000,177857036548.000000,1476023.000000
196000,4,105436,0.600000,1.000000,0.697076,1.000000,0.000000,0,0.000000,195999.000000,1.000000,177857036548.000000,1476023.000000
196000,5,105430,0.600000,1.000000,0.566866,1.000000,0.000000,0,0.000000,195950.000000,1.000000,177857036548.000000,1476023.000000
196000,6,105437,0.600000,1.000000,0.724874,1.000000,0.000000,1,175438.000000,196000.000000,1.000000,177857036548.000000,1476023.000000
196000,7,105433,0.600000,1.000000,0.639380,1.000000,0.000000,0,0.000000,195985.000000,1.000000,177857036548.000000,1476023.000000
196000,8,105435,0.600000,1.000000,0.689182,1.000000,0.000000,0,0.000000,195992.000000,1.000000,177857036548.000000,1476023.000000
196000,9,105434,0.600000,1.000000,0.759913,1.000000,0.000000,0,0.000000,195893.000000,1.000000,177857036548.000000,1476023.000000
196000,10,105426,0.600000,1.000000,0.619456,1.000000,0.000000,0,0.000000,195816.000000,1.000000,177857036548.000000,1476023.000000
196000,11,105430,0.600000,1.000000,0.531270,1.000000,0.000000,0,0.000000,195932.000000,1.000000,177857036548.000000,1476023.000000
196000,12,105434,0.600000,1.000000,0.731487,1.000000,0.000000,0,0.000000,195977.000000,1.000000,177857036548.000000,1476023.000000
196000,13,105427,0.600000,1.000000,0.563777,1.000000,0.000000,0,0.000000,195773.000000,1.000000,177857036548.000000,1476023.000000
196000,14,105436,0.600000,1.000000,0.688608,1.000000,0.000000,0,0.000000,195997.000000,1.000000,177857036548.000000,1476023.000000
196000,15,105437,0.600000,1.000000,0.694268,1.000000,0.000000,0,0.000000,195901.000000,1.000000,177857036548.000000,1476023.000000
197000,0,105950,0.600000,1.000000,0.615710,1.000000,0.000000,0,0.000000,196761.000000,1.000000,179654756888.000000,1695378.000000
197000,1,105960,0.600000,1.000000,0.624275,1.000000,0.000000,0,0.000000,196877.000000,1.000000,179654756888.000000,1695378.000000
197000,2,105967,0.600000,1.000000,0.560885,1.000000,0.000000,0,0.000000,196940.000000,1.000000,179654756888.000000,1695378.000000
197000,3,105968,0.600000,1.000000,0.683884,1.000000,0.000000,0,0.000000,196989.000000,1.000000,179654756888.000000,1695378.000000
197000,4,105960,0.600000,1.000000,0.770325,1.000000,0.000000,0,0.000000,196824.000000,1.000000,179654756888.000000,1695378.000000
197000,5,105972,0.600000,1.000000,0.675809,1.000000,0.000000,1,176691.000000,197000.000000,1.000000,179654756888.000000,1695378.000000
197000,6,105969,0.600000,1.000000,0.731322,1.000000,0.000000,0,0.000000,196995.000000,1.000000,179654756888.000000,1695378.000000
197000,7,105964,0.600000,1.000000,0.773845,1.000000,0.000000,0,0.000000,196792.000000,1.000000,179654756888.000000,1695378.000000
197000,8,105963,0.600000,1.000000,0.612398,1.000000,0.000000,0,0.000000,196751.000000,1.000000,179654756888.000000,1695378.000000
197000,9,105961,0.600000,1.000000,0.581107,1.000000,0.000000,0,0.000000,196572.000000,1.000000,179654756888.000000,1695378.000000
197000,10,105966,0.600000,1.000000,0.595244,1.000000,0.000000,0,0.000000,196905.000000,1.000000,179654756888.000000,1695378.000000
197000,11,105967,0.600000,1.000000,0.660080,1.000000,0.000000,0,0.000000,196964.000000,1.000000,179654756888.000000,1695378.000000
197000,12,105959,0.600000,1.000000,0.608666,1.000000,0.000000,0,0.000000,196959.000000,1.000000,179654756888.000000,1695378.000000
197000,13,105964,0.600000,1.000000,0.597966,1.000000,0.000000,0,0.000000,196970.000000,1.000000,179654756888.000000,1695378.000000
197000,14,105969,0.600000,1.000000,0.698516,1.000000,0.000000,0,0.000000,196998.000000,1.000000,179654756888.000000,1695378.000000
197000,15,105969,0.600000,1.000000,0.663425,1.000000,0.000000,0,0.000000,196988.000000,1.000000,179654756888.000000,1695378.000000
198000,0,106500,0.600000,1.000000,0.591200,1.000000,0.000000,0,0.000000,197913.000000,1.000000,181480047357.000000,213005.000000
198000,1,106503,0.600000,1.000000,0.670442,1.000000,0.000000,0,0.000000,197985.000000,1.000000,181480047357.000000,213005.000000
198000,2,106501,0.600000,1.000000,0.674866,1.000000,0.000000,0,0.000000,197847.000000,1.000000,181480047357.000000,213005.000000
198000,3,106503,0.600000,1.000000,0.728708,1.000000,0.000000,0,0.000000,197981.000000,1.000000,181480047357.000000,213005.000000
198000,4,106488,0.600000,1.000000,0.649029,1.000000,0.000000,0,0.000000,197655.000000,1.000000,181480047357.000000,213005.000000
198000,5,106499,0.600000,1.000000,0.651147,1.000000,0.000000,0,0.000000,197980.000000,1.000000,181480047357.000000,213005.000000
198000,6,106503,0.600000,1.000000,0.653096,1.000000,0.000000,0,0.000000,197993.000000,1.000000,181480047357.000000,213005.000000
198000,7,106502,0.600000,1.000000,0.515840,1.000000,0.000000,0,0.000000,197982.000000,1.000000,181480047357.000000,213005.000000
198000,8,106505,0.600000,1.000000,0.696782,1.000000,0.000000,0,0.000000,197998.000000,1.000000,181480047357.000000,213005.000000
198000,9,106504,0.600000,1.000000,0.716351,1.000000,0.000000,0,0.000000,197972.000000,1.000000,181480047357.000000,213005.000000
198000,10,106504,0.600000,1.000000,0.736463,1.000000,0.000000,0,0.000000,197999.000000,1.000000,181480047357.000000,213005.000000
198000,11,106503,0.600000,1.000000,0.672333,1.000000,0.000000,0,0.000000,197930.000000,1.000000,181480047357.000000,213005.000000
198000,12,106492,0.600000,1.000000,0.514792,1.000000,0.000000,0,0.000000,197756.000000,1.000000,181480047357.000000,213005.000000
198000,13,106504,0.600000,1.000000,0.534949,1.000000,0.000000,0,0.000000,197973.000000,1.000000,181480047357.000000,213005.000000
198000,14,106503,0.600000,1.000000,0.593181,1.000000,0.000000,0,0.000000,197986.000000,1.000000,181480047357.000000,213005.000000
198000,15,106505,0.600000,1.000000,0.617430,1.000000,0.000000,1,176467.000000,198000.000000,1.000000,181480047357.000000,213005.000000
199000,0,107046,0.600000,1.000000,0.687139,1.000000,0.000000,1,178028.000000,199000.000000,1.000000,183320343515.000000,1926739.000000
199000,1,107034,0.600000,1.000000,0.491212,1.000000,0.000000,0,0.000000,198946.000000,1.000000,183320343515.000000,1926739.000000
199000,2,107041,0.600000,1.000000,0.662688,1.000000,0.000000,0,0.000000,198994.000000,1.000000,183320343515.000000,1926739.000000
199000,3,107036,0.600000,1.000000,0.649000,1.000000,0.000000,0,0.000000,198880.000000,1.000000,183320343515.000000,1926739.000000
199000,4,107039,0.600000,1.000000,0.702722,1.000000,0.000000,0,0.000000,198983.000000,1.000000,183320343515.000000,1926739.000000
199000,5,107043,0.600000,1.000000,0.751850,1.000000,0.000000,0,0.000000,198988.000000,1.000000,183320343515.000000,1926739.000000
199000,6,107039,0.600000,1.000000,0.658887,1.000000,0.000000,0,0.000000,198986.000000,1.000000,183320343515.000000,1926739.000000
199000,7,107035,0.600000,1.000000,0.544244,1.000000,0.000000,0,0.000000,198916.000000,1.000000,183320343515.000000,1926739.000000
199000,8,107041,0.600000,1.000000,0.707334,1.000000,0.000000,0,0.000000,198972.000000,1.000000,183320343515.000000,1926739.000000
199000,9,107042,0.600000,1.000000,0.727368,1.000000,0.000000,0,0.000000,198997.000000,1.000000,183320343515.000000,1926739.000000
199000,10,107042,0.600000,1.000000,0.627816,1.000000,0.000000,0,0.000000,198918.000000,1.000000,183320343515.000000,1926739.000000
199000,11,107037,0.600000,1.000000,0.594185,1.000000,0.000000,0,0.000000,198906.000000,1.000000,183320343515.000000,1926739.000000
199000,12,107043,0.600000,1.000000,0.766769,1.000000,0.000000,0,0.000000,198998.000000,1.000000,183320343515.000000,1926739.000000
199000,13,107041,0.600000,1.000000,0.690935,1.000000,0.000000,0,0.000000,198950.000000,1.000000,183320343515.000000,1926739.000000
199000,14,107039,0.600000,1.000000,0.549142,1.000000,0.000000,0,0.000000,198960.000000,1.000000,183320343515.000000,1926739.000000
199000,15,107039,0.600000,1.000000,0.750645,1.000000,0.000000,0,0.000000,198981.000000,1.000000,183320343515.000000,1926739.000000
200000,0,107578,0.600000,1.000000,0.728216,1.000000,0.000000,0,0.000000,199982.000000,1.000000,185154002881.000000,1936327.000000
200000,1,107580,0.600000,1.000000,0.686134,1.000000,0.000000,0,0.000000,199986.000000,1.000000,185154002881.000000,1936327.000000
200000,2,107563,0.600000,1.000000,0.591556,1.000000,0.000000,0,0.000000,199714.000000,1.000000,185154002881.000000,1936327.000000
200000,3,107562,0.600000,1.000000,0.585103,1.000000,0.000000,0,0.000000,199631.000000,1.000000,185154002881.000000,1936327.000000
200000,4,107573,0.600000,1.000000,0.568877,1.000000,0.000000,0,0.000000,199832.000000,1.000000,185154002881.000000,1936327.000000
200000,5,107577,0.600000,1.000000,0.642537,1.000000,0.000000,0,0.000000,199984.000000,1.000000,185154002881.000000,1936327.000000
200000,6,107577,0.600000,1.000000,0.582206,1.000000,0.000000,0,0.000000,199991.000000,1.000000,185154002881.000000,1936327.000000
200000,7,107574,0.600000,1.000000,0.598830,1.000000,0.000000,0,0.000000,199892.000000,1.000000,185154002881.000000,1936327.000000
200000,8,107578,0.600000,1.000000,0.671296,1.000000,0.000000,0,0.000000,199992.000000,1.000000,185154002881.000000,1936327.000000
200000,9,107576,0.600000,1.000000,0.611314,1.000000,0.000000,0,0.000000,199970.000000,1.000000,185154002881.000000,1936327.000000
200000,10,107581,0.600000,1.000000,0.834970,1.000000,0.000000,1,180088.000000,200000.000000,1.000000,185154002881.000000,1936327.000000
200000,11,107567,0.600000,1.000000,0.466050,1.000000,0.000000,0,0.000000,199861.000000,1.000000,185154002881.000000,1936327.000000
200000,12,107561,0.600000,1.000000,0.530537,1.000000,0.000000,0,0.000000,199760.000000,1.000000,185154002881.000000,1936327.000000
200000,13,107581,0.600000,1.000000,0.797681,1.000000,0.000000,0,0.000000,199999.000000,1.000000,185154002881.000000,1936327.000000
200000,14,107573,0.600000,1.000000,0.526710,1.000000,0.000000,0,0.000000,199902.000000,1.000000,185154002881.000000,1936327.000000
200000,15,107580,0.600000,1.000000,0.771278,1.000000,0.000000,0,0.000000,199996.000000,1.000000,185154002881.000000,1936327.000000
201000,0,108113,0.600000,1.000000,0.565953,1.000000,0.000000,0,0.000000,200679.000000,1.000000,187011272834.000000,2810899.000000
201000,1,108113,0.600000,1.000000,0.629340,1.000000,0.000000,0,0.000000,200999.000000,1.000000,187011272834.000000,2810899.000000
201000,2,108109,0.600000,1.000000,0.701156,1.000000,0.000000,0,0.000000,200898.000000,1.000000,187011272834.000000,2810899.000000
201000,3,108115,0.600000,1.000000,0.629862,1.000000,0.000000,0,0.000000,200976.000000,1.000000,187011272834.000000,2810899.000000
201000,4,108109,0.600000,1.000000,0.570228,1.000000,0.000000,0,0.000000,200951.000000,1.000000,187011272834.000000,2810899.000000
201000,5,108113,0.600000,1.000000,0.580776,1.000000,0.000000,0,0.000000,200979.000000,1.000000,187011272834.000000,2810899.000000
201000,6,108112,0.600000,1.000000,0.667241,1.000000,0.000000,0,0.000000,200974.000000,1.000000,187011272834.000000,2810899.000000
201000,7,108113,0.600000,1.000000,0.691472,1.000000,0.000000,0,0.000000,200992.000000,1.000000,187011272834.000000,2810899.000000
201000,8,108109,0.600000,1.000000,0.532109,1.000000,0.000000,0,0.000000,200964.000000,1.000000,187011272834.000000,2810899.000000
201000,9,108113,0.600000,1.000000,0.653853,1.000000,0.000000,0,0.000000,200968.000000,1.000000,187011272834.000000,2810899.000000
201000,10,108114,0.600000,1.000000,0.732337,1.000000,0.000000,0,0.000000,200998.000000,1.000000,187011272834.000000,2810899.000000
201000,11,108112,0.600000,1.000000,0.627985,1.000000,0.000000,0,0.000000,200983.000000,1.000000,187011272834.000000,2810899.000000
201000,12,108104,0.600000,1.000000,0.653270,1.000000,0.000000,0,0.000000,200847.000000,1.000000,187011272834.000000,2810899.000000
201000,13,108114,0.600000,1.000000,0.799089,1.000000,0.000000,0,0.000000,200966.000000,1.000000,187011272834.000000,2810899.000000
201000,14,108116,0.600000,1.000000,0.580781,1.000000,0.000000,1,180668.000000,201000.000000,1.000000,187011272834.000000,2810899.000000
201000,15,108113,0.600000,1.000000,0.670489,1.000000,0.000000,0,0.000000,200784.000000,1.000000,187011272834.000000,2810899.000000
202000,0,108642,0.600000,1.000000,0.555430,1.000000,0.000000,0,0.000000,201878.000000,1.000000,188878029530.000000,1303814.000000
202000,1,108652,0.600000,1.000000,0.594507,1.000000,0.000000,0,0.000000,201870.000000,1.000000,188878029530.000000,1303814.000000
202000,2,108646,0.600000,1.000000,0.601064,1.000000,0.000000,0,0.000000,201857.000000,1.000000,188878029530.000000,1303814.000000
202000,3,108649,0.600000,1.000000,0.728909,1.000000,0.000000,0,0.000000,201954.000000,1.000000,188878029530.000000,1303814.000000
202000,4,108651,0.600000,1.000000,0.751640,1.000000,0.000000,0,0.000000,201991.000000,1.000000,188878029530.000000,1303814.000000
202000,5,108654,0.600000,1.000000,0.633683,1.000000,0.000000,0,0.000000,201988.000000,1.000000,188878029530.000000,1303814.000000
202000,6,108646,0.600000,1.000000,0.580806,1.000000,0.000000,0,0.000000,201838.000000,1.000000,188878029530.000000,1303814.000000
202000,7,108648,0.600000,1.000000,0.622530,1.000000,0.000000,0,0.000000,201975.000000,1.000000,188878029530.000000,1303814.000000
202000,8,108652,0.600000,1.000000,0.720404,1.000000,0.000000,0,0.000000,201987.000000,1.000000,188878029530.000000,1303814.000000
202000,9,108655,0.600000,1.000000,0.755893,1.000000,0.000000,0,0.000000,201999.000000,1.000000,188878029530.000000,1303814.000000
202000,10,108655,0.600000,1.000000,0.728827,1.000000,0.000000,1,181861.000000,202000.000000,1.000000,188878029530.000000,1303814.000000
202000,11,108655,0.600000,1.000000,0.711290,1.000000,0.000000,0,0.000000,201861.000000,1.000000,188878029530.000000,1303814.000000
202000,12,108654,0.600000,1.000000,0.822989,1.000000,0.000000,0,0.000000,201998.000000,1.000000,188878029530.000000,1303814.000000
202000,13,108640,0.600000,1.000000,0.477134,1.000000,0.000000,0,0.000000,201917.000000,1.000000,188878029530.000000,1303814.000000
202000,14,108652,0.600000,1.000000,0.671957,1.000000,0.000000,0,0.000000,201853.000000,1.000000,188878029530.000000,1303814.000000
202000,15,108653,0.600000,1.000000,0.661668,1.000000,0.000000,0,0.000000,201990.000000,1.000000,188878029530.000000,1303814.000000
203000,0,109149,0.600000,1.000000,0.606671,1.000000,0.000000,0,0.000000,202677.000000,1.000000,190712568114.000000,2401873.000000
203000,1,109179,0.600000,1.000000,0.745672,1.000000,0.000000,0,0.000000,202890.000000,1.000000,190712568114.000000,2401873.000000
203000,2,109175,0.600000,1.000000,0.642195,1.000000,0.000000,0,0.000000,202833.000000,1.000000,190712568114.000000,2401873.000000
203000,3,109181,0.600000,1.000000,0.661696,1.000000,0.000000,0,0.000000,202998.000000,1.000000,190712568114.000000,2401873.000000
203000,4,109179,0.600000,1.000000,0.514181,1.000000,0.000000,0,0.000000,202879.000000,1.000000,190712568114.000000,2401873.000000
203000,5,109180,0.600000,1.000000,0.737676,1.000000,0.000000,0,0.000000,202999.000000,1.000000,190712568114.000000,2401873.000000
203000,6,109181,0.600000,1.000000,0.574223,1.000000,0.000000,0,0.000000,202992.000000,1.000000,190712568114.000000,2401873.000000
203000,7,109176,0.600000,1.000000,0.575641,1.000000,0.000000,0,0.000000,202973.000000,1.000000,190712568114.000000,2401873.000000
203000,8,109179,0.600000,1.000000,0.558088,1.000000,0.000000,0,0.000000,202971.000000,1.000000,190712568114.000000,2401873.000000
203000,9,109179,0.600000,1.000000,0.675526,1.000000,0.000000,0,0.000000,202954.000000,1.000000,190712568114.000000,2401873.000000
203000,10,109179,0.600000,1.000000,0.640470,1.000000,0.000000,0,0.000000,202844.000000,1.000000,190712568114.000000,2401873.000000
203000,11,109181,0.600000,1.000000,0.594409,1.000000,0.000000,0,0.000000,202997.000000,1.000000,190712568114.000000,2401873.000000
203000,12,109180,0.600000,1.000000,0.666976,1.000000,0.000000,1,181446.000000,203000.000000,1.000000,190712568114.000000,2401873.000000
203000,13,109168,0.600000,1.000000,0.476013,1.000000,0.000000,0,0.000000,202913.000000,1.000000,190712568114.000000,2401873.000000
203000,14,109180,0.600000,1.000000,0.710719,1.000000,0.000000,0,0.000000,202996.000000,1.000000,190712568114.000000,2401873.000000
203000,15,109180,0.600000,1.000000,0.677889,1.000000,0.000000,0,0.000000,202995.000000,1.000000,190712568114.000000,2401873.000000
204000,0,109733,0.600000,1.000000,0.791161,1.000000,0.000000,0,0.000000,203997.000000,1.000000,192644841461.000000,3072398.000000
204000,1,109733,0.600000,1.000000,0.791429,1.000000,0.000000,1,182567.000000,204000.000000,1.000000,192644841461.000000,3072398.000000
204000,2,109730,0.600000,1.000000,0.697127,1.000000,0.000000,0,0.000000,203986.000000,1.000000,192644841461.000000,3072398.000000
204000,3,109733,0.600000,1.000000,0.622055,1.000000,0.000000,0,0.000000,203954.000000,1.000000,192644841461.000000,3072398.000000
204000,4,109726,0.600000,1.000000,0.550789,1.000000,0.000000,0,0.000000,203893.000000,1.000000,192644841461.000000,3072398.000000
204000,5,109731,0.600000,1.000000,0.640354,1.000000,0.000000,0,0.000000,203970.000000,1.000000,192644841461.000000,3072398.000000
204000,6,109721,0.600000,1.000000,0.592309,1.000000,0.000000,0,0.000000,203821.000000,1.000000,192644841461.000000,3072398.000000
204000,7,109732,0.600000,1.000000,0.615970,1.000000,0.000000,0,0.000000,203982.000000,1.000000,192644841461.000000,3072398.000000
204000,8,109719,0.600000,1.000000,0.605658,1.000000,0.000000,0,0.000000,203864.000000,1.000000,192644841461.000000,3072398.000000
204000,9,109733,0.600000,1.000000,0.708107,1.000000,0.000000,0,0.000000,203998.000000,1.000000,192644841461.000000,3072398.000000
204000,10,109719,0.600000,1.000000,0.632017,1.000000,0.000000,0,0.000000,203832.000000,1.000000,192644841461.000000,3072398.000000
204000,11,109724,0.600000,1.000000,0.609590,1.000000,0.000000,0,0.000000,203878.000000,1.000000,192644841461.000000,3072398.000000
204000,12,109734,0.600000,1.000000,0.773213,1.000000,0.000000,0,0.000000,203995.000000,1.000000,192644841461.000000,3072398.000000
204000,13,109733,0.600000,1.000000,0.648517,1.000000,0.000000,0,0.000000,203976.000000,1.000000,192644841461.000000,3072398.000000
204000,14,109728,0.600000,1.000000,0.664555,1.000000,0.000000,0,0.000000,203968.000000,1.000000,192644841461.000000,3072398.000000
204000,15,109724,0.600000,1.000000,0.537751,1.000000,0.000000,0,0.000000,203942.000000,1.000000,192644841461.000000,3072398.000000
205000,0,110274,0.600000,1.000000,0.704685,1.000000,0.000000,0,0.000000,204963.000000,1.000000,194550904975.000000,2425941.000000
205000,1,110272,0.600000,1.000000,0.709448,1.000000,0.000000,0,0.000000,204990.000000,1.000000,194550904975.000000,2425941.000000
205000,2,110272,0.600000,1.000000,0.561967,1.000000,0.000000,0,0.000000,204954.000000,1.000000,194550904975.000000,2425941.000000
205000,3,110275,0.600000,1.000000,0.820100,1.000000,0.000000,1,183780.000000,205000.000000,1.000000,194550904975.000000,2425941.000000
205000,4,110268,0.600000,1.000000,0.639243,1.000000,0.000000,0,0.000000,204758.000000,1.000000,194550904975.000000,2425941.000000
205000,5,110262,0.600000,1.000000,0.544253,1.000000,0.000000,0,0.000000,204957.000000,1.000000,194550904975.000000,2425941.000000
205000,6,110265,0.600000,1.000000,0.563373,1.000000,0.000000,0,0.000000,204849.000000,1.000000,194550904975.000000,2425941.000000
205000,7,110269,0.600000,1.000000,0.673401,1.000000,0.000000,0,0.000000,204992.000000,1.000000,194550904975.000000,2425941.000000
205000,8,110272,0.600000,1.000000,0.650808,1.000000,0.000000,0,0.000000,204994.000000,1.000000,194550904975.000000,2425941.000000
205000,9,110271,0.600000,1.000000,0.641799,1.000000,0.000000,0,0.000000,204817.000000,1.000000,194550904975.000000,2425941.000000
205000,10,110268,0.600000,1.000000,0.499003,1.000000,0.000000,0,0.000000,204968.000000,1.000000,194550904975.000000,2425941.000000
205000,11,110268,0.600000,1.000000,0.561598,1.000000,0.000000,0,0.000000,204897.000000,1.000000,194550904975.000000,2425941.000000
205000,12,110271,0.600000,1.000000,0.660562,1.000000,0.000000,0,0.000000,204966.000000,1.000000,194550904975.000000,2425941.000000
205000,13,110273,0.600000,1.000000,0.629110,1.000000,0.000000,0,0.000000,204993.000000,1.000000,194550904975.000000,2425941.000000
205000,14,110272,0.600000,1.000000,0.668243,1.000000,0.000000,0,0.000000,204985.000000,1.000000,194550904975.000000,2425941.000000
205000,15,110265,0.600000,1.000000,0.611695,1.000000,0.000000,0,0.000000,204870.000000,1.000000,194550904975.000000,2425941.000000
206000,0,110806,0.600000,1.000000,0.771205,1.000000,0.000000,0,0.000000,205993.000000,1.000000,196448179175.000000,664823.000000
206000,1,110806,0.600000,1.000000,0.638600,1.000000,0.000000,0,0.000000,205921.000000,1.000000,196448179175.000000,664823.000000
206000,2,110809,0.600000,1.000000,0.705104,1.000000,0.000000,0,0.000000,205995.000000,1.000000,196448179175.000000,664823.000000
206000,3,110809,0.600000,1.000000,0.727085,1.000000,0.000000,0,0.000000,205998.000000,1.000000,196448179175.000000,664823.000000
206000,4,110808,0.600000,1.000000,0.542464,1.000000,0.000000,0,0.000000,205955.000000,1.000000,196448179175.000000,664823.000000
206000,5,110809,0.600000,1.000000,0.755218,1.000000,0.000000,0,0.000000,205999.000000,1.000000,196448179175.000000,664823.000000
206000,6,110805,0.600000,1.000000,0.689390,1.000000,0.000000,0,0.000000,205947.000000,1.000000,196448179175.000000,664823.000000
206000,7,110802,0.600000,1.000000,0.629786,1.000000,0.000000,0,0.000000,205946.000000,1.000000,196448179175.000000,664823.000000
206000,8,110801,0.600000,1.000000,0.735875,1.000000,0.000000,0,0.000000,205758.000000,1.000000,196448179175.000000,664823.000000
206000,9,110809,0.600000,1.000000,0.666145,1.000000,0.000000,0,0.000000,205976.000000,1.000000,196448179175.000000,664823.000000
206000,10,110799,0.600000,1.000000,0.784330,1.000000,0.000000,0,0.000000,205760.000000,1.000000,196448179175.000000,664823.000000
206000,11,110807,0.600000,1.000000,0.607881,1.000000,0.000000,0,0.000000,205979.000000,1.000000,196448179175.000000,664823.000000
206000,12,110809,0.600000,1.000000,0.691809,1.000000,0.000000,0,0.000000,205917.000000,1.000000,196448179175.000000,664823.000000
206000,13,110808,0.600000,1.000000,0.644405,1.000000,0.000000,0,0.000000,205958.000000,1.000000,196448179175.000000,664823.000000
206000,14,110809,0.600000,1.000000,0.608799,1.000000,0.000000,1,185073.000000,206000.000000,1.000000,196448179175.000000,664823.000000
206000,15,110803,0.600000,1.000000,0.618827,1.000000,0.000000,0,0.000000,205925.000000,1.000000,196448179175.000000,664823.000000
207000,0,111343,0.600000,1.000000,0.607992,1.000000,0.000000,0,0.000000,206972.000000,1.000000,198348424687.000000,1336062.000000
207000,1,111339,0.600000,1.000000,0.501613,1.000000,0.000000,0,0.000000,206973.000000,1.000000,198348424687.000000,1336062.000000
207000,2,111340,0.600000,1.000000,0.554520,1.000000,0.000000,0,0.000000,206954.000000,1.000000,198348424687.000000,1336062.000000
207000,3,111341,0.600000,1.000000,0.663314,1.000000,0.000000,0,0.000000,206982.000000,1.000000,198348424687.000000,1336062.000000
207000,4,111334,0.600000,1.000000,0.720359,1.000000,0.000000,0,0.000000,206738.000000,1.000000,198348424687.000000,1336062.000000
207000,5,111345,0.600000,1.000000,0.660465,1.000000,0.000000,0,0.000000,206979.000000,1.000000,198348424687.000000,1336062.000000
207000,6,111343,0.600000,1.000000,0.539521,1.000000,0.000000,0,0.000000,206948.000000,1.000000,198348424687.000000,1336062.000000
207000,7,111344,0.600000,1.000000,0.692403,1.000000,0.000000,1,185961.000000,207000.000000,1.000000,198348424687.000000,1336062.000000
207000,8,111343,0.600000,1.000000,0.560786,1.000000,0.000000,0,0.000000,206983.000000,1.000000,198348424687.000000,1336062.000000
207000,9,111344,0.600000,1.000000,0.708154,1.000000,0.000000,0,0.000000,206999.000000,1.000000,198348424687.000000,1336062.000000
207000,10,111339,0.600000,1.000000,0.663326,1.000000,0.000000,0,0.000000,206941.000000,1.000000,198348424687.000000,1336062.000000
207000,11,111343,0.600000,1.000000,0.822002,1.000000,0.000000,0,0.000000,206996.000000,1.000000,198348424687.000000,1336062.000000
207000,12,111337,0.600000,1.000000,0.726266,1.000000,0.000000,0,0.000000,206942.000000,1.000000,198348424687.000000,1336062.000000
207000,13,111343,0.600000,1.000000,0.764023,1.000000,0.000000,0,0.000000,206998.000000,1.000000,198348424687.000000,1336062.000000
207000,14,111331,0.600000,1.000000,0.654204,1.000000,0.000000,0,0.000000,206687.000000,1.000000,198348424687.000000,1336062.000000
207000,15,111344,0.600000,1.000000,0.678496,1.000000,0.000000,0,0.000000,206956.000000,1.000000,198348424687.000000,1336062.000000
208000,0,111870,0.600000,1.000000,0.575555,1.000000,0.000000,0,0.000000,207956.000000,1.000000,200228729985.000000,1342416.000000
208000,1,111862,0.600000,1.000000,0.575263,1.000000,0.000000,0,0.000000,207953.000000,1.000000,200228729985.000000,1342416.000000
208000,2,111869,0.600000,1.000000,0.444085,1.000000,0.000000,0,0.000000,207969.000000,1.000000,200228729985.000000,1342416.000000
208000,3,111870,0.600000,1.000000,0.617624,1.000000,0.000000,0,0.000000,207990.000000,1.000000,200228729985.000000,1342416.000000
208000,4,111869,0.600000,1.000000,0.631300,1.000000,0.000000,0,0.000000,207987.000000,1.000000,200228729985.000000,1342416.000000
208000,5,111871,0.600000,1.000000,0.606272,1.000000,0.000000,0,0.000000,207996.000000,1.000000,200228729985.000000,1342416.000000
208000,6,111868,0.600000,1.000000,0.645054,1.000000,0.000000,0,0.000000,207985.000000,1.000000,200228729985.000000,1342416.000000
208000,7,111869,0.600000,1.000000,0.655660,1.000000,0.000000,0,0.000000,207995.000000,1.000000,200228729985.000000,1342416.000000
208000,8,111856,0.600000,1.000000,0.625561,1.000000,0.000000,0,0.000000,207812.000000,1.000000,200228729985.000000,1342416.000000
208000,9,111869,0.600000,1.000000,0.602002,1.000000,0.000000,0,0.000000,207965.000000,1.000000,200228729985.000000,1342416.000000
208000,10,111870,0.600000,1.000000,0.705106,1.000000,0.000000,0,0.000000,207999.000000,1.000000,200228729985.000000,1342416.000000
208000,11,111861,0.600000,1.000000,0.713663,1.000000,0.000000,0,0.000000,207715.000000,1.000000,200228729985.000000,1342416.000000
208000,12,111871,0.600000,1.000000,0.779220,1.000000,0.000000,0,0.000000,207991.000000,1.000000,200228729985.000000,1342416.000000
208000,13,111863,0.600000,1.000000,0.479386,1.000000,0.000000,0,0.000000,207966.000000,1.000000,200228729985.000000,1342416.000000
208000,14,111871,0.600000,1.000000,0.603476,1.000000,0.000000,1,186938.000000,208000.000000,1.000000,200228729985.000000,1342416.000000
208000,15,111868,0.600000,1.000000,0.689674,1.000000,0.000000,0,0.000000,207751.000000,1.000000,200228729985.000000,1342416.000000
209000,0,112402,0.600000,1.000000,0.617312,1.000000,0.000000,0,0.000000,208708.000000,1.000000,202163540460.000000,449610.000000
209000,1,112412,0.600000,1.000000,0.796735,1.000000,0.000000,0,0.000000,208999.000000,1.000000,202163540460.000000,449610.000000
209000,2,112409,0.600000,1.000000,0.601549,1.000000,0.000000,0,0.000000,208980.000000,1.000000,202163540460.000000,449610.000000
209000,3,112407,0.600000,1.000000,0.599144,1.000000,0.000000,0,0.000000,208984.000000,1.000000,202163540460.000000,449610.000000
209000,4,112412,0.600000,1.000000,0.700288,1.000000,0.000000,0,0.000000,208998.000000,1.000000,202163540460.000000,449610.000000
209000,5,112410,0.600000,1.000000,0.767312,1.000000,0.000000,0,0.000000,208887.000000,1.000000,202163540460.000000,449610.000000
209000,6,112410,0.600000,1.000000,0.794825,1.000000,0.000000,0,0.000000,208988.000000,1.000000,202163540460.000000,449610.000000
209000,7,112399,0.600000,1.000000,0.528712,1.000000,0.000000,0,0.000000,208898.000000,1.000000,202163540460.000000,449610.000000
209000,8,112412,0.600000,1.000000,0.745300,1.000000,0.000000,0,0.000000,208986.000000,1.000000,202163540460.000000,449610.000000
209000,9,112404,0.600000,1.000000,0.610328,1.000000,0.000000,0,0.000000,208882.000000,1.000000,202163540460.000000,449610.000000
209000,10,112390,0.600000,1.000000,0.645196,1.000000,0.000000,0,0.000000,208750.000000,1.000000,202163540460.000000,449610.000000
209000,11,112412,0.600000,1.000000,0.715895,1.000000,0.000000,0,0.000000,208990.000000,1.000000,202163540460.000000,449610.000000
209000,12,112405,0.600000,1.000000,0.608814,1.000000,0.000000,0,0.000000,208972.000000,1.000000,202163540460.000000,449610.000000
209000,13,112408,0.600000,1.000000,0.628573,1.000000,0.000000,0,0.000000,208854.000000,1.000000,202163540460.000000,449610.000000
209000,14,112400,0.600000,1.000000,0.594490,1.000000,0.000000,0,0.000000,208960.000000,1.000000,202163540460.000000,449610.000000
209000,15,112412,0.600000,1.000000,0.748922,1.000000,0.000000,1,186407.000000,209000.000000,1.000000,202163540460.000000,449610.000000
210000,0,112948,0.600000,1.000000,0.610002,1.000000,0.000000,0,0.000000,209970.000000,1.000000,204108783170.000000,2484873.000000
210000,1,112949,0.600000,1.000000,0.697413,1.000000,0.000000,0,0.000000,209858.000000,1.000000,204108783170.000000,2484873.000000
210000,2,112952,0.600000,1.000000,0.712248,1.000000,0.000000,0,0.000000,209982.000000,1.000000,204108783170.000000,2484873.000000
210000,3,112951,0.600000,1.000000,0.793330,1.000000,0.000000,0,0.000000,209996.000000,1.000000,204108783170.000000,2484873.000000
210000,4,112946,0.600000,1.000000,0.708436,1.000000,0.000000,0,0.000000,209941.000000,1.000000,204108783170.000000,2484873.000000
210000,5,112946,0.600000,1.000000,0.633895,1.000000,0.000000,0,0.000000,209910.000000,1.000000,204108783170.000000,2484873.000000
210000,6,112948,0.600000,1.000000,0.714956,1.000000,0.000000,0,0.000000,209978.000000,1.000000,204108783170.000000,2484873.000000
210000,7,112936,0.600000,1.000000,0.668775,1.000000,0.000000,0,0.000000,209791.000000,1.000000,204108783170.000000,2484873.000000
210000,8,112953,0.600000,1.000000,0.746750,1.000000,0.000000,1,187697.000000,210000.000000,1.000000,204108783170.000000,2484873.000000
210000,9,112951,0.600000,1.000000,0.758020,1.000000,0.000000,0,0.000000,209991.000000,1.000000,204108783170.000000,2484873.000000
210000,10,112947,0.600000,1.000000,0.684211,1.000000,0.000000,0,0.000000,209990.000000,1.000000,204108783170.000000,2484873.000000
210000,11,112951,0.600000,1.000000,0.741902,1.000000,0.000000,0,0.000000,209999.000000,1.000000,204108783170.000000,2484873.000000
210000,12,112943,0.600000,1.000000,0.626246,1.000000,0.000000,0,0.000000,209936.000000,1.000000,204108783170.000000,2484873.000000
210000,13,112933,0.600000,1.000000,0.594398,1.000000,0.000000,0,0.000000,209777.000000,1.000000,204108783170.000000,2484873.000000
210000,14,112943,0.600000,1.000000,0.699954,1.000000,0.000000,0,0.000000,209926.000000,1.000000,204108783170.000000,2484873.000000
210000,15,112939,0.600000,1.000000,0.609791,1.000000,0.000000,0,0.000000,209948.000000,1.000000,204108783170.000000,2484873.000000
211000,0,113485,0.600000,1.000000,0.718720,1.000000,0.000000,0,0.000000,210995.000000,1.000000,206050402321.000000,1588733.000000
211000,1,113482,0.600000,1.000000,0.580851,1.000000,0.000000,0,0.000000,210966.000000,1.000000,206050402321.000000,1588733.000000
211000,2,113483,0.600000,1.000000,0.665718,1.000000,0.000000,0,0.000000,210986.000000,1.000000,206050402321.000000,1588733.000000
211000,3,113476,0.600000,1.000000,0.705622,1.000000,0.000000,0,0.000000,210458.000000,1.000000,206050402321.000000,1588733.000000
211000,4,113484,0.600000,1.000000,0.676546,1.000000,0.000000,0,0.000000,210981.000000,1.000000,206050402321.000000,1588733.000000
211000,5,113483,0.600000,1.000000,0.664467,1.000000,0.000000,0,0.000000,210996.000000,1.000000,206050402321.000000,1588733.000000
211000,6,113481,0.600000,1.000000,0.644636,1.000000,0.000000,0,0.000000,210963.000000,1.000000,206050402321.000000,1588733.000000
211000,7,113480,0.600000,1.000000,0.668921,1.000000,0.000000,0,0.000000,210976.000000,1.000000,206050402321.000000,1588733.000000
211000,8,113484,0.600000,1.000000,0.684981,1.000000,0.000000,0,0.000000,210975.000000,1.000000,206050402321.000000,1588733.000000
211000,9,113483,0.600000,1.000000,0.628310,1.000000,0.000000,0,0.000000,210979.000000,1.000000,206050402321.000000,1588733.000000
211000,10,113484,0.600000,1.000000,0.734022,1.000000,0.000000,0,0.000000,210998.000000,1.000000,206050402321.000000,1588733.000000
211000,11,113481,0.600000,1.000000,0.602252,1.000000,0.000000,0,0.000000,210974.000000,1.000000,206050402321.000000,1588733.000000
211000,12,113485,0.600000,1.000000,0.803784,1.000000,0.000000,1,188507.000000,211000.000000,1.000000,206050402321.000000,1588733.000000
211000,13,113481,0.600000,1.000000,0.525167,1.000000,0.000000,0,0.000000,210959.000000,1.000000,206050402321.000000,1588733.000000
211000,14,113482,0.600000,1.000000,0.635488,1.000000,0.000000,0,0.000000,210980.000000,1.000000,206050402321.000000,1588733.000000
211000,15,113477,0.600000,1.000000,0.592640,1.000000,0.000000,0,0.000000,210895.000000,1.000000,206050402321.000000,1588733.000000
212000,0,114015,0.600000,1.000000,0.728515,1.000000,0.000000,0,0.000000,211996.000000,1.000000,207993916058.000000,1824252.000000
212000,1,114016,0.600000,1.000000,0.551235,1.000000,0.000000,0,0.000000,211888.000000,1.000000,207993916058.000000,1824252.000000
212000,2,114017,0.600000,1.000000,0.786849,1.000000,0.000000,0,0.000000,211819.000000,1.000000,207993916058.000000,1824252.000000
212000,3,114016,0.600000,1.000000,0.607471,1.000000,0.000000,0,0.000000,211981.000000,1.000000,207993916058.000000,1824252.000000
212000,4,114017,0.600000,1.000000,0.587077,1.000000,0.000000,1,189877.000000,212000.000000,1.000000,207993916058.000000,1824252.000000
212000,5,114014,0.600000,1.000000,0.701025,1.000000,0.000000,0,0.000000,211797.000000,1.000000,207993916058.000000,1824252.000000
212000,6,114014,0.600000,1.000000,0.692697,1.000000,0.000000,0,0.000000,211992.000000,1.000000,207993916058.000000,1824252.000000
212000,7,114017,0.600000,1.000000,0.595677,1.000000,0.000000,0,0.000000,211971.000000,1.000000,207993916058.000000,1824252.000000
212000,8,114017,0.600000,1.000000,0.653803,1.000000,0.000000,0,0.000000,211997.000000,1.000000,207993916058.000000,1824252.000000
212000,9,114017,0.600000,1.000000,0.531216,1.000000,0.000000,0,0.000000,211963.000000,1.000000,207993916058.000000,1824252.000000
212000,10,114013,0.600000,1.000000,0.650209,1.000000,0.000000,0,0.000000,211921.000000,1.000000,207993916058.000000,1824252.000000
212000,11,114017,0.600000,1.000000,0.636531,1.000000,0.000000,0,0.000000,211960.000000,1.000000,207993916058.000000,1824252.000000
212000,12,114015,0.600000,1.000000,0.731659,1.000000,0.000000,0,0.000000,211901.000000,1.000000,207993916058.000000,1824252.000000
212000,13,114017,0.600000,1.000000,0.483412,1.000000,0.000000,0,0.000000,211788.000000,1.000000,207993916058.000000,1824252.000000
212000,14,114016,0.600000,1.000000,0.695535,1.000000,0.000000,0,0.000000,211995.000000,1.000000,207993916058.000000,1824252.000000
212000,15,114016,0.600000,1.000000,0.642679,1.000000,0.000000,0,0.000000,211999.000000,1.000000,207993916058.000000,1824252.000000
213000,0,114559,0.600000,1.000000,0.497835,1.000000,0.000000,0,0.000000,212884.000000,1.000000,209986647112.000000,1603851.000000
213000,1,114562,0.600000,1.000000,0.631263,1.000000,0.000000,0,0.000000,212684.000000,1.000000,209986647112.000000,1603851.000000
213000,2,114562,0.600000,1.000000,0.681008,1.000000,0.000000,0,0.000000,212939.000000,1.000000,209986647112.000000,1603851.000000
213000,3,114561,0.600000,1.000000,0.766216,1.000000,0.000000,0,0.000000,212994.000000,1.000000,209986647112.000000,1603851.000000
213000,4,114564,0.600000,1.000000,0.663400,1.000000,0.000000,1,190734.000000,213000.000000,1.000000,209986647112.000000,1603851.000000
213000,5,114561,0.600000,1.000000,0.575346,1.000000,0.000000,0,0.000000,212979.000000,1.000000,209986647112.000000,1603851.000000
213000,6,114557,0.600000,1.000000,0.580309,1.000000,0.000000,0,0.000000,212815.000000,1.000000,209986647112.000000,1603851.000000
213000,7,114563,0.600000,1.000000,0.669566,1.000000,0.000000,0,0.000000,212999.000000,1.000000,209986647112.000000,1603851.000000
213000,8,114562,0.600000,1.000000,0.714906,1.000000,0.000000,0,0.000000,212997.000000,1.000000,209986647112.000000,1603851.000000
213000,9,114560,0.600000,1.000000,0.649328,1.000000,0.000000,0,0.000000,212975.000000,1.000000,209986647112.000000,1603851.000000
213000,10,114560,0.600000,1.000000,0.669736,1.000000,0.000000,0,0.000000,212985.000000,1.000000,209986647112.000000,1603851.000000
213000,11,114559,0.600000,1.000000,0.651747,1.000000,0.000000,0,0.000000,212907.000000,1.000000,209986647112.000000,1603851.000000
213000,12,114564,0.600000,1.000000,0.719588,1.000000,0.000000,0,0.000000,212998.000000,1.000000,209986647112.000000,1603851.000000
213000,13,114558,0.600000,1.000000,0.627894,1.000000,0.000000,0,0.000000,212946.000000,1.000000,209986647112.000000,1603851.000000
213000,14,114559,0.600000,1.000000,0.566369,1.000000,0.000000,0,0.000000,212922.000000,1.000000,209986647112.000000,1603851.000000
213000,15,114561,0.600000,1.000000,0.648070,1.000000,0.000000,0,0.000000,212977.000000,1.000000,209986647112.000000,1603851.000000
214000,0,115104,0.600000,1.000000,0.684483,1.000000,0.000000,0,0.000000,213986.000000,1.000000,211980130672.000000,1381254.000000
214000,1,115106,0.600000,1.000000,0.650042,1.000000,0.000000,0,0.000000,213999.000000,1.000000,211980130672.000000,1381254.000000
214000,2,115105,0.600000,1.000000,0.752301,1.000000,0.000000,1,191663.000000,214000.000000,1.000000,211980130672.000000,1381254.000000
214000,3,115100,0.600000,1.000000,0.616692,1.000000,0.000000,0,0.000000,213978.000000,1.000000,211980130672.000000,1381254.000000
214000,4,115104,0.600000,1.000000,0.575580,1.000000,0.000000,0,0.000000,213998.000000,1.000000,211980130672.000000,1381254.000000
214000,5,115106,0.600000,1.000000,0.638838,1.000000,0.000000,0,0.000000,213992.000000,1.000000,211980130672.000000,1381254.000000
214000,6,115104,0.600000,1.000000,0.714245,1.000000,0.000000,0,0.000000,213988.000000,1.000000,211980130672.000000,1381254.000000
214000,7,115102,0.600000,1.000000,0.774581,1.000000,0.000000,0,0.000000,213839.000000,1.000000,211980130672.000000,1381254.000000
214000,8,115096,0.600000,1.000000,0.688121,1.000000,0.000000,0,0.000000,213700.000000,1.000000,211980130672.000000,1381254.000000
214000,9,115100,0.600000,1.000000,0.565469,1.000000,0.000000,0,0.000000,213969.000000,1.000000,211980130672.000000,1381254.000000
214000,10,115104,0.600000,1.000000,0.731495,1.000000,0.000000,0,0.000000,213974.000000,1.000000,211980130672.000000,1381254.000000
214000,11,115105,0.600000,1.000000,0.707638,1.000000,0.000000,0,0.000000,213990.000000,1.000000,211980130672.000000,1381254.000000
214000,12,115104,0.600000,1.000000,0.653797,1.000000,0.000000,0,0.000000,213962.000000,1.000000,211980130672.000000,1381254.000000
214000,13,115103,0.600000,1.000000,0.776095,1.000000,0.000000,0,0.000000,213997.000000,1.000000,211980130672.000000,1381254.000000
214000,14,115104,0.600000,1.000000,0.616885,1.000000,0.000000,0,0.000000,213991.000000,1.000000,211980130672.000000,1381254.000000
214000,15,115105,0.600000,1.000000,0.667604,1.000000,0.000000,0,0.000000,213903.000000,1.000000,211980130672.000000,1381254.000000
215000,0,115620,0.600000,1.000000,0.572085,1.000000,0.000000,0,0.000000,214908.000000,1.000000,213918738130.000000,2543771.000000
215000,1,115632,0.600000,1.000000,0.721048,1.000000,0.000000,0,0.000000,214995.000000,1.000000,213918738130.000000,2543771.000000
215000,2,115631,0.600000,1.000000,0.606382,1.000000,0.000000,0,0.000000,214930.000000,1.000000,213918738130.000000,2543771.000000
215000,3,115634,0.600000,1.000000,0.691720,1.000000,0.000000,0,0.000000,214996.000000,1.000000,213918738130.000000,2543771.000000
215000,4,115615,0.600000,1.000000,0.622141,1.000000,0.000000,0,0.000000,214630.000000,1.000000,213918738130.000000,2543771.000000
215000,5,115631,0.600000,1.000000,0.586583,1.000000,0.000000,0,0.000000,214734.000000,1.000000,213918738130.000000,2543771.000000
215000,6,115626,0.600000,1.000000,0.701057,1.000000,0.000000,0,0.000000,214911.000000,1.000000,213918738130.000000,2543771.000000
215000,7,115627,0.600000,1.000000,0.662166,1.000000,0.000000,0,0.000000,214707.000000,1.000000,213918738130.000000,2543771.000000
215000,8,115623,0.600000,1.000000,0.660556,1.000000,0.000000,0,0.000000,214868.000000,1.000000,213918738130.000000,2543771.000000
215000,9,115627,0.600000,1.000000,0.466648,1.000000,0.000000,0,0.000000,214962.000000,1.000000,213918738130.000000,2543771.000000
215000,10,115626,0.600000,1.000000,0.561942,1.000000,0.000000,0,0.000000,214900.000000,1.000000,213918738130.000000,2543771.000000
215000,11,115633,0.600000,1.000000,0.744364,1.000000,0.000000,0,0.000000,214999.000000,1.000000,213918738130.000000,2543771.000000
215000,12,115634,0.600000,1.000000,0.644824,1.000000,0.000000,0,0.000000,214989.000000,1.000000,213918738130.000000,2543771.000000
215000,13,115633,0.600000,1.000000,0.709370,1.000000,0.000000,0,0.000000,214997.000000,1.000000,213918738130.000000,2543771.000000
215000,14,115629,0.600000,1.000000,0.602568,1.000000,0.000000,0,0.000000,214944.000000,1.000000,213918738130.000000,2543771.000000
215000,15,115633,0.600000,1.000000,0.704393,1.000000,0.000000,1,191710.000000,215000.000000,1.000000,213918738130.000000,2543771.000000
216000,0,116167,0.600000,1.000000,0.695490,1.000000,0.000000,1,193239.000000,216000.000000,1.000000,215907289487.000000,2787958.000000
216000,1,116166,0.600000,1.000000,0.764757,1.000000,0.000000,0,0.000000,215997.000000,1.000000,215907289487.000000,2787958.000000
216000,2,116167,0.600000,1.000000,0.633221,1.000000,0.000000,0,0.000000,215999.000000,1.000000,215907289487.000000,2787958.000000
216000,3,116167,0.600000,1.000000,0.613279,1.000000,0.000000,0,0.000000,215986.000000,1.000000,215907289487.000000,2787958.000000
216000,4,116159,0.600000,1.000000,0.626700,1.000000,0.000000,0,0.000000,215736.000000,1.000000,215907289487.000000,2787958.000000
216000,5,116165,0.600000,1.000000,0.581244,1.000000,0.000000,0,0.000000,215982.000000,1.000000,215907289487.000000,2787958.000000
216000,6,116168,0.600000,1.000000,0.580443,1.000000,0.000000,0,0.000000,215990.000000,1.000000,215907289487.000000,2787958.000000
216000,7,116166,0.600000,1.000000,0.671595,1.000000,0.000000,0,0.000000,215992.000000,1.000000,215907289487.000000,2787958.000000
216000,8,116157,0.600000,1.000000,0.687740,1.000000,0.000000,0,0.000000,215785.000000,1.000000,215907289487.000000,2787958.000000
216000,9,116168,0.600000,1.000000,0.682709,1.000000,0.000000,0,0.000000,215995.000000,1.000000,215907289487.000000,2787958.000000
216000,10,116164,0.600000,1.000000,0.577197,1.000000,0.000000,0,0.000000,215981.000000,1.000000,215907289487.000000,2787958.000000
216000,11,116168,0.600000,1.000000,0.600651,1.000000,0.000000,0,0.000000,215973.000000,1.000000,215907289487.000000,2787958.000000
216000,12,116160,0.600000,1.000000,0.600984,1.000000,0.000000,0,0.000000,215969.000000,1.000000,215907289487.000000,2787958.000000
216000,13,116167,0.600000,1.000000,0.717898,1.000000,0.000000,0,0.000000,215998.000000,1.000000,215907289487.000000,2787958.000000
216000,14,116164,0.600000,1.000000,0.608205,1.000000,0.000000,0,0.000000,215959.000000,1.000000,215907289487.000000,2787958.000000
216000,15,116160,0.600000,1.000000,0.608706,1.000000,0.000000,0,0.000000,215931.000000,1.000000,215907289487.000000,2787958.000000
217000,0,116701,0.600000,1.000000,0.689346,1.000000,0.000000,0,0.000000,216971.000000,1.000000,217901539927.000000,3267548.000000
217000,1,116702,0.600000,1.000000,0.733956,1.000000,0.000000,1,194111.000000,217000.000000,1.000000,217901539927.000000,3267548.000000
217000,2,116700,0.600000,1.000000,0.692656,1.000000,0.000000,0,0.000000,216995.000000,1.000000,217901539927.000000,3267548.000000
217000,3,116701,0.600000,1.000000,0.751462,1.000000,0.000000,0,0.000000,216994.000000,1.000000,217901539927.000000,3267548.000000
217000,4,116702,0.600000,1.000000,0.567621,1.000000,0.000000,0,0.000000,216996.000000,1.000000,217901539927.000000,3267548.000000
217000,5,116697,0.600000,1.000000,0.770814,1.000000,0.000000,0,0.000000,216808.000000,1.000000,217901539927.000000,3267548.000000
217000,6,116701,0.600000,1.000000,0.727337,1.000000,0.000000,0,0.000000,216999.000000,1.000000,217901539927.000000,3267548.000000
217000,7,116698,0.600000,1.000000,0.443820,1.000000,0.000000,0,0.000000,216959.000000,1.000000,217901539927.000000,3267548.000000
217000,8,116698,0.600000,1.000000,0.584965,1.000000,0.000000,0,0.000000,216974.000000,1.000000,217901539927.000000,3267548.000000
217000,9,116702,0.600000,1.000000,0.719101,1.000000,0.000000,0,0.000000,216998.000000,1.000000,217901539927.000000,3267548.000000
217000,10,116701,0.600000,1.000000,0.727286,1.000000,0.000000,0,0.000000,216992.000000,1.000000,217901539927.000000,3267548.000000
217000,11,116701,0.600000,1.000000,0.771285,1.000000,0.000000,0,0.000000,216782.000000,1.000000,217901539927.000000,3267548.000000
217000,12,116698,0.600000,1.000000,0.531272,1.000000,0.000000,0,0.000000,216962.000000,1.000000,217901539927.000000,3267548.000000
217000,13,116691,0.600000,1.000000,0.526337,1.000000,0.000000,0,0.000000,216743.000000,1.000000,217901539927.000000,3267548.000000
217000,14,116702,0.600000,1.000000,0.670171,1.000000,0.000000,0,0.000000,216923.000000,1.000000,217901539927.000000,3267548.000000
217000,15,116702,0.600000,1.000000,0.590368,1.000000,0.000000,0,0.000000,216978.000000,1.000000,217901539927.000000,3267548.000000
218000,0,117228,0.600000,1.000000,0.700143,1.000000,0.000000,0,0.000000,217179.000000,1.000000,219887373420.000000,1641223.000000
218000,1,117234,0.600000,1.000000,0.656422,1.000000,0.000000,0,0.000000,217994.000000,1.000000,219887373420.000000,1641223.000000
218000,2,117230,0.600000,1.000000,0.741497,1.000000,0.000000,0,0.000000,217979.000000,1.000000,219887373420.000000,1641223.000000
218000,3,117231,0.600000,1.000000,0.629790,1.000000,0.000000,0,0.000000,217831.000000,1.000000,219887373420.000000,1641223.000000
218000,4,117227,0.600000,1.000000,0.662974,1.000000,0.000000,0,0.000000,217824.000000,1.000000,219887373420.000000,1641223.000000
218000,5,117219,0.600000,1.000000,0.566769,1.000000,0.000000,0,0.000000,217625.000000,1.000000,219887373420.000000,1641223.000000
218000,6,117234,0.600000,1.000000,0.766113,1.000000,0.000000,0,0.000000,217992.000000,1.000000,219887373420.000000,1641223.000000
218000,7,117231,0.600000,1.000000,0.627693,1.000000,0.000000,0,0.000000,217968.000000,1.000000,219887373420.000000,1641223.000000
218000,8,117231,0.600000,1.000000,0.673985,1.000000,0.000000,0,0.000000,217835.000000,1.000000,219887373420.000000,1641223.000000
218000,9,117233,0.600000,1.000000,0.613241,1.000000,0.000000,0,0.000000,217996.000000,1.000000,219887373420.000000,1641223.000000
218000,10,117224,0.600000,1.000000,0.584886,1.000000,0.000000,0,0.000000,217834.000000,1.000000,219887373420.000000,1641223.000000
218000,11,117231,0.600000,1.000000,0.743028,1.000000,0.000000,0,0.000000,217865.000000,1.000000,219887373420.000000,1641223.000000
218000,12,117234,0.600000,1.000000,0.750607,1.000000,0.000000,0,0.000000,217984.000000,1.000000,219887373420.000000,1641223.000000
218000,13,117233,0.600000,1.000000,0.827578,1.000000,0.000000,1,195834.000000,218000.000000,1.000000,219887373420.000000,1641223.000000
218000,14,117234,0.600000,1.000000,0.759358,1.000000,0.000000,0,0.000000,217999.000000,1.000000,219887373420.000000,1641223.000000
218000,15,117232,0.600000,1.000000,0.636026,1.000000,0.000000,0,0.000000,217945.000000,1.000000,219887373420.000000,1641223.000000
219000,0,117781,0.600000,1.000000,0.689951,1.000000,0.000000,0,0.000000,218878.000000,1.000000,221959001407.000000,1413360.000000
219000,1,117774,0.600000,1.000000,0.504257,1.000000,0.000000,0,0.000000,218902.000000,1.000000,221959001407.000000,1413360.000000
219000,2,117785,0.600000,1.000000,0.737228,1.000000,0.000000,0,0.000000,218988.000000,1.000000,221959001407.000000,1413360.000000
219000,3,117783,0.600000,1.000000,0.585851,1.000000,0.000000,0,0.000000,218981.000000,1.000000,221959001407.000000,1413360.000000
219000,4,117786,0.600000,1.000000,0.795619,1.000000,0.000000,1,196350.000000,219000.000000,1.000000,221959001407.000000,1413360.000000
219000,5,117781,0.600000,1.000000,0.653513,1.000000,0.000000,0,0.000000,218982.000000,1.000000,221959001407.000000,1413360.000000
219000,6,117786,0.600000,1.000000,0.752422,1.000000,0.000000,0,0.000000,218999.000000,1.000000,221959001407.000000,1413360.000000
219000,7,117783,0.600000,1.000000,0.678973,1.000000,0.000000,0,0.000000,218990.000000,1.000000,221959001407.000000,1413360.000000
219000,8,117783,0.600000,1.000000,0.591760,1.000000,0.000000,0,0.000000,218979.000000,1.000000,221959001407.000000,1413360.000000
219000,9,117779,0.600000,1.000000,0.603272,1.000000,0.000000,0,0.000000,218946.000000,1.000000,221959001407.000000,1413360.000000
219000,10,117780,0.600000,1.000000,0.683289,1.000000,0.000000,0,0.000000,218899.000000,1.000000,221959001407.000000,1413360.000000
219000,11,117783,0.600000,1.000000,0.596751,1.000000,0.000000,0,0.000000,218992.000000,1.000000,221959001407.000000,1413360.000000
219000,12,117785,0.600000,1.000000,0.780696,1.000000,0.000000,0,0.000000,218996.000000,1.000000,221959001407.000000,1413360.000000
219000,13,117780,0.600000,1.000000,0.693184,1.000000,0.000000,0,0.000000,218949.000000,1.000000,221959001407.000000,1413360.000000
219000,14,117779,0.600000,1.000000,0.615850,1.000000,0.000000,0,0.000000,218927.000000,1.000000,221959001407.000000,1413360.000000
219000,15,117773,0.600000,1.000000,0.494047,1.000000,0.000000,0,0.000000,218842.000000,1.000000,221959001407.000000,1413360.000000
220000,0,118322,0.600000,1.000000,0.607806,1.000000,0.000000,0,0.000000,219990.000000,1.000000,223991592192.000000,2129743.000000
220000,1,118318,0.600000,1.000000,0.634197,1.000000,0.000000,0,0.000000,219991.000000,1.000000,223991592192.000000,2129743.000000
220000,2,118318,0.600000,1.000000,0.567049,1.000000,0.000000,0,0.000000,219980.000000,1.000000,223991592192.000000,2129743.000000
220000,3,118322,0.600000,1.000000,0.661766,1.000000,0.000000,0,0.000000,219996.000000,1.000000,223991592192.000000,2129743.000000
220000,4,118322,0.600000,1.000000,0.663387,1.000000,0.000000,1,197208.000000,220000.000000,1.000000,223991592192.000000,2129743.000000
220000,5,118321,0.600000,1.000000,0.741584,1.000000,0.000000,0,0.000000,219787.000000,1.000000,223991592192.000000,2129743.000000
220000,6,118322,0.600000,1.000000,0.641317,1.000000,0.000000,0,0.000000,219997.000000,1.000000,223991592192.000000,2129743.000000
220000,7,118319,0.600000,1.000000,0.608633,1.000000,0.000000,0,0.000000,219969.000000,1.000000,223991592192.000000,2129743.000000
220000,8,118311,0.600000,1.000000,0.580791,1.000000,0.000000,0,0.000000,219909.000000,1.000000,223991592192.000000,2129743.000000
220000,9,118323,0.600000,1.000000,0.648344,1.000000,0.000000,0,0.000000,219992.000000,1.000000,223991592192.000000,2129743.000000
220000,10,118317,0.600000,1.000000,0.610378,1.000000,0.000000,0,0.000000,219923.000000,1.000000,223991592192.000000,2129743.000000
220000,11,118318,0.600000,1.000000,0.581843,1.000000,0.000000,0,0.000000,219951.000000,1.000000,223991592192.000000,2129743.000000
220000,12,118322,0.600000,1.000000,0.648912,1.000000,0.000000,0,0.000000,219989.000000,1.000000,223991592192.000000,2129743.000000
220000,13,118323,0.600000,1.000000,0.661394,1.000000,0.000000,0,0.000000,219970.000000,1.000000,223991592192.000000,2129743.000000
220000,14,118319,0.600000,1.000000,0.549409,1.000000,0.000000,0,0.000000,219943.000000,1.000000,223991592192.000000,2129743.000000
220000,15,118313,0.600000,1.000000,0.562367,1.000000,0.000000,0,0.000000,219739.000000,1.000000,223991592192.000000,2129743.000000
221000,0,118854,0.600000,1.000000,0.664294,1.000000,0.000000,0,0.000000,220969.000000,1.000000,226042718386.000000,2139479.000000
221000,1,118858,0.600000,1.000000,0.623027,1.000000,0.000000,0,0.000000,220900.000000,1.000000,226042718386.000000,2139479.000000
221000,2,118859,0.600000,1.000000,0.620526,1.000000,0.000000,0,0.000000,220975.000000,1.000000,226042718386.000000,2139479.000000
221000,3,118859,0.600000,1.000000,0.627094,1.000000,0.000000,0,0.000000,220769.000000,1.000000,226042718386.000000,2139479.000000
221000,4,118853,0.600000,1.000000,0.770600,1.000000,0.000000,0,0.000000,220298.000000,1.000000,226042718386.000000,2139479.000000
221000,5,118862,0.600000,1.000000,0.653075,1.000000,0.000000,0,0.000000,220990.000000,1.000000,226042718386.000000,2139479.000000
221000,6,118862,0.600000,1.000000,0.760217,1.000000,0.000000,0,0.000000,220995.000000,1.000000,226042718386.000000,2139479.000000
221000,7,118864,0.600000,1.000000,0.763477,1.000000,0.000000,0,0.000000,220999.000000,1.000000,226042718386.000000,2139479.000000
221000,8,118861,0.600000,1.000000,0.695786,1.000000,0.000000,0,0.000000,220992.000000,1.000000,226042718386.000000,2139479.000000
221000,9,118863,0.600000,1.000000,0.723260,1.000000,0.000000,0,0.000000,220993.000000,1.000000,226042718386.000000,2139479.000000
221000,10,118852,0.600000,1.000000,0.714470,1.000000,0.000000,0,0.000000,220898.000000,1.000000,226042718386.000000,2139479.000000
221000,11,118860,0.600000,1.000000,0.559632,1.000000,0.000000,0,0.000000,220854.000000,1.000000,226042718386.000000,2139479.000000
221000,12,118864,0.600000,1.000000,0.647576,1.000000,0.000000,0,0.000000,220939.000000,1.000000,226042718386.000000,2139479.000000
221000,13,118862,0.600000,1.000000,0.786666,1.000000,0.000000,0,0.000000,220973.000000,1.000000,226042718386.000000,2139479.000000
221000,14,118864,0.600000,1.000000,0.565446,1.000000,0.000000,1,198793.000000,221000.000000,1.000000,226042718386.000000,2139479.000000
221000,15,118861,0.600000,1.000000,0.643556,1.000000,0.000000,0,0.000000,220976.000000,1.000000,226042718386.000000,2139479.000000
222000,0,119398,0.600000,1.000000,0.797432,1.000000,0.000000,0,0.000000,221998.000000,1.000000,228080029893.000000,1910308.000000
222000,1,119394,0.600000,1.000000,0.629723,1.000000,0.000000,0,0.000000,221974.000000,1.000000,228080029893.000000,1910308.000000
222000,2,119397,0.600000,1.000000,0.683281,1.000000,0.000000,0,0.000000,221999.000000,1.000000,228080029893.000000,1910308.000000
222000,3,119392,0.600000,1.000000,0.627002,1.000000,0.000000,0,0.000000,221895.000000,1.000000,228080029893.000000,1910308.000000
222000,4,119389,0.600000,1.000000,0.450449,1.000000,0.000000,0,0.000000,221929.000000,1.000000,228080029893.000000,1910308.000000
222000,5,119386,0.600000,1.000000,0.599532,1.000000,0.000000,0,0.000000,221844.000000,1.000000,228080029893.000000,1910308.000000
222000,6,119397,0.600000,1.000000,0.643025,1.000000,0.000000,0,0.000000,221975.000000,1.000000,228080029893.000000,1910308.000000
222000,7,119398,0.600000,1.000000,0.770009,1.000000,0.000000,0,0.000000,221938.000000,1.000000,228080029893.000000,1910308.000000
222000,8,119394,0.600000,1.000000,0.615600,1.000000,0.000000,0,0.000000,221861.000000,1.000000,228080029893.000000,1910308.000000
222000,9,119393,0.600000,1.000000,0.655691,1.000000,0.000000,0,0.000000,221944.000000,1.000000,228080029893.000000,1910308.000000
222000,10,119394,0.600000,1.000000,0.622934,1.000000,0.000000,0,0.000000,221990.000000,1.000000,228080029893.000000,1910308.000000
222000,11,119392,0.600000,1.000000,0.697309,1.000000,0.000000,0,0.000000,221501.000000,1.000000,228080029893.000000,1910308.000000
222000,12,119394,0.600000,1.000000,0.633490,1.000000,0.000000,0,0.000000,221835.000000,1.000000,228080029893.000000,1910308.000000
222000,13,119398,0.600000,1.000000,0.714489,1.000000,0.000000,1,199369.000000,222000.000000,1.000000,228080029893.000000,1910308.000000
222000,14,119396,0.600000,1.000000,0.676343,1.000000,0.000000,0,0.000000,221978.000000,1.000000,228080029893.000000,1910308.000000
222000,15,119397,0.600000,1.000000,0.646843,1.000000,0.000000,0,0.000000,221979.000000,1.000000,228080029893.000000,1910308.000000
223000,0,119918,0.600000,1.000000,0.684748,1.000000,0.000000,0,0.000000,222712.000000,1.000000,230118326358.000000,2638335.000000
223000,1,119930,0.600000,1.000000,0.583239,1.000000,0.000000,0,0.000000,222989.000000,1.000000,230118326358.000000,2638335.000000
223000,2,119920,0.600000,1.000000,0.653122,1.000000,0.000000,0,0.000000,222843.000000,1.000000,230118326358.000000,2638335.000000
223000,3,119928,0.600000,1.000000,0.680170,1.000000,0.000000,0,0.000000,222988.000000,1.000000,230118326358.000000,2638335.000000
223000,4,119930,0.600000,1.000000,0.663598,1.000000,0.000000,0,0.000000,222997.000000,1.000000,230118326358.000000,2638335.000000
223000,5,119927,0.600000,1.000000,0.667413,1.000000,0.000000,0,0.000000,222830.000000,1.000000,230118326358.000000,2638335.000000
223000,6,119929,0.600000,1.000000,0.793450,1.000000,0.000000,0,0.000000,222998.000000,1.000000,230118326358.000000,2638335.000000
223000,7,119922,0.600000,1.000000,0.519146,1.000000,0.000000,0,0.000000,222972.000000,1.000000,230118326358.000000,2638335.000000
223000,8,119930,0.600000,1.000000,0.537089,1.000000,0.000000,0,0.000000,222965.000000,1.000000,230118326358.000000,2638335.000000
223000,9,119930,0.600000,1.000000,0.660005,1.000000,0.000000,0,0.000000,222999.000000,1.000000,230118326358.000000,2638335.000000
223000,10,119930,0.600000,1.000000,0.556469,1.000000,0.000000,0,0.000000,221990.000000,1.000000,230118326358.000000,2638335.000000
223000,11,119929,0.600000,1.000000,0.682706,1.000000,0.000000,1,200343.000000,223000.000000,1.000000,230118326358.000000,2638335.000000
223000,12,119925,0.600000,1.000000,0.613468,1.000000,0.000000,0,0.000000,222956.000000,1.000000,230118326358.000000,2638335.000000
223000,13,119927,0.600000,1.000000,0.615835,1.000000,0.000000,0,0.000000,222924.000000,1.000000,230118326358.000000,2638335.000000
223000,14,119926,0.600000,1.000000,0.569564,1.000000,0.000000,0,0.000000,222705.000000,1.000000,230118326358.000000,2638335.000000
223000,15,119925,0.600000,1.000000,0.723159,1.000000,0.000000,0,0.000000,222881.000000,1.000000,230118326358.000000,2638335.000000
224000,0,120465,0.600000,1.000000,0.594452,1.000000,0.000000,0,0.000000,223948.000000,1.000000,232179904606.000000,3613875.000000
224000,1,120466,0.600000,1.000000,0.627618,1.000000,0.000000,0,0.000000,223723.000000,1.000000,232179904606.000000,3613875.000000
224000,2,120461,0.600000,1.000000,0.632848,1.000000,0.000000,0,0.000000,223929.000000,1.000000,232179904606.000000,3613875.000000
224000,3,120454,0.600000,1.000000,0.619248,1.000000,0.000000,0,0.000000,223722.000000,1.000000,232179904606.000000,3613875.000000
224000,4,120458,0.600000,1.000000,0.475057,1.000000,0.000000,0,0.000000,223885.000000,1.000000,232179904606.000000,3613875.000000
224000,5,120467,0.600000,1.000000,0.750693,1.000000,0.000000,0,0.000000,223972.000000,1.000000,232179904606.000000,3613875.000000
224000,6,120464,0.600000,1.000000,0.539809,1.000000,0.000000,0,0.000000,223961.000000,1.000000,232179904606.000000,3613875.000000
224000,7,120467,0.600000,1.000000,0.775387,1.000000,0.000000,0,0.000000,223999.000000,1.000000,232179904606.000000,3613875.000000
224000,8,120466,0.600000,1.000000,0.829076,1.000000,0.000000,1,200219.000000,224000.000000,1.000000,232179904606.000000,3613875.000000
224000,9,120458,0.600000,1.000000,0.551483,1.000000,0.000000,0,0.000000,223959.000000,1.000000,232179904606.000000,3613875.000000
224000,10,120467,0.600000,1.000000,0.750819,1.000000,0.000000,0,0.000000,223994.000000,1.000000,232179904606.000000,3613875.000000
224000,11,120467,0.600000,1.000000,0.630956,1.000000,0.000000,0,0.000000,223928.000000,1.000000,232179904606.000000,3613875.000000
224000,12,120461,0.600000,1.000000,0.599338,1.000000,0.000000,0,0.000000,223974.000000,1.000000,232179904606.000000,3613875.000000
224000,13,120463,0.600000,1.000000,0.658542,1.000000,0.000000,0,0.000000,223986.000000,1.000000,232179904606.000000,3613875.000000
224000,14,120459,0.600000,1.000000,0.509412,1.000000,0.000000,0,0.000000,223943.000000,1.000000,232179904606.000000,3613875.000000
224000,15,120459,0.600000,1.000000,0.709851,1.000000,0.000000,0,0.000000,223718.000000,1.000000,232179904606.000000,3613875.000000
225000,0,120997,0.600000,1.000000,0.724754,1.000000,0.000000,0,0.000000,224787.000000,1.000000,234246804394.000000,2419938.000000
225000,1,120999,0.600000,1.000000,0.553473,1.000000,0.000000,0,0.000000,224976.000000,1.000000,234246804394.000000,2419938.000000
225000,2,121000,0.600000,1.000000,0.728195,1.000000,0.000000,1,201817.000000,225000.000000,1.000000,234246804394.000000,2419938.000000
225000,3,120983,0.600000,1.000000,0.580690,1.000000,0.000000,0,0.000000,224885.000000,1.000000,234246804394.000000,2419938.000000
225000,4,121001,0.600000,1.000000,0.683430,1.000000,0.000000,0,0.000000,224999.000000,1.000000,234246804394.000000,2419938.000000
225000,5,120998,0.600000,1.000000,0.694845,1.000000,0.000000,0,0.000000,224945.000000,1.000000,234246804394.000000,2419938.000000
225000,6,120999,0.600000,1.000000,0.693726,1.000000,0.000000,0,0.000000,224998.000000,1.000000,234246804394.000000,2419938.000000
225000,7,120998,0.600000,1.000000,0.589680,1.000000,0.000000,0,0.000000,224944.000000,1.000000,234246804394.000000,2419938.000000
225000,8,121001,0.600000,1.000000,0.570183,1.000000,0.000000,0,0.000000,224995.000000,1.000000,234246804394.000000,2419938.000000
225000,9,120996,0.600000,1.000000,0.714922,1.000000,0.000000,0,0.000000,224807.000000,1.000000,234246804394.000000,2419938.000000
225000,10,121001,0.600000,1.000000,0.612627,1.000000,0.000000,0,0.000000,224978.000000,1.000000,234246804394.000000,2419938.000000
225000,11,121000,0.600000,1.000000,0.518564,1.000000,0.000000,0,0.000000,224997.000000,1.000000,234246804394.000000,2419938.000000
225000,12,120996,0.600000,1.000000,0.608110,1.000000,0.000000,0,0.000000,224985.000000,1.000000,234246804394.000000,2419938.000000
225000,13,120993,0.600000,1.000000,0.552846,1.000000,0.000000,0,0.000000,224879.000000,1.000000,234246804394.000000,2419938.000000
225000,14,120999,0.600000,1.000000,0.699799,1.000000,0.000000,0,0.000000,224992.000000,1.000000,234246804394.000000,2419938.000000
225000,15,121001,0.600000,1.000000,0.665288,1.000000,0.000000,0,0.000000,224989.000000,1.000000,234246804394.000000,2419938.000000
226000,0,121542,0.600000,1.000000,0.561616,1.000000,0.000000,0,0.000000,225417.000000,1.000000,236375125335.000000,1944714.000000
226000,1,121546,0.600000,1.000000,0.631653,1.000000,0.000000,0,0.000000,225981.000000,1.000000,236375125335.000000,1944714.000000
226000,2,121550,0.600000,1.000000,0.695527,1.000000,0.000000,0,0.000000,225991.000000,1.000000,236375125335.000000,1944714.000000
226000,3,121543,0.600000,1.000000,0.527146,1.000000,0.000000,0,0.000000,225926.000000,1.000000,236375125335.000000,1944714.000000
226000,4,121541,0.600000,1.000000,0.663705,1.000000,0.000000,0,0.000000,225340.000000,1.000000,236375125335.000000,1944714.000000
226000,5,121552,0.600000,1.000000,0.649907,1.000000,0.000000,0,0.000000,225984.000000,1.000000,236375125335.000000,1944714.000000
226000,6,121550,0.600000,1.000000,0.706680,1.000000,0.000000,0,0.000000,225850.000000,1.000000,236375125335.000000,1944714.000000
226000,7,121551,0.600000,1.000000,0.725023,1.000000,0.000000,0,0.000000,225996.000000,1.000000,236375125335.000000,1944714.000000
226000,8,121552,0.600000,1.000000,0.743556,1.000000,0.000000,0,0.000000,225999.000000,1.000000,236375125335.000000,1944714.000000
226000,9,121542,0.600000,1.000000,0.567954,1.000000,0.000000,0,0.000000,225936.000000,1.000000,236375125335.000000,1944714.000000
226000,10,121547,0.600000,1.000000,0.614473,1.000000,0.000000,0,0.000000,225945.000000,1.000000,236375125335.000000,1944714.000000
226000,11,121542,0.600000,1.000000,0.651274,1.000000,0.000000,0,0.000000,225710.000000,1.000000,236375125335.000000,1944714.000000
226000,12,121551,0.600000,1.000000,0.729110,1.000000,0.000000,0,0.000000,225995.000000,1.000000,236375125335.000000,1944714.000000
226000,13,121541,0.600000,1.000000,0.672608,1.000000,0.000000,0,0.000000,225725.000000,1.000000,236375125335.000000,1944714.000000
226000,14,121536,0.600000,1.000000,0.647743,1.000000,0.000000,0,0.000000,225907.000000,1.000000,236375125335.000000,1944714.000000
226000,15,121551,0.600000,1.000000,0.790905,1.000000,0.000000,1,201310.000000,226000.000000,1.000000,236375125335.000000,1944714.000000
227000,0,122077,0.600000,1.000000,0.632568,1.000000,0.000000,0,0.000000,226492.000000,1.000000,238480350850.000000,2685913.000000
227000,1,122086,0.600000,1.000000,0.618893,1.000000,0.000000,0,0.000000,226967.000000,1.000000,238480350850.000000,2685913.000000
227000,2,122089,0.600000,1.000000,0.694322,1.000000,0.000000,0,0.000000,226994.000000,1.000000,238480350850.000000,2685913.000000
227000,3,122088,0.600000,1.000000,0.667753,1.000000,0.000000,0,0.000000,226988.000000,1.000000,238480350850.000000,2685913.000000
227000,4,122089,0.600000,1.000000,0.719575,1.000000,0.000000,1,203537.000000,227000.000000,1.000000,238480350850.000000,2685913.000000
227000,5,122088,0.600000,1.000000,0.605858,1.000000,0.000000,0,0.000000,226955.000000,1.000000,238480350850.000000,2685913.000000
227000,6,122086,0.600000,1.000000,0.689799,1.000000,0.000000,0,0.000000,226976.000000,1.000000,238480350850.000000,2685913.000000
227000,7,122086,0.600000,1.000000,0.652749,1.000000,0.000000,0,0.000000,226979.000000,1.000000,238480350850.000000,2685913.000000
227000,8,122086,0.600000,1.000000,0.695819,1.000000,0.000000,0,0.000000,226973.000000,1.000000,238480350850.000000,2685913.000000
227000,9,122086,0.600000,1.000000,0.669499,1.000000,0.000000,0,0.000000,226921.000000,1.000000,238480350850.000000,2685913.000000
227000,10,122081,0.600000,1.000000,0.569061,1.000000,0.000000,0,0.000000,226949.000000,1.000000,238480350850.000000,2685913.000000
227000,11,122088,0.600000,1.000000,0.606232,1.000000,0.000000,0,0.000000,226996.000000,1.000000,238480350850.000000,2685913.000000
227000,12,122083,0.600000,1.000000,0.542375,1.000000,0.000000,0,0.000000,226928.000000,1.000000,238480350850.000000,2685913.000000
227000,13,122089,0.600000,1.000000,0.719616,1.000000,0.000000,0,0.000000,226999.000000,1.000000,238480350850.000000,2685913.000000
227000,14,122090,0.600000,1.000000,0.689049,1.000000,0.000000,0,0.000000,226998.000000,1.000000,238480350850.000000,2685913.000000
227000,15,122086,0.600000,1.000000,0.703352,1.000000,0.000000,0,0.000000,226980.000000,1.000000,238480350850.000000,2685913.000000
228000,0,122619,0.600000,1.000000,0.626364,1.000000,0.000000,0,0.000000,227970.000000,1.000000,240563028389.000000,980892.000000
228000,1,122611,0.600000,1.000000,0.601055,1.000000,0.000000,0,0.000000,227783.000000,1.000000,240563028389.000000,980892.000000
228000,2,122607,0.600000,1.000000,0.496395,1.000000,0.000000,0,0.000000,227793.000000,1.000000,240563028389.000000,980892.000000
228000,3,122619,0.600000,1.000000,0.720933,1.000000,0.000000,0,0.000000,227497.000000,1.000000,240563028389.000000,980892.000000
228000,4,122621,0.600000,1.000000,0.707557,1.000000,0.000000,0,0.000000,227969.000000,1.000000,240563028389.000000,980892.000000
228000,5,122617,0.600000,1.000000,0.540359,1.000000,0.000000,0,0.000000,227947.000000,1.000000,240563028389.000000,980892.000000
228000,6,122608,0.600000,1.000000,0.646579,1.000000,0.000000,0,0.000000,227511.000000,1.000000,240563028389.000000,980892.000000
228000,7,122620,0.600000,1.000000,0.531345,1.000000,0.000000,0,0.000000,227945.000000,1.000000,240563028389.000000,980892.000000
228000,8,122619,0.600000,1.000000,0.637667,1.000000,0.000000,0,0.000000,227987.000000,1.000000,240563028389.000000,980892.000000
228000,9,122619,0.600000,1.000000,0.651096,1.000000,0.000000,0,0.000000,227898.000000,1.000000,240563028389.000000,980892.000000
228000,10,122622,0.600000,1.000000,0.589865,1.000000,0.000000,1,205299.000000,228000.000000,1.000000,240563028389.000000,980892.000000
228000,11,122619,0.600000,1.000000,0.723279,1.000000,0.000000,0,0.000000,227894.000000,1.000000,240563028389.000000,980892.000000
228000,12,122622,0.600000,1.000000,0.707983,1.000000,0.000000,0,0.000000,227982.000000,1.000000,240563028389.000000,980892.000000
228000,13,122622,0.600000,1.000000,0.765179,1.000000,0.000000,0,0.000000,227997.000000,1.000000,240563028389.000000,980892.000000
228000,14,122622,0.600000,1.000000,0.762326,1.000000,0.000000,0,0.000000,227998.000000,1.000000,240563028389.000000,980892.000000
228000,15,122622,0.600000,1.000000,0.618076,1.000000,0.000000,0,0.000000,227999.000000,1.000000,240563028389.000000,980892.000000
229000,0,123156,0.600000,1.000000,0.550617,1.000000,0.000000,0,0.000000,228839.000000,1.000000,242688997361.000000,1724183.000000
229000,1,123155,0.600000,1.000000,0.620794,1.000000,0.000000,0,0.000000,228940.000000,1.000000,242688997361.000000,1724183.000000
229000,2,123163,0.600000,1.000000,0.598725,1.000000,0.000000,0,0.000000,228979.000000,1.000000,242688997361.000000,1724183.000000
229000,3,123153,0.600000,1.000000,0.537172,1.000000,0.000000,0,0.000000,228921.000000,1.000000,242688997361.000000,1724183.000000
229000,4,123161,0.600000,1.000000,0.563759,1.000000,0.000000,0,0.000000,228924.000000,1.000000,242688997361.000000,1724183.000000
229000,5,123164,0.600000,1.000000,0.676549,1.000000,0.000000,0,0.000000,228999.000000,1.000000,242688997361.000000,1724183.000000
229000,6,123157,0.600000,1.000000,0.602712,1.000000,0.000000,0,0.000000,228784.000000,1.000000,242688997361.000000,1724183.000000
229000,7,123144,0.600000,1.000000,0.687310,1.000000,0.000000,0,0.000000,228743.000000,1.000000,242688997361.000000,1724183.000000
229000,8,123155,0.600000,1.000000,0.475668,1.000000,0.000000,0,0.000000,228731.000000,1.000000,242688997361.000000,1724183.000000
229000,9,123164,0.600000,1.000000,0.714591,1.000000,0.000000,0,0.000000,228994.000000,1.000000,242688997361.000000,1724183.000000
229000,10,123164,0.600000,1.000000,0.693252,1.000000,0.000000,0,0.000000,228987.000000,1.000000,242688997361.000000,1724183.000000
229000,11,123164,0.600000,1.000000,0.624856,1.000000,0.000000,1,205700.000000,229000.000000,1.000000,242688997361.000000,1724183.000000
229000,12,123159,0.600000,1.000000,0.629043,1.000000,0.000000,0,0.000000,228959.000000,1.000000,242688997361.000000,1724183.000000
229000,13,123157,0.600000,1.000000,0.625315,1.000000,0.000000,0,0.000000,228978.000000,1.000000,242688997361.000000,1724183.000000
229000,14,123164,0.600000,1.000000,0.564699,1.000000,0.000000,0,0.000000,228998.000000,1.000000,242688997361.000000,1724183.000000
229000,15,123159,0.600000,1.000000,0.694425,1.000000,0.000000,0,0.000000,228908.000000,1.000000,242688997361.000000,1724183.000000
230000,0,123693,0.600000,1.000000,0.606739,1.000000,0.000000,0,0.000000,229979.000000,1.000000,244805022381.000000,1731803.000000
230000,1,123689,0.600000,1.000000,0.623529,1.000000,0.000000,0,0.000000,229912.000000,1.000000,244805022381.000000,1731803.000000
230000,2,123680,0.600000,1.000000,0.519696,1.000000,0.000000,0,0.000000,229801.000000,1.000000,244805022381.000000,1731803.000000
230000,3,123692,0.600000,1.000000,0.618288,1.000000,0.000000,0,0.000000,229967.000000,1.000000,244805022381.000000,1731803.000000
230000,4,123703,0.600000,1.000000,0.658199,1.000000,0.000000,1,206092.000000,230000.000000,1.000000,244805022381.000000,1731803.000000
230000,5,123697,0.600000,1.000000,0.615953,1.000000,0.000000,0,0.000000,229994.000000,1.000000,244805022381.000000,1731803.000000
230000,6,123688,0.600000,1.000000,0.623068,1.000000,0.000000,0,0.000000,229915.000000,1.000000,244805022381.000000,1731803.000000
230000,7,123691,0.600000,1.000000,0.660596,1.000000,0.000000,0,0.000000,229793.000000,1.000000,244805022381.000000,1731803.000000
230000,8,123697,0.600000,1.000000,0.742062,1.000000,0.000000,0,0.000000,229998.000000,1.000000,244805022381.000000,1731803.000000
230000,9,123696,0.600000,1.000000,0.782720,1.000000,0.000000,0,0.000000,229977.000000,1.000000,244805022381.000000,1731803.000000
230000,10,123695,0.600000,1.000000,0.547018,1.000000,0.000000,0,0.000000,229981.000000,1.000000,244805022381.000000,1731803.000000
230000,11,123697,0.600000,1.000000,0.653533,1.000000,0.000000,0,0.000000,229992.000000,1.000000,244805022381.000000,1731803.000000
230000,12,123699,0.600000,1.000000,0.652463,1.000000,0.000000,0,0.000000,229993.000000,1.000000,244805022381.000000,1731803.000000
230000,13,123702,0.600000,1.000000,0.751037,1.000000,0.000000,0,0.000000,229986.000000,1.000000,244805022381.000000,1731803.000000
230000,14,123698,0.600000,1.000000,0.701889,1.000000,0.000000,0,0.000000,229997.000000,1.000000,244805022381.000000,1731803.000000
230000,15,123694,0.600000,1.000000,0.755071,1.000000,0.000000,0,0.000000,229819.000000,1.000000,244805022381.000000,1731803.000000
231000,0,124223,0.600000,1.000000,0.547019,1.000000,0.000000,0,0.000000,230975.000000,1.000000,246899920925.000000,745325.000000
231000,1,124227,0.600000,1.000000,0.680565,1.000000,0.000000,0,0.000000,230995.000000,1.000000,246899920925.000000,745325.000000
231000,2,124220,0.600000,1.000000,0.635008,1.000000,0.000000,0,0.000000,230861.000000,1.000000,246899920925.000000,745325.000000
231000,3,124227,0.600000,1.000000,0.703654,1.000000,0.000000,0,0.000000,230991.000000,1.000000,246899920925.000000,745325.000000
231000,4,124216,0.600000,1.000000,0.592754,1.000000,0.000000,0,0.000000,230805.000000,1.000000,246899920925.000000,745325.000000
231000,5,124226,0.600000,1.000000,0.769197,1.000000,0.000000,0,0.000000,230997.000000,1.000000,246899920925.000000,745325.000000
231000,6,124217,0.600000,1.000000,0.663366,1.000000,0.000000,0,0.000000,230850.000000,1.000000,246899920925.000000,745325.000000
231000,7,124226,0.600000,1.000000,0.743575,1.000000,0.000000,0,0.000000,230894.000000,1.000000,246899920925.000000,745325.000000
231000,8,124226,0.600000,1.000000,0.764386,1.000000,0.000000,1,206480.000000,231000.000000,1.000000,246899920925.000000,745325.000000
231000,9,124226,0.600000,1.000000,0.770335,1.000000,0.000000,0,0.000000,230998.000000,1.000000,246899920925.000000,745325.000000
231000,10,124227,0.600000,1.000000,0.724653,1.000000,0.000000,0,0.000000,230977.000000,1.000000,246899920925.000000,745325.000000
231000,11,124227,0.600000,1.000000,0.738045,1.000000,0.000000,0,0.000000,230996.000000,1.000000,246899920925.000000,745325.000000
231000,12,124223,0.600000,1.000000,0.721681,1.000000,0.000000,0,0.000000,230907.000000,1.000000,246899920925.000000,745325.000000
231000,13,124219,0.600000,1.000000,0.697207,1.000000,0.000000,0,0.000000,230958.000000,1.000000,246899920925.000000,745325.000000
231000,14,124210,0.600000,1.000000,0.540838,1.000000,0.000000,0,0.000000,230856.000000,1.000000,246899920925.000000,745325.000000
231000,15,124221,0.600000,1.000000,0.583231,1.000000,0.000000,0,0.000000,230875.000000,1.000000,246899920925.000000,745325.000000
232000,0,124764,0.600000,1.000000,0.644333,1.000000,0.000000,0,0.000000,231902.000000,1.000000,249071114655.000000,2994378.000000
232000,1,124767,0.600000,1.000000,0.669219,1.000000,0.000000,0,0.000000,231980.000000,1.000000,249071114655.000000,2994378.000000
232000,2,124772,0.600000,1.000000,0.651396,1.000000,0.000000,0,0.000000,231999.000000,1.000000,249071114655.000000,2994378.000000
232000,3,124766,0.600000,1.000000,0.769243,1.000000,0.000000,0,0.000000,231377.000000,1.000000,249071114655.000000,2994378.000000
232000,4,124771,0.600000,1.000000,0.622738,1.000000,0.000000,0,0.000000,231839.000000,1.000000,249071114655.000000,2994378.000000
232000,5,124769,0.600000,1.000000,0.622590,1.000000,0.000000,0,0.000000,231982.000000,1.000000,249071114655.000000,2994378.000000
232000,6,124767,0.600000,1.000000,0.563896,1.000000,0.000000,0,0.000000,231984.000000,1.000000,249071114655.000000,2994378.000000
232000,7,124772,0.600000,1.000000,0.649795,1.000000,0.000000,1,208360.000000,232000.000000,1.000000,249071114655.000000,2994378.000000
232000,8,124763,0.600000,1.000000,0.725487,1.000000,0.000000,0,0.000000,231610.000000,1.000000,249071114655.000000,2994378.000000
232000,9,124763,0.600000,1.000000,0.553619,1.000000,0.000000,0,0.000000,231957.000000,1.000000,249071114655.000000,2994378.000000
232000,10,124771,0.600000,1.000000,0.716254,1.000000,0.000000,0,0.000000,231997.000000,1.000000,249071114655.000000,2994378.000000
232000,11,124768,0.600000,1.000000,0.700158,1.000000,0.000000,0,0.000000,231927.000000,1.000000,249071114655.000000,2994378.000000
232000,12,124771,0.600000,1.000000,0.814058,1.000000,0.000000,0,0.000000,231998.000000,1.000000,249071114655.000000,2994378.000000
232000,13,124767,0.600000,1.000000,0.498317,1.000000,0.000000,0,0.000000,231985.000000,1.000000,249071114655.000000,2994378.000000
232000,14,124759,0.600000,1.000000,0.737420,1.000000,0.000000,0,0.000000,231689.000000,1.000000,249071114655.000000,2994378.000000
232000,15,124771,0.600000,1.000000,0.680276,1.000000,0.000000,0,0.000000,231939.000000,1.000000,249071114655.000000,2994378.000000
233000,0,125319,0.600000,1.000000,0.692388,1.000000,0.000000,1,208868.000000,233000.000000,1.000000,251261086562.000000,2506254.000000
233000,1,125316,0.600000,1.000000,0.623997,1.000000,0.000000,0,0.000000,232975.000000,1.000000,251261086562.000000,2506254.000000
233000,2,125318,0.600000,1.000000,0.686321,1.000000,0.000000,0,0.000000,232992.000000,1.000000,251261086562.000000,2506254.000000
233000,3,125314,0.600000,1.000000,0.597699,1.000000,0.000000,0,0.000000,232919.000000,1.000000,251261086562.000000,2506254.000000
233000,4,125311,0.600000,1.000000,0.648459,1.000000,0.000000,0,0.000000,232960.000000,1.000000,251261086562.000000,2506254.000000
233000,5,125313,0.600000,1.000000,0.741729,1.000000,0.000000,0,0.000000,232816.000000,1.000000,251261086562.000000,2506254.000000
233000,6,125312,0.600000,1.000000,0.637325,1.000000,0.000000,0,0.000000,232853.000000,1.000000,251261086562.000000,2506254.000000
233000,7,125318,0.600000,1.000000,0.654413,1.000000,0.000000,0,0.000000,232995.000000,1.000000,251261086562.000000,2506254.000000
233000,8,125318,0.600000,1.000000,0.765610,1.000000,0.000000,0,0.000000,232993.000000,1.000000,251261086562.000000,2506254.000000
233000,9,125318,0.600000,1.000000,0.562680,1.000000,0.000000,0,0.000000,232982.000000,1.000000,251261086562.000000,2506254.000000
233000,10,125313,0.600000,1.000000,0.617857,1.000000,0.000000,0,0.000000,232978.000000,1.000000,251261086562.000000,2506254.000000
233000,11,125318,0.600000,1.000000,0.634024,1.000000,0.000000,0,0.000000,232994.000000,1.000000,251261086562.000000,2506254.000000
233000,12,125317,0.600000,1.000000,0.692500,1.000000,0.000000,0,0.000000,232950.000000,1.000000,251261086562.000000,2506254.000000
233000,13,125307,0.600000,1.000000,0.717529,1.000000,0.000000,0,0.000000,232748.000000,1.000000,251261086562.000000,2506254.000000
233000,14,125308,0.600000,1.000000,0.555905,1.000000,0.000000,0,0.000000,232925.000000,1.000000,251261086562.000000,2506254.000000
233000,15,125318,0.600000,1.000000,0.712294,1.000000,0.000000,0,0.000000,232941.000000,1.000000,251261086562.000000,2506254.000000
234000,0,125843,0.600000,1.000000,0.696017,1.000000,0.000000,0,0.000000,233972.000000,1.000000,253395199891.000000,2013542.000000
234000,1,125849,0.600000,1.000000,0.674820,1.000000,0.000000,0,0.000000,233994.000000,1.000000,253395199891.000000,2013542.000000
234000,2,125844,0.600000,1.000000,0.646263,1.000000,0.000000,0,0.000000,233975.000000,1.000000,253395199891.000000,2013542.000000
234000,3,125848,0.600000,1.000000,0.702553,1.000000,0.000000,0,0.000000,233990.000000,1.000000,253395199891.000000,2013542.000000
234000,4,125849,0.600000,1.000000,0.675238,1.000000,0.000000,1,209732.000000,234000.000000,1.000000,253395199891.000000,2013542.000000
234000,5,125847,0.600000,1.000000,0.758698,1.000000,0.000000,0,0.000000,233882.000000,1.000000,253395199891.000000,2013542.000000
234000,6,125847,0.600000,1.000000,0.672802,1.000000,0.000000,0,0.000000,233970.000000,1.000000,253395199891.000000,2013542.000000
234000,7,125839,0.600000,1.000000,0.667723,1.000000,0.000000,0,0.000000,233770.000000,1.000000,253395199891.000000,2013542.000000
234000,8,125844,0.600000,1.000000,0.637959,1.000000,0.000000,0,0.000000,233931.000000,1.000000,253395199891.000000,2013542.000000
234000,9,125848,0.600000,1.000000,0.625154,1.000000,0.000000,0,0.000000,233516.000000,1.000000,253395199891.000000,2013542.000000
234000,10,125847,0.600000,1.000000,0.700628,1.000000,0.000000,0,0.000000,233995.000000,1.000000,253395199891.000000,2013542.000000
234000,11,125847,0.600000,1.000000,0.694022,1.000000,0.000000,0,0.000000,233983.000000,1.000000,253395199891.000000,2013542.000000
234000,12,125841,0.600000,1.000000,0.626413,1.000000,0.000000,0,0.000000,233682.000000,1.000000,253395199891.000000,2013542.000000
234000,13,125848,0.600000,1.000000,0.740880,1.000000,0.000000,0,0.000000,233999.000000,1.000000,253395199891.000000,2013542.000000
234000,14,125847,0.600000,1.000000,0.616148,1.000000,0.000000,0,0.000000,233998.000000,1.000000,253395199891.000000,2013542.000000
234000,15,125847,0.600000,1.000000,0.672902,1.000000,0.000000,0,0.000000,233984.000000,1.000000,253395199891.000000,2013542.000000
235000,0,126387,0.600000,1.000000,0.636846,1.000000,0.000000,0,0.000000,234997.000000,1.000000,255564372707.000000,2274899.000000
235000,1,126385,0.600000,1.000000,0.728566,1.000000,0.000000,0,0.000000,234995.000000,1.000000,255564372707.000000,2274899.000000
235000,2,126384,0.600000,1.000000,0.608863,1.000000,0.000000,0,0.000000,234985.000000,1.000000,255564372707.000000,2274899.000000
235000,3,126386,0.600000,1.000000,0.615782,1.000000,0.000000,0,0.000000,234981.000000,1.000000,255564372707.000000,2274899.000000
235000,4,126386,0.600000,1.000000,0.762167,1.000000,0.000000,1,210646.000000,235000.000000,1.000000,255564372707.000000,2274899.000000
235000,5,126387,0.600000,1.000000,0.590196,1.000000,0.000000,0,0.000000,234987.000000,1.000000,255564372707.000000,2274899.000000
235000,6,126382,0.600000,1.000000,0.684862,1.000000,0.000000,0,0.000000,234953.000000,1.000000,255564372707.000000,2274899.000000
235000,7,126386,0.600000,1.000000,0.716233,1.000000,0.000000,0,0.000000,234992.000000,1.000000,255564372707.000000,2274899.000000
235000,8,126386,0.600000,1.000000,0.655321,1.000000,0.000000,0,0.000000,234999.000000,1.000000,255564372707.000000,2274899.000000
235000,9,126383,0.600000,1.000000,0.672879,1.000000,0.000000,0,0.000000,234786.000000,1.000000,255564372707.000000,2274899.000000
235000,10,126380,0.600000,1.000000,0.502725,1.000000,0.000000,0,0.000000,234940.000000,1.000000,255564372707.000000,2274899.000000
235000,11,126385,0.600000,1.000000,0.702592,1.000000,0.000000,0,0.000000,234956.000000,1.000000,255564372707.000000,2274899.000000
235000,12,126378,0.600000,1.000000,0.625093,1.000000,0.000000,0,0.000000,234830.000000,1.000000,255564372707.000000,2274899.000000
235000,13,126385,0.600000,1.000000,0.672877,1.000000,0.000000,0,0.000000,234973.000000,1.000000,255564372707.000000,2274899.000000
235000,14,126369,0.600000,1.000000,0.595067,1.000000,0.000000,0,0.000000,234817.000000,1.000000,255564372707.000000,2274899.000000
235000,15,126386,0.600000,1.000000,0.570622,1.000000,0.000000,0,0.000000,234839.000000,1.000000,255564372707.000000,2274899.000000
236000,0,126929,0.600000,1.000000,0.640820,1.000000,0.000000,0,0.000000,235789.000000,1.000000,257762590499.000000,3046204.000000
236000,1,126919,0.600000,1.000000,0.580908,1.000000,0.000000,0,0.000000,235897.000000,1.000000,257762590499.000000,3046204.000000
236000,2,126926,0.600000,1.000000,0.559656,1.000000,0.000000,0,0.000000,235964.000000,1.000000,257762590499.000000,3046204.000000
236000,3,126931,0.600000,1.000000,0.608596,1.000000,0.000000,0,0.000000,235998.000000,1.000000,257762590499.000000,3046204.000000
236000,4,126926,0.600000,1.000000,0.738727,1.000000,0.000000,0,0.000000,235949.000000,1.000000,257762590499.000000,3046204.000000
236000,5,126922,0.600000,1.000000,0.627478,1.000000,0.000000,0,0.000000,235360.000000,1.000000,257762590499.000000,3046204.000000
236000,6,126915,0.600000,1.000000,0.571601,1.000000,0.000000,0,0.000000,235762.000000,1.000000,257762590499.000000,3046204.000000
236000,7,126927,0.600000,1.000000,0.589250,1.000000,0.000000,0,0.000000,235981.000000,1.000000,257762590499.000000,3046204.000000
236000,8,126929,0.600000,1.000000,0.689779,1.000000,0.000000,0,0.000000,235989.000000,1.000000,257762590499.000000,3046204.000000
236000,9,126931,0.600000,1.000000,0.711009,1.000000,0.000000,0,0.000000,235997.000000,1.000000,257762590499.000000,3046204.000000
236000,10,126929,0.600000,1.000000,0.593849,1.000000,0.000000,0,0.000000,235979.000000,1.000000,257762590499.000000,3046204.000000
236000,11,126927,0.600000,1.000000,0.760825,1.000000,0.000000,0,0.000000,235920.000000,1.000000,257762590499.000000,3046204.000000
236000,12,126930,0.600000,1.000000,0.689722,1.000000,0.000000,0,0.000000,235996.000000,1.000000,257762590499.000000,3046204.000000
236000,13,126932,0.600000,1.000000,0.706861,1.000000,0.000000,1,211993.000000,236000.000000,1.000000,257762590499.000000,3046204.000000
236000,14,126925,0.600000,1.000000,0.643543,1.000000,0.000000,0,0.000000,235905.000000,1.000000,257762590499.000000,3046204.000000
236000,15,126915,0.600000,1.000000,0.632822,1.000000,0.000000,0,0.000000,235903.000000,1.000000,257762590499.000000,3046204.000000
237000,0,127464,0.600000,1.000000,0.534675,1.000000,0.000000,0,0.000000,236948.000000,1.000000,259982458625.000000,1529644.000000
237000,1,127469,0.600000,1.000000,0.559212,1.000000,0.000000,0,0.000000,236980.000000,1.000000,259982458625.000000,1529644.000000
237000,2,127472,0.600000,1.000000,0.559139,1.000000,0.000000,0,0.000000,236975.000000,1.000000,259982458625.000000,1529644.000000
237000,3,127476,0.600000,1.000000,0.669868,1.000000,0.000000,0,0.000000,236997.000000,1.000000,259982458625.000000,1529644.000000
237000,4,127467,0.600000,1.000000,0.589449,1.000000,0.000000,0,0.000000,236513.000000,1.000000,259982458625.000000,1529644.000000
237000,5,127471,0.600000,1.000000,0.590445,1.000000,0.000000,0,0.000000,236888.000000,1.000000,259982458625.000000,1529644.000000
237000,6,127476,0.600000,1.000000,0.697156,1.000000,0.000000,1,212109.000000,237000.000000,1.000000,259982458625.000000,1529644.000000
237000,7,127463,0.600000,1.000000,0.588710,1.000000,0.000000,0,0.000000,236882.000000,1.000000,259982458625.000000,1529644.000000
237000,8,127471,0.600000,1.000000,0.578083,1.000000,0.000000,0,0.000000,236919.000000,1.000000,259982458625.000000,1529644.000000
237000,9,127476,0.600000,1.000000,0.627295,1.000000,0.000000,0,0.000000,236993.000000,1.000000,259982458625.000000,1529644.000000
237000,10,127474,0.600000,1.000000,0.686764,1.000000,0.000000,0,0.000000,236985.000000,1.000000,259982458625.000000,1529644.000000
237000,11,127475,0.600000,1.000000,0.741112,1.000000,0.000000,0,0.000000,236999.000000,1.000000,259982458625.000000,1529644.000000
237000,12,127471,0.600000,1.000000,0.619691,1.000000,0.000000,0,0.000000,236951.000000,1.000000,259982458625.000000,1529644.000000
237000,13,127474,0.600000,1.000000,0.721450,1.000000,0.000000,0,0.000000,236992.000000,1.000000,259982458625.000000,1529644.000000
237000,14,127477,0.600000,1.000000,0.647726,1.000000,0.000000,0,0.000000,236973.000000,1.000000,259982458625.000000,1529644.000000
237000,15,127463,0.600000,1.000000,0.702852,1.000000,0.000000,0,0.000000,236648.000000,1.000000,259982458625.000000,1529644.000000
238000,0,127998,0.600000,1.000000,0.657109,1.000000,0.000000,0,0.000000,237888.000000,1.000000,262144768241.000000,2304023.000000
238000,1,128001,0.600000,1.000000,0.716440,1.000000,0.000000,0,0.000000,237992.000000,1.000000,262144768241.000000,2304023.000000
238000,2,128001,0.600000,1.000000,0.666064,1.000000,0.000000,0,0.000000,237987.000000,1.000000,262144768241.000000,2304023.000000
238000,3,127990,0.600000,1.000000,0.529055,1.000000,0.000000,0,0.000000,237821.000000,1.000000,262144768241.000000,2304023.000000
238000,4,128003,0.600000,1.000000,0.699729,1.000000,0.000000,0,0.000000,237996.000000,1.000000,262144768241.000000,2304023.000000
238000,5,128003,0.600000,1.000000,0.622677,1.000000,0.000000,0,0.000000,237950.000000,1.000000,262144768241.000000,2304023.000000
238000,6,128002,0.600000,1.000000,0.637529,1.000000,0.000000,0,0.000000,237980.000000,1.000000,262144768241.000000,2304023.000000
238000,7,128003,0.600000,1.000000,0.660695,1.000000,0.000000,0,0.000000,237997.000000,1.000000,262144768241.000000,2304023.000000
238000,8,127994,0.600000,1.000000,0.547260,1.000000,0.000000,0,0.000000,237920.000000,1.000000,262144768241.000000,2304023.000000
238000,9,128005,0.600000,1.000000,0.715639,1.000000,0.000000,1,213907.000000,238000.000000,1.000000,262144768241.000000,2304023.000000
238000,10,128002,0.600000,1.000000,0.757299,1.000000,0.000000,0,0.000000,237995.000000,1.000000,262144768241.000000,2304023.000000
238000,11,127997,0.600000,1.000000,0.595809,1.000000,0.000000,0,0.000000,237952.000000,1.000000,262144768241.000000,2304023.000000
238000,12,128001,0.600000,1.000000,0.613036,1.000000,0.000000,0,0.000000,237939.000000,1.000000,262144768241.000000,2304023.000000
238000,13,128004,0.600000,1.000000,0.642943,1.000000,0.000000,0,0.000000,237979.000000,1.000000,262144768241.000000,2304023.000000
238000,14,128002,0.600000,1.000000,0.604210,1.000000,0.000000,0,0.000000,237976.000000,1.000000,262144768241.000000,2304023.000000
238000,15,127997,0.600000,1.000000,0.750009,1.000000,0.000000,0,0.000000,237767.000000,1.000000,262144768241.000000,2304023.000000
239000,0,128534,0.600000,1.000000,0.565636,1.000000,0.000000,0,0.000000,238716.000000,1.000000,264358963260.000000,2313701.000000
239000,1,128539,0.600000,1.000000,0.593392,1.000000,0.000000,0,0.000000,238872.000000,1.000000,264358963260.000000,2313701.000000
239000,2,128534,0.600000,1.000000,0.650863,1.000000,0.000000,0,0.000000,238876.000000,1.000000,264358963260.000000,2313701.000000
239000,3,128542,0.600000,1.000000,0.728336,1.000000,0.000000,0,0.000000,238903.000000,1.000000,264358963260.000000,2313701.000000
239000,4,128542,0.600000,1.000000,0.619371,1.000000,0.000000,0,0.000000,238996.000000,1.000000,264358963260.000000,2313701.000000
239000,5,128539,0.600000,1.000000,0.750641,1.000000,0.000000,0,0.000000,238983.000000,1.000000,264358963260.000000,2313701.000000
239000,6,128537,0.600000,1.000000,0.700643,1.000000,0.000000,0,0.000000,238945.000000,1.000000,264358963260.000000,2313701.000000
239000,7,128543,0.600000,1.000000,0.778166,1.000000,0.000000,0,0.000000,238999.000000,1.000000,264358963260.000000,2313701.000000
239000,8,128539,0.600000,1.000000,0.753046,1.000000,0.000000,0,0.000000,238987.000000,1.000000,264358963260.000000,2313701.000000
239000,9,128543,0.600000,1.000000,0.688998,1.000000,0.000000,1,214829.000000,239000.000000,1.000000,264358963260.000000,2313701.000000
239000,10,128541,0.600000,1.000000,0.734329,1.000000,0.000000,0,0.000000,238979.000000,1.000000,264358963260.000000,2313701.000000
239000,11,128543,0.600000,1.000000,0.712201,1.000000,0.000000,0,0.000000,238997.000000,1.000000,264358963260.000000,2313701.000000
239000,12,128536,0.600000,1.000000,0.566701,1.000000,0.000000,0,0.000000,238966.000000,1.000000,264358963260.000000,2313701.000000
239000,13,128540,0.600000,1.000000,0.672606,1.000000,0.000000,0,0.000000,238960.000000,1.000000,264358963260.000000,2313701.000000
239000,14,128540,0.600000,1.000000,0.754929,1.000000,0.000000,0,0.000000,238981.000000,1.000000,264358963260.000000,2313701.000000
239000,15,128542,0.600000,1.000000,0.667670,1.000000,0.000000,0,0.000000,238998.000000,1.000000,264358963260.000000,2313701.000000
240000,0,129077,0.600000,1.000000,0.601162,1.000000,0.000000,0,0.000000,239854.000000,1.000000,266593571136.000000,2323475.000000
240000,1,129082,0.600000,1.000000,0.533848,1.000000,0.000000,0,0.000000,239960.000000,1.000000,266593571136.000000,2323475.000000
240000,2,129084,0.600000,1.000000,0.631875,1.000000,0.000000,0,0.000000,239997.000000,1.000000,266593571136.000000,2323475.000000
240000,3,129073,0.600000,1.000000,0.624975,1.000000,0.000000,0,0.000000,239868.000000,1.000000,266593571136.000000,2323475.000000
240000,4,129085,0.600000,1.000000,0.662371,1.000000,0.000000,0,0.000000,239999.000000,1.000000,266593571136.000000,2323475.000000
240000,5,129084,0.600000,1.000000,0.597565,1.000000,0.000000,0,0.000000,239994.000000,1.000000,266593571136.000000,2323475.000000
240000,6,129080,0.600000,1.000000,0.681447,1.000000,0.000000,0,0.000000,239955.000000,1.000000,266593571136.000000,2323475.000000
240000,7,129085,0.600000,1.000000,0.706174,1.000000,0.000000,0,0.000000,239862.000000,1.000000,266593571136.000000,2323475.000000
240000,8,129085,0.600000,1.000000,0.736336,1.000000,0.000000,1,214492.000000,240000.000000,1.000000,266593571136.000000,2323475.000000
240000,9,129082,0.600000,1.000000,0.687401,1.000000,0.000000,0,0.000000,239971.000000,1.000000,266593571136.000000,2323475.000000
240000,10,129085,0.600000,1.000000,0.704917,1.000000,0.000000,0,0.000000,239998.000000,1.000000,266593571136.000000,2323475.000000
240000,11,129083,0.600000,1.000000,0.566244,1.000000,0.000000,0,0.000000,239976.000000,1.000000,266593571136.000000,2323475.000000
240000,12,129079,0.600000,1.000000,0.537302,1.000000,0.000000,0,0.000000,239729.000000,1.000000,266593571136.000000,2323475.000000
240000,13,129084,0.600000,1.000000,0.781376,1.000000,0.000000,0,0.000000,239730.000000,1.000000,266593571136.000000,2323475.000000
240000,14,129084,0.600000,1.000000,0.700707,1.000000,0.000000,0,0.000000,239969.000000,1.000000,266593571136.000000,2323475.000000
240000,15,129076,0.600000,1.000000,0.477892,1.000000,0.000000,0,0.000000,239963.000000,1.000000,266593571136.000000,2323475.000000
241000,0,129617,0.600000,1.000000,0.542577,1.000000,0.000000,0,0.000000,240936.000000,1.000000,268829028685.000000,2073954.000000
241000,1,129616,0.600000,1.000000,0.629200,1.000000,0.000000,0,0.000000,240903.000000,1.000000,268829028685.000000,2073954.000000
241000,2,129621,0.600000,1.000000,0.772451,1.000000,0.000000,0,0.000000,240708.000000,1.000000,268829028685.000000,2073954.000000
241000,3,129619,0.600000,1.000000,0.592721,1.000000,0.000000,0,0.000000,240952.000000,1.000000,268829028685.000000,2073954.000000
241000,4,129626,0.600000,1.000000,0.733859,1.000000,0.000000,0,0.000000,240999.000000,1.000000,268829028685.000000,2073954.000000
241000,5,129622,0.600000,1.000000,0.575536,1.000000,0.000000,0,0.000000,240957.000000,1.000000,268829028685.000000,2073954.000000
241000,6,129619,0.600000,1.000000,0.522555,1.000000,0.000000,0,0.000000,240887.000000,1.000000,268829028685.000000,2073954.000000
241000,7,129626,0.600000,1.000000,0.701725,1.000000,0.000000,0,0.000000,240993.000000,1.000000,268829028685.000000,2073954.000000
241000,8,129626,0.600000,1.000000,0.713953,1.000000,0.000000,0,0.000000,240995.000000,1.000000,268829028685.000000,2073954.000000
241000,9,129612,0.600000,1.000000,0.472551,1.000000,0.000000,0,0.000000,240825.000000,1.000000,268829028685.000000,2073954.000000
241000,10,129623,0.600000,1.000000,0.632673,1.000000,0.000000,0,0.000000,240988.000000,1.000000,268829028685.000000,2073954.000000
241000,11,129627,0.600000,1.000000,0.695494,1.000000,0.000000,0,0.000000,240870.000000,1.000000,268829028685.000000,2073954.000000
241000,12,129623,0.600000,1.000000,0.677901,1.000000,0.000000,0,0.000000,240994.000000,1.000000,268829028685.000000,2073954.000000
241000,13,129626,0.600000,1.000000,0.711573,1.000000,0.000000,1,216455.000000,241000.000000,1.000000,268829028685.000000,2073954.000000
241000,14,129623,0.600000,1.000000,0.554377,1.000000,0.000000,0,0.000000,240980.000000,1.000000,268829028685.000000,2073954.000000
241000,15,129623,0.600000,1.000000,0.608064,1.000000,0.000000,0,0.000000,240992.000000,1.000000,268829028685.000000,2073954.000000
242000,0,130158,0.600000,1.000000,0.663071,1.000000,0.000000,0,0.000000,241941.000000,1.000000,271070435221.000000,1561950.000000
242000,1,130158,0.600000,1.000000,0.530160,1.000000,0.000000,0,0.000000,241968.000000,1.000000,271070435221.000000,1561950.000000
242000,2,130163,0.600000,1.000000,0.774544,1.000000,0.000000,0,0.000000,241994.000000,1.000000,271070435221.000000,1561950.000000
242000,3,130165,0.600000,1.000000,0.667997,1.000000,0.000000,0,0.000000,241997.000000,1.000000,271070435221.000000,1561950.000000
242000,4,130154,0.600000,1.000000,0.690614,1.000000,0.000000,0,0.000000,241789.000000,1.000000,271070435221.000000,1561950.000000
242000,5,130157,0.600000,1.000000,0.681840,1.000000,0.000000,0,0.000000,241953.000000,1.000000,271070435221.000000,1561950.000000
242000,6,130162,0.600000,1.000000,0.758921,1.000000,0.000000,0,0.000000,241977.000000,1.000000,271070435221.000000,1561950.000000
242000,7,130164,0.600000,1.000000,0.684486,1.000000,0.000000,0,0.000000,241981.000000,1.000000,271070435221.000000,1561950.000000
242000,8,130164,0.600000,1.000000,0.731093,1.000000,0.000000,1,216340.000000,242000.000000,1.000000,271070435221.000000,1561950.000000
242000,9,130157,0.600000,1.000000,0.641745,1.000000,0.000000,0,0.000000,241929.000000,1.000000,271070435221.000000,1561950.000000
242000,10,130162,0.600000,1.000000,0.623661,1.000000,0.000000,0,0.000000,241934.000000,1.000000,271070435221.000000,1561950.000000
242000,11,130164,0.600000,1.000000,0.740783,1.000000,0.000000,0,0.000000,241979.000000,1.000000,271070435221.000000,1561950.000000
242000,12,130164,0.600000,1.000000,0.720895,1.000000,0.000000,0,0.000000,241822.000000,1.000000,271070435221.000000,1561950.000000
242000,13,130160,0.600000,1.000000,0.709635,1.000000,0.000000,0,0.000000,241945.000000,1.000000,271070435221.000000,1561950.000000
242000,14,130163,0.600000,1.000000,0.750498,1.000000,0.000000,0,0.000000,241998.000000,1.000000,271070435221.000000,1561950.000000
242000,15,130162,0.600000,1.000000,0.725352,1.000000,0.000000,0,0.000000,241996.000000,1.000000,271070435221.000000,1561950.000000
243000,0,130695,0.600000,1.000000,0.515717,1.000000,0.000000,0,0.000000,242858.000000,1.000000,273298144269.000000,1568332.000000
243000,1,130697,0.600000,1.000000,0.844521,1.000000,0.000000,0,0.000000,242999.000000,1.000000,273298144269.000000,1568332.000000
243000,2,130692,0.600000,1.000000,0.501221,1.000000,0.000000,0,0.000000,242964.000000,1.000000,273298144269.000000,1568332.000000
243000,3,130695,0.600000,1.000000,0.588798,1.000000,0.000000,0,0.000000,242985.000000,1.000000,273298144269.000000,1568332.000000
243000,4,130696,0.600000,1.000000,0.620006,1.000000,0.000000,0,0.000000,242945.000000,1.000000,273298144269.000000,1568332.000000
243000,5,130695,0.600000,1.000000,0.653563,1.000000,0.000000,0,0.000000,242814.000000,1.000000,273298144269.000000,1568332.000000
243000,6,130695,0.600000,1.000000,0.687377,1.000000,0.000000,0,0.000000,242974.000000,1.000000,273298144269.000000,1568332.000000
243000,7,130697,0.600000,1.000000,0.609127,1.000000,0.000000,0,0.000000,242988.000000,1.000000,273298144269.000000,1568332.000000
243000,8,130695,0.600000,1.000000,0.654776,1.000000,0.000000,0,0.000000,242963.000000,1.000000,273298144269.000000,1568332.000000
243000,9,130694,0.600000,1.000000,0.641818,1.000000,0.000000,0,0.000000,242771.000000,1.000000,273298144269.000000,1568332.000000
243000,10,130692,0.600000,1.000000,0.701581,1.000000,0.000000,0,0.000000,242989.000000,1.000000,273298144269.000000,1568332.000000
243000,11,130694,0.600000,1.000000,0.627541,1.000000,0.000000,0,0.000000,242959.000000,1.000000,273298144269.000000,1568332.000000
243000,12,130697,0.600000,1.000000,0.801629,1.000000,0.000000,1,216873.000000,243000.000000,1.000000,273298144269.000000,1568332.000000
243000,13,130693,0.600000,1.000000,0.605992,1.000000,0.000000,0,0.000000,242925.000000,1.000000,273298144269.000000,1568332.000000
243000,14,130694,0.600000,1.000000,0.645070,1.000000,0.000000,0,0.000000,242992.000000,1.000000,273298144269.000000,1568332.000000
243000,15,130696,0.600000,1.000000,0.677457,1.000000,0.000000,0,0.000000,242823.000000,1.000000,273298144269.000000,1568332.000000
244000,0,131229,0.600000,1.000000,0.731545,1.000000,0.000000,0,0.000000,243940.000000,1.000000,275543106774.000000,2362163.000000
244000,1,131236,0.600000,1.000000,0.788628,1.000000,0.000000,1,218228.000000,244000.000000,1.000000,275543106774.000000,2362163.000000
244000,2,131237,0.600000,1.000000,0.776888,1.000000,0.000000,0,0.000000,243999.000000,1.000000,275543106774.000000,2362163.000000
244000,3,131230,0.600000,1.000000,0.718908,1.000000,0.000000,0,0.000000,243982.000000,1.000000,275543106774.000000,2362163.000000
244000,4,131231,0.600000,1.000000,0.650264,1.000000,0.000000,0,0.000000,243987.000000,1.000000,275543106774.000000,2362163.000000
244000,5,131235,0.600000,1.000000,0.678929,1.000000,0.000000,0,0.000000,243955.000000,1.000000,275543106774.000000,2362163.000000
244000,6,131233,0.600000,1.000000,0.722355,1.000000,0.000000,0,0.000000,243835.000000,1.000000,275543106774.000000,2362163.000000
244000,7,131232,0.600000,1.000000,0.749645,1.000000,0.000000,0,0.000000,243994.000000,1.000000,275543106774.000000,2362163.000000
244000,8,131225,0.600000,1.000000,0.603203,1.000000,0.000000,0,0.000000,243950.000000,1.000000,275543106774.000000,2362163.000000
244000,9,131209,0.600000,1.000000,0.644835,1.000000,0.000000,0,0.000000,243831.000000,1.000000,275543106774.000000,2362163.000000
244000,10,131233,0.600000,1.000000,0.543499,1.000000,0.000000,0,0.000000,243927.000000,1.000000,275543106774.000000,2362163.000000
244000,11,131234,0.600000,1.000000,0.685520,1.000000,0.000000,0,0.000000,243947.000000,1.000000,275543106774.000000,2362163.000000
244000,12,131234,0.600000,1.000000,0.668049,1.000000,0.000000,0,0.000000,243965.000000,1.000000,275543106774.000000,2362163.000000
244000,13,131225,0.600000,1.000000,0.585950,1.000000,0.000000,0,0.000000,243888.000000,1.000000,275543106774.000000,2362163.000000
244000,14,131236,0.600000,1.000000,0.793305,1.000000,0.000000,0,0.000000,243998.000000,1.000000,275543106774.000000,2362163.000000
244000,15,131229,0.600000,1.000000,0.566055,1.000000,0.000000,0,0.000000,243933.000000,1.000000,275543106774.000000,2362163.000000
245000,0,131771,0.600000,1.000000,0.685485,1.000000,0.000000,0,0.000000,244989.000000,1.000000,277812799920.000000,2898961.000000
245000,1,131774,0.600000,1.000000,0.635774,1.000000,0.000000,1,219124.000000,245000.000000,1.000000,277812799920.000000,2898961.000000
245000,2,131774,0.600000,1.000000,0.573536,1.000000,0.000000,0,0.000000,244995.000000,1.000000,277812799920.000000,2898961.000000
245000,3,131772,0.600000,1.000000,0.607365,1.000000,0.000000,0,0.000000,244982.000000,1.000000,277812799920.000000,2898961.000000
245000,4,131771,0.600000,1.000000,0.692108,1.000000,0.000000,0,0.000000,244856.000000,1.000000,277812799920.000000,2898961.000000
245000,5,131770,0.600000,1.000000,0.607103,1.000000,0.000000,0,0.000000,244948.000000,1.000000,277812799920.000000,2898961.000000
245000,6,131769,0.600000,1.000000,0.647822,1.000000,0.000000,0,0.000000,244868.000000,1.000000,277812799920.000000,2898961.000000
245000,7,131772,0.600000,1.000000,0.615475,1.000000,0.000000,0,0.000000,244988.000000,1.000000,277812799920.000000,2898961.000000
245000,8,131748,0.600000,1.000000,0.583816,1.000000,0.000000,0,0.000000,244837.000000,1.000000,277812799920.000000,2898961.000000
245000,9,131771,0.600000,1.000000,0.634052,1.000000,0.000000,0,0.000000,244973.000000,1.000000,277812799920.000000,2898961.000000
245000,10,131774,0.600000,1.000000,0.654968,1.000000,0.000000,0,0.000000,244991.000000,1.000000,277812799920.000000,2898961.000000
245000,11,131773,0.600000,1.000000,0.652216,1.000000,0.000000,0,0.000000,244993.000000,1.000000,277812799920.000000,2898961.000000
245000,12,131773,0.600000,1.000000,0.720131,1.000000,0.000000,0,0.000000,244999.000000,1.000000,277812799920.000000,2898961.000000
245000,13,131764,0.600000,1.000000,0.602283,1.000000,0.000000,0,0.000000,244894.000000,1.000000,277812799920.000000,2898961.000000
245000,14,131771,0.600000,1.000000,0.663322,1.000000,0.000000,0,0.000000,244916.000000,1.000000,277812799920.000000,2898961.000000
245000,15,131771,0.600000,1.000000,0.644832,1.000000,0.000000,0,0.000000,244965.000000,1.000000,277812799920.000000,2898961.000000
246000,0,132319,0.600000,1.000000,0.666576,1.000000,0.000000,0,0.000000,245960.000000,1.000000,280110591407.000000,3704764.000000
246000,1,132310,0.600000,1.000000,0.643338,1.000000,0.000000,0,0.000000,245927.000000,1.000000,280110591407.000000,3704764.000000
246000,2,132315,0.600000,1.000000,0.706320,1.000000,0.000000,0,0.000000,245953.000000,1.000000,280110591407.000000,3704764.000000
246000,3,132319,0.600000,1.000000,0.702688,1.000000,0.000000,0,0.000000,245987.000000,1.000000,280110591407.000000,3704764.000000
246000,4,132320,0.600000,1.000000,0.705259,1.000000,0.000000,1,220563.000000,246000.000000,1.000000,280110591407.000000,3704764.000000
246000,5,132318,0.600000,1.000000,0.643761,1.000000,0.000000,0,0.000000,245919.000000,1.000000,280110591407.000000,3704764.000000
246000,6,132312,0.600000,1.000000,0.647339,1.000000,0.000000,0,0.000000,245949.000000,1.000000,280110591407.000000,3704764.000000
246000,7,132316,0.600000,1.000000,0.767686,1.000000,0.000000,0,0.000000,245988.000000,1.000000,280110591407.000000,3704764.000000
246000,8,132309,0.600000,1.000000,0.553774,1.000000,0.000000,0,0.000000,245775.000000,1.000000,280110591407.000000,3704764.000000
246000,9,132318,0.600000,1.000000,0.739938,1.000000,0.000000,0,0.000000,245991.000000,1.000000,280110591407.000000,3704764.000000
246000,10,132318,0.600000,1.000000,0.750217,1.000000,0.000000,0,0.000000,245996.000000,1.000000,280110591407.000000,3704764.000000
246000,11,132287,0.600000,1.000000,0.577197,1.000000,0.000000,0,0.000000,245571.000000,1.000000,280110591407.000000,3704764.000000
246000,12,132317,0.600000,1.000000,0.718316,1.000000,0.000000,0,0.000000,245997.000000,1.000000,280110591407.000000,3704764.000000
246000,13,132318,0.600000,1.000000,0.708532,1.000000,0.000000,0,0.000000,245992.000000,1.000000,280110591407.000000,3704764.000000
246000,14,132306,0.600000,1.000000,0.544618,1.000000,0.000000,0,0.000000,245909.000000,1.000000,280110591407.000000,3704764.000000
246000,15,132317,0.600000,1.000000,0.690851,1.000000,0.000000,0,0.000000,245855.000000,1.000000,280110591407.000000,3704764.000000
247000,0,132853,0.600000,1.000000,0.700675,1.000000,0.000000,0,0.000000,246870.000000,1.000000,282413593906.000000,3454277.000000
247000,1,132839,0.600000,1.000000,0.465970,1.000000,0.000000,0,0.000000,246476.000000,1.000000,282413593906.000000,3454277.000000
247000,2,132861,0.600000,1.000000,0.643038,1.000000,0.000000,0,0.000000,246937.000000,1.000000,282413593906.000000,3454277.000000
247000,3,132861,0.600000,1.000000,0.761268,1.000000,0.000000,1,221528.000000,247000.000000,1.000000,282413593906.000000,3454277.000000
247000,4,132857,0.600000,1.000000,0.540312,1.000000,0.000000,0,0.000000,246973.000000,1.000000,282413593906.000000,3454277.000000
247000,5,132853,0.600000,1.000000,0.623724,1.000000,0.000000,0,0.000000,246879.000000,1.000000,282413593906.000000,3454277.000000
247000,6,132858,0.600000,1.000000,0.644965,1.000000,0.000000,0,0.000000,246971.000000,1.000000,282413593906.000000,3454277.000000
247000,7,132858,0.600000,1.000000,0.551677,1.000000,0.000000,0,0.000000,246991.000000,1.000000,282413593906.000000,3454277.000000
247000,8,132859,0.600000,1.000000,0.717130,1.000000,0.000000,0,0.000000,246994.000000,1.000000,282413593906.000000,3454277.000000
247000,9,132857,0.600000,1.000000,0.609436,1.000000,0.000000,0,0.000000,246944.000000,1.000000,282413593906.000000,3454277.000000
247000,10,132860,0.600000,1.000000,0.761202,1.000000,0.000000,0,0.000000,246997.000000,1.000000,282413593906.000000,3454277.000000
247000,11,132860,0.600000,1.000000,0.750783,1.000000,0.000000,0,0.000000,246996.000000,1.000000,282413593906.000000,3454277.000000
247000,12,132856,0.600000,1.000000,0.685220,1.000000,0.000000,0,0.000000,246524.000000,1.000000,282413593906.000000,3454277.000000
247000,13,132855,0.600000,1.000000,0.561980,1.000000,0.000000,0,0.000000,246940.000000,1.000000,282413593906.000000,3454277.000000
247000,14,132861,0.600000,1.000000,0.803742,1.000000,0.000000,0,0.000000,246999.000000,1.000000,282413593906.000000,3454277.000000
247000,15,132856,0.600000,1.000000,0.663809,1.000000,0.000000,0,0.000000,246962.000000,1.000000,282413593906.000000,3454277.000000
248000,0,133402,0.600000,1.000000,0.748281,1.000000,0.000000,0,0.000000,247625.000000,1.000000,284729761807.000000,2401259.000000
248000,1,133399,0.600000,1.000000,0.607037,1.000000,0.000000,0,0.000000,247728.000000,1.000000,284729761807.000000,2401259.000000
248000,2,133395,0.600000,1.000000,0.472406,1.000000,0.000000,0,0.000000,247946.000000,1.000000,284729761807.000000,2401259.000000
248000,3,133402,0.600000,1.000000,0.688218,1.000000,0.000000,0,0.000000,247932.000000,1.000000,284729761807.000000,2401259.000000
248000,4,133366,0.600000,1.000000,0.777474,1.000000,0.000000,0,0.000000,247346.000000,1.000000,284729761807.000000,2401259.000000
248000,5,133406,0.600000,1.000000,0.791468,1.000000,0.000000,1,221784.000000,248000.000000,1.000000,284729761807.000000,2401259.000000
248000,6,133407,0.600000,1.000000,0.722777,1.000000,0.000000,0,0.000000,247996.000000,1.000000,284729761807.000000,2401259.000000
248000,7,133405,0.600000,1.000000,0.711582,1.000000,0.000000,0,0.000000,247979.000000,1.000000,284729761807.000000,2401259.000000
248000,8,133400,0.600000,1.000000,0.536152,1.000000,0.000000,0,0.000000,247947.000000,1.000000,284729761807.000000,2401259.000000
248000,9,133404,0.600000,1.000000,0.558579,1.000000,0.000000,0,0.000000,247977.000000,1.000000,284729761807.000000,2401259.000000
248000,10,133399,0.600000,1.000000,0.588637,1.000000,0.000000,0,0.000000,247863.000000,1.000000,284729761807.000000,2401259.000000
248000,11,133406,0.600000,1.000000,0.631672,1.000000,0.000000,0,0.000000,247988.000000,1.000000,284729761807.000000,2401259.000000
248000,12,133405,0.600000,1.000000,0.622147,1.000000,0.000000,0,0.000000,247983.000000,1.000000,284729761807.000000,2401259.000000
248000,13,133402,0.600000,1.000000,0.790222,1.000000,0.000000,0,0.000000,247994.000000,1.000000,284729761807.000000,2401259.000000
248000,14,133400,0.600000,1.000000,0.680090,1.000000,0.000000,0,0.000000,247936.000000,1.000000,284729761807.000000,2401259.000000
248000,15,133405,0.600000,1.000000,0.686784,1.000000,0.000000,0,0.000000,247997.000000,1.000000,284729761807.000000,2401259.000000
249000,0,133943,0.600000,1.000000,0.564984,1.000000,0.000000,0,0.000000,248929.000000,1.000000,287036902869.000000,2410907.000000
249000,1,133935,0.600000,1.000000,0.679524,1.000000,0.000000,0,0.000000,248776.000000,1.000000,287036902869.000000,2410907.000000
249000,2,133941,0.600000,1.000000,0.721167,1.000000,0.000000,0,0.000000,248983.000000,1.000000,287036902869.000000,2410907.000000
249000,3,133938,0.600000,1.000000,0.651720,1.000000,0.000000,0,0.000000,248936.000000,1.000000,287036902869.000000,2410907.000000
249000,4,133940,0.600000,1.000000,0.618988,1.000000,0.000000,0,0.000000,248907.000000,1.000000,287036902869.000000,2410907.000000
249000,5,133938,0.600000,1.000000,0.547208,1.000000,0.000000,0,0.000000,248951.000000,1.000000,287036902869.000000,2410907.000000
249000,6,133943,0.600000,1.000000,0.783502,1.000000,0.000000,0,0.000000,248992.000000,1.000000,287036902869.000000,2410907.000000
249000,7,133944,0.600000,1.000000,0.710077,1.000000,0.000000,1,223628.000000,249000.000000,1.000000,287036902869.000000,2410907.000000
249000,8,133944,0.600000,1.000000,0.657095,1.000000,0.000000,0,0.000000,248995.000000,1.000000,287036902869.000000,2410907.000000
249000,9,133945,0.600000,1.000000,0.653325,1.000000,0.000000,0,0.000000,248964.000000,1.000000,287036902869.000000,2410907.000000
249000,10,133936,0.600000,1.000000,0.651345,1.000000,0.000000,0,0.000000,248845.000000,1.000000,287036902869.000000,2410907.000000
249000,11,133933,0.600000,1.000000,0.470013,1.000000,0.000000,0,0.000000,248924.000000,1.000000,287036902869.000000,2410907.000000
249000,12,133945,0.600000,1.000000,0.661540,1.000000,0.000000,0,0.000000,248994.000000,1.000000,287036902869.000000,2410907.000000
249000,13,133942,0.600000,1.000000,0.733809,1.000000,0.000000,0,0.000000,248997.000000,1.000000,287036902869.000000,2410907.000000
249000,14,133941,0.600000,1.000000,0.596645,1.000000,0.000000,0,0.000000,248886.000000,1.000000,287036902869.000000,2410907.000000
249000,15,133925,0.600000,1.000000,0.580348,1.000000,0.000000,0,0.000000,248675.000000,1.000000,287036902869.000000,2410907.000000
250000,0,134478,0.600000,1.000000,0.560570,1.000000,0.000000,0,0.000000,249986.000000,1.000000,289349588861.000000,1613746.000000
250000,1,134482,0.600000,1.000000,0.686104,1.000000,0.000000,0,0.000000,249993.000000,1.000000,289349588861.000000,1613746.000000
250000,2,134476,0.600000,1.000000,0.676689,1.000000,0.000000,0,0.000000,249952.000000,1.000000,289349588861.000000,1613746.000000
250000,3,134474,0.600000,1.000000,0.574333,1.000000,0.000000,0,0.000000,249850.000000,1.000000,289349588861.000000,1613746.000000
250000,4,134479,0.600000,1.000000,0.644770,1.000000,0.000000,0,0.000000,249992.000000,1.000000,289349588861.000000,1613746.000000
250000,5,134472,0.600000,1.000000,0.678874,1.000000,0.000000,0,0.000000,249823.000000,1.000000,289349588861.000000,1613746.000000
250000,6,134474,0.600000,1.000000,0.610045,1.000000,0.000000,0,0.000000,249965.000000,1.000000,289349588861.000000,1613746.000000
250000,7,134478,0.600000,1.000000,0.718665,1.000000,0.000000,0,0.000000,249963.000000,1.000000,289349588861.000000,1613746.000000
250000,8,134481,0.600000,1.000000,0.682838,1.000000,0.000000,0,0.000000,249998.000000,1.000000,289349588861.000000,1613746.000000
250000,9,134476,0.600000,1.000000,0.573470,1.000000,0.000000,0,0.000000,249985.000000,1.000000,289349588861.000000,1613746.000000
250000,10,134475,0.600000,1.000000,0.553863,1.000000,0.000000,0,0.000000,249885.000000,1.000000,289349588861.000000,1613746.000000
250000,11,134481,0.600000,1.000000,0.664017,1.000000,0.000000,0,0.000000,249991.000000,1.000000,289349588861.000000,1613746.000000
250000,12,134478,0.600000,1.000000,0.748037,1.000000,0.000000,0,0.000000,249981.000000,1.000000,289349588861.000000,1613746.000000
250000,13,134481,0.600000,1.000000,0.702928,1.000000,0.000000,1,224521.000000,250000.000000,1.000000,289349588861.000000,1613746.000000
250000,14,134482,0.600000,1.000000,0.700013,1.000000,0.000000,0,0.000000,249997.000000,1.000000,289349588861.000000,1613746.000000
250000,15,134482,0.600000,1.000000,0.651033,1.000000,0.000000,0,0.000000,249995.000000,1.000000,289349588861.000000,1613746.000000
251000,0,135010,0.600000,1.000000,0.703508,1.000000,0.000000,0,0.000000,250999.000000,1.000000,291629431135.000000,2160094.000000
251000,1,135009,0.600000,1.000000,0.598846,1.000000,0.000000,0,0.000000,250949.000000,1.000000,291629431135.000000,2160094.000000
251000,2,135006,0.600000,1.000000,0.485707,1.000000,0.000000,0,0.000000,250966.000000,1.000000,291629431135.000000,2160094.000000
251000,3,135009,0.600000,1.000000,0.771765,1.000000,0.000000,1,225018.000000,251000.000000,1.000000,291629431135.000000,2160094.000000
251000,4,135009,0.600000,1.000000,0.540410,1.000000,0.000000,0,0.000000,250965.000000,1.000000,291629431135.000000,2160094.000000
251000,5,135002,0.600000,1.000000,0.641330,1.000000,0.000000,0,0.000000,250844.000000,1.000000,291629431135.000000,2160094.000000
251000,6,135010,0.600000,1.000000,0.665694,1.000000,0.000000,0,0.000000,250963.000000,1.000000,291629431135.000000,2160094.000000
251000,7,135009,0.600000,1.000000,0.589951,1.000000,0.000000,0,0.000000,250994.000000,1.000000,291629431135.000000,2160094.000000
251000,8,135008,0.600000,1.000000,0.630913,1.000000,0.000000,0,0.000000,250996.000000,1.000000,291629431135.000000,2160094.000000
251000,9,134989,0.600000,1.000000,0.648692,1.000000,0.000000,0,0.000000,250880.000000,1.000000,291629431135.000000,2160094.000000
251000,10,135008,0.600000,1.000000,0.519891,1.000000,0.000000,0,0.000000,250964.000000,1.000000,291629431135.000000,2160094.000000
251000,11,135007,0.600000,1.000000,0.626672,1.000000,0.000000,0,0.000000,250993.000000,1.000000,291629431135.000000,2160094.000000
251000,12,135009,0.600000,1.000000,0.629422,1.000000,0.000000,0,0.000000,250920.000000,1.000000,291629431135.000000,2160094.000000
251000,13,135008,0.600000,1.000000,0.687431,1.000000,0.000000,0,0.000000,250998.000000,1.000000,291629431135.000000,2160094.000000
251000,14,135008,0.600000,1.000000,0.649270,1.000000,0.000000,0,0.000000,250995.000000,1.000000,291629431135.000000,2160094.000000
251000,15,135008,0.600000,1.000000,0.597840,1.000000,0.000000,0,0.000000,250955.000000,1.000000,291629431135.000000,2160094.000000
252000,0,135544,0.600000,1.000000,0.542296,1.000000,0.000000,0,0.000000,251981.000000,1.000000,293959966177.000000,3524197.000000
252000,1,135546,0.600000,1.000000,0.614260,1.000000,0.000000,0,0.000000,251984.000000,1.000000,293959966177.000000,3524197.000000
252000,2,135548,0.600000,1.000000,0.798366,1.000000,0.000000,0,0.000000,251998.000000,1.000000,293959966177.000000,3524197.000000
252000,3,135547,0.600000,1.000000,0.706267,1.000000,0.000000,0,0.000000,251993.000000,1.000000,293959966177.000000,3524197.000000
252000,4,135528,0.600000,1.000000,0.518496,1.000000,0.000000,0,0.000000,251626.000000,1.000000,293959966177.000000,3524197.000000
252000,5,135540,0.600000,1.000000,0.569445,1.000000,0.000000,0,0.000000,251845.000000,1.000000,293959966177.000000,3524197.000000
252000,6,135538,0.600000,1.000000,0.657454,1.000000,0.000000,0,0.000000,251500.000000,1.000000,293959966177.000000,3524197.000000
252000,7,135546,0.600000,1.000000,0.741701,1.000000,0.000000,0,0.000000,251995.000000,1.000000,293959966177.000000,3524197.000000
252000,8,135547,0.600000,1.000000,0.643857,1.000000,0.000000,0,0.000000,251979.000000,1.000000,293959966177.000000,3524197.000000
252000,9,135548,0.600000,1.000000,0.669505,1.000000,0.000000,0,0.000000,251558.000000,1.000000,293959966177.000000,3524197.000000
252000,10,135546,0.600000,1.000000,0.586174,1.000000,0.000000,0,0.000000,251986.000000,1.000000,293959966177.000000,3524197.000000
252000,11,135550,0.600000,1.000000,0.703231,1.000000,0.000000,0,0.000000,251914.000000,1.000000,293959966177.000000,3524197.000000
252000,12,135551,0.600000,1.000000,0.588295,1.000000,0.000000,1,224803.000000,252000.000000,1.000000,293959966177.000000,3524197.000000
252000,13,135549,0.600000,1.000000,0.621485,1.000000,0.000000,0,0.000000,251975.000000,1.000000,293959966177.000000,3524197.000000
252000,14,135551,0.600000,1.000000,0.746567,1.000000,0.000000,0,0.000000,251999.000000,1.000000,293959966177.000000,3524197.000000
252000,15,135544,0.600000,1.000000,0.523420,1.000000,0.000000,0,0.000000,251956.000000,1.000000,293959966177.000000,3524197.000000
253000,0,136089,0.600000,1.000000,0.584856,1.000000,0.000000,0,0.000000,252950.000000,1.000000,296349040440.000000,1088756.000000
253000,1,136091,0.600000,1.000000,0.683533,1.000000,0.000000,0,0.000000,252951.000000,1.000000,296349040440.000000,1088756.000000
253000,2,136098,0.600000,1.000000,0.545459,1.000000,0.000000,0,0.000000,252966.000000,1.000000,296349040440.000000,1088756.000000
253000,3,136095,0.600000,1.000000,0.677913,1.000000,0.000000,0,0.000000,252843.000000,1.000000,296349040440.000000,1088756.000000
253000,4,136099,0.600000,1.000000,0.731241,1.000000,0.000000,0,0.000000,252996.000000,1.000000,296349040440.000000,1088756.000000
253000,5,136096,0.600000,1.000000,0.781192,1.000000,0.000000,0,0.000000,252705.000000,1.000000,296349040440.000000,1088756.000000
253000,6,136099,0.600000,1.000000,0.657246,1.000000,0.000000,1,226314.000000,253000.000000,1.000000,296349040440.000000,1088756.000000
253000,7,136097,0.600000,1.000000,0.752162,1.000000,0.000000,0,0.000000,252995.000000,1.000000,296349040440.000000,1088756.000000
253000,8,136080,0.600000,1.000000,0.676914,1.000000,0.000000,0,0.000000,252635.000000,1.000000,296349040440.000000,1088756.000000
253000,9,136088,0.600000,1.000000,0.666646,1.000000,0.000000,0,0.000000,252886.000000,1.000000,296349040440.000000,1088756.000000
253000,10,136097,0.600000,1.000000,0.748042,1.000000,0.000000,0,0.000000,252859.000000,1.000000,296349040440.000000,1088756.000000
253000,11,136099,0.600000,1.000000,0.720301,1.000000,0.000000,0,0.000000,252997.000000,1.000000,296349040440.000000,1088756.000000
253000,12,136097,0.600000,1.000000,0.645650,1.000000,0.000000,0,0.000000,252967.000000,1.000000,296349040440.000000,1088756.000000
253000,13,136097,0.600000,1.000000,0.565421,1.000000,0.000000,0,0.000000,252981.000000,1.000000,296349040440.000000,1088756.000000
253000,14,136097,0.600000,1.000000,0.618729,1.000000,0.000000,0,0.000000,252986.000000,1.000000,296349040440.000000,1088756.000000
253000,15,136099,0.600000,1.000000,0.696011,1.000000,0.000000,0,0.000000,252999.000000,1.000000,296349040440.000000,1088756.000000
254000,0,136624,0.600000,1.000000,0.672184,1.000000,0.000000,0,0.000000,253982.000000,1.000000,298671813975.000000,1912777.000000
254000,1,136628,0.600000,1.000000,0.623216,1.000000,0.000000,0,0.000000,253890.000000,1.000000,298671813975.000000,1912777.000000
254000,2,136631,0.600000,1.000000,0.689953,1.000000,0.000000,1,228018.000000,254000.000000,1.000000,298671813975.000000,1912777.000000
254000,3,136628,0.600000,1.000000,0.590891,1.000000,0.000000,0,0.000000,253748.000000,1.000000,298671813975.000000,1912777.000000
254000,4,136626,0.600000,1.000000,0.643095,1.000000,0.000000,0,0.000000,253964.000000,1.000000,298671813975.000000,1912777.000000
254000,5,136627,0.600000,1.000000,0.777634,1.000000,0.000000,0,0.000000,253866.000000,1.000000,298671813975.000000,1912777.000000
254000,6,136627,0.600000,1.000000,0.610057,1.000000,0.000000,0,0.000000,253976.000000,1.000000,298671813975.000000,1912777.000000
254000,7,136630,0.600000,1.000000,0.683297,1.000000,0.000000,0,0.000000,253986.000000,1.000000,298671813975.000000,1912777.000000
254000,8,136627,0.600000,1.000000,0.635850,1.000000,0.000000,0,0.000000,253794.000000,1.000000,298671813975.000000,1912777.000000
254000,9,136628,0.600000,1.000000,0.775898,1.000000,0.000000,0,0.000000,253995.000000,1.000000,298671813975.000000,1912777.000000
254000,10,136620,0.600000,1.000000,0.623135,1.000000,0.000000,0,0.000000,253914.000000,1.000000,298671813975.000000,1912777.000000
254000,11,136622,0.600000,1.000000,0.688262,1.000000,0.000000,0,0.000000,253913.000000,1.000000,298671813975.000000,1912777.000000
254000,12,136626,0.600000,1.000000,0.626825,1.000000,0.000000,0,0.000000,253955.000000,1.000000,298671813975.000000,1912777.000000
254000,13,136631,0.600000,1.000000,0.794297,1.000000,0.000000,0,0.000000,253998.000000,1.000000,298671813975.000000,1912777.000000
254000,14,136629,0.600000,1.000000,0.685102,1.000000,0.000000,0,0.000000,253997.000000,1.000000,298671813975.000000,1912777.000000
254000,15,136631,0.600000,1.000000,0.746447,1.000000,0.000000,0,0.000000,253996.000000,1.000000,298671813975.000000,1912777.000000
255000,0,137162,0.600000,1.000000,0.509684,1.000000,0.000000,0,0.000000,254996.000000,1.000000,301001186293.000000,1371583.000000
255000,1,137159,0.600000,1.000000,0.613243,1.000000,0.000000,0,0.000000,254988.000000,1.000000,301001186293.000000,1371583.000000
255000,2,137157,0.600000,1.000000,0.603173,1.000000,0.000000,0,0.000000,254982.000000,1.000000,301001186293.000000,1371583.000000
255000,3,137162,0.600000,1.000000,0.697649,1.000000,0.000000,1,228641.000000,255000.000000,1.000000,301001186293.000000,1371583.000000
255000,4,137157,0.600000,1.000000,0.629969,1.000000,0.000000,0,0.000000,254742.000000,1.000000,301001186293.000000,1371583.000000
255000,5,137162,0.600000,1.000000,0.658454,1.000000,0.000000,0,0.000000,254999.000000,1.000000,301001186293.000000,1371583.000000
255000,6,137158,0.600000,1.000000,0.590392,1.000000,0.000000,0,0.000000,254949.000000,1.000000,301001186293.000000,1371583.000000
255000,7,137161,0.600000,1.000000,0.757390,1.000000,0.000000,0,0.000000,254995.000000,1.000000,301001186293.000000,1371583.000000
255000,8,137158,0.600000,1.000000,0.737847,1.000000,0.000000,0,0.000000,254987.000000,1.000000,301001186293.000000,1371583.000000
255000,9,137153,0.600000,1.000000,0.596719,1.000000,0.000000,0,0.000000,254953.000000,1.000000,301001186293.000000,1371583.000000
255000,10,137157,0.600000,1.000000,0.618688,1.000000,0.000000,0,0.000000,254986.000000,1.000000,301001186293.000000,1371583.000000
255000,11,137159,0.600000,1.000000,0.572981,1.000000,0.000000,0,0.000000,254869.000000,1.000000,301001186293.000000,1371583.000000
255000,12,137155,0.600000,1.000000,0.624453,1.000000,0.000000,0,0.000000,254937.000000,1.000000,301001186293.000000,1371583.000000
255000,13,137162,0.600000,1.000000,0.701833,1.000000,0.000000,0,0.000000,254997.000000,1.000000,301001186293.000000,1371583.000000
255000,14,137162,0.600000,1.000000,0.714022,1.000000,0.000000,0,0.000000,254773.000000,1.000000,301001186293.000000,1371583.000000
255000,15,137159,0.600000,1.000000,0.659752,1.000000,0.000000,0,0.000000,254978.000000,1.000000,301001186293.000000,1371583.000000
256000,0,137708,0.600000,1.000000,0.698148,1.000000,0.000000,0,0.000000,255996.000000,1.000000,303405702187.000000,1652486.000000
256000,1,137707,0.600000,1.000000,0.715548,1.000000,0.000000,0,0.000000,255912.000000,1.000000,303405702187.000000,1652486.000000
256000,2,137710,0.600000,1.000000,0.693531,1.000000,0.000000,1,229848.000000,256000.000000,1.000000,303405702187.000000,1652486.000000
256000,3,137693,0.600000,1.000000,0.672903,1.000000,0.000000,0,0.000000,255671.000000,1.000000,303405702187.000000,1652486.000000
256000,4,137705,0.600000,1.000000,0.780383,1.000000,0.000000,0,0.000000,255920.000000,1.000000,303405702187.000000,1652486.000000
256000,5,137708,0.600000,1.000000,0.667910,1.000000,0.000000,0,0.000000,255997.000000,1.000000,303405702187.000000,1652486.000000
256000,6,137702,0.600000,1.000000,0.624868,1.000000,0.000000,0,0.000000,255632.000000,1.000000,303405702187.000000,1652486.000000
256000,7,137708,0.600000,1.000000,0.672103,1.000000,0.000000,0,0.000000,255974.000000,1.000000,303405702187.000000,1652486.000000
256000,8,137703,0.600000,1.000000,0.611205,1.000000,0.000000,0,0.000000,255977.000000,1.000000,303405702187.000000,1652486.000000
256000,9,137711,0.600000,1.000000,0.667149,1.000000,0.000000,0,0.000000,255998.000000,1.000000,303405702187.000000,1652486.000000
256000,10,137704,0.600000,1.000000,0.661711,1.000000,0.000000,0,0.000000,255913.000000,1.000000,303405702187.000000,1652486.000000
256000,11,137704,0.600000,1.000000,0.771043,1.000000,0.000000,0,0.000000,255992.000000,1.000000,303405702187.000000,1652486.000000
256000,12,137709,0.600000,1.000000,0.644347,1.000000,0.000000,0,0.000000,255946.000000,1.000000,303405702187.000000,1652486.000000
256000,13,137706,0.600000,1.000000,0.712880,1.000000,0.000000,0,0.000000,255979.000000,1.000000,303405702187.000000,1652486.000000
256000,14,137705,0.600000,1.000000,0.687823,1.000000,0.000000,0,0.000000,255969.000000,1.000000,303405702187.000000,1652486.000000
256000,15,137708,0.600000,1.000000,0.622211,1.000000,0.000000,0,0.000000,255993.000000,1.000000,303405702187.000000,1652486.000000
257000,0,138256,0.600000,1.000000,0.677305,1.000000,0.000000,0,0.000000,256994.000000,1.000000,305819507360.000000,4147583.000000
257000,1,138253,0.600000,1.000000,0.692882,1.000000,0.000000,0,0.000000,256964.000000,1.000000,305819507360.000000,4147583.000000
257000,2,138245,0.600000,1.000000,0.540148,1.000000,0.000000,0,0.000000,256802.000000,1.000000,305819507360.000000,4147583.000000
257000,3,138254,0.600000,1.000000,0.608245,1.000000,0.000000,0,0.000000,256986.000000,1.000000,305819507360.000000,4147583.000000
257000,4,138248,0.600000,1.000000,0.583784,1.000000,0.000000,0,0.000000,256958.000000,1.000000,305819507360.000000,4147583.000000
257000,5,138248,0.600000,1.000000,0.651952,1.000000,0.000000,0,0.000000,256296.000000,1.000000,305819507360.000000,4147583.000000
257000,6,138255,0.600000,1.000000,0.650678,1.000000,0.000000,0,0.000000,256968.000000,1.000000,305819507360.000000,4147583.000000
257000,7,138254,0.600000,1.000000,0.642349,1.000000,0.000000,0,0.000000,256996.000000,1.000000,305819507360.000000,4147583.000000
257000,8,138252,0.600000,1.000000,0.680005,1.000000,0.000000,0,0.000000,256882.000000,1.000000,305819507360.000000,4147583.000000
257000,9,138245,0.600000,1.000000,0.744959,1.000000,0.000000,0,0.000000,256717.000000,1.000000,305819507360.000000,4147583.000000
257000,10,138259,0.600000,1.000000,0.807501,1.000000,0.000000,0,0.000000,256997.000000,1.000000,305819507360.000000,4147583.000000
257000,11,138255,0.600000,1.000000,0.636343,1.000000,0.000000,0,0.000000,256990.000000,1.000000,305819507360.000000,4147583.000000
257000,12,138258,0.600000,1.000000,0.831035,1.000000,0.000000,1,229233.000000,257000.000000,1.000000,305819507360.000000,4147583.000000
257000,13,138254,0.600000,1.000000,0.715132,1.000000,0.000000,0,0.000000,256993.000000,1.000000,305819507360.000000,4147583.000000
257000,14,138249,0.600000,1.000000,0.501729,1.000000,0.000000,0,0.000000,256884.000000,1.000000,305819507360.000000,4147583.000000
257000,15,138253,0.600000,1.000000,0.692309,1.000000,0.000000,0,0.000000,256913.000000,1.000000,305819507360.000000,4147583.000000
258000,0,138795,0.600000,1.000000,0.654048,1.000000,0.000000,0,0.000000,257996.000000,1.000000,308219003193.000000,2775876.000000
258000,1,138792,0.600000,1.000000,0.654289,1.000000,0.000000,0,0.000000,257854.000000,1.000000,308219003193.000000,2775876.000000
258000,2,138795,0.600000,1.000000,0.554486,1.000000,0.000000,0,0.000000,257949.000000,1.000000,308219003193.000000,2775876.000000
258000,3,138793,0.600000,1.000000,0.619844,1.000000,0.000000,0,0.000000,257924.000000,1.000000,308219003193.000000,2775876.000000
258000,4,138796,0.600000,1.000000,0.659147,1.000000,0.000000,0,0.000000,257935.000000,1.000000,308219003193.000000,2775876.000000
258000,5,138795,0.600000,1.000000,0.660875,1.000000,0.000000,0,0.000000,257999.000000,1.000000,308219003193.000000,2775876.000000
258000,6,138797,0.600000,1.000000,0.616188,1.000000,0.000000,0,0.000000,257997.000000,1.000000,308219003193.000000,2775876.000000
258000,7,138793,0.600000,1.000000,0.790389,1.000000,0.000000,0,0.000000,257987.000000,1.000000,308219003193.000000,2775876.000000
258000,8,138793,0.600000,1.000000,0.626371,1.000000,0.000000,0,0.000000,257831.000000,1.000000,308219003193.000000,2775876.000000
258000,9,138796,0.600000,1.000000,0.704660,1.000000,0.000000,0,0.000000,257992.000000,1.000000,308219003193.000000,2775876.000000
258000,10,138795,0.600000,1.000000,0.689958,1.000000,0.000000,0,0.000000,257925.000000,1.000000,308219003193.000000,2775876.000000
258000,11,138796,0.600000,1.000000,0.752988,1.000000,0.000000,1,231633.000000,258000.000000,1.000000,308219003193.000000,2775876.000000
258000,12,138794,0.600000,1.000000,0.564236,1.000000,0.000000,0,0.000000,257951.000000,1.000000,308219003193.000000,2775876.000000
258000,13,138792,0.600000,1.000000,0.611083,1.000000,0.000000,0,0.000000,257957.000000,1.000000,308219003193.000000,2775876.000000
258000,14,138783,0.600000,1.000000,0.445435,1.000000,0.000000,0,0.000000,257934.000000,1.000000,308219003193.000000,2775876.000000
258000,15,138794,0.600000,1.000000,0.712194,1.000000,0.000000,0,0.000000,257977.000000,1.000000,308219003193.000000,2775876.000000
259000,0,139338,0.600000,1.000000,0.778112,1.000000,0.000000,0,0.000000,258998.000000,1.000000,310621466431.000000,2786624.000000
259000,1,139336,0.600000,1.000000,0.741364,1.000000,0.000000,0,0.000000,258988.000000,1.000000,310621466431.000000,2786624.000000
259000,2,139337,0.600000,1.000000,0.606485,1.000000,0.000000,0,0.000000,258995.000000,1.000000,310621466431.000000,2786624.000000
259000,3,139335,0.600000,1.000000,0.589387,1.000000,0.000000,0,0.000000,258958.000000,1.000000,310621466431.000000,2786624.000000
259000,4,139329,0.600000,1.000000,0.642159,1.000000,0.000000,0,0.000000,258890.000000,1.000000,310621466431.000000,2786624.000000
259000,5,139335,0.600000,1.000000,0.663464,1.000000,0.000000,0,0.000000,258393.000000,1.000000,310621466431.000000,2786624.000000
259000,6,139337,0.600000,1.000000,0.737533,1.000000,0.000000,0,0.000000,258989.000000,1.000000,310621466431.000000,2786624.000000
259000,7,139333,0.600000,1.000000,0.670938,1.000000,0.000000,0,0.000000,258783.000000,1.000000,310621466431.000000,2786624.000000
259000,8,139332,0.600000,1.000000,0.684267,1.000000,0.000000,0,0.000000,258843.000000,1.000000,310621466431.000000,2786624.000000
259000,9,139329,0.600000,1.000000,0.659172,1.000000,0.000000,0,0.000000,258972.000000,1.000000,310621466431.000000,2786624.000000
259000,10,139336,0.600000,1.000000,0.723630,1.000000,0.000000,0,0.000000,258975.000000,1.000000,310621466431.000000,2786624.000000
259000,11,139336,0.600000,1.000000,0.713095,1.000000,0.000000,0,0.000000,258993.000000,1.000000,310621466431.000000,2786624.000000
259000,12,139331,0.600000,1.000000,0.689930,1.000000,0.000000,0,0.000000,258936.000000,1.000000,310621466431.000000,2786624.000000
259000,13,139331,0.600000,1.000000,0.606558,1.000000,0.000000,0,0.000000,258749.000000,1.000000,310621466431.000000,2786624.000000
259000,14,139325,0.600000,1.000000,0.541406,1.000000,0.000000,0,0.000000,258815.000000,1.000000,310621466431.000000,2786624.000000
259000,15,139337,0.600000,1.000000,0.791936,1.000000,0.000000,1,230810.000000,259000.000000,1.000000,310621466431.000000,2786624.000000
260000,0,139887,0.600000,1.000000,0.709651,1.000000,0.000000,0,0.000000,259991.000000,1.000000,313081654956.000000,1958373.000000
260000,1,139869,0.600000,1.000000,0.575686,1.000000,0.000000,0,0.000000,259739.000000,1.000000,313081654956.000000,1958373.000000
260000,2,139877,0.600000,1.000000,0.542952,1.000000,0.000000,0,0.000000,259756.000000,1.000000,313081654956.000000,1958373.000000
260000,3,139890,0.600000,1.000000,0.791355,1.000000,0.000000,1,233157.000000,260000.000000,1.000000,313081654956.000000,1958373.000000
260000,4,139891,0.600000,1.000000,0.691806,1.000000,0.000000,0,0.000000,259999.000000,1.000000,313081654956.000000,1958373.000000
260000,5,139882,0.600000,1.000000,0.701912,1.000000,0.000000,0,0.000000,259800.000000,1.000000,313081654956.000000,1958373.000000
260000,6,139888,0.600000,1.000000,0.576943,1.000000,0.000000,0,0.000000,259989.000000,1.000000,313081654956.000000,1958373.000000
260000,7,139880,0.600000,1.000000,0.482886,1.000000,0.000000,0,0.000000,259908.000000,1.000000,313081654956.000000,1958373.000000
260000,8,139887,0.600000,1.000000,0.530975,1.000000,0.000000,0,0.000000,259990.000000,1.000000,313081654956.000000,1958373.000000
260000,9,139884,0.600000,1.000000,0.598608,1.000000,0.000000,0,0.000000,259686.000000,1.000000,313081654956.000000,1958373.000000
260000,10,139887,0.600000,1.000000,0.632746,1.000000,0.000000,0,0.000000,259987.000000,1.000000,313081654956.000000,1958373.000000
260000,11,139888,0.600000,1.000000,0.573664,1.000000,0.000000,0,0.000000,259996.000000,1.000000,313081654956.000000,1958373.000000
260000,12,139888,0.600000,1.000000,0.741160,1.000000,0.000000,0,0.000000,259995.000000,1.000000,313081654956.000000,1958373.000000
260000,13,139874,0.600000,1.000000,0.588967,1.000000,0.000000,0,0.000000,259663.000000,1.000000,313081654956.000000,1958373.000000
260000,14,139887,0.600000,1.000000,0.775592,1.000000,0.000000,0,0.000000,259993.000000,1.000000,313081654956.000000,1958373.000000
260000,15,139889,0.600000,1.000000,0.601483,1.000000,0.000000,0,0.000000,259992.000000,1.000000,313081654956.000000,1958373.000000
261000,0,140422,0.600000,1.000000,0.634297,1.000000,0.000000,0,0.000000,260963.000000,1.000000,315503800887.000000,1685092.000000
261000,1,140427,0.600000,1.000000,0.693544,1.000000,0.000000,0,0.000000,260997.000000,1.000000,315503800887.000000,1685092.000000
261000,2,140424,0.600000,1.000000,0.572129,1.000000,0.000000,0,0.000000,260970.000000,1.000000,315503800887.000000,1685092.000000
261000,3,140427,0.600000,1.000000,0.507368,1.000000,0.000000,0,0.000000,260962.000000,1.000000,315503800887.000000,1685092.000000
261000,4,140428,0.600000,1.000000,0.751208,1.000000,0.000000,1,234192.000000,261000.000000,1.000000,315503800887.000000,1685092.000000
261000,5,140428,0.600000,1.000000,0.619614,1.000000,0.000000,0,0.000000,260995.000000,1.000000,315503800887.000000,1685092.000000
261000,6,140429,0.600000,1.000000,0.711225,1.000000,0.000000,0,0.000000,260996.000000,1.000000,315503800887.000000,1685092.000000
261000,7,140416,0.600000,1.000000,0.434813,1.000000,0.000000,0,0.000000,260918.000000,1.000000,315503800887.000000,1685092.000000
261000,8,140421,0.600000,1.000000,0.605836,1.000000,0.000000,0,0.000000,260981.000000,1.000000,315503800887.000000,1685092.000000
261000,9,140422,0.600000,1.000000,0.639002,1.000000,0.000000,0,0.000000,260864.000000,1.000000,315503800887.000000,1685092.000000
261000,10,140428,0.600000,1.000000,0.591419,1.000000,0.000000,0,0.000000,260932.000000,1.000000,315503800887.000000,1685092.000000
261000,11,140418,0.600000,1.000000,0.587592,1.000000,0.000000,0,0.000000,260506.000000,1.000000,315503800887.000000,1685092.000000
261000,12,140425,0.600000,1.000000,0.726175,1.000000,0.000000,0,0.000000,260908.000000,1.000000,315503800887.000000,1685092.000000
261000,13,140427,0.600000,1.000000,0.755735,1.000000,0.000000,0,0.000000,260998.000000,1.000000,315503800887.000000,1685092.000000
261000,14,140426,0.600000,1.000000,0.639592,1.000000,0.000000,0,0.000000,260980.000000,1.000000,315503800887.000000,1685092.000000
261000,15,140421,0.600000,1.000000,0.644721,1.000000,0.000000,0,0.000000,260947.000000,1.000000,315503800887.000000,1685092.000000
262000,0,140966,0.600000,1.000000,0.650282,1.000000,0.000000,0,0.000000,261991.000000,1.000000,317923157901.000000,3101149.000000
262000,1,140958,0.600000,1.000000,0.684452,1.000000,0.000000,0,0.000000,261914.000000,1.000000,317923157901.000000,3101149.000000
262000,2,140951,0.600000,1.000000,0.512985,1.000000,0.000000,0,0.000000,261738.000000,1.000000,317923157901.000000,3101149.000000
262000,3,140961,0.600000,1.000000,0.690814,1.000000,0.000000,0,0.000000,261798.000000,1.000000,317923157901.000000,3101149.000000
262000,4,140960,0.600000,1.000000,0.685026,1.000000,0.000000,0,0.000000,261982.000000,1.000000,317923157901.000000,3101149.000000
262000,5,140967,0.600000,1.000000,0.735332,1.000000,0.000000,0,0.000000,261986.000000,1.000000,317923157901.000000,3101149.000000
262000,6,140964,0.600000,1.000000,0.735570,1.000000,0.000000,0,0.000000,261953.000000,1.000000,317923157901.000000,3101149.000000
262000,7,140966,0.600000,1.000000,0.709112,1.000000,0.000000,0,0.000000,261994.000000,1.000000,317923157901.000000,3101149.000000
262000,8,140960,0.600000,1.000000,0.604222,1.000000,0.000000,0,0.000000,261972.000000,1.000000,317923157901.000000,3101149.000000
262000,9,140950,0.600000,1.000000,0.691360,1.000000,0.000000,0,0.000000,261886.000000,1.000000,317923157901.000000,3101149.000000
262000,10,140961,0.600000,1.000000,0.573469,1.000000,0.000000,0,0.000000,261794.000000,1.000000,317923157901.000000,3101149.000000
262000,11,140966,0.600000,1.000000,0.684977,1.000000,0.000000,0,0.000000,260506.000000,1.000000,317923157901.000000,3101149.000000
262000,12,140964,0.600000,1.000000,0.686233,1.000000,0.000000,0,0.000000,261985.000000,1.000000,317923157901.000000,3101149.000000
262000,13,140960,0.600000,1.000000,0.615644,1.000000,0.000000,0,0.000000,261909.000000,1.000000,317923157901.000000,3101149.000000
262000,14,140966,0.600000,1.000000,0.753390,1.000000,0.000000,1,235269.000000,262000.000000,1.000000,317923157901.000000,3101149.000000
262000,15,140967,0.600000,1.000000,0.669261,1.000000,0.000000,0,0.000000,261880.000000,1.000000,317923157901.000000,3101149.000000
263000,0,141492,0.600000,1.000000,0.575567,1.000000,0.000000,0,0.000000,262884.000000,1.000000,320335058446.000000,1697920.000000
263000,1,141496,0.600000,1.000000,0.665378,1.000000,0.000000,0,0.000000,262987.000000,1.000000,320335058446.000000,1697920.000000
263000,2,141491,0.600000,1.000000,0.578164,1.000000,0.000000,0,0.000000,262936.000000,1.000000,320335058446.000000,1697920.000000
263000,3,141499,0.600000,1.000000,0.604001,1.000000,0.000000,0,0.000000,262790.000000,1.000000,320335058446.000000,1697920.000000
263000,4,141494,0.600000,1.000000,0.729335,1.000000,0.000000,0,0.000000,262991.000000,1.000000,320335058446.000000,1697920.000000
263000,5,141497,0.600000,1.000000,0.723583,1.000000,0.000000,0,0.000000,262996.000000,1.000000,320335058446.000000,1697920.000000
263000,6,141495,0.600000,1.000000,0.654160,1.000000,0.000000,0,0.000000,262979.000000,1.000000,320335058446.000000,1697920.000000
263000,7,141491,0.600000,1.000000,0.603449,1.000000,0.000000,0,0.000000,262861.000000,1.000000,320335058446.000000,1697920.000000
263000,8,141496,0.600000,1.000000,0.558820,1.000000,0.000000,0,0.000000,262980.000000,1.000000,320335058446.000000,1697920.000000
263000,9,141496,0.600000,1.000000,0.733555,1.000000,0.000000,0,0.000000,262992.000000,1.000000,320335058446.000000,1697920.000000
263000,10,141496,0.600000,1.000000,0.651170,1.000000,0.000000,0,0.000000,262968.000000,1.000000,320335058446.000000,1697920.000000
263000,11,141498,0.600000,1.000000,0.697614,1.000000,0.000000,0,0.000000,262993.000000,1.000000,320335058446.000000,1697920.000000
263000,12,141496,0.600000,1.000000,0.664070,1.000000,0.000000,0,0.000000,262976.000000,1.000000,320335058446.000000,1697920.000000
263000,13,141493,0.600000,1.000000,0.573019,1.000000,0.000000,0,0.000000,262969.000000,1.000000,320335058446.000000,1697920.000000
263000,14,141500,0.600000,1.000000,0.726225,1.000000,0.000000,1,236073.000000,263000.000000,1.000000,320335058446.000000,1697920.000000
263000,15,141496,0.600000,1.000000,0.679381,1.000000,0.000000,0,0.000000,262995.000000,1.000000,320335058446.000000,1697920.000000
264000,0,142028,0.600000,1.000000,0.693199,1.000000,0.000000,0,0.000000,263908.000000,1.000000,322737894409.000000,2840522.000000
264000,1,142012,0.600000,1.000000,0.619767,1.000000,0.000000,0,0.000000,263918.000000,1.000000,322737894409.000000,2840522.000000
264000,2,142022,0.600000,1.000000,0.586858,1.000000,0.000000,0,0.000000,263982.000000,1.000000,322737894409.000000,2840522.000000
264000,3,142028,0.600000,1.000000,0.831582,1.000000,0.000000,0,0.000000,263993.000000,1.000000,322737894409.000000,2840522.000000
264000,4,142026,0.600000,1.000000,0.620662,1.000000,0.000000,0,0.000000,263988.000000,1.000000,322737894409.000000,2840522.000000
264000,5,142018,0.600000,1.000000,0.592059,1.000000,0.000000,0,0.000000,263881.000000,1.000000,322737894409.000000,2840522.000000
264000,6,142028,0.600000,1.000000,0.706445,1.000000,0.000000,0,0.000000,263995.000000,1.000000,322737894409.000000,2840522.000000
264000,7,142029,0.600000,1.000000,0.706057,1.000000,0.000000,0,0.000000,263997.000000,1.000000,322737894409.000000,2840522.000000
264000,8,142021,0.600000,1.000000,0.600560,1.000000,0.000000,0,0.000000,263958.000000,1.000000,322737894409.000000,2840522.000000
264000,9,142026,0.600000,1.000000,0.657810,1.000000,0.000000,0,0.000000,263870.000000,1.000000,322737894409.000000,2840522.000000
264000,10,142029,0.600000,1.000000,0.801732,1.000000,0.000000,1,236930.000000,264000.000000,1.000000,322737894409.000000,2840522.000000
264000,11,142029,0.600000,1.000000,0.682739,1.000000,0.000000,0,0.000000,263996.000000,1.000000,322737894409.000000,2840522.000000
264000,12,142022,0.600000,1.000000,0.647581,1.000000,0.000000,0,0.000000,263963.000000,1.000000,322737894409.000000,2840522.000000
264000,13,142027,0.600000,1.000000,0.638602,1.000000,0.000000,0,0.000000,263991.000000,1.000000,322737894409.000000,2840522.000000
264000,14,142030,0.600000,1.000000,0.662140,1.000000,0.000000,0,0.000000,263998.000000,1.000000,322737894409.000000,2840522.000000
264000,15,142026,0.600000,1.000000,0.686021,1.000000,0.000000,0,0.000000,263986.000000,1.000000,322737894409.000000,2840522.000000
265000,0,142569,0.600000,1.000000,0.728399,1.000000,0.000000,0,0.000000,264999.000000,1.000000,325202740808.000000,1710812.000000
265000,1,142570,0.600000,1.000000,0.726482,1.000000,0.000000,0,0.000000,264984.000000,1.000000,325202740808.000000,1710812.000000
265000,2,142558,0.600000,1.000000,0.586054,1.000000,0.000000,0,0.000000,264816.000000,1.000000,325202740808.000000,1710812.000000
265000,3,142567,0.600000,1.000000,0.628827,1.000000,0.000000,0,0.000000,264992.000000,1.000000,325202740808.000000,1710812.000000
265000,4,142568,0.600000,1.000000,0.785149,1.000000,0.000000,0,0.000000,264990.000000,1.000000,325202740808.000000,1710812.000000
265000,5,142566,0.600000,1.000000,0.705162,1.000000,0.000000,0,0.000000,264981.000000,1.000000,325202740808.000000,1710812.000000
265000,6,142571,0.600000,1.000000,0.713629,1.000000,0.000000,1,237005.000000,265000.000000,1.000000,325202740808.000000,1710812.000000
265000,7,142553,0.600000,1.000000,0.718083,1.000000,0.000000,0,0.000000,264481.000000,1.000000,325202740808.000000,1710812.000000
265000,8,142570,0.600000,1.000000,0.599931,1.000000,0.000000,0,0.000000,264986.000000,1.000000,325202740808.000000,1710812.000000
265000,9,142567,0.600000,1.000000,0.610533,1.000000,0.000000,0,0.000000,264953.000000,1.000000,325202740808.000000,1710812.000000
265000,10,142566,0.600000,1.000000,0.692557,1.000000,0.000000,0,0.000000,264951.000000,1.000000,325202740808.000000,1710812.000000
265000,11,142569,0.600000,1.000000,0.792577,1.000000,0.000000,0,0.000000,264997.000000,1.000000,325202740808.000000,1710812.000000
265000,12,142568,0.600000,1.000000,0.685194,1.000000,0.000000,0,0.000000,264909.000000,1.000000,325202740808.000000,1710812.000000
265000,13,142566,0.600000,1.000000,0.548922,1.000000,0.000000,0,0.000000,264889.000000,1.000000,325202740808.000000,1710812.000000
265000,14,142567,0.600000,1.000000,0.644073,1.000000,0.000000,0,0.000000,264976.000000,1.000000,325202740808.000000,1710812.000000
265000,15,142567,0.600000,1.000000,0.532220,1.000000,0.000000,0,0.000000,264974.000000,1.000000,325202740808.000000,1710812.000000
266000,0,143096,0.600000,1.000000,0.713904,1.000000,0.000000,0,0.000000,265955.000000,1.000000,327630312232.000000,3434310.000000
266000,1,143101,0.600000,1.000000,0.574434,1.000000,0.000000,0,0.000000,265993.000000,1.000000,327630312232.000000,3434310.000000
266000,2,143097,0.600000,1.000000,0.683000,1.000000,0.000000,0,0.000000,265968.000000,1.000000,327630312232.000000,3434310.000000
266000,3,143094,0.600000,1.000000,0.624247,1.000000,0.000000,0,0.000000,265970.000000,1.000000,327630312232.000000,3434310.000000
266000,4,143096,0.600000,1.000000,0.554137,1.000000,0.000000,0,0.000000,265974.000000,1.000000,327630312232.000000,3434310.000000
266000,5,143100,0.600000,1.000000,0.712725,1.000000,0.000000,1,237961.000000,266000.000000,1.000000,327630312232.000000,3434310.000000
266000,6,143093,0.600000,1.000000,0.611361,1.000000,0.000000,0,0.000000,265954.000000,1.000000,327630312232.000000,3434310.000000
266000,7,143101,0.600000,1.000000,0.616462,1.000000,0.000000,0,0.000000,265994.000000,1.000000,327630312232.000000,3434310.000000
266000,8,143100,0.600000,1.000000,0.795081,1.000000,0.000000,0,0.000000,265997.000000,1.000000,327630312232.000000,3434310.000000
266000,9,143094,0.600000,1.000000,0.679723,1.000000,0.000000,0,0.000000,265707.000000,1.000000,327630312232.000000,3434310.000000
266000,10,143099,0.600000,1.000000,0.564139,1.000000,0.000000,0,0.000000,265942.000000,1.000000,327630312232.000000,3434310.000000
266000,11,143092,0.600000,1.000000,0.620945,1.000000,0.000000,0,0.000000,265862.000000,1.000000,327630312232.000000,3434310.000000
266000,12,143099,0.600000,1.000000,0.561468,1.000000,0.000000,0,0.000000,265979.000000,1.000000,327630312232.000000,3434310.000000
266000,13,143099,0.600000,1.000000,0.596618,1.000000,0.000000,0,0.000000,265995.000000,1.000000,327630312232.000000,3434310.000000
266000,14,143100,0.600000,1.000000,0.645898,1.000000,0.000000,0,0.000000,265998.000000,1.000000,327630312232.000000,3434310.000000
266000,15,143099,0.600000,1.000000,0.668883,1.000000,0.000000,0,0.000000,265971.000000,1.000000,327630312232.000000,3434310.000000
267000,0,143615,0.600000,1.000000,0.427097,1.000000,0.000000,0,0.000000,266834.000000,1.000000,330088743190.000000,1149006.000000
267000,1,143637,0.600000,1.000000,0.591637,1.000000,0.000000,0,0.000000,266866.000000,1.000000,330088743190.000000,1149006.000000
267000,2,143632,0.600000,1.000000,0.642450,1.000000,0.000000,0,0.000000,266929.000000,1.000000,330088743190.000000,1149006.000000
267000,3,143637,0.600000,1.000000,0.644811,1.000000,0.000000,0,0.000000,266996.000000,1.000000,330088743190.000000,1149006.000000
267000,4,143630,0.600000,1.000000,0.470958,1.000000,0.000000,0,0.000000,266908.000000,1.000000,330088743190.000000,1149006.000000
267000,5,143636,0.600000,1.000000,0.541423,1.000000,0.000000,0,0.000000,266968.000000,1.000000,330088743190.000000,1149006.000000
267000,6,143636,0.600000,1.000000,0.725940,1.000000,0.000000,0,0.000000,266986.000000,1.000000,330088743190.000000,1149006.000000
267000,7,143635,0.600000,1.000000,0.666713,1.000000,0.000000,0,0.000000,266993.000000,1.000000,330088743190.000000,1149006.000000
267000,8,143637,0.600000,1.000000,0.613104,1.000000,0.000000,0,0.000000,266995.000000,1.000000,330088743190.000000,1149006.000000
267000,9,143636,0.600000,1.000000,0.652056,1.000000,0.000000,0,0.000000,266991.000000,1.000000,330088743190.000000,1149006.000000
267000,10,143637,0.600000,1.000000,0.693484,1.000000,0.000000,1,239658.000000,267000.000000,1.000000,330088743190.000000,1149006.000000
267000,11,143637,0.600000,1.000000,0.627847,1.000000,0.000000,0,0.000000,266965.000000,1.000000,330088743190.000000,1149006.000000
267000,12,143637,0.600000,1.000000,0.669174,1.000000,0.000000,0,0.000000,266994.000000,1.000000,330088743190.000000,1149006.000000
267000,13,143633,0.600000,1.000000,0.564639,1.000000,0.000000,0,0.000000,266955.000000,1.000000,330088743190.000000,1149006.000000
267000,14,143623,0.600000,1.000000,0.569490,1.000000,0.000000,0,0.000000,266885.000000,1.000000,330088743190.000000,1149006.000000
267000,15,143636,0.600000,1.000000,0.660105,1.000000,0.000000,0,0.000000,266998.000000,1.000000,330088743190.000000,1149006.000000
268000,0,144166,0.600000,1.000000,0.532746,1.000000,0.000000,0,0.000000,267760.000000,1.000000,332589522241.000000,5190346.000000
268000,1,144174,0.600000,1.000000,0.509352,1.000000,0.000000,0,0.000000,267976.000000,1.000000,332589522241.000000,5190346.000000
268000,2,144178,0.600000,1.000000,0.658613,1.000000,0.000000,0,0.000000,267999.000000,1.000000,332589522241.000000,5190346.000000
268000,3,144180,0.600000,1.000000,0.707348,1.000000,0.000000,0,0.000000,267996.000000,1.000000,332589522241.000000,5190346.000000
268000,4,144177,0.600000,1.000000,0.644812,1.000000,0.000000,0,0.000000,267989.000000,1.000000,332589522241.000000,5190346.000000
268000,5,144177,0.600000,1.000000,0.617983,1.000000,0.000000,0,0.000000,267966.000000,1.000000,332589522241.000000,5190346.000000
268000,6,144178,0.600000,1.000000,0.651154,1.000000,0.000000,0,0.000000,267997.000000,1.000000,332589522241.000000,5190346.000000
268000,7,144178,0.600000,1.000000,0.632364,1.000000,0.000000,0,0.000000,267998.000000,1.000000,332589522241.000000,5190346.000000
268000,8,144177,0.600000,1.000000,0.628607,1.000000,0.000000,0,0.000000,267967.000000,1.000000,332589522241.000000,5190346.000000
268000,9,144178,0.600000,1.000000,0.608017,1.000000,0.000000,0,0.000000,267995.000000,1.000000,332589522241.000000,5190346.000000
268000,10,144176,0.600000,1.000000,0.647375,1.000000,0.000000,0,0.000000,267987.000000,1.000000,332589522241.000000,5190346.000000
268000,11,144175,0.600000,1.000000,0.598428,1.000000,0.000000,0,0.000000,267944.000000,1.000000,332589522241.000000,5190346.000000
268000,12,144178,0.600000,1.000000,0.699933,1.000000,0.000000,0,0.000000,267991.000000,1.000000,332589522241.000000,5190346.000000
268000,13,144175,0.600000,1.000000,0.670275,1.000000,0.000000,0,0.000000,267933.000000,1.000000,332589522241.000000,5190346.000000
268000,14,144176,0.600000,1.000000,0.647871,1.000000,0.000000,0,0.000000,267990.000000,1.000000,332589522241.000000,5190346.000000
268000,15,144180,0.600000,1.000000,0.720983,1.000000,0.000000,1,238978.000000,268000.000000,1.000000,332589522241.000000,5190346.000000
269000,0,144708,0.600000,1.000000,0.735244,1.000000,0.000000,0,0.000000,268831.000000,1.000000,335082373240.000000,2315488.000000
269000,1,144714,0.600000,1.000000,0.562383,1.000000,0.000000,0,0.000000,268948.000000,1.000000,335082373240.000000,2315488.000000
269000,2,144718,0.600000,1.000000,0.642050,1.000000,0.000000,0,0.000000,268928.000000,1.000000,335082373240.000000,2315488.000000
269000,3,144717,0.600000,1.000000,0.629459,1.000000,0.000000,0,0.000000,268963.000000,1.000000,335082373240.000000,2315488.000000
269000,4,144720,0.600000,1.000000,0.697318,1.000000,0.000000,0,0.000000,268995.000000,1.000000,335082373240.000000,2315488.000000
269000,5,144718,0.600000,1.000000,0.662628,1.000000,0.000000,0,0.000000,268994.000000,1.000000,335082373240.000000,2315488.000000
269000,6,144721,0.600000,1.000000,0.779355,1.000000,0.000000,0,0.000000,268996.000000,1.000000,335082373240.000000,2315488.000000
269000,7,144714,0.600000,1.000000,0.563080,1.000000,0.000000,0,0.000000,268978.000000,1.000000,335082373240.000000,2315488.000000
269000,8,144710,0.600000,1.000000,0.670254,1.000000,0.000000,0,0.000000,268349.000000,1.000000,335082373240.000000,2315488.000000
269000,9,144721,0.600000,1.000000,0.668043,1.000000,0.000000,0,0.000000,268999.000000,1.000000,335082373240.000000,2315488.000000
269000,10,144720,0.600000,1.000000,0.763652,1.000000,0.000000,0,0.000000,268998.000000,1.000000,335082373240.000000,2315488.000000
269000,11,144702,0.600000,1.000000,0.705844,1.000000,0.000000,0,0.000000,268893.000000,1.000000,335082373240.000000,2315488.000000
269000,12,144711,0.600000,1.000000,0.626180,1.000000,0.000000,0,0.000000,268864.000000,1.000000,335082373240.000000,2315488.000000
269000,13,144716,0.600000,1.000000,0.702692,1.000000,0.000000,0,0.000000,268982.000000,1.000000,335082373240.000000,2315488.000000
269000,14,144722,0.600000,1.000000,0.711031,1.000000,0.000000,1,241219.000000,269000.000000,1.000000,335082373240.000000,2315488.000000
269000,15,144720,0.600000,1.000000,0.680242,1.000000,0.000000,0,0.000000,268997.000000,1.000000,335082373240.000000,2315488.000000
270000,0,145254,0.600000,1.000000,0.609600,1.000000,0.000000,0,0.000000,269993.000000,1.000000,337564776795.000000,1743034.000000
270000,1,145252,0.600000,1.000000,0.575669,1.000000,0.000000,0,0.000000,269980.000000,1.000000,337564776795.000000,1743034.000000
270000,2,145243,0.600000,1.000000,0.579329,1.000000,0.000000,0,0.000000,269811.000000,1.000000,337564776795.000000,1743034.000000
270000,3,145242,0.600000,1.000000,0.616277,1.000000,0.000000,0,0.000000,269797.000000,1.000000,337564776795.000000,1743034.000000
270000,4,145252,0.600000,1.000000,0.612157,1.000000,0.000000,0,0.000000,269979.000000,1.000000,337564776795.000000,1743034.000000
270000,5,145250,0.600000,1.000000,0.611889,1.000000,0.000000,0,0.000000,269932.000000,1.000000,337564776795.000000,1743034.000000
270000,6,145252,0.600000,1.000000,0.634171,1.000000,0.000000,0,0.000000,269930.000000,1.000000,337564776795.000000,1743034.000000
270000,7,145255,0.600000,1.000000,0.662940,1.000000,0.000000,0,0.000000,269962.000000,1.000000,337564776795.000000,1743034.000000
270000,8,145256,0.600000,1.000000,0.808596,1.000000,0.000000,1,241706.000000,270000.000000,1.000000,337564776795.000000,1743034.000000
270000,9,145256,0.600000,1.000000,0.654995,1.000000,0.000000,0,0.000000,269987.000000,1.000000,337564776795.000000,1743034.000000
270000,10,145245,0.600000,1.000000,0.643536,1.000000,0.000000,0,0.000000,269675.000000,1.000000,337564776795.000000,1743034.000000
270000,11,145255,0.600000,1.000000,0.842121,1.000000,0.000000,0,0.000000,269999.000000,1.000000,337564776795.000000,1743034.000000
270000,12,145249,0.600000,1.000000,0.725114,1.000000,0.000000,0,0.000000,269855.000000,1.000000,337564776795.000000,1743034.000000
270000,13,145252,0.600000,1.000000,0.745874,1.000000,0.000000,0,0.000000,269995.000000,1.000000,337564776795.000000,1743034.000000
270000,14,145251,0.600000,1.000000,0.623062,1.000000,0.000000,0,0.000000,269971.000000,1.000000,337564776795.000000,1743034.000000
270000,15,145249,0.600000,1.000000,0.656561,1.000000,0.000000,0,0.000000,269929.000000,1.000000,337564776795.000000,1743034.000000
271000,0,145791,0.600000,1.000000,0.621891,1.000000,0.000000,0,0.000000,270663.000000,1.000000,340082875403.000000,2332656.000000
271000,1,145795,0.600000,1.000000,0.648724,1.000000,0.000000,0,0.000000,270978.000000,1.000000,340082875403.000000,2332656.000000
271000,2,145784,0.600000,1.000000,0.585418,1.000000,0.000000,0,0.000000,270871.000000,1.000000,340082875403.000000,2332656.000000
271000,3,145788,0.600000,1.000000,0.685836,1.000000,0.000000,0,0.000000,270954.000000,1.000000,340082875403.000000,2332656.000000
271000,4,145794,0.600000,1.000000,0.696640,1.000000,0.000000,0,0.000000,270994.000000,1.000000,340082875403.000000,2332656.000000
271000,5,145793,0.600000,1.000000,0.622519,1.000000,0.000000,0,0.000000,270864.000000,1.000000,340082875403.000000,2332656.000000
271000,6,145794,0.600000,1.000000,0.682600,1.000000,0.000000,0,0.000000,270996.000000,1.000000,340082875403.000000,2332656.000000
271000,7,145796,0.600000,1.000000,0.699444,1.000000,0.000000,0,0.000000,270995.000000,1.000000,340082875403.000000,2332656.000000
271000,8,145793,0.600000,1.000000,0.541224,1.000000,0.000000,0,0.000000,270969.000000,1.000000,340082875403.000000,2332656.000000
271000,9,145781,0.600000,1.000000,0.527153,1.000000,0.000000,0,0.000000,270853.000000,1.000000,340082875403.000000,2332656.000000
271000,10,145793,0.600000,1.000000,0.613545,1.000000,0.000000,0,0.000000,270976.000000,1.000000,340082875403.000000,2332656.000000
271000,11,145793,0.600000,1.000000,0.778239,1.000000,0.000000,0,0.000000,270991.000000,1.000000,340082875403.000000,2332656.000000
271000,12,145794,0.600000,1.000000,0.591367,1.000000,0.000000,0,0.000000,270958.000000,1.000000,340082875403.000000,2332656.000000
271000,13,145790,0.600000,1.000000,0.617342,1.000000,0.000000,0,0.000000,270966.000000,1.000000,340082875403.000000,2332656.000000
271000,14,145796,0.600000,1.000000,0.737670,1.000000,0.000000,1,242951.000000,271000.000000,1.000000,340082875403.000000,2332656.000000
271000,15,145790,0.600000,1.000000,0.764925,1.000000,0.000000,0,0.000000,270822.000000,1.000000,340082875403.000000,2332656.000000
272000,0,146332,0.600000,1.000000,0.713733,1.000000,0.000000,1,243571.000000,272000.000000,1.000000,342582821437.000000,1170602.000000
272000,1,146318,0.600000,1.000000,0.618934,1.000000,0.000000,0,0.000000,271218.000000,1.000000,342582821437.000000,1170602.000000
272000,2,146329,0.600000,1.000000,0.719280,1.000000,0.000000,0,0.000000,271892.000000,1.000000,342582821437.000000,1170602.000000
272000,3,146331,0.600000,1.000000,0.697534,1.000000,0.000000,0,0.000000,271992.000000,1.000000,342582821437.000000,1170602.000000
272000,4,146326,0.600000,1.000000,0.687050,1.000000,0.000000,0,0.000000,271978.000000,1.000000,342582821437.000000,1170602.000000
272000,5,146317,0.600000,1.000000,0.622752,1.000000,0.000000,0,0.000000,271735.000000,1.000000,342582821437.000000,1170602.000000
272000,6,146332,0.600000,1.000000,0.829554,1.000000,0.000000,0,0.000000,271997.000000,1.000000,342582821437.000000,1170602.000000
272000,7,146332,0.600000,1.000000,0.835702,1.000000,0.000000,0,0.000000,271999.000000,1.000000,342582821437.000000,1170602.000000
272000,8,146332,0.600000,1.000000,0.706814,1.000000,0.000000,0,0.000000,271991.000000,1.000000,342582821437.000000,1170602.000000
272000,9,146316,0.600000,1.000000,0.667704,1.000000,0.000000,0,0.000000,271798.000000,1.000000,342582821437.000000,1170602.000000
272000,10,146327,0.600000,1.000000,0.589671,1.000000,0.000000,0,0.000000,271969.000000,1.000000,342582821437.000000,1170602.000000
272000,11,146324,0.600000,1.000000,0.638231,1.000000,0.000000,0,0.000000,271973.000000,1.000000,342582821437.000000,1170602.000000
272000,12,146330,0.600000,1.000000,0.789948,1.000000,0.000000,0,0.000000,271891.000000,1.000000,342582821437.000000,1170602.000000
272000,13,146328,0.600000,1.000000,0.626254,1.000000,0.000000,0,0.000000,271979.000000,1.000000,342582821437.000000,1170602.000000
272000,14,146323,0.600000,1.000000,0.705995,1.000000,0.000000,0,0.000000,271660.000000,1.000000,342582821437.000000,1170602.000000
272000,15,146326,0.600000,1.000000,0.628469,1.000000,0.000000,0,0.000000,271918.000000,1.000000,342582821437.000000,1170602.000000
273000,0,146862,0.600000,1.000000,0.676988,1.000000,0.000000,0,0.000000,272941.000000,1.000000,345090453288.000000,2643505.000000
273000,1,146861,0.600000,1.000000,0.681275,1.000000,0.000000,0,0.000000,272994.000000,1.000000,345090453288.000000,2643505.000000
273000,2,146858,0.600000,1.000000,0.631506,1.000000,0.000000,0,0.000000,272960.000000,1.000000,345090453288.000000,2643505.000000
273000,3,146862,0.600000,1.000000,0.625329,1.000000,0.000000,0,0.000000,272981.000000,1.000000,345090453288.000000,2643505.000000
273000,4,146863,0.600000,1.000000,0.674241,1.000000,0.000000,0,0.000000,272993.000000,1.000000,345090453288.000000,2643505.000000
273000,5,146861,0.600000,1.000000,0.600427,1.000000,0.000000,0,0.000000,272946.000000,1.000000,345090453288.000000,2643505.000000
273000,6,146861,0.600000,1.000000,0.573261,1.000000,0.000000,0,0.000000,272829.000000,1.000000,345090453288.000000,2643505.000000
273000,7,146863,0.600000,1.000000,0.657436,1.000000,0.000000,0,0.000000,272986.000000,1.000000,345090453288.000000,2643505.000000
273000,8,146862,0.600000,1.000000,0.645627,1.000000,0.000000,0,0.000000,272975.000000,1.000000,345090453288.000000,2643505.000000
273000,9,146865,0.600000,1.000000,0.733688,1.000000,0.000000,1,245793.000000,273000.000000,1.000000,345090453288.000000,2643505.000000
273000,10,146864,0.600000,1.000000,0.690805,1.000000,0.000000,0,0.000000,272995.000000,1.000000,345090453288.000000,2643505.000000
273000,11,146865,0.600000,1.000000,0.726092,1.000000,0.000000,0,0.000000,272999.000000,1.000000,345090453288.000000,2643505.000000
273000,12,146856,0.600000,1.000000,0.586313,1.000000,0.000000,0,0.000000,272920.000000,1.000000,345090453288.000000,2643505.000000
273000,13,146854,0.600000,1.000000,0.591533,1.000000,0.000000,0,0.000000,272830.000000,1.000000,345090453288.000000,2643505.000000
273000,14,146862,0.600000,1.000000,0.660547,1.000000,0.000000,0,0.000000,272965.000000,1.000000,345090453288.000000,2643505.000000
273000,15,146857,0.600000,1.000000,0.518651,1.000000,0.000000,0,0.000000,272924.000000,1.000000,345090453288.000000,2643505.000000
274000,0,147402,0.600000,1.000000,0.615971,1.000000,0.000000,0,0.000000,273949.000000,1.000000,347649386270.000000,884429.000000
274000,1,147399,0.600000,1.000000,0.472864,1.000000,0.000000,0,0.000000,273912.000000,1.000000,347649386270.000000,884429.000000
274000,2,147405,0.600000,1.000000,0.692291,1.000000,0.000000,0,0.000000,273988.000000,1.000000,347649386270.000000,884429.000000
274000,3,147403,0.600000,1.000000,0.757170,1.000000,0.000000,0,0.000000,273832.000000,1.000000,347649386270.000000,884429.000000
274000,4,147401,0.600000,1.000000,0.591378,1.000000,0.000000,0,0.000000,273852.000000,1.000000,347649386270.000000,884429.000000
274000,5,147402,0.600000,1.000000,0.595854,1.000000,0.000000,0,0.000000,273876.000000,1.000000,347649386270.000000,884429.000000
274000,6,147409,0.600000,1.000000,0.675916,1.000000,0.000000,0,0.000000,273996.000000,1.000000,347649386270.000000,884429.000000
274000,7,147407,0.600000,1.000000,0.618448,1.000000,0.000000,0,0.000000,273970.000000,1.000000,347649386270.000000,884429.000000
274000,8,147391,0.600000,1.000000,0.641806,1.000000,0.000000,0,0.000000,273631.000000,1.000000,347649386270.000000,884429.000000
274000,9,147405,0.600000,1.000000,0.541233,1.000000,0.000000,0,0.000000,273980.000000,1.000000,347649386270.000000,884429.000000
274000,10,147408,0.600000,1.000000,0.712727,1.000000,0.000000,0,0.000000,273955.000000,1.000000,347649386270.000000,884429.000000
274000,11,147409,0.600000,1.000000,0.713248,1.000000,0.000000,0,0.000000,273998.000000,1.000000,347649386270.000000,884429.000000
274000,12,147408,0.600000,1.000000,0.564148,1.000000,0.000000,0,0.000000,273977.000000,1.000000,347649386270.000000,884429.000000
274000,13,147409,0.600000,1.000000,0.727033,1.000000,0.000000,0,0.000000,273997.000000,1.000000,347649386270.000000,884429.000000
274000,14,147406,0.600000,1.000000,0.747755,1.000000,0.000000,0,0.000000,273972.000000,1.000000,347649386270.000000,884429.000000
274000,15,147408,0.600000,1.000000,0.787293,1.000000,0.000000,1,244387.000000,274000.000000,1.000000,347649386270.000000,884429.000000
275000,0,147940,0.600000,1.000000,0.605173,1.000000,0.000000,0,0.000000,274995.000000,1.000000,350175163614.000000,2367014.000000
275000,1,147938,0.600000,1.000000,0.623182,1.000000,0.000000,0,0.000000,273912.000000,1.000000,350175163614.000000,2367014.000000
275000,2,147941,0.600000,1.000000,0.641914,1.000000,0.000000,0,0.000000,274988.000000,1.000000,350175163614.000000,2367014.000000
275000,3,147942,0.600000,1.000000,0.667908,1.000000,0.000000,0,0.000000,274946.000000,1.000000,350175163614.000000,2367014.000000
275000,4,147937,0.600000,1.000000,0.554143,1.000000,0.000000,0,0.000000,274931.000000,1.000000,350175163614.000000,2367014.000000
275000,5,147937,0.600000,1.000000,0.643314,1.000000,0.000000,0,0.000000,274989.000000,1.000000,350175163614.000000,2367014.000000
275000,6,147940,0.600000,1.000000,0.801154,1.000000,0.000000,0,0.000000,274721.000000,1.000000,350175163614.000000,2367014.000000
275000,7,147941,0.600000,1.000000,0.755710,1.000000,0.000000,1,246790.000000,275000.000000,1.000000,350175163614.000000,2367014.000000
275000,8,147937,0.600000,1.000000,0.616453,1.000000,0.000000,0,0.000000,274900.000000,1.000000,350175163614.000000,2367014.000000
275000,9,147938,0.600000,1.000000,0.598284,1.000000,0.000000,0,0.000000,274850.000000,1.000000,350175163614.000000,2367014.000000
275000,10,147939,0.600000,1.000000,0.610431,1.000000,0.000000,0,0.000000,274993.000000,1.000000,350175163614.000000,2367014.000000
275000,11,147939,0.600000,1.000000,0.630214,1.000000,0.000000,0,0.000000,274990.000000,1.000000,350175163614.000000,2367014.000000
275000,12,147941,0.600000,1.000000,0.642262,1.000000,0.000000,0,0.000000,274999.000000,1.000000,350175163614.000000,2367014.000000
275000,13,147941,0.600000,1.000000,0.541919,1.000000,0.000000,0,0.000000,274959.000000,1.000000,350175163614.000000,2367014.000000
275000,14,147933,0.600000,1.000000,0.530885,1.000000,0.000000,0,0.000000,274835.000000,1.000000,350175163614.000000,2367014.000000
275000,15,147940,0.600000,1.000000,0.649946,1.000000,0.000000,0,0.000000,274963.000000,1.000000,350175163614.000000,2367014.000000
276000,0,148492,0.600000,1.000000,0.792212,1.000000,0.000000,1,247219.000000,276000.000000,1.000000,352773039650.000000,2375818.000000
276000,1,148486,0.600000,1.000000,0.617001,1.000000,0.000000,0,0.000000,275801.000000,1.000000,352773039650.000000,2375818.000000
276000,2,148489,0.600000,1.000000,0.715817,1.000000,0.000000,0,0.000000,275994.000000,1.000000,352773039650.000000,2375818.000000
276000,3,148469,0.600000,1.000000,0.662917,1.000000,0.000000,0,0.000000,275218.000000,1.000000,352773039650.000000,2375818.000000
276000,4,148490,0.600000,1.000000,0.767819,1.000000,0.000000,0,0.000000,275988.000000,1.000000,352773039650.000000,2375818.000000
276000,5,148492,0.600000,1.000000,0.638657,1.000000,0.000000,0,0.000000,275990.000000,1.000000,352773039650.000000,2375818.000000
276000,6,148479,0.600000,1.000000,0.533824,1.000000,0.000000,0,0.000000,275604.000000,1.000000,352773039650.000000,2375818.000000
276000,7,148490,0.600000,1.000000,0.605405,1.000000,0.000000,0,0.000000,275962.000000,1.000000,352773039650.000000,2375818.000000
276000,8,148472,0.600000,1.000000,0.603225,1.000000,0.000000,0,0.000000,275804.000000,1.000000,352773039650.000000,2375818.000000
276000,9,148492,0.600000,1.000000,0.653914,1.000000,0.000000,0,0.000000,275985.000000,1.000000,352773039650.000000,2375818.000000
276000,10,148491,0.600000,1.000000,0.637812,1.000000,0.000000,0,0.000000,275974.000000,1.000000,352773039650.000000,2375818.000000
276000,11,148493,0.600000,1.000000,0.694794,1.000000,0.000000,0,0.000000,275957.000000,1.000000,352773039650.000000,2375818.000000
276000,12,148492,0.600000,1.000000,0.628908,1.000000,0.000000,0,0.000000,275980.000000,1.000000,352773039650.000000,2375818.000000
276000,13,148484,0.600000,1.000000,0.547360,1.000000,0.000000,0,0.000000,275884.000000,1.000000,352773039650.000000,2375818.000000
276000,14,148484,0.600000,1.000000,0.634317,1.000000,0.000000,0,0.000000,275937.000000,1.000000,352773039650.000000,2375818.000000
276000,15,148493,0.600000,1.000000,0.758245,1.000000,0.000000,0,0.000000,275998.000000,1.000000,352773039650.000000,2375818.000000
277000,0,149028,0.600000,1.000000,0.780268,1.000000,0.000000,0,0.000000,276999.000000,1.000000,355331633660.000000,1490245.000000
277000,1,149023,0.600000,1.000000,0.712003,1.000000,0.000000,0,0.000000,276852.000000,1.000000,355331633660.000000,1490245.000000
277000,2,149021,0.600000,1.000000,0.650134,1.000000,0.000000,0,0.000000,276909.000000,1.000000,355331633660.000000,1490245.000000
277000,3,149024,0.600000,1.000000,0.609974,1.000000,0.000000,0,0.000000,276897.000000,1.000000,355331633660.000000,1490245.000000
277000,4,149029,0.600000,1.000000,0.725300,1.000000,0.000000,1,248322.000000,277000.000000,1.000000,355331633660.000000,1490245.000000
277000,5,149022,0.600000,1.000000,0.574655,1.000000,0.000000,0,0.000000,276864.000000,1.000000,355331633660.000000,1490245.000000
277000,6,149028,0.600000,1.000000,0.763843,1.000000,0.000000,0,0.000000,276998.000000,1.000000,355331633660.000000,1490245.000000
277000,7,149019,0.600000,1.000000,0.636727,1.000000,0.000000,0,0.000000,276245.000000,1.000000,355331633660.000000,1490245.000000
277000,8,149026,0.600000,1.000000,0.619886,1.000000,0.000000,0,0.000000,276884.000000,1.000000,355331633660.000000,1490245.000000
277000,9,149029,0.600000,1.000000,0.754068,1.000000,0.000000,0,0.000000,276993.000000,1.000000,355331633660.000000,1490245.000000
277000,10,149017,0.600000,1.000000,0.545762,1.000000,0.000000,0,0.000000,276956.000000,1.000000,355331633660.000000,1490245.000000
277000,11,149028,0.600000,1.000000,0.715553,1.000000,0.000000,0,0.000000,276978.000000,1.000000,355331633660.000000,1490245.000000
277000,12,149017,0.600000,1.000000,0.542544,1.000000,0.000000,0,0.000000,276729.000000,1.000000,355331633660.000000,1490245.000000
277000,13,149024,0.600000,1.000000,0.653830,1.000000,0.000000,0,0.000000,276984.000000,1.000000,355331633660.000000,1490245.000000
277000,14,149026,0.600000,1.000000,0.566498,1.000000,0.000000,0,0.000000,276924.000000,1.000000,355331633660.000000,1490245.000000
277000,15,149027,0.600000,1.000000,0.607157,1.000000,0.000000,0,0.000000,276977.000000,1.000000,355331633660.000000,1490245.000000
278000,0,149572,0.600000,1.000000,0.806312,1.000000,0.000000,0,0.000000,277999.000000,1.000000,357924899433.000000,2692193.000000
278000,1,149558,0.600000,1.000000,0.671774,1.000000,0.000000,0,0.000000,277848.000000,1.000000,357924899433.000000,2692193.000000
278000,2,149571,0.600000,1.000000,0.696126,1.000000,0.000000,0,0.000000,277993.000000,1.000000,357924899433.000000,2692193.000000
278000,3,149559,0.600000,1.000000,0.664001,1.000000,0.000000,0,0.000000,277794.000000,1.000000,357924899433.000000,2692193.000000
278000,4,149571,0.600000,1.000000,0.768344,1.000000,0.000000,0,0.000000,277989.000000,1.000000,357924899433.000000,2692193.000000
278000,5,149570,0.600000,1.000000,0.552955,1.000000,0.000000,0,0.000000,277962.000000,1.000000,357924899433.000000,2692193.000000
278000,6,149562,0.600000,1.000000,0.569158,1.000000,0.000000,0,0.000000,277977.000000,1.000000,357924899433.000000,2692193.000000
278000,7,149571,0.600000,1.000000,0.646397,1.000000,0.000000,0,0.000000,277995.000000,1.000000,357924899433.000000,2692193.000000
278000,8,149571,0.600000,1.000000,0.664882,1.000000,0.000000,0,0.000000,277981.000000,1.000000,357924899433.000000,2692193.000000
278000,9,149572,0.600000,1.000000,0.654382,1.000000,0.000000,0,0.000000,277978.000000,1.000000,357924899433.000000,2692193.000000
278000,10,149568,0.600000,1.000000,0.630488,1.000000,0.000000,0,0.000000,277965.000000,1.000000,357924899433.000000,2692193.000000
278000,11,149570,0.600000,1.000000,0.626320,1.000000,0.000000,0,0.000000,277936.000000,1.000000,357924899433.000000,2692193.000000
278000,12,149567,0.600000,1.000000,0.671822,1.000000,0.000000,0,0.000000,277657.000000,1.000000,357924899433.000000,2692193.000000
278000,13,149573,0.600000,1.000000,0.575013,1.000000,0.000000,1,249683.000000,278000.000000,1.000000,357924899433.000000,2692193.000000
278000,14,149557,0.600000,1.000000,0.707697,1.000000,0.000000,0,0.000000,277758.000000,1.000000,357924899433.000000,2692193.000000
278000,15,149561,0.600000,1.000000,0.452924,1.000000,0.000000,0,0.000000,277930.000000,1.000000,357924899433.000000,2692193.000000
279000,0,150124,0.600000,1.000000,0.750242,1.000000,0.000000,0,0.000000,278962.000000,1.000000,360575329995.000000,900727.000000
279000,1,150119,0.600000,1.000000,0.601375,1.000000,0.000000,0,0.000000,278842.000000,1.000000,360575329995.000000,900727.000000
279000,2,150121,0.600000,1.000000,0.635583,1.000000,0.000000,0,0.000000,278977.000000,1.000000,360575329995.000000,900727.000000
279000,3,150112,0.600000,1.000000,0.594626,1.000000,0.000000,0,0.000000,278896.000000,1.000000,360575329995.000000,900727.000000
279000,4,150122,0.600000,1.000000,0.726568,1.000000,0.000000,0,0.000000,278955.000000,1.000000,360575329995.000000,900727.000000
279000,5,150120,0.600000,1.000000,0.733200,1.000000,0.000000,0,0.000000,278906.000000,1.000000,360575329995.000000,900727.000000
279000,6,150120,0.600000,1.000000,0.625885,1.000000,0.000000,0,0.000000,278983.000000,1.000000,360575329995.000000,900727.000000
279000,7,150119,0.600000,1.000000,0.620693,1.000000,0.000000,0,0.000000,278982.000000,1.000000,360575329995.000000,900727.000000
279000,8,150123,0.600000,1.000000,0.819744,1.000000,0.000000,0,0.000000,278976.000000,1.000000,360575329995.000000,900727.000000
279000,9,150109,0.600000,1.000000,0.589397,1.000000,0.000000,0,0.000000,278803.000000,1.000000,360575329995.000000,900727.000000
279000,10,150123,0.600000,1.000000,0.805058,1.000000,0.000000,1,250311.000000,279000.000000,1.000000,360575329995.000000,900727.000000
279000,11,150124,0.600000,1.000000,0.667015,1.000000,0.000000,0,0.000000,278998.000000,1.000000,360575329995.000000,900727.000000
279000,12,150113,0.600000,1.000000,0.503028,1.000000,0.000000,0,0.000000,278953.000000,1.000000,360575329995.000000,900727.000000
279000,13,150122,0.600000,1.000000,0.752546,1.000000,0.000000,0,0.000000,278993.000000,1.000000,360575329995.000000,900727.000000
279000,14,150122,0.600000,1.000000,0.585640,1.000000,0.000000,0,0.000000,278975.000000,1.000000,360575329995.000000,900727.000000
279000,15,150124,0.600000,1.000000,0.705272,1.000000,0.000000,0,0.000000,278997.000000,1.000000,360575329995.000000,900727.000000
280000,0,150653,0.600000,1.000000,0.715991,1.000000,0.000000,0,0.000000,279992.000000,1.000000,363142729103.000000,2711751.000000
280000,1,150653,0.600000,1.000000,0.656735,1.000000,0.000000,0,0.000000,279980.000000,1.000000,363142729103.000000,2711751.000000
280000,2,150655,0.600000,1.000000,0.651115,1.000000,0.000000,0,0.000000,279999.000000,1.000000,363142729103.000000,2711751.000000
280000,3,150653,0.600000,1.000000,0.610880,1.000000,0.000000,0,0.000000,279915.000000,1.000000,363142729103.000000,2711751.000000
280000,4,150655,0.600000,1.000000,0.619484,1.000000,0.000000,0,0.000000,279970.000000,1.000000,363142729103.000000,2711751.000000
280000,5,150653,0.600000,1.000000,0.735897,1.000000,0.000000,0,0.000000,279993.000000,1.000000,363142729103.000000,2711751.000000
280000,6,150655,0.600000,1.000000,0.607760,1.000000,0.000000,0,0.000000,279982.000000,1.000000,363142729103.000000,2711751.000000
280000,7,150654,0.600000,1.000000,0.679415,1.000000,0.000000,1,251280.000000,280000.000000,1.000000,363142729103.000000,2711751.000000
280000,8,150650,0.600000,1.000000,0.651100,1.000000,0.000000,0,0.000000,279730.000000,1.000000,363142729103.000000,2711751.000000
280000,9,150655,0.600000,1.000000,0.563319,1.000000,0.000000,0,0.000000,279994.000000,1.000000,363142729103.000000,2711751.000000
280000,10,150653,0.600000,1.000000,0.626371,1.000000,0.000000,0,0.000000,279997.000000,1.000000,363142729103.000000,2711751.000000
280000,11,150654,0.600000,1.000000,0.610429,1.000000,0.000000,0,0.000000,279989.000000,1.000000,363142729103.000000,2711751.000000
280000,12,150652,0.600000,1.000000,0.574067,1.000000,0.000000,0,0.000000,279968.000000,1.000000,363142729103.000000,2711751.000000
280000,13,150653,0.600000,1.000000,0.718175,1.000000,0.000000,0,0.000000,279998.000000,1.000000,363142729103.000000,2711751.000000
280000,14,150653,0.600000,1.000000,0.690375,1.000000,0.000000,0,0.000000,279985.000000,1.000000,363142729103.000000,2711751.000000
280000,15,150652,0.600000,1.000000,0.607440,1.000000,0.000000,0,0.000000,279935.000000,1.000000,363142729103.000000,2711751.000000
281000,0,151185,0.600000,1.000000,0.654684,1.000000,0.000000,0,0.000000,280934.000000,1.000000,365707141599.000000,3023694.000000
281000,1,151185,0.600000,1.000000,0.663730,1.000000,0.000000,0,0.000000,280950.000000,1.000000,365707141599.000000,3023694.000000
281000,2,151186,0.600000,1.000000,0.733237,1.000000,0.000000,0,0.000000,280719.000000,1.000000,365707141599.000000,3023694.000000
281000,3,151186,0.600000,1.000000,0.639314,1.000000,0.000000,0,0.000000,280997.000000,1.000000,365707141599.000000,3023694.000000
281000,4,151185,0.600000,1.000000,0.686156,1.000000,0.000000,0,0.000000,280983.000000,1.000000,365707141599.000000,3023694.000000
281000,5,151181,0.600000,1.000000,0.636130,1.000000,0.000000,0,0.000000,280951.000000,1.000000,365707141599.000000,3023694.000000
281000,6,151181,0.600000,1.000000,0.530863,1.000000,0.000000,0,0.000000,280808.000000,1.000000,365707141599.000000,3023694.000000
281000,7,151184,0.600000,1.000000,0.676354,1.000000,0.000000,0,0.000000,280992.000000,1.000000,365707141599.000000,3023694.000000
281000,8,151185,0.600000,1.000000,0.694121,1.000000,0.000000,0,0.000000,280966.000000,1.000000,365707141599.000000,3023694.000000
281000,9,151186,0.600000,1.000000,0.641010,1.000000,0.000000,1,252933.000000,281000.000000,1.000000,365707141599.000000,3023694.000000
281000,10,151185,0.600000,1.000000,0.595884,1.000000,0.000000,0,0.000000,280989.000000,1.000000,365707141599.000000,3023694.000000
281000,11,151183,0.600000,1.000000,0.734011,1.000000,0.000000,0,0.000000,280994.000000,1.000000,365707141599.000000,3023694.000000
281000,12,151185,0.600000,1.000000,0.692109,1.000000,0.000000,0,0.000000,280995.000000,1.000000,365707141599.000000,3023694.000000
281000,13,151185,0.600000,1.000000,0.603232,1.000000,0.000000,0,0.000000,280998.000000,1.000000,365707141599.000000,3023694.000000
281000,14,151180,0.600000,1.000000,0.664813,1.000000,0.000000,0,0.000000,280865.000000,1.000000,365707141599.000000,3023694.000000
281000,15,151187,0.600000,1.000000,0.550551,1.000000,0.000000,0,0.000000,280999.000000,1.000000,365707141599.000000,3023694.000000
282000,0,151716,0.600000,1.000000,0.584691,1.000000,0.000000,0,0.000000,281871.000000,1.000000,368311224036.000000,1213770.000000
282000,1,151725,0.600000,1.000000,0.782564,1.000000,0.000000,1,252553.000000,282000.000000,1.000000,368311224036.000000,1213770.000000
282000,2,151719,0.600000,1.000000,0.605141,1.000000,0.000000,0,0.000000,281950.000000,1.000000,368311224036.000000,1213770.000000
282000,3,151723,0.600000,1.000000,0.701748,1.000000,0.000000,0,0.000000,281994.000000,1.000000,368311224036.000000,1213770.000000
282000,4,151725,0.600000,1.000000,0.622158,1.000000,0.000000,0,0.000000,281869.000000,1.000000,368311224036.000000,1213770.000000
282000,5,151723,0.600000,1.000000,0.603946,1.000000,0.000000,0,0.000000,281981.000000,1.000000,368311224036.000000,1213770.000000
282000,6,151726,0.600000,1.000000,0.648903,1.000000,0.000000,0,0.000000,281958.000000,1.000000,368311224036.000000,1213770.000000
282000,7,151725,0.600000,1.000000,0.682805,1.000000,0.000000,0,0.000000,281993.000000,1.000000,368311224036.000000,1213770.000000
282000,8,151718,0.600000,1.000000,0.653731,1.000000,0.000000,0,0.000000,281712.000000,1.000000,368311224036.000000,1213770.000000
282000,9,151720,0.600000,1.000000,0.676826,1.000000,0.000000,0,0.000000,281910.000000,1.000000,368311224036.000000,1213770.000000
282000,10,151721,0.600000,1.000000,0.630494,1.000000,0.000000,0,0.000000,281982.000000,1.000000,368311224036.000000,1213770.000000
282000,11,151720,0.600000,1.000000,0.510465,1.000000,0.000000,0,0.000000,281941.000000,1.000000,368311224036.000000,1213770.000000
282000,12,151718,0.600000,1.000000,0.637787,1.000000,0.000000,0,0.000000,281604.000000,1.000000,368311224036.000000,1213770.000000
282000,13,151719,0.600000,1.000000,0.615256,1.000000,0.000000,0,0.000000,281842.000000,1.000000,368311224036.000000,1213770.000000
282000,14,151726,0.600000,1.000000,0.674261,1.000000,0.000000,0,0.000000,281932.000000,1.000000,368311224036.000000,1213770.000000
282000,15,151722,0.600000,1.000000,0.641439,1.000000,0.000000,0,0.000000,281954.000000,1.000000,368311224036.000000,1213770.000000
283000,0,152248,0.600000,1.000000,0.682837,1.000000,0.000000,0,0.000000,282535.000000,1.000000,370933680617.000000,3045224.000000
283000,1,152262,0.600000,1.000000,0.688716,1.000000,0.000000,0,0.000000,282892.000000,1.000000,370933680617.000000,3045224.000000
283000,2,152263,0.600000,1.000000,0.747475,1.000000,0.000000,0,0.000000,282911.000000,1.000000,370933680617.000000,3045224.000000
283000,3,152264,0.600000,1.000000,0.635742,1.000000,0.000000,0,0.000000,282956.000000,1.000000,370933680617.000000,3045224.000000
283000,4,152259,0.600000,1.000000,0.566006,1.000000,0.000000,0,0.000000,282972.000000,1.000000,370933680617.000000,3045224.000000
283000,5,152262,0.600000,1.000000,0.664061,1.000000,0.000000,0,0.000000,282993.000000,1.000000,370933680617.000000,3045224.000000
283000,6,152263,0.600000,1.000000,0.704401,1.000000,0.000000,0,0.000000,282926.000000,1.000000,370933680617.000000,3045224.000000
283000,7,152263,0.600000,1.000000,0.740545,1.000000,0.000000,0,0.000000,282971.000000,1.000000,370933680617.000000,3045224.000000
283000,8,152263,0.600000,1.000000,0.778082,1.000000,0.000000,0,0.000000,282992.000000,1.000000,370933680617.000000,3045224.000000
283000,9,152257,0.600000,1.000000,0.656948,1.000000,0.000000,0,0.000000,282870.000000,1.000000,370933680617.000000,3045224.000000
283000,10,152262,0.600000,1.000000,0.662747,1.000000,0.000000,0,0.000000,282939.000000,1.000000,370933680617.000000,3045224.000000
283000,11,152265,0.600000,1.000000,0.713398,1.000000,0.000000,1,253874.000000,283000.000000,1.000000,370933680617.000000,3045224.000000
283000,12,152258,0.600000,1.000000,0.617072,1.000000,0.000000,0,0.000000,282961.000000,1.000000,370933680617.000000,3045224.000000
283000,13,152260,0.600000,1.000000,0.636531,1.000000,0.000000,0,0.000000,282979.000000,1.000000,370933680617.000000,3045224.000000
283000,14,152263,0.600000,1.000000,0.779556,1.000000,0.000000,0,0.000000,282999.000000,1.000000,370933680617.000000,3045224.000000
283000,15,152261,0.600000,1.000000,0.707961,1.000000,0.000000,0,0.000000,282842.000000,1.000000,370933680617.000000,3045224.000000
284000,0,152790,0.600000,1.000000,0.637799,1.000000,0.000000,0,0.000000,283919.000000,1.000000,373530908127.000000,1527929.000000
284000,1,152790,0.600000,1.000000,0.664135,1.000000,0.000000,0,0.000000,283895.000000,1.000000,373530908127.000000,1527929.000000
284000,2,152795,0.600000,1.000000,0.719777,1.000000,0.000000,0,0.000000,283992.000000,1.000000,373530908127.000000,1527929.000000
284000,3,152796,0.600000,1.000000,0.689476,1.000000,0.000000,0,0.000000,283995.000000,1.000000,373530908127.000000,1527929.000000
284000,4,152795,0.600000,1.000000,0.676160,1.000000,0.000000,0,0.000000,283939.000000,1.000000,373530908127.000000,1527929.000000
284000,5,152790,0.600000,1.000000,0.529443,1.000000,0.000000,0,0.000000,283969.000000,1.000000,373530908127.000000,1527929.000000
284000,6,152791,0.600000,1.000000,0.543851,1.000000,0.000000,0,0.000000,283962.000000,1.000000,373530908127.000000,1527929.000000
284000,7,152792,0.600000,1.000000,0.628275,1.000000,0.000000,0,0.000000,283973.000000,1.000000,373530908127.000000,1527929.000000
284000,8,152796,0.600000,1.000000,0.787966,1.000000,0.000000,1,254001.000000,284000.000000,1.000000,373530908127.000000,1527929.000000
284000,9,152794,0.600000,1.000000,0.685175,1.000000,0.000000,0,0.000000,283987.000000,1.000000,373530908127.000000,1527929.000000
284000,10,152790,0.600000,1.000000,0.743432,1.000000,0.000000,0,0.000000,283921.000000,1.000000,373530908127.000000,1527929.000000
284000,11,152795,0.600000,1.000000,0.675826,1.000000,0.000000,0,0.000000,283961.000000,1.000000,373530908127.000000,1527929.000000
284000,12,152787,0.600000,1.000000,0.572039,1.000000,0.000000,0,0.000000,283894.000000,1.000000,373530908127.000000,1527929.000000
284000,13,152794,0.600000,1.000000,0.799867,1.000000,0.000000,0,0.000000,283681.000000,1.000000,373530908127.000000,1527929.000000
284000,14,152797,0.600000,1.000000,0.739447,1.000000,0.000000,0,0.000000,283997.000000,1.000000,373530908127.000000,1527929.000000
284000,15,152795,0.600000,1.000000,0.670791,1.000000,0.000000,0,0.000000,283991.000000,1.000000,373530908127.000000,1527929.000000
285000,0,153331,0.600000,1.000000,0.711367,1.000000,0.000000,1,255268.000000,285000.000000,1.000000,376138730324.000000,2146581.000000
285000,1,153327,0.600000,1.000000,0.556477,1.000000,0.000000,0,0.000000,284959.000000,1.000000,376138730324.000000,2146581.000000
285000,2,153321,0.600000,1.000000,0.596556,1.000000,0.000000,0,0.000000,284862.000000,1.000000,376138730324.000000,2146581.000000
285000,3,153328,0.600000,1.000000,0.655612,1.000000,0.000000,0,0.000000,284989.000000,1.000000,376138730324.000000,2146581.000000
285000,4,153327,0.600000,1.000000,0.621318,1.000000,0.000000,0,0.000000,284976.000000,1.000000,376138730324.000000,2146581.000000
285000,5,153330,0.600000,1.000000,0.840345,1.000000,0.000000,0,0.000000,284996.000000,1.000000,376138730324.000000,2146581.000000
285000,6,153331,0.600000,1.000000,0.723109,1.000000,0.000000,0,0.000000,284998.000000,1.000000,376138730324.000000,2146581.000000
285000,7,153319,0.600000,1.000000,0.712916,1.000000,0.000000,0,0.000000,284844.000000,1.000000,376138730324.000000,2146581.000000
285000,8,153319,0.600000,1.000000,0.565813,1.000000,0.000000,0,0.000000,284756.000000,1.000000,376138730324.000000,2146581.000000
285000,9,153313,0.600000,1.000000,0.541239,1.000000,0.000000,0,0.000000,284812.000000,1.000000,376138730324.000000,2146581.000000
285000,10,153330,0.600000,1.000000,0.648189,1.000000,0.000000,0,0.000000,284999.000000,1.000000,376138730324.000000,2146581.000000
285000,11,153321,0.600000,1.000000,0.632047,1.000000,0.000000,0,0.000000,284966.000000,1.000000,376138730324.000000,2146581.000000
285000,12,153327,0.600000,1.000000,0.640435,1.000000,0.000000,0,0.000000,284975.000000,1.000000,376138730324.000000,2146581.000000
285000,13,153329,0.600000,1.000000,0.635517,1.000000,0.000000,0,0.000000,284984.000000,1.000000,376138730324.000000,2146581.000000
285000,14,153324,0.600000,1.000000,0.628652,1.000000,0.000000,0,0.000000,284987.000000,1.000000,376138730324.000000,2146581.000000
285000,15,153329,0.600000,1.000000,0.646955,1.000000,0.000000,0,0.000000,284988.000000,1.000000,376138730324.000000,2146581.000000
286000,0,153853,0.600000,1.000000,0.588205,1.000000,0.000000,0,0.000000,285914.000000,1.000000,378741161134.000000,1538519.000000
286000,1,153858,0.600000,1.000000,0.628071,1.000000,0.000000,0,0.000000,285892.000000,1.000000,378741161134.000000,1538519.000000
286000,2,153856,0.600000,1.000000,0.705908,1.000000,0.000000,0,0.000000,285996.000000,1.000000,378741161134.000000,1538519.000000
286000,3,153853,0.600000,1.000000,0.649337,1.000000,0.000000,0,0.000000,285989.000000,1.000000,378741161134.000000,1538519.000000
286000,4,153857,0.600000,1.000000,0.716425,1.000000,0.000000,0,0.000000,285999.000000,1.000000,378741161134.000000,1538519.000000
286000,5,153849,0.600000,1.000000,0.643179,1.000000,0.000000,0,0.000000,285921.000000,1.000000,378741161134.000000,1538519.000000
286000,6,153858,0.600000,1.000000,0.557909,1.000000,0.000000,0,0.000000,285990.000000,1.000000,378741161134.000000,1538519.000000
286000,7,153855,0.600000,1.000000,0.791508,1.000000,0.000000,0,0.000000,285771.000000,1.000000,378741161134.000000,1538519.000000
286000,8,153856,0.600000,1.000000,0.619051,1.000000,0.000000,0,0.000000,285950.000000,1.000000,378741161134.000000,1538519.000000
286000,9,153851,0.600000,1.000000,0.567891,1.000000,0.000000,0,0.000000,285869.000000,1.000000,378741161134.000000,1538519.000000
286000,10,153857,0.600000,1.000000,0.673743,1.000000,0.000000,0,0.000000,285995.000000,1.000000,378741161134.000000,1538519.000000
286000,11,153857,0.600000,1.000000,0.706783,1.000000,0.000000,1,256613.000000,286000.000000,1.000000,378741161134.000000,1538519.000000
286000,12,153857,0.600000,1.000000,0.725463,1.000000,0.000000,0,0.000000,285997.000000,1.000000,378741161134.000000,1538519.000000
286000,13,153858,0.600000,1.000000,0.687865,1.000000,0.000000,0,0.000000,285979.000000,1.000000,378741161134.000000,1538519.000000
286000,14,153848,0.600000,1.000000,0.480918,1.000000,0.000000,0,0.000000,285783.000000,1.000000,378741161134.000000,1538519.000000
286000,15,153855,0.600000,1.000000,0.616701,1.000000,0.000000,0,0.000000,285896.000000,1.000000,378741161134.000000,1538519.000000
287000,0,154404,0.600000,1.000000,0.669464,1.000000,0.000000,0,0.000000,286988.000000,1.000000,381431921695.000000,4323172.000000
287000,1,154403,0.600000,1.000000,0.641155,1.000000,0.000000,0,0.000000,286997.000000,1.000000,381431921695.000000,4323172.000000
287000,2,154403,0.600000,1.000000,0.739906,1.000000,0.000000,1,257045.000000,287000.000000,1.000000,381431921695.000000,4323172.000000
287000,3,154402,0.600000,1.000000,0.804202,1.000000,0.000000,0,0.000000,286996.000000,1.000000,381431921695.000000,4323172.000000
287000,4,154398,0.600000,1.000000,0.674038,1.000000,0.000000,0,0.000000,286962.000000,1.000000,381431921695.000000,4323172.000000
287000,5,154400,0.600000,1.000000,0.532727,1.000000,0.000000,0,0.000000,286707.000000,1.000000,381431921695.000000,4323172.000000
287000,6,154397,0.600000,1.000000,0.608955,1.000000,0.000000,0,0.000000,286945.000000,1.000000,381431921695.000000,4323172.000000
287000,7,154399,0.600000,1.000000,0.739843,1.000000,0.000000,0,0.000000,286895.000000,1.000000,381431921695.000000,4323172.000000
287000,8,154403,0.600000,1.000000,0.686487,1.000000,0.000000,0,0.000000,286970.000000,1.000000,381431921695.000000,4323172.000000
287000,9,154403,0.600000,1.000000,0.633484,1.000000,0.000000,0,0.000000,286976.000000,1.000000,381431921695.000000,4323172.000000
287000,10,154397,0.600000,1.000000,0.588453,1.000000,0.000000,0,0.000000,286878.000000,1.000000,381431921695.000000,4323172.000000
287000,11,154401,0.600000,1.000000,0.706771,1.000000,0.000000,0,0.000000,286986.000000,1.000000,381431921695.000000,4323172.000000
287000,12,154397,0.600000,1.000000,0.708839,1.000000,0.000000,0,0.000000,286639.000000,1.000000,381431921695.000000,4323172.000000
287000,13,154402,0.600000,1.000000,0.693809,1.000000,0.000000,0,0.000000,286958.000000,1.000000,381431921695.000000,4323172.000000
287000,14,154399,0.600000,1.000000,0.583123,1.000000,0.000000,0,0.000000,286921.000000,1.000000,381431921695.000000,4323172.000000
287000,15,154399,0.600000,1.000000,0.640740,1.000000,0.000000,0,0.000000,286840.000000,1.000000,381431921695.000000,4323172.000000
288000,0,154938,0.600000,1.000000,0.809239,1.000000,0.000000,0,0.000000,287992.000000,1.000000,384078597461.000000,3098714.000000
288000,1,154928,0.600000,1.000000,0.609541,1.000000,0.000000,0,0.000000,287848.000000,1.000000,384078597461.000000,3098714.000000
288000,2,154928,0.600000,1.000000,0.618726,1.000000,0.000000,0,0.000000,287841.000000,1.000000,384078597461.000000,3098714.000000
288000,3,154934,0.600000,1.000000,0.605645,1.000000,0.000000,0,0.000000,287970.000000,1.000000,384078597461.000000,3098714.000000
288000,4,154932,0.600000,1.000000,0.678077,1.000000,0.000000,0,0.000000,287931.000000,1.000000,384078597461.000000,3098714.000000
288000,5,154940,0.600000,1.000000,0.756928,1.000000,0.000000,0,0.000000,287997.000000,1.000000,384078597461.000000,3098714.000000
288000,6,154940,0.600000,1.000000,0.814782,1.000000,0.000000,1,257777.000000,288000.000000,1.000000,384078597461.000000,3098714.000000
288000,7,154936,0.600000,1.000000,0.687190,1.000000,0.000000,0,0.000000,287957.000000,1.000000,384078597461.000000,3098714.000000
288000,8,154938,0.600000,1.000000,0.637874,1.000000,0.000000,0,0.000000,287995.000000,1.000000,384078597461.000000,3098714.000000
288000,9,154934,0.600000,1.000000,0.681023,1.000000,0.000000,0,0.000000,287929.000000,1.000000,384078597461.000000,3098714.000000
288000,10,154939,0.600000,1.000000,0.671207,1.000000,0.000000,0,0.000000,287999.000000,1.000000,384078597461.000000,3098714.000000
288000,11,154931,0.600000,1.000000,0.557839,1.000000,0.000000,0,0.000000,287971.000000,1.000000,384078597461.000000,3098714.000000
288000,12,154939,0.600000,1.000000,0.635205,1.000000,0.000000,0,0.000000,287936.000000,1.000000,384078597461.000000,3098714.000000
288000,13,154932,0.600000,1.000000,0.566927,1.000000,0.000000,0,0.000000,287960.000000,1.000000,384078597461.000000,3098714.000000
288000,14,154939,0.600000,1.000000,0.676668,1.000000,0.000000,0,0.000000,287998.000000,1.000000,384078597461.000000,3098714.000000
288000,15,154935,0.600000,1.000000,0.639913,1.000000,0.000000,0,0.000000,287951.000000,1.000000,384078597461.000000,3098714.000000
289000,0,155470,0.600000,1.000000,0.613239,1.000000,0.000000,0,0.000000,288979.000000,1.000000,386749659782.000000,932841.000000
289000,1,155474,0.600000,1.000000,0.818418,1.000000,0.000000,0,0.000000,288997.000000,1.000000,386749659782.000000,932841.000000
289000,2,155475,0.600000,1.000000,0.645319,1.000000,0.000000,1,258831.000000,289000.000000,1.000000,386749659782.000000,932841.000000
289000,3,155474,0.600000,1.000000,0.616105,1.000000,0.000000,0,0.000000,288992.000000,1.000000,386749659782.000000,932841.000000
289000,4,155472,0.600000,1.000000,0.617586,1.000000,0.000000,0,0.000000,288972.000000,1.000000,386749659782.000000,932841.000000
289000,5,155472,0.600000,1.000000,0.615310,1.000000,0.000000,0,0.000000,288700.000000,1.000000,386749659782.000000,932841.000000
289000,6,155471,0.600000,1.000000,0.610876,1.000000,0.000000,0,0.000000,288984.000000,1.000000,386749659782.000000,932841.000000
289000,7,155476,0.600000,1.000000,0.640677,1.000000,0.000000,0,0.000000,288924.000000,1.000000,386749659782.000000,932841.000000
289000,8,155474,0.600000,1.000000,0.759054,1.000000,0.000000,0,0.000000,288943.000000,1.000000,386749659782.000000,932841.000000
289000,9,155475,0.600000,1.000000,0.683848,1.000000,0.000000,0,0.000000,288989.000000,1.000000,386749659782.000000,932841.000000
289000,10,155475,0.600000,1.000000,0.767973,1.000000,0.000000,0,0.000000,288999.000000,1.000000,386749659782.000000,932841.000000
289000,11,155476,0.600000,1.000000,0.506047,1.000000,0.000000,0,0.000000,288945.000000,1.000000,386749659782.000000,932841.000000
289000,12,155474,0.600000,1.000000,0.649759,1.000000,0.000000,0,0.000000,288966.000000,1.000000,386749659782.000000,932841.000000
289000,13,155465,0.600000,1.000000,0.550555,1.000000,0.000000,0,0.000000,288900.000000,1.000000,386749659782.000000,932841.000000
289000,14,155471,0.600000,1.000000,0.561693,1.000000,0.000000,0,0.000000,288912.000000,1.000000,386749659782.000000,932841.000000
289000,15,155474,0.600000,1.000000,0.750780,1.000000,0.000000,0,0.000000,288998.000000,1.000000,386749659782.000000,932841.000000
290000,0,156005,0.600000,1.000000,0.580678,1.000000,0.000000,0,0.000000,289967.000000,1.000000,389426233791.000000,4680311.000000
290000,1,156010,0.600000,1.000000,0.668884,1.000000,0.000000,0,0.000000,289946.000000,1.000000,389426233791.000000,4680311.000000
290000,2,156011,0.600000,1.000000,0.648169,1.000000,0.000000,0,0.000000,289985.000000,1.000000,389426233791.000000,4680311.000000
290000,3,156003,0.600000,1.000000,0.596238,1.000000,0.000000,0,0.000000,289879.000000,1.000000,389426233791.000000,4680311.000000
290000,4,156012,0.600000,1.000000,0.706653,1.000000,0.000000,0,0.000000,289966.000000,1.000000,389426233791.000000,4680311.000000
290000,5,156014,0.600000,1.000000,0.618674,1.000000,0.000000,0,0.000000,289980.000000,1.000000,389426233791.000000,4680311.000000
290000,6,156005,0.600000,1.000000,0.525307,1.000000,0.000000,0,0.000000,289968.000000,1.000000,389426233791.000000,4680311.000000
290000,7,156007,0.600000,1.000000,0.625631,1.000000,0.000000,0,0.000000,289900.000000,1.000000,389426233791.000000,4680311.000000
290000,8,156014,0.600000,1.000000,0.747203,1.000000,0.000000,0,0.000000,289950.000000,1.000000,389426233791.000000,4680311.000000
290000,9,156012,0.600000,1.000000,0.657492,1.000000,0.000000,0,0.000000,289992.000000,1.000000,389426233791.000000,4680311.000000
290000,10,156013,0.600000,1.000000,0.766613,1.000000,0.000000,1,260074.000000,290000.000000,1.000000,389426233791.000000,4680311.000000
290000,11,156013,0.600000,1.000000,0.706590,1.000000,0.000000,0,0.000000,289979.000000,1.000000,389426233791.000000,4680311.000000
290000,12,156012,0.600000,1.000000,0.752522,1.000000,0.000000,0,0.000000,289997.000000,1.000000,389426233791.000000,4680311.000000
290000,13,156010,0.600000,1.000000,0.582349,1.000000,0.000000,0,0.000000,289987.000000,1.000000,389426233791.000000,4680311.000000
290000,14,156010,0.600000,1.000000,0.709183,1.000000,0.000000,0,0.000000,289919.000000,1.000000,389426233791.000000,4680311.000000
290000,15,156010,0.600000,1.000000,0.647162,1.000000,0.000000,0,0.000000,289374.000000,1.000000,389426233791.000000,4680311.000000
291000,0,156538,0.600000,1.000000,0.533637,1.000000,0.000000,0,0.000000,290933.000000,1.000000,392086051947.000000,2504622.000000
291000,1,156549,0.600000,1.000000,0.636900,1.000000,0.000000,0,0.000000,290999.000000,1.000000,392086051947.000000,2504622.000000
291000,2,156537,0.600000,1.000000,0.663219,1.000000,0.000000,0,0.000000,290924.000000,1.000000,392086051947.000000,2504622.000000
291000,3,156549,0.600000,1.000000,0.800951,1.000000,0.000000,0,0.000000,290998.000000,1.000000,392086051947.000000,2504622.000000
291000,4,156549,0.600000,1.000000,0.750084,1.000000,0.000000,1,260936.000000,291000.000000,1.000000,392086051947.000000,2504622.000000
291000,5,156544,0.600000,1.000000,0.653839,1.000000,0.000000,0,0.000000,290973.000000,1.000000,392086051947.000000,2504622.000000
291000,6,156546,0.600000,1.000000,0.732566,1.000000,0.000000,0,0.000000,290997.000000,1.000000,392086051947.000000,2504622.000000
291000,7,156545,0.600000,1.000000,0.725330,1.000000,0.000000,0,0.000000,290768.000000,1.000000,392086051947.000000,2504622.000000
291000,8,156538,0.600000,1.000000,0.653035,1.000000,0.000000,0,0.000000,290937.000000,1.000000,392086051947.000000,2504622.000000
291000,9,156548,0.600000,1.000000,0.670361,1.000000,0.000000,0,0.000000,290988.000000,1.000000,392086051947.000000,2504622.000000
291000,10,156536,0.600000,1.000000,0.743126,1.000000,0.000000,0,0.000000,290833.000000,1.000000,392086051947.000000,2504622.000000
291000,11,156541,0.600000,1.000000,0.547181,1.000000,0.000000,0,0.000000,290959.000000,1.000000,392086051947.000000,2504622.000000
291000,12,156522,0.600000,1.000000,0.516646,1.000000,0.000000,0,0.000000,290568.000000,1.000000,392086051947.000000,2504622.000000
291000,13,156548,0.600000,1.000000,0.863442,1.000000,0.000000,0,0.000000,290990.000000,1.000000,392086051947.000000,2504622.000000
291000,14,156535,0.600000,1.000000,0.653657,1.000000,0.000000,0,0.000000,290900.000000,1.000000,392086051947.000000,2504622.000000
291000,15,156546,0.600000,1.000000,0.568967,1.000000,0.000000,0,0.000000,290974.000000,1.000000,392086051947.000000,2504622.000000
292000,0,157071,0.600000,1.000000,0.525839,1.000000,0.000000,0,0.000000,291715.000000,1.000000,394762146680.000000,2199015.000000
292000,1,157075,0.600000,1.000000,0.682865,1.000000,0.000000,0,0.000000,291912.000000,1.000000,394762146680.000000,2199015.000000
292000,2,157076,0.600000,1.000000,0.758037,1.000000,0.000000,0,0.000000,291992.000000,1.000000,394762146680.000000,2199015.000000
292000,3,157075,0.600000,1.000000,0.571138,1.000000,0.000000,0,0.000000,291966.000000,1.000000,394762146680.000000,2199015.000000
292000,4,157075,0.600000,1.000000,0.613007,1.000000,0.000000,0,0.000000,291980.000000,1.000000,394762146680.000000,2199015.000000
292000,5,157076,0.600000,1.000000,0.565464,1.000000,0.000000,0,0.000000,291975.000000,1.000000,394762146680.000000,2199015.000000
292000,6,157076,0.600000,1.000000,0.580201,1.000000,0.000000,0,0.000000,291988.000000,1.000000,394762146680.000000,2199015.000000
292000,7,157077,0.600000,1.000000,0.819377,1.000000,0.000000,0,0.000000,291998.000000,1.000000,394762146680.000000,2199015.000000
292000,8,157071,0.600000,1.000000,0.580729,1.000000,0.000000,0,0.000000,291914.000000,1.000000,394762146680.000000,2199015.000000
292000,9,157071,0.600000,1.000000,0.519555,1.000000,0.000000,0,0.000000,291908.000000,1.000000,394762146680.000000,2199015.000000
292000,10,157077,0.600000,1.000000,0.823079,1.000000,0.000000,0,0.000000,291734.000000,1.000000,394762146680.000000,2199015.000000
292000,11,157077,0.600000,1.000000,0.724208,1.000000,0.000000,0,0.000000,291995.000000,1.000000,394762146680.000000,2199015.000000
292000,12,157078,0.600000,1.000000,0.703028,1.000000,0.000000,1,260800.000000,292000.000000,1.000000,394762146680.000000,2199015.000000
292000,13,157077,0.600000,1.000000,0.643911,1.000000,0.000000,0,0.000000,291999.000000,1.000000,394762146680.000000,2199015.000000
292000,14,157077,0.600000,1.000000,0.568787,1.000000,0.000000,0,0.000000,291997.000000,1.000000,394762146680.000000,2199015.000000
292000,15,157075,0.600000,1.000000,0.738468,1.000000,0.000000,0,0.000000,291259.000000,1.000000,394762146680.000000,2199015.000000
293000,0,157618,0.600000,1.000000,0.529250,1.000000,0.000000,0,0.000000,292978.000000,1.000000,397489899554.000000,3782740.000000
293000,1,157620,0.600000,1.000000,0.655999,1.000000,0.000000,1,262396.000000,293000.000000,1.000000,397489899554.000000,3782740.000000
293000,2,157617,0.600000,1.000000,0.669287,1.000000,0.000000,0,0.000000,292992.000000,1.000000,397489899554.000000,3782740.000000
293000,3,157617,0.600000,1.000000,0.743415,1.000000,0.000000,0,0.000000,292989.000000,1.000000,397489899554.000000,3782740.000000
293000,4,157618,0.600000,1.000000,0.657740,1.000000,0.000000,0,0.000000,292951.000000,1.000000,397489899554.000000,3782740.000000
293000,5,157619,0.600000,1.000000,0.623524,1.000000,0.000000,0,0.000000,292996.000000,1.000000,397489899554.000000,3782740.000000
293000,6,157618,0.600000,1.000000,0.710848,1.000000,0.000000,0,0.000000,292990.000000,1.000000,397489899554.000000,3782740.000000
293000,7,157620,0.600000,1.000000,0.721996,1.000000,0.000000,0,0.000000,292999.000000,1.000000,397489899554.000000,3782740.000000
293000,8,157619,0.600000,1.000000,0.660138,1.000000,0.000000,0,0.000000,292993.000000,1.000000,397489899554.000000,3782740.000000
293000,9,157618,0.600000,1.000000,0.610260,1.000000,0.000000,0,0.000000,292981.000000,1.000000,397489899554.000000,3782740.000000
293000,10,157619,0.600000,1.000000,0.629286,1.000000,0.000000,0,0.000000,292967.000000,1.000000,397489899554.000000,3782740.000000
293000,11,157619,0.600000,1.000000,0.588113,1.000000,0.000000,0,0.000000,292995.000000,1.000000,397489899554.000000,3782740.000000
293000,12,157617,0.600000,1.000000,0.587098,1.000000,0.000000,0,0.000000,292968.000000,1.000000,397489899554.000000,3782740.000000
293000,13,157619,0.600000,1.000000,0.577132,1.000000,0.000000,0,0.000000,292984.000000,1.000000,397489899554.000000,3782740.000000
293000,14,157595,0.600000,1.000000,0.660422,1.000000,0.000000,0,0.000000,292409.000000,1.000000,397489899554.000000,3782740.000000
293000,15,157619,0.600000,1.000000,0.602558,1.000000,0.000000,0,0.000000,292974.000000,1.000000,397489899554.000000,3782740.000000
294000,0,158152,0.600000,1.000000,0.603385,1.000000,0.000000,0,0.000000,293960.000000,1.000000,400215972251.000000,3795750.000000
294000,1,158157,0.600000,1.000000,0.777027,1.000000,0.000000,0,0.000000,293995.000000,1.000000,400215972251.000000,3795750.000000
294000,2,158158,0.600000,1.000000,0.622155,1.000000,0.000000,0,0.000000,293996.000000,1.000000,400215972251.000000,3795750.000000
294000,3,158158,0.600000,1.000000,0.724206,1.000000,0.000000,0,0.000000,293915.000000,1.000000,400215972251.000000,3795750.000000
294000,4,158159,0.600000,1.000000,0.723793,1.000000,0.000000,0,0.000000,293989.000000,1.000000,400215972251.000000,3795750.000000
294000,5,158155,0.600000,1.000000,0.579193,1.000000,0.000000,0,0.000000,293891.000000,1.000000,400215972251.000000,3795750.000000
294000,6,158156,0.600000,1.000000,0.588888,1.000000,0.000000,0,0.000000,293990.000000,1.000000,400215972251.000000,3795750.000000
294000,7,158157,0.600000,1.000000,0.617817,1.000000,0.000000,0,0.000000,293988.000000,1.000000,400215972251.000000,3795750.000000
294000,8,158158,0.600000,1.000000,0.594930,1.000000,0.000000,0,0.000000,293957.000000,1.000000,400215972251.000000,3795750.000000
294000,9,158156,0.600000,1.000000,0.665988,1.000000,0.000000,0,0.000000,293994.000000,1.000000,400215972251.000000,3795750.000000
294000,10,158153,0.600000,1.000000,0.543936,1.000000,0.000000,0,0.000000,293839.000000,1.000000,400215972251.000000,3795750.000000
294000,11,158156,0.600000,1.000000,0.622823,1.000000,0.000000,0,0.000000,293948.000000,1.000000,400215972251.000000,3795750.000000
294000,12,158158,0.600000,1.000000,0.560348,1.000000,0.000000,0,0.000000,293982.000000,1.000000,400215972251.000000,3795750.000000
294000,13,158158,0.600000,1.000000,0.778716,1.000000,0.000000,0,0.000000,293999.000000,1.000000,400215972251.000000,3795750.000000
294000,14,158155,0.600000,1.000000,0.709597,1.000000,0.000000,0,0.000000,293927.000000,1.000000,400215972251.000000,3795750.000000
294000,15,158159,0.600000,1.000000,0.624327,1.000000,0.000000,1,262412.000000,294000.000000,1.000000,400215972251.000000,3795750.000000
295000,0,158691,0.600000,1.000000,0.627156,1.000000,0.000000,0,0.000000,294985.000000,1.000000,402914227471.000000,2538994.000000
295000,1,158691,0.600000,1.000000,0.677823,1.000000,0.000000,0,0.000000,294996.000000,1.000000,402914227471.000000,2538994.000000
295000,2,158685,0.600000,1.000000,0.605678,1.000000,0.000000,0,0.000000,294926.000000,1.000000,402914227471.000000,2538994.000000
295000,3,158689,0.600000,1.000000,0.723287,1.000000,0.000000,0,0.000000,294998.000000,1.000000,402914227471.000000,2538994.000000
295000,4,158688,0.600000,1.000000,0.736524,1.000000,0.000000,0,0.000000,294979.000000,1.000000,402914227471.000000,2538994.000000
295000,5,158691,0.600000,1.000000,0.620793,1.000000,0.000000,1,263856.000000,295000.000000,1.000000,402914227471.000000,2538994.000000
295000,6,158689,0.600000,1.000000,0.709025,1.000000,0.000000,0,0.000000,294857.000000,1.000000,402914227471.000000,2538994.000000
295000,7,158685,0.600000,1.000000,0.438410,1.000000,0.000000,0,0.000000,294941.000000,1.000000,402914227471.000000,2538994.000000
295000,8,158686,0.600000,1.000000,0.605425,1.000000,0.000000,0,0.000000,294896.000000,1.000000,402914227471.000000,2538994.000000
295000,9,158689,0.600000,1.000000,0.711890,1.000000,0.000000,0,0.000000,294967.000000,1.000000,402914227471.000000,2538994.000000
295000,10,158688,0.600000,1.000000,0.612981,1.000000,0.000000,0,0.000000,294973.000000,1.000000,402914227471.000000,2538994.000000
295000,11,158688,0.600000,1.000000,0.625580,1.000000,0.000000,0,0.000000,294984.000000,1.000000,402914227471.000000,2538994.000000
295000,12,158688,0.600000,1.000000,0.661497,1.000000,0.000000,0,0.000000,294877.000000,1.000000,402914227471.000000,2538994.000000
295000,13,158691,0.600000,1.000000,0.697807,1.000000,0.000000,0,0.000000,294999.000000,1.000000,402914227471.000000,2538994.000000
295000,14,158691,0.600000,1.000000,0.700711,1.000000,0.000000,0,0.000000,294952.000000,1.000000,402914227471.000000,2538994.000000
295000,15,158691,0.600000,1.000000,0.638279,1.000000,0.000000,0,0.000000,294977.000000,1.000000,402914227471.000000,2538994.000000
296000,0,159232,0.600000,1.000000,0.665072,1.000000,0.000000,0,0.000000,295979.000000,1.000000,405652119549.000000,2866077.000000
296000,1,159232,0.600000,1.000000,0.608244,1.000000,0.000000,0,0.000000,295938.000000,1.000000,405652119549.000000,2866077.000000
296000,2,159231,0.600000,1.000000,0.800292,1.000000,0.000000,0,0.000000,295998.000000,1.000000,405652119549.000000,2866077.000000
296000,3,159232,0.600000,1.000000,0.647236,1.000000,0.000000,0,0.000000,295948.000000,1.000000,405652119549.000000,2866077.000000
296000,4,159226,0.600000,1.000000,0.522380,1.000000,0.000000,0,0.000000,295959.000000,1.000000,405652119549.000000,2866077.000000
296000,5,159232,0.600000,1.000000,0.805740,1.000000,0.000000,0,0.000000,295999.000000,1.000000,405652119549.000000,2866077.000000
296000,6,159226,0.600000,1.000000,0.742970,1.000000,0.000000,0,0.000000,295941.000000,1.000000,405652119549.000000,2866077.000000
296000,7,159230,0.600000,1.000000,0.680127,1.000000,0.000000,0,0.000000,295976.000000,1.000000,405652119549.000000,2866077.000000
296000,8,159226,0.600000,1.000000,0.656198,1.000000,0.000000,0,0.000000,295969.000000,1.000000,405652119549.000000,2866077.000000
296000,9,159230,0.600000,1.000000,0.783226,1.000000,0.000000,0,0.000000,295982.000000,1.000000,405652119549.000000,2866077.000000
296000,10,159217,0.600000,1.000000,0.615292,1.000000,0.000000,0,0.000000,295788.000000,1.000000,405652119549.000000,2866077.000000
296000,11,159233,0.600000,1.000000,0.727472,1.000000,0.000000,1,265701.000000,296000.000000,1.000000,405652119549.000000,2866077.000000
296000,12,159224,0.600000,1.000000,0.545756,1.000000,0.000000,0,0.000000,295970.000000,1.000000,405652119549.000000,2866077.000000
296000,13,159230,0.600000,1.000000,0.734910,1.000000,0.000000,0,0.000000,295995.000000,1.000000,405652119549.000000,2866077.000000
296000,14,159223,0.600000,1.000000,0.624009,1.000000,0.000000,0,0.000000,295719.000000,1.000000,405652119549.000000,2866077.000000
296000,15,159209,0.600000,1.000000,0.601375,1.000000,0.000000,0,0.000000,295698.000000,1.000000,405652119549.000000,2866077.000000
297000,0,159774,0.600000,1.000000,0.765342,1.000000,0.000000,0,0.000000,296997.000000,1.000000,408421010257.000000,1597695.000000
297000,1,159773,0.600000,1.000000,0.720357,1.000000,0.000000,0,0.000000,296957.000000,1.000000,408421010257.000000,1597695.000000
297000,2,159768,0.600000,1.000000,0.640495,1.000000,0.000000,0,0.000000,296931.000000,1.000000,408421010257.000000,1597695.000000
297000,3,159775,0.600000,1.000000,0.674751,1.000000,0.000000,0,0.000000,296983.000000,1.000000,408421010257.000000,1597695.000000
297000,4,159775,0.600000,1.000000,0.872805,1.000000,0.000000,0,0.000000,296999.000000,1.000000,408421010257.000000,1597695.000000
297000,5,159756,0.600000,1.000000,0.731304,1.000000,0.000000,0,0.000000,296642.000000,1.000000,408421010257.000000,1597695.000000
297000,6,159775,0.600000,1.000000,0.771537,1.000000,0.000000,1,265802.000000,297000.000000,1.000000,408421010257.000000,1597695.000000
297000,7,159768,0.600000,1.000000,0.605386,1.000000,0.000000,0,0.000000,296909.000000,1.000000,408421010257.000000,1597695.000000
297000,8,159772,0.600000,1.000000,0.712021,1.000000,0.000000,0,0.000000,296944.000000,1.000000,408421010257.000000,1597695.000000
297000,9,159771,0.600000,1.000000,0.723643,1.000000,0.000000,0,0.000000,296990.000000,1.000000,408421010257.000000,1597695.000000
297000,10,159757,0.600000,1.000000,0.643010,1.000000,0.000000,0,0.000000,296893.000000,1.000000,408421010257.000000,1597695.000000
297000,11,159759,0.600000,1.000000,0.690278,1.000000,0.000000,0,0.000000,296482.000000,1.000000,408421010257.000000,1597695.000000
297000,12,159772,0.600000,1.000000,0.655467,1.000000,0.000000,0,0.000000,296967.000000,1.000000,408421010257.000000,1597695.000000
297000,13,159773,0.600000,1.000000,0.787576,1.000000,0.000000,0,0.000000,296996.000000,1.000000,408421010257.000000,1597695.000000
297000,14,159770,0.600000,1.000000,0.722419,1.000000,0.000000,0,0.000000,296968.000000,1.000000,408421010257.000000,1597695.000000
297000,15,159775,0.600000,1.000000,0.730820,1.000000,0.000000,0,0.000000,296998.000000,1.000000,408421010257.000000,1597695.000000
298000,0,160303,0.600000,1.000000,0.635084,1.000000,0.000000,0,0.000000,297681.000000,1.000000,411157958896.000000,1603047.000000
298000,1,160308,0.600000,1.000000,0.624406,1.000000,0.000000,0,0.000000,297998.000000,1.000000,411157958896.000000,1603047.000000
298000,2,160305,0.600000,1.000000,0.635802,1.000000,0.000000,0,0.000000,297991.000000,1.000000,411157958896.000000,1603047.000000
298000,3,160307,0.600000,1.000000,0.838609,1.000000,0.000000,0,0.000000,297999.000000,1.000000,411157958896.000000,1603047.000000
298000,4,160306,0.600000,1.000000,0.620133,1.000000,0.000000,0,0.000000,297969.000000,1.000000,411157958896.000000,1603047.000000
298000,5,160307,0.600000,1.000000,0.776505,1.000000,0.000000,1,266651.000000,298000.000000,1.000000,411157958896.000000,1603047.000000
298000,6,160302,0.600000,1.000000,0.584458,1.000000,0.000000,0,0.000000,297927.000000,1.000000,411157958896.000000,1603047.000000
298000,7,160305,0.600000,1.000000,0.641725,1.000000,0.000000,0,0.000000,297979.000000,1.000000,411157958896.000000,1603047.000000
298000,8,160299,0.600000,1.000000,0.618094,1.000000,0.000000,0,0.000000,297977.000000,1.000000,411157958896.000000,1603047.000000
298000,9,160307,0.600000,1.000000,0.777589,1.000000,0.000000,0,0.000000,297993.000000,1.000000,411157958896.000000,1603047.000000
298000,10,160305,0.600000,1.000000,0.627321,1.000000,0.000000,0,0.000000,297987.000000,1.000000,411157958896.000000,1603047.000000
298000,11,160293,0.600000,1.000000,0.619313,1.000000,0.000000,0,0.000000,297889.000000,1.000000,411157958896.000000,1603047.000000
298000,12,160305,0.600000,1.000000,0.697336,1.000000,0.000000,0,0.000000,297995.000000,1.000000,411157958896.000000,1603047.000000
298000,13,160299,0.600000,1.000000,0.582388,1.000000,0.000000,0,0.000000,297886.000000,1.000000,411157958896.000000,1603047.000000
298000,14,160307,0.600000,1.000000,0.658775,1.000000,0.000000,0,0.000000,297996.000000,1.000000,411157958896.000000,1603047.000000
298000,15,160306,0.600000,1.000000,0.645360,1.000000,0.000000,0,0.000000,297965.000000,1.000000,411157958896.000000,1603047.000000
299000,0,160842,0.600000,1.000000,0.612324,1.000000,0.000000,0,0.000000,298997.000000,1.000000,413910481381.000000,2573386.000000
299000,1,160839,0.600000,1.000000,0.620531,1.000000,0.000000,0,0.000000,298972.000000,1.000000,413910481381.000000,2573386.000000
299000,2,160831,0.600000,1.000000,0.751208,1.000000,0.000000,0,0.000000,298687.000000,1.000000,413910481381.000000,2573386.000000
299000,3,160843,0.600000,1.000000,0.668017,1.000000,0.000000,0,0.000000,298993.000000,1.000000,413910481381.000000,2573386.000000
299000,4,160843,0.600000,1.000000,0.622177,1.000000,0.000000,0,0.000000,298990.000000,1.000000,413910481381.000000,2573386.000000
299000,5,160842,0.600000,1.000000,0.627491,1.000000,0.000000,0,0.000000,298994.000000,1.000000,413910481381.000000,2573386.000000
299000,6,160836,0.600000,1.000000,0.636776,1.000000,0.000000,0,0.000000,298840.000000,1.000000,413910481381.000000,2573386.000000
299000,7,160842,0.600000,1.000000,0.611916,1.000000,0.000000,0,0.000000,298977.000000,1.000000,413910481381.000000,2573386.000000
299000,8,160839,0.600000,1.000000,0.635228,1.000000,0.000000,0,0.000000,298933.000000,1.000000,413910481381.000000,2573386.000000
299000,9,160843,0.600000,1.000000,0.734323,1.000000,0.000000,1,269047.000000,299000.000000,1.000000,413910481381.000000,2573386.000000
299000,10,160839,0.600000,1.000000,0.717445,1.000000,0.000000,0,0.000000,298925.000000,1.000000,413910481381.000000,2573386.000000
299000,11,160843,0.600000,1.000000,0.629623,1.000000,0.000000,0,0.000000,298999.000000,1.000000,413910481381.000000,2573386.000000
299000,12,160838,0.600000,1.000000,0.598489,1.000000,0.000000,0,0.000000,298947.000000,1.000000,413910481381.000000,2573386.000000
299000,13,160837,0.600000,1.000000,0.664946,1.000000,0.000000,0,0.000000,298901.000000,1.000000,413910481381.000000,2573386.000000
299000,14,160836,0.600000,1.000000,0.687410,1.000000,0.000000,0,0.000000,298838.000000,1.000000,413910481381.000000,2573386.000000
299000,15,160842,0.600000,1.000000,0.729780,1.000000,0.000000,0,0.000000,298998.000000,1.000000,413910481381.000000,2573386.000000
300000,0,161389,0.600000,1.000000,0.630726,1.000000,0.000000,0,0.000000,299891.000000,1.000000,416745777140.000000,2582266.000000
300000,1,161394,0.600000,1.000000,0.775115,1.000000,0.000000,1,268587.000000,300000.000000,1.000000,416745777140.000000,2582266.000000
300000,2,161387,0.600000,1.000000,0.499147,1.000000,0.000000,0,0.000000,298687.000000,1.000000,416745777140.000000,2582266.000000
300000,3,161391,0.600000,1.000000,0.765761,1.000000,0.000000,0,0.000000,299987.000000,1.000000,416745777140.000000,2582266.000000
300000,4,161386,0.600000,1.000000,0.547860,1.000000,0.000000,0,0.000000,299967.000000,1.000000,416745777140.000000,2582266.000000
300000,5,161392,0.600000,1.000000,0.590850,1.000000,0.000000,0,0.000000,299998.000000,1.000000,416745777140.000000,2582266.000000
300000,6,161392,0.600000,1.000000,0.737005,1.000000,0.000000,0,0.000000,299999.000000,1.000000,416745777140.000000,2582266.000000
300000,7,161394,0.600000,1.000000,0.676979,1.000000,0.000000,0,0.000000,299993.000000,1.000000,416745777140.000000,2582266.000000
300000,8,161390,0.600000,1.000000,0.652567,1.000000,0.000000,0,0.000000,299939.000000,1.000000,416745777140.000000,2582266.000000
300000,9,161393,0.600000,1.000000,0.641213,1.000000,0.000000,0,0.000000,299997.000000,1.000000,416745777140.000000,2582266.000000
300000,10,161387,0.600000,1.000000,0.706062,1.000000,0.000000,0,0.000000,299955.000000,1.000000,416745777140.000000,2582266.000000
300000,11,161391,0.600000,1.000000,0.762017,1.000000,0.000000,0,0.000000,299877.000000,1.000000,416745777140.000000,2582266.000000
300000,12,161387,0.600000,1.000000,0.596691,1.000000,0.000000,0,0.000000,299954.000000,1.000000,416745777140.000000,2582266.000000
300000,13,161387,0.600000,1.000000,0.668224,1.000000,0.000000,0,0.000000,299618.000000,1.000000,416745777140.000000,2582266.000000
300000,14,161380,0.600000,1.000000,0.458070,1.000000,0.000000,0,0.000000,299959.000000,1.000000,416745777140.000000,2582266.000000
300000,15,161394,0.600000,1.000000,0.704190,1.000000,0.000000,0,0.000000,299984.000000,1.000000,416745777140.000000,2582266.000000
301000,0,161929,0.600000,1.000000,0.666826,1.000000,0.000000,0,0.000000,300984.000000,1.000000,419526301176.000000,1619285.000000
301000,1,161919,0.600000,1.000000,0.563782,1.000000,0.000000,0,0.000000,300788.000000,1.000000,419526301176.000000,1619285.000000
301000,2,161923,0.600000,1.000000,0.581583,1.000000,0.000000,0,0.000000,300962.000000,1.000000,419526301176.000000,1619285.000000
301000,3,161929,0.600000,1.000000,0.809923,1.000000,0.000000,0,0.000000,300887.000000,1.000000,419526301176.000000,1619285.000000
301000,4,161928,0.600000,1.000000,0.511544,1.000000,0.000000,0,0.000000,300950.000000,1.000000,419526301176.000000,1619285.000000
301000,5,161931,0.600000,1.000000,0.694894,1.000000,0.000000,0,0.000000,300998.000000,1.000000,419526301176.000000,1619285.000000
301000,6,161930,0.600000,1.000000,0.790975,1.000000,0.000000,0,0.000000,300997.000000,1.000000,419526301176.000000,1619285.000000
301000,7,161930,0.600000,1.000000,0.688208,1.000000,0.000000,0,0.000000,300999.000000,1.000000,419526301176.000000,1619285.000000
301000,8,161928,0.600000,1.000000,0.649912,1.000000,0.000000,0,0.000000,300980.000000,1.000000,419526301176.000000,1619285.000000
301000,9,161931,0.600000,1.000000,0.752527,1.000000,0.000000,1,270867.000000,301000.000000,1.000000,419526301176.000000,1619285.000000
301000,10,161929,0.600000,1.000000,0.738083,1.000000,0.000000,0,0.000000,300987.000000,1.000000,419526301176.000000,1619285.000000
301000,11,161924,0.600000,1.000000,0.510331,1.000000,0.000000,0,0.000000,300981.000000,1.000000,419526301176.000000,1619285.000000
301000,12,161922,0.600000,1.000000,0.578777,1.000000,0.000000,0,0.000000,300919.000000,1.000000,419526301176.000000,1619285.000000
301000,13,161923,0.600000,1.000000,0.626425,1.000000,0.000000,0,0.000000,300926.000000,1.000000,419526301176.000000,1619285.000000
301000,14,161928,0.600000,1.000000,0.701392,1.000000,0.000000,0,0.000000,300988.000000,1.000000,419526301176.000000,1619285.000000
301000,15,161930,0.600000,1.000000,0.742322,1.000000,0.000000,0,0.000000,300996.000000,1.000000,419526301176.000000,1619285.000000
302000,0,162465,0.600000,1.000000,0.655870,1.000000,0.000000,0,0.000000,301982.000000,1.000000,422311846111.000000,2599420.000000
302000,1,162467,0.600000,1.000000,0.612155,1.000000,0.000000,0,0.000000,301957.000000,1.000000,422311846111.000000,2599420.000000
302000,2,162463,0.600000,1.000000,0.646488,1.000000,0.000000,0,0.000000,301898.000000,1.000000,422311846111.000000,2599420.000000
302000,3,162457,0.600000,1.000000,0.488565,1.000000,0.000000,0,0.000000,301875.000000,1.000000,422311846111.000000,2599420.000000
302000,4,162460,0.600000,1.000000,0.568258,1.000000,0.000000,0,0.000000,301550.000000,1.000000,422311846111.000000,2599420.000000
302000,5,162467,0.600000,1.000000,0.619768,1.000000,0.000000,0,0.000000,301979.000000,1.000000,422311846111.000000,2599420.000000
302000,6,162465,0.600000,1.000000,0.631944,1.000000,0.000000,0,0.000000,301967.000000,1.000000,422311846111.000000,2599420.000000
302000,7,162458,0.600000,1.000000,0.455039,1.000000,0.000000,0,0.000000,301947.000000,1.000000,422311846111.000000,2599420.000000
302000,8,162466,0.600000,1.000000,0.750111,1.000000,0.000000,0,0.000000,301999.000000,1.000000,422311846111.000000,2599420.000000
302000,9,162461,0.600000,1.000000,0.531008,1.000000,0.000000,0,0.000000,301961.000000,1.000000,422311846111.000000,2599420.000000
302000,10,162467,0.600000,1.000000,0.694156,1.000000,0.000000,0,0.000000,301996.000000,1.000000,422311846111.000000,2599420.000000
302000,11,162464,0.600000,1.000000,0.683677,1.000000,0.000000,0,0.000000,301460.000000,1.000000,422311846111.000000,2599420.000000
302000,12,162463,0.600000,1.000000,0.579058,1.000000,0.000000,0,0.000000,301971.000000,1.000000,422311846111.000000,2599420.000000
302000,13,162467,0.600000,1.000000,0.653088,1.000000,0.000000,1,271410.000000,302000.000000,1.000000,422311846111.000000,2599420.000000
302000,14,162466,0.600000,1.000000,0.766410,1.000000,0.000000,0,0.000000,301998.000000,1.000000,422311846111.000000,2599420.000000
302000,15,162465,0.600000,1.000000,0.730209,1.000000,0.000000,0,0.000000,301975.000000,1.000000,422311846111.000000,2599420.000000
303000,0,162993,0.600000,1.000000,0.562121,1.000000,0.000000,0,0.000000,302965.000000,1.000000,425085092458.000000,3585943.000000
303000,1,162996,0.600000,1.000000,0.547158,1.000000,0.000000,0,0.000000,302953.000000,1.000000,425085092458.000000,3585943.000000
303000,2,162999,0.600000,1.000000,0.649298,1.000000,0.000000,0,0.000000,302988.000000,1.000000,425085092458.000000,3585943.000000
303000,3,162995,0.600000,1.000000,0.544328,1.000000,0.000000,0,0.000000,302970.000000,1.000000,425085092458.000000,3585943.000000
303000,4,162997,0.600000,1.000000,0.566700,1.000000,0.000000,0,0.000000,302936.000000,1.000000,425085092458.000000,3585943.000000
303000,5,162985,0.600000,1.000000,0.588212,1.000000,0.000000,0,0.000000,302731.000000,1.000000,425085092458.000000,3585943.000000
303000,6,162998,0.600000,1.000000,0.639463,1.000000,0.000000,0,0.000000,302973.000000,1.000000,425085092458.000000,3585943.000000
303000,7,163000,0.600000,1.000000,0.731700,1.000000,0.000000,0,0.000000,302843.000000,1.000000,425085092458.000000,3585943.000000
303000,8,162999,0.600000,1.000000,0.693863,1.000000,0.000000,0,0.000000,302992.000000,1.000000,425085092458.000000,3585943.000000
303000,9,162999,0.600000,1.000000,0.638714,1.000000,0.000000,0,0.000000,302997.000000,1.000000,425085092458.000000,3585943.000000
303000,10,162994,0.600000,1.000000,0.526044,1.000000,0.000000,0,0.000000,302926.000000,1.000000,425085092458.000000,3585943.000000
303000,11,162992,0.600000,1.000000,0.589098,1.000000,0.000000,0,0.000000,302890.000000,1.000000,425085092458.000000,3585943.000000
303000,12,162999,0.600000,1.000000,0.765117,1.000000,0.000000,0,0.000000,302999.000000,1.000000,425085092458.000000,3585943.000000
303000,13,163000,0.600000,1.000000,0.789191,1.000000,0.000000,0,0.000000,302995.000000,1.000000,425085092458.000000,3585943.000000
303000,14,162995,0.600000,1.000000,0.560983,1.000000,0.000000,0,0.000000,302938.000000,1.000000,425085092458.000000,3585943.000000
303000,15,163001,0.600000,1.000000,0.717522,1.000000,0.000000,1,270352.000000,303000.000000,1.000000,425085092458.000000,3585943.000000
304000,0,163533,0.600000,1.000000,0.641537,1.000000,0.000000,0,0.000000,303945.000000,1.000000,427886384119.000000,2289457.000000
304000,1,163529,0.600000,1.000000,0.577119,1.000000,0.000000,0,0.000000,303736.000000,1.000000,427886384119.000000,2289457.000000
304000,2,163535,0.600000,1.000000,0.712449,1.000000,0.000000,0,0.000000,303997.000000,1.000000,427886384119.000000,2289457.000000
304000,3,163522,0.600000,1.000000,0.563832,1.000000,0.000000,0,0.000000,303778.000000,1.000000,427886384119.000000,2289457.000000
304000,4,163534,0.600000,1.000000,0.672992,1.000000,0.000000,0,0.000000,303964.000000,1.000000,427886384119.000000,2289457.000000
304000,5,163534,0.600000,1.000000,0.835880,1.000000,0.000000,0,0.000000,303996.000000,1.000000,427886384119.000000,2289457.000000
304000,6,163534,0.600000,1.000000,0.736481,1.000000,0.000000,1,272038.000000,304000.000000,1.000000,427886384119.000000,2289457.000000
304000,7,163533,0.600000,1.000000,0.646311,1.000000,0.000000,0,0.000000,303844.000000,1.000000,427886384119.000000,2289457.000000
304000,8,163533,0.600000,1.000000,0.649422,1.000000,0.000000,0,0.000000,303968.000000,1.000000,427886384119.000000,2289457.000000
304000,9,163532,0.600000,1.000000,0.704035,1.000000,0.000000,0,0.000000,303951.000000,1.000000,427886384119.000000,2289457.000000
304000,10,163532,0.600000,1.000000,0.639636,1.000000,0.000000,0,0.000000,303934.000000,1.000000,427886384119.000000,2289457.000000
304000,11,163532,0.600000,1.000000,0.584556,1.000000,0.000000,0,0.000000,303984.000000,1.000000,427886384119.000000,2289457.000000
304000,12,163535,0.600000,1.000000,0.595416,1.000000,0.000000,0,0.000000,303995.000000,1.000000,427886384119.000000,2289457.000000
304000,13,163534,0.600000,1.000000,0.665331,1.000000,0.000000,0,0.000000,303999.000000,1.000000,427886384119.000000,2289457.000000
304000,14,163534,0.600000,1.000000,0.683365,1.000000,0.000000,0,0.000000,303965.000000,1.000000,427886384119.000000,2289457.000000
304000,15,163535,0.600000,1.000000,0.594780,1.000000,0.000000,0,0.000000,303990.000000,1.000000,427886384119.000000,2289457.000000
305000,0,164060,0.600000,1.000000,0.742133,1.000000,0.000000,0,0.000000,304997.000000,1.000000,430643062922.000000,3609301.000000
305000,1,164061,0.600000,1.000000,0.610595,1.000000,0.000000,0,0.000000,304996.000000,1.000000,430643062922.000000,3609301.000000
305000,2,164058,0.600000,1.000000,0.656937,1.000000,0.000000,0,0.000000,304926.000000,1.000000,430643062922.000000,3609301.000000
305000,3,164056,0.600000,1.000000,0.722136,1.000000,0.000000,0,0.000000,304962.000000,1.000000,430643062922.000000,3609301.000000
305000,4,164060,0.600000,1.000000,0.684851,1.000000,0.000000,0,0.000000,304915.000000,1.000000,430643062922.000000,3609301.000000
305000,5,164054,0.600000,1.000000,0.544852,1.000000,0.000000,0,0.000000,304964.000000,1.000000,430643062922.000000,3609301.000000
305000,6,164056,0.600000,1.000000,0.509159,1.000000,0.000000,0,0.000000,304925.000000,1.000000,430643062922.000000,3609301.000000
305000,7,164053,0.600000,1.000000,0.488263,1.000000,0.000000,0,0.000000,304931.000000,1.000000,430643062922.000000,3609301.000000
305000,8,164060,0.600000,1.000000,0.757222,1.000000,0.000000,0,0.000000,304993.000000,1.000000,430643062922.000000,3609301.000000
305000,9,164062,0.600000,1.000000,0.749514,1.000000,0.000000,0,0.000000,304999.000000,1.000000,430643062922.000000,3609301.000000
305000,10,164052,0.600000,1.000000,0.618872,1.000000,0.000000,0,0.000000,304820.000000,1.000000,430643062922.000000,3609301.000000
305000,11,164061,0.600000,1.000000,0.638184,1.000000,0.000000,0,0.000000,304788.000000,1.000000,430643062922.000000,3609301.000000
305000,12,164060,0.600000,1.000000,0.735756,1.000000,0.000000,0,0.000000,304904.000000,1.000000,430643062922.000000,3609301.000000
305000,13,164059,0.600000,1.000000,0.663202,1.000000,0.000000,0,0.000000,304988.000000,1.000000,430643062922.000000,3609301.000000
305000,14,164063,0.600000,1.000000,0.698656,1.000000,0.000000,1,273367.000000,305000.000000,1.000000,430643062922.000000,3609301.000000
305000,15,164061,0.600000,1.000000,0.702724,1.000000,0.000000,0,0.000000,304969.000000,1.000000,430643062922.000000,3609301.000000
306000,0,164598,0.600000,1.000000,0.606951,1.000000,0.000000,0,0.000000,305945.000000,1.000000,433493852684.000000,2962823.000000
306000,1,164605,0.600000,1.000000,0.697747,1.000000,0.000000,0,0.000000,305997.000000,1.000000,433493852684.000000,2962823.000000
306000,2,164605,0.600000,1.000000,0.694420,1.000000,0.000000,0,0.000000,305969.000000,1.000000,433493852684.000000,2962823.000000
306000,3,164604,0.600000,1.000000,0.711909,1.000000,0.000000,0,0.000000,305963.000000,1.000000,433493852684.000000,2962823.000000
306000,4,164601,0.600000,1.000000,0.600599,1.000000,0.000000,0,0.000000,305965.000000,1.000000,433493852684.000000,2962823.000000
306000,5,164582,0.600000,1.000000,0.568760,1.000000,0.000000,0,0.000000,305393.000000,1.000000,433493852684.000000,2962823.000000
306000,6,164604,0.600000,1.000000,0.668124,1.000000,0.000000,0,0.000000,305978.000000,1.000000,433493852684.000000,2962823.000000
306000,7,164607,0.600000,1.000000,0.687055,1.000000,0.000000,0,0.000000,305999.000000,1.000000,433493852684.000000,2962823.000000
306000,8,164601,0.600000,1.000000,0.571734,1.000000,0.000000,0,0.000000,305939.000000,1.000000,433493852684.000000,2962823.000000
306000,9,164596,0.600000,1.000000,0.542383,1.000000,0.000000,0,0.000000,305957.000000,1.000000,433493852684.000000,2962823.000000
306000,10,164605,0.600000,1.000000,0.761184,1.000000,0.000000,0,0.000000,305979.000000,1.000000,433493852684.000000,2962823.000000
306000,11,164606,0.600000,1.000000,0.738535,1.000000,0.000000,1,274580.000000,306000.000000,1.000000,433493852684.000000,2962823.000000
306000,12,164589,0.600000,1.000000,0.603858,1.000000,0.000000,0,0.000000,305684.000000,1.000000,433493852684.000000,2962823.000000
306000,13,164604,0.600000,1.000000,0.587805,1.000000,0.000000,0,0.000000,305898.000000,1.000000,433493852684.000000,2962823.000000
306000,14,164603,0.600000,1.000000,0.698651,1.000000,0.000000,0,0.000000,305995.000000,1.000000,433493852684.000000,2962823.000000
306000,15,164600,0.600000,1.000000,0.526765,1.000000,0.000000,0,0.000000,305916.000000,1.000000,433493852684.000000,2962823.000000
307000,0,165138,0.600000,1.000000,0.725842,1.000000,0.000000,0,0.000000,306715.000000,1.000000,436335550444.000000,3302786.000000
307000,1,165143,0.600000,1.000000,0.767051,1.000000,0.000000,1,274841.000000,307000.000000,1.000000,436335550444.000000,3302786.000000
307000,2,165130,0.600000,1.000000,0.527842,1.000000,0.000000,0,0.000000,306866.000000,1.000000,436335550444.000000,3302786.000000
307000,3,165142,0.600000,1.000000,0.771296,1.000000,0.000000,0,0.000000,306999.000000,1.000000,436335550444.000000,3302786.000000
307000,4,165142,0.600000,1.000000,0.630107,1.000000,0.000000,0,0.000000,306972.000000,1.000000,436335550444.000000,3302786.000000
307000,5,165140,0.600000,1.000000,0.658972,1.000000,0.000000,0,0.000000,306919.000000,1.000000,436335550444.000000,3302786.000000
307000,6,165135,0.600000,1.000000,0.659261,1.000000,0.000000,0,0.000000,306960.000000,1.000000,436335550444.000000,3302786.000000
307000,7,165141,0.600000,1.000000,0.769056,1.000000,0.000000,0,0.000000,306998.000000,1.000000,436335550444.000000,3302786.000000
307000,8,165141,0.600000,1.000000,0.648060,1.000000,0.000000,0,0.000000,306694.000000,1.000000,436335550444.000000,3302786.000000
307000,9,165143,0.600000,1.000000,0.600094,1.000000,0.000000,0,0.000000,306991.000000,1.000000,436335550444.000000,3302786.000000
307000,10,165136,0.600000,1.000000,0.561795,1.000000,0.000000,0,0.000000,306925.000000,1.000000,436335550444.000000,3302786.000000
307000,11,165140,0.600000,1.000000,0.764104,1.000000,0.000000,0,0.000000,306995.000000,1.000000,436335550444.000000,3302786.000000
307000,12,165135,0.600000,1.000000,0.460892,1.000000,0.000000,0,0.000000,306815.000000,1.000000,436335550444.000000,3302786.000000
307000,13,165141,0.600000,1.000000,0.614303,1.000000,0.000000,0,0.000000,306962.000000,1.000000,436335550444.000000,3302786.000000
307000,14,165139,0.600000,1.000000,0.619975,1.000000,0.000000,0,0.000000,306728.000000,1.000000,436335550444.000000,3302786.000000
307000,15,165142,0.600000,1.000000,0.660962,1.000000,0.000000,0,0.000000,306983.000000,1.000000,436335550444.000000,3302786.000000
308000,0,165681,0.600000,1.000000,0.704182,1.000000,0.000000,0,0.000000,307994.000000,1.000000,439191502745.000000,3976270.000000
308000,1,165681,0.600000,1.000000,0.670265,1.000000,0.000000,0,0.000000,307935.000000,1.000000,439191502745.000000,3976270.000000
308000,2,165682,0.600000,1.000000,0.730550,1.000000,0.000000,0,0.000000,307999.000000,1.000000,439191502745.000000,3976270.000000
308000,3,165680,0.600000,1.000000,0.621713,1.000000,0.000000,0,0.000000,307984.000000,1.000000,439191502745.000000,3976270.000000
308000,4,165682,0.600000,1.000000,0.635346,1.000000,0.000000,0,0.000000,307996.000000,1.000000,439191502745.000000,3976270.000000
308000,5,165682,0.600000,1.000000,0.631390,1.000000,0.000000,1,275921.000000,308000.000000,1.000000,439191502745.000000,3976270.000000
308000,6,165679,0.600000,1.000000,0.706625,1.000000,0.000000,0,0.000000,307989.000000,1.000000,439191502745.000000,3976270.000000
308000,7,165679,0.600000,1.000000,0.606568,1.000000,0.000000,0,0.000000,307910.000000,1.000000,439191502745.000000,3976270.000000
308000,8,165675,0.600000,1.000000,0.599515,1.000000,0.000000,0,0.000000,307712.000000,1.000000,439191502745.000000,3976270.000000
308000,9,165677,0.600000,1.000000,0.646290,1.000000,0.000000,0,0.000000,307728.000000,1.000000,439191502745.000000,3976270.000000
308000,10,165680,0.600000,1.000000,0.624561,1.000000,0.000000,0,0.000000,307980.000000,1.000000,439191502745.000000,3976270.000000
308000,11,165670,0.600000,1.000000,0.651803,1.000000,0.000000,0,0.000000,307876.000000,1.000000,439191502745.000000,3976270.000000
308000,12,165675,0.600000,1.000000,0.641279,1.000000,0.000000,0,0.000000,307787.000000,1.000000,439191502745.000000,3976270.000000
308000,13,165680,0.600000,1.000000,0.648688,1.000000,0.000000,0,0.000000,307838.000000,1.000000,439191502745.000000,3976270.000000
308000,14,165681,0.600000,1.000000,0.609283,1.000000,0.000000,0,0.000000,307998.000000,1.000000,439191502745.000000,3976270.000000
308000,15,165677,0.600000,1.000000,0.696004,1.000000,0.000000,0,0.000000,307985.000000,1.000000,439191502745.000000,3976270.000000
309000,0,166219,0.600000,1.000000,0.554924,1.000000,0.000000,0,0.000000,308987.000000,1.000000,442038487479.000000,3989162.000000
309000,1,166215,0.600000,1.000000,0.728163,1.000000,0.000000,0,0.000000,308947.000000,1.000000,442038487479.000000,3989162.000000
309000,2,166218,0.600000,1.000000,0.806024,1.000000,0.000000,1,276975.000000,309000.000000,1.000000,442038487479.000000,3989162.000000
309000,3,166215,0.600000,1.000000,0.601168,1.000000,0.000000,0,0.000000,308956.000000,1.000000,442038487479.000000,3989162.000000
309000,4,166215,0.600000,1.000000,0.659358,1.000000,0.000000,0,0.000000,308990.000000,1.000000,442038487479.000000,3989162.000000
309000,5,166216,0.600000,1.000000,0.619823,1.000000,0.000000,0,0.000000,308976.000000,1.000000,442038487479.000000,3989162.000000
309000,6,166217,0.600000,1.000000,0.635869,1.000000,0.000000,0,0.000000,308874.000000,1.000000,442038487479.000000,3989162.000000
309000,7,166214,0.600000,1.000000,0.628373,1.000000,0.000000,0,0.000000,308979.000000,1.000000,442038487479.000000,3989162.000000
309000,8,166218,0.600000,1.000000,0.749463,1.000000,0.000000,0,0.000000,308998.000000,1.000000,442038487479.000000,3989162.000000
309000,9,166219,0.600000,1.000000,0.622501,1.000000,0.000000,0,0.000000,308996.000000,1.000000,442038487479.000000,3989162.000000
309000,10,166215,0.600000,1.000000,0.671533,1.000000,0.000000,0,0.000000,308946.000000,1.000000,442038487479.000000,3989162.000000
309000,11,166216,0.600000,1.000000,0.561365,1.000000,0.000000,0,0.000000,308983.000000,1.000000,442038487479.000000,3989162.000000
309000,12,166200,0.600000,1.000000,0.580172,1.000000,0.000000,0,0.000000,308877.000000,1.000000,442038487479.000000,3989162.000000
309000,13,166218,0.600000,1.000000,0.644754,1.000000,0.000000,0,0.000000,308995.000000,1.000000,442038487479.000000,3989162.000000
309000,14,166212,0.600000,1.000000,0.743331,1.000000,0.000000,0,0.000000,308649.000000,1.000000,442038487479.000000,3989162.000000
309000,15,166212,0.600000,1.000000,0.570911,1.000000,0.000000,0,0.000000,308961.000000,1.000000,442038487479.000000,3989162.000000
310000,0,166756,0.600000,1.000000,0.725775,1.000000,0.000000,1,277268.000000,310000.000000,1.000000,444888000555.000000,1667521.000000
310000,1,166752,0.600000,1.000000,0.595940,1.000000,0.000000,0,0.000000,309978.000000,1.000000,444888000555.000000,1667521.000000
310000,2,166732,0.600000,1.000000,0.460431,1.000000,0.000000,0,0.000000,309643.000000,1.000000,444888000555.000000,1667521.000000
310000,3,166750,0.600000,1.000000,0.625281,1.000000,0.000000,0,0.000000,309965.000000,1.000000,444888000555.000000,1667521.000000
310000,4,166746,0.600000,1.000000,0.706970,1.000000,0.000000,0,0.000000,309972.000000,1.000000,444888000555.000000,1667521.000000
310000,5,166752,0.600000,1.000000,0.712199,1.000000,0.000000,0,0.000000,309962.000000,1.000000,444888000555.000000,1667521.000000
310000,6,166753,0.600000,1.000000,0.615389,1.000000,0.000000,0,0.000000,309983.000000,1.000000,444888000555.000000,1667521.000000
310000,7,166756,0.600000,1.000000,0.675941,1.000000,0.000000,0,0.000000,309970.000000,1.000000,444888000555.000000,1667521.000000
310000,8,166743,0.600000,1.000000,0.558242,1.000000,0.000000,0,0.000000,309942.000000,1.000000,444888000555.000000,1667521.000000
310000,9,166754,0.600000,1.000000,0.820251,1.000000,0.000000,0,0.000000,309995.000000,1.000000,444888000555.000000,1667521.000000
310000,10,166756,0.600000,1.000000,0.735909,1.000000,0.000000,0,0.000000,309999.000000,1.000000,444888000555.000000,1667521.000000
310000,11,166755,0.600000,1.000000,0.739861,1.000000,0.000000,0,0.000000,309991.000000,1.000000,444888000555.000000,1667521.000000
310000,12,166729,0.600000,1.000000,0.582615,1.000000,0.000000,0,0.000000,309705.000000,1.000000,444888000555.000000,1667521.000000
310000,13,166755,0.600000,1.000000,0.797541,1.000000,0.000000,0,0.000000,309997.000000,1.000000,444888000555.000000,1667521.000000
310000,14,166753,0.600000,1.000000,0.720996,1.000000,0.000000,0,0.000000,309772.000000,1.000000,444888000555.000000,1667521.000000
310000,15,166755,0.600000,1.000000,0.701941,1.000000,0.000000,0,0.000000,309994.000000,1.000000,444888000555.000000,1667521.000000
311000,0,167281,0.600000,1.000000,0.723659,1.000000,0.000000,0,0.000000,310959.000000,1.000000,447714214244.000000,2676450.000000
311000,1,167280,0.600000,1.000000,0.689414,1.000000,0.000000,0,0.000000,310895.000000,1.000000,447714214244.000000,2676450.000000
311000,2,167282,0.600000,1.000000,0.669293,1.000000,0.000000,0,0.000000,310988.000000,1.000000,447714214244.000000,2676450.000000
311000,3,167273,0.600000,1.000000,0.646268,1.000000,0.000000,0,0.000000,310952.000000,1.000000,447714214244.000000,2676450.000000
311000,4,167277,0.600000,1.000000,0.558240,1.000000,0.000000,0,0.000000,310905.000000,1.000000,447714214244.000000,2676450.000000
311000,5,167282,0.600000,1.000000,0.793126,1.000000,0.000000,1,278597.000000,311000.000000,1.000000,447714214244.000000,2676450.000000
311000,6,167278,0.600000,1.000000,0.643396,1.000000,0.000000,0,0.000000,310890.000000,1.000000,447714214244.000000,2676450.000000
311000,7,167281,0.600000,1.000000,0.534114,1.000000,0.000000,0,0.000000,310960.000000,1.000000,447714214244.000000,2676450.000000
311000,8,167280,0.600000,1.000000,0.647394,1.000000,0.000000,0,0.000000,310993.000000,1.000000,447714214244.000000,2676450.000000
311000,9,167275,0.600000,1.000000,0.525798,1.000000,0.000000,0,0.000000,310928.000000,1.000000,447714214244.000000,2676450.000000
311000,10,167279,0.600000,1.000000,0.672315,1.000000,0.000000,0,0.000000,310970.000000,1.000000,447714214244.000000,2676450.000000
311000,11,167279,0.600000,1.000000,0.671381,1.000000,0.000000,0,0.000000,310992.000000,1.000000,447714214244.000000,2676450.000000
311000,12,167279,0.600000,1.000000,0.611740,1.000000,0.000000,0,0.000000,310983.000000,1.000000,447714214244.000000,2676450.000000
311000,13,167272,0.600000,1.000000,0.546469,1.000000,0.000000,0,0.000000,310521.000000,1.000000,447714214244.000000,2676450.000000
311000,14,167280,0.600000,1.000000,0.635106,1.000000,0.000000,0,0.000000,310995.000000,1.000000,447714214244.000000,2676450.000000
311000,15,167280,0.600000,1.000000,0.640191,1.000000,0.000000,0,0.000000,310985.000000,1.000000,447714214244.000000,2676450.000000
312000,0,167826,0.600000,1.000000,0.706522,1.000000,0.000000,0,0.000000,311994.000000,1.000000,450626908276.000000,2685204.000000
312000,1,167819,0.600000,1.000000,0.551195,1.000000,0.000000,0,0.000000,311953.000000,1.000000,450626908276.000000,2685204.000000
312000,2,167824,0.600000,1.000000,0.622007,1.000000,0.000000,0,0.000000,311963.000000,1.000000,450626908276.000000,2685204.000000
312000,3,167810,0.600000,1.000000,0.685988,1.000000,0.000000,0,0.000000,311496.000000,1.000000,450626908276.000000,2685204.000000
312000,4,167827,0.600000,1.000000,0.791664,1.000000,0.000000,0,0.000000,311998.000000,1.000000,450626908276.000000,2685204.000000
312000,5,167826,0.600000,1.000000,0.602493,1.000000,0.000000,0,0.000000,311951.000000,1.000000,450626908276.000000,2685204.000000
312000,6,167825,0.600000,1.000000,0.642463,1.000000,0.000000,0,0.000000,311806.000000,1.000000,450626908276.000000,2685204.000000
312000,7,167813,0.600000,1.000000,0.737016,1.000000,0.000000,0,0.000000,311686.000000,1.000000,450626908276.000000,2685204.000000
312000,8,167825,0.600000,1.000000,0.653485,1.000000,0.000000,0,0.000000,311802.000000,1.000000,450626908276.000000,2685204.000000
312000,9,167811,0.600000,1.000000,0.578756,1.000000,0.000000,0,0.000000,311510.000000,1.000000,450626908276.000000,2685204.000000
312000,10,167828,0.600000,1.000000,0.760240,1.000000,0.000000,1,279760.000000,312000.000000,1.000000,450626908276.000000,2685204.000000
312000,11,167813,0.600000,1.000000,0.558410,1.000000,0.000000,0,0.000000,311916.000000,1.000000,450626908276.000000,2685204.000000
312000,12,167823,0.600000,1.000000,0.761126,1.000000,0.000000,0,0.000000,311988.000000,1.000000,450626908276.000000,2685204.000000
312000,13,167826,0.600000,1.000000,0.690204,1.000000,0.000000,0,0.000000,311997.000000,1.000000,450626908276.000000,2685204.000000
312000,14,167826,0.600000,1.000000,0.643175,1.000000,0.000000,0,0.000000,311981.000000,1.000000,450626908276.000000,2685204.000000
312000,15,167828,0.600000,1.000000,0.583999,1.000000,0.000000,0,0.000000,311995.000000,1.000000,450626908276.000000,2685204.000000
313000,0,168373,0.600000,1.000000,0.647594,1.000000,0.000000,0,0.000000,312985.000000,1.000000,453571269778.000000,2020444.000000
313000,1,168372,0.600000,1.000000,0.638455,1.000000,0.000000,0,0.000000,312991.000000,1.000000,453571269778.000000,2020444.000000
313000,2,168362,0.600000,1.000000,0.624670,1.000000,0.000000,0,0.000000,312846.000000,1.000000,453571269778.000000,2020444.000000
313000,3,168372,0.600000,1.000000,0.639981,1.000000,0.000000,0,0.000000,312972.000000,1.000000,453571269778.000000,2020444.000000
313000,4,168370,0.600000,1.000000,0.534028,1.000000,0.000000,0,0.000000,312967.000000,1.000000,453571269778.000000,2020444.000000
313000,5,168369,0.600000,1.000000,0.707315,1.000000,0.000000,0,0.000000,312795.000000,1.000000,453571269778.000000,2020444.000000
313000,6,168372,0.600000,1.000000,0.697477,1.000000,0.000000,0,0.000000,312996.000000,1.000000,453571269778.000000,2020444.000000
313000,7,168371,0.600000,1.000000,0.747943,1.000000,0.000000,0,0.000000,312976.000000,1.000000,453571269778.000000,2020444.000000
313000,8,168371,0.600000,1.000000,0.666425,1.000000,0.000000,0,0.000000,312925.000000,1.000000,453571269778.000000,2020444.000000
313000,9,168372,0.600000,1.000000,0.794776,1.000000,0.000000,1,281396.000000,313000.000000,1.000000,453571269778.000000,2020444.000000
313000,10,168373,0.600000,1.000000,0.636738,1.000000,0.000000,0,0.000000,312945.000000,1.000000,453571269778.000000,2020444.000000
313000,11,168371,0.600000,1.000000,0.581615,1.000000,0.000000,0,0.000000,312974.000000,1.000000,453571269778.000000,2020444.000000
313000,12,168365,0.600000,1.000000,0.513077,1.000000,0.000000,0,0.000000,312943.000000,1.000000,453571269778.000000,2020444.000000
313000,13,168363,0.600000,1.000000,0.669446,1.000000,0.000000,0,0.000000,312860.000000,1.000000,453571269778.000000,2020444.000000
313000,14,168361,0.600000,1.000000,0.731104,1.000000,0.000000,0,0.000000,312851.000000,1.000000,453571269778.000000,2020444.000000
313000,15,168371,0.600000,1.000000,0.654178,1.000000,0.000000,0,0.000000,312990.000000,1.000000,453571269778.000000,2020444.000000
314000,0,168901,0.600000,1.000000,0.731237,1.000000,0.000000,0,0.000000,313999.000000,1.000000,456415430317.000000,2364561.000000
314000,1,168901,0.600000,1.000000,0.710306,1.000000,0.000000,0,0.000000,313990.000000,1.000000,456415430317.000000,2364561.000000
314000,2,168898,0.600000,1.000000,0.648437,1.000000,0.000000,0,0.000000,313988.000000,1.000000,456415430317.000000,2364561.000000
314000,3,168900,0.600000,1.000000,0.524897,1.000000,0.000000,0,0.000000,313950.000000,1.000000,456415430317.000000,2364561.000000
314000,4,168897,0.600000,1.000000,0.592120,1.000000,0.000000,0,0.000000,313491.000000,1.000000,456415430317.000000,2364561.000000
314000,5,168886,0.600000,1.000000,0.645491,1.000000,0.000000,0,0.000000,313712.000000,1.000000,456415430317.000000,2364561.000000
314000,6,168897,0.600000,1.000000,0.683418,1.000000,0.000000,0,0.000000,313742.000000,1.000000,456415430317.000000,2364561.000000
314000,7,168893,0.600000,1.000000,0.593582,1.000000,0.000000,0,0.000000,313908.000000,1.000000,456415430317.000000,2364561.000000
314000,8,168888,0.600000,1.000000,0.482766,1.000000,0.000000,0,0.000000,313872.000000,1.000000,456415430317.000000,2364561.000000
314000,9,168901,0.600000,1.000000,0.689194,1.000000,0.000000,1,282246.000000,314000.000000,1.000000,456415430317.000000,2364561.000000
314000,10,168896,0.600000,1.000000,0.608963,1.000000,0.000000,0,0.000000,313980.000000,1.000000,456415430317.000000,2364561.000000
314000,11,168897,0.600000,1.000000,0.576695,1.000000,0.000000,0,0.000000,313965.000000,1.000000,456415430317.000000,2364561.000000
314000,12,168900,0.600000,1.000000,0.676491,1.000000,0.000000,0,0.000000,313998.000000,1.000000,456415430317.000000,2364561.000000
314000,13,168898,0.600000,1.000000,0.684130,1.000000,0.000000,0,0.000000,313991.000000,1.000000,456415430317.000000,2364561.000000
314000,14,168893,0.600000,1.000000,0.554277,1.000000,0.000000,0,0.000000,313811.000000,1.000000,456415430317.000000,2364561.000000
314000,15,168895,0.600000,1.000000,0.521041,1.000000,0.000000,0,0.000000,313976.000000,1.000000,456415430317.000000,2364561.000000
315000,0,169433,0.600000,1.000000,0.547545,1.000000,0.000000,0,0.000000,314886.000000,1.000000,459333202445.000000,1355490.000000
315000,1,169440,0.600000,1.000000,0.623743,1.000000,0.000000,0,0.000000,314949.000000,1.000000,459333202445.000000,1355490.000000
315000,2,169434,0.600000,1.000000,0.745166,1.000000,0.000000,0,0.000000,314988.000000,1.000000,459333202445.000000,1355490.000000
315000,3,169429,0.600000,1.000000,0.591887,1.000000,0.000000,0,0.000000,314918.000000,1.000000,459333202445.000000,1355490.000000
315000,4,169432,0.600000,1.000000,0.525817,1.000000,0.000000,0,0.000000,314957.000000,1.000000,459333202445.000000,1355490.000000
315000,5,169439,0.600000,1.000000,0.759326,1.000000,0.000000,1,282141.000000,315000.000000,1.000000,459333202445.000000,1355490.000000
315000,6,169429,0.600000,1.000000,0.535679,1.000000,0.000000,0,0.000000,314959.000000,1.000000,459333202445.000000,1355490.000000
315000,7,169420,0.600000,1.000000,0.516192,1.000000,0.000000,0,0.000000,314721.000000,1.000000,459333202445.000000,1355490.000000
315000,8,169439,0.600000,1.000000,0.810075,1.000000,0.000000,0,0.000000,314998.000000,1.000000,459333202445.000000,1355490.000000
315000,9,169440,0.600000,1.000000,0.671108,1.000000,0.000000,0,0.000000,314785.000000,1.000000,459333202445.000000,1355490.000000
315000,10,169439,0.600000,1.000000,0.704351,1.000000,0.000000,0,0.000000,314948.000000,1.000000,459333202445.000000,1355490.000000
315000,11,169439,0.600000,1.000000,0.758434,1.000000,0.000000,0,0.000000,314980.000000,1.000000,459333202445.000000,1355490.000000
315000,12,169439,0.600000,1.000000,0.741106,1.000000,0.000000,0,0.000000,314994.000000,1.000000,459333202445.000000,1355490.000000
315000,13,169440,0.600000,1.000000,0.682168,1.000000,0.000000,0,0.000000,314996.000000,1.000000,459333202445.000000,1355490.000000
315000,14,169440,0.600000,1.000000,0.634759,1.000000,0.000000,0,0.000000,314999.000000,1.000000,459333202445.000000,1355490.000000
315000,15,169433,0.600000,1.000000,0.744036,1.000000,0.000000,0,0.000000,314813.000000,1.000000,459333202445.000000,1355490.000000
316000,0,169978,0.600000,1.000000,0.769455,1.000000,0.000000,0,0.000000,315887.000000,1.000000,462260271713.000000,2719586.000000
316000,1,169945,0.600000,1.000000,0.435319,1.000000,0.000000,0,0.000000,315621.000000,1.000000,462260271713.000000,2719586.000000
316000,2,169981,0.600000,1.000000,0.763439,1.000000,0.000000,1,283313.000000,316000.000000,1.000000,462260271713.000000,2719586.000000
316000,3,169977,0.600000,1.000000,0.672902,1.000000,0.000000,0,0.000000,315951.000000,1.000000,462260271713.000000,2719586.000000
316000,4,169967,0.600000,1.000000,0.493915,1.000000,0.000000,0,0.000000,315825.000000,1.000000,462260271713.000000,2719586.000000
316000,5,169977,0.600000,1.000000,0.688976,1.000000,0.000000,0,0.000000,315833.000000,1.000000,462260271713.000000,2719586.000000
316000,6,169976,0.600000,1.000000,0.578563,1.000000,0.000000,0,0.000000,315973.000000,1.000000,462260271713.000000,2719586.000000
316000,7,169978,0.600000,1.000000,0.736713,1.000000,0.000000,0,0.000000,315998.000000,1.000000,462260271713.000000,2719586.000000
316000,8,169978,0.600000,1.000000,0.683806,1.000000,0.000000,0,0.000000,315972.000000,1.000000,462260271713.000000,2719586.000000
316000,9,169980,0.600000,1.000000,0.663791,1.000000,0.000000,0,0.000000,315999.000000,1.000000,462260271713.000000,2719586.000000
316000,10,169974,0.600000,1.000000,0.665417,1.000000,0.000000,0,0.000000,315969.000000,1.000000,462260271713.000000,2719586.000000
316000,11,169981,0.600000,1.000000,0.678569,1.000000,0.000000,0,0.000000,315933.000000,1.000000,462260271713.000000,2719586.000000
316000,12,169969,0.600000,1.000000,0.632999,1.000000,0.000000,0,0.000000,315824.000000,1.000000,462260271713.000000,2719586.000000
316000,13,169977,0.600000,1.000000,0.572104,1.000000,0.000000,0,0.000000,315959.000000,1.000000,462260271713.000000,2719586.000000
316000,14,169979,0.600000,1.000000,0.688757,1.000000,0.000000,0,0.000000,315994.000000,1.000000,462260271713.000000,2719586.000000
316000,15,169972,0.600000,1.000000,0.592201,1.000000,0.000000,0,0.000000,315943.000000,1.000000,462260271713.000000,2719586.000000
317000,0,170515,0.600000,1.000000,0.545939,1.000000,0.000000,0,0.000000,316992.000000,1.000000,465179925926.000000,3410234.000000
317000,1,170513,0.600000,1.000000,0.635221,1.000000,0.000000,0,0.000000,316998.000000,1.000000,465179925926.000000,3410234.000000
317000,2,170508,0.600000,1.000000,0.556413,1.000000,0.000000,0,0.000000,316930.000000,1.000000,465179925926.000000,3410234.000000
317000,3,170514,0.600000,1.000000,0.640611,1.000000,0.000000,0,0.000000,316944.000000,1.000000,465179925926.000000,3410234.000000
317000,4,170499,0.600000,1.000000,0.574589,1.000000,0.000000,0,0.000000,316837.000000,1.000000,465179925926.000000,3410234.000000
317000,5,170511,0.600000,1.000000,0.700454,1.000000,0.000000,0,0.000000,316979.000000,1.000000,465179925926.000000,3410234.000000
317000,6,170513,0.600000,1.000000,0.793605,1.000000,0.000000,0,0.000000,316999.000000,1.000000,465179925926.000000,3410234.000000
317000,7,170514,0.600000,1.000000,0.637903,1.000000,0.000000,1,284438.000000,317000.000000,1.000000,465179925926.000000,3410234.000000
317000,8,170507,0.600000,1.000000,0.540524,1.000000,0.000000,0,0.000000,316973.000000,1.000000,465179925926.000000,3410234.000000
317000,9,170513,0.600000,1.000000,0.578040,1.000000,0.000000,0,0.000000,316921.000000,1.000000,465179925926.000000,3410234.000000
317000,10,170512,0.600000,1.000000,0.571721,1.000000,0.000000,0,0.000000,316942.000000,1.000000,465179925926.000000,3410234.000000
317000,11,170507,0.600000,1.000000,0.616497,1.000000,0.000000,0,0.000000,316906.000000,1.000000,465179925926.000000,3410234.000000
317000,12,170509,0.600000,1.000000,0.652183,1.000000,0.000000,0,0.000000,316951.000000,1.000000,465179925926.000000,3410234.000000
317000,13,170507,0.600000,1.000000,0.767624,1.000000,0.000000,0,0.000000,316932.000000,1.000000,465179925926.000000,3410234.000000
317000,14,170512,0.600000,1.000000,0.636133,1.000000,0.000000,0,0.000000,316968.000000,1.000000,465179925926.000000,3410234.000000
317000,15,170510,0.600000,1.000000,0.701105,1.000000,0.000000,0,0.000000,316957.000000,1.000000,465179925926.000000,3410234.000000
318000,0,171051,0.600000,1.000000,0.686698,1.000000,0.000000,0,0.000000,317986.000000,1.000000,468124508571.000000,3420966.000000
318000,1,171047,0.600000,1.000000,0.677963,1.000000,0.000000,0,0.000000,317974.000000,1.000000,468124508571.000000,3420966.000000
318000,2,171050,0.600000,1.000000,0.668735,1.000000,0.000000,0,0.000000,317816.000000,1.000000,468124508571.000000,3420966.000000
318000,3,171046,0.600000,1.000000,0.631387,1.000000,0.000000,0,0.000000,317873.000000,1.000000,468124508571.000000,3420966.000000
318000,4,171048,0.600000,1.000000,0.560990,1.000000,0.000000,0,0.000000,317608.000000,1.000000,468124508571.000000,3420966.000000
318000,5,171049,0.600000,1.000000,0.614113,1.000000,0.000000,0,0.000000,317951.000000,1.000000,468124508571.000000,3420966.000000
318000,6,171049,0.600000,1.000000,0.629530,1.000000,0.000000,0,0.000000,317992.000000,1.000000,468124508571.000000,3420966.000000
318000,7,171048,0.600000,1.000000,0.666601,1.000000,0.000000,0,0.000000,317958.000000,1.000000,468124508571.000000,3420966.000000
318000,8,171048,0.600000,1.000000,0.569314,1.000000,0.000000,0,0.000000,317978.000000,1.000000,468124508571.000000,3420966.000000
318000,9,171045,0.600000,1.000000,0.578246,1.000000,0.000000,0,0.000000,317819.000000,1.000000,468124508571.000000,3420966.000000
318000,10,171051,0.600000,1.000000,0.655606,1.000000,0.000000,0,0.000000,317997.000000,1.000000,468124508571.000000,3420966.000000
318000,11,171051,0.600000,1.000000,0.609742,1.000000,0.000000,0,0.000000,317987.000000,1.000000,468124508571.000000,3420966.000000
318000,12,171049,0.600000,1.000000,0.720239,1.000000,0.000000,0,0.000000,317813.000000,1.000000,468124508571.000000,3420966.000000
318000,13,171051,0.600000,1.000000,0.696667,1.000000,0.000000,0,0.000000,317998.000000,1.000000,468124508571.000000,3420966.000000
318000,14,171051,0.600000,1.000000,0.831567,1.000000,0.000000,1,285084.000000,318000.000000,1.000000,468124508571.000000,3420966.000000
318000,15,171051,0.600000,1.000000,0.574408,1.000000,0.000000,0,0.000000,317981.000000,1.000000,468124508571.000000,3420966.000000
319000,0,171580,0.600000,1.000000,0.590399,1.000000,0.000000,0,0.000000,318947.000000,1.000000,471033083524.000000,3431586.000000
319000,1,171578,0.600000,1.000000,0.515597,1.000000,0.000000,0,0.000000,318893.000000,1.000000,471033083524.000000,3431586.000000
319000,2,171581,0.600000,1.000000,0.692903,1.000000,0.000000,0,0.000000,318992.000000,1.000000,471033083524.000000,3431586.000000
319000,3,171579,0.600000,1.000000,0.793463,1.000000,0.000000,0,0.000000,318989.000000,1.000000,471033083524.000000,3431586.000000
319000,4,171574,0.600000,1.000000,0.494937,1.000000,0.000000,0,0.000000,318931.000000,1.000000,471033083524.000000,3431586.000000
319000,5,171581,0.600000,1.000000,0.640193,1.000000,0.000000,0,0.000000,318995.000000,1.000000,471033083524.000000,3431586.000000
319000,6,171582,0.600000,1.000000,0.677732,1.000000,0.000000,0,0.000000,318899.000000,1.000000,471033083524.000000,3431586.000000
319000,7,171578,0.600000,1.000000,0.694056,1.000000,0.000000,0,0.000000,318950.000000,1.000000,471033083524.000000,3431586.000000
319000,8,171576,0.600000,1.000000,0.566776,1.000000,0.000000,0,0.000000,318934.000000,1.000000,471033083524.000000,3431586.000000
319000,9,171580,0.600000,1.000000,0.580154,1.000000,0.000000,0,0.000000,318964.000000,1.000000,471033083524.000000,3431586.000000
319000,10,171579,0.600000,1.000000,0.573151,1.000000,0.000000,0,0.000000,318948.000000,1.000000,471033083524.000000,3431586.000000
319000,11,171582,0.600000,1.000000,0.651019,1.000000,0.000000,0,0.000000,318997.000000,1.000000,471033083524.000000,3431586.000000
319000,12,171579,0.600000,1.000000,0.524354,1.000000,0.000000,0,0.000000,318879.000000,1.000000,471033083524.000000,3431586.000000
319000,13,171583,0.600000,1.000000,0.679083,1.000000,0.000000,1,286699.000000,319000.000000,1.000000,471033083524.000000,3431586.000000
319000,14,171581,0.600000,1.000000,0.652895,1.000000,0.000000,0,0.000000,318994.000000,1.000000,471033083524.000000,3431586.000000
319000,15,171581,0.600000,1.000000,0.585815,1.000000,0.000000,0,0.000000,318998.000000,1.000000,471033083524.000000,3431586.000000
320000,0,172110,0.600000,1.000000,0.641970,1.000000,0.000000,0,0.000000,319765.000000,1.000000,473946536539.000000,1376890.000000
320000,1,172115,0.600000,1.000000,0.607401,1.000000,0.000000,0,0.000000,319906.000000,1.000000,473946536539.000000,1376890.000000
320000,2,172115,0.600000,1.000000,0.554188,1.000000,0.000000,0,0.000000,319965.000000,1.000000,473946536539.000000,1376890.000000
320000,3,172097,0.600000,1.000000,0.549543,1.000000,0.000000,0,0.000000,319845.000000,1.000000,473946536539.000000,1376890.000000
320000,4,172116,0.600000,1.000000,0.679889,1.000000,0.000000,0,0.000000,319994.000000,1.000000,473946536539.000000,1376890.000000
320000,5,172114,0.600000,1.000000,0.674456,1.000000,0.000000,0,0.000000,319976.000000,1.000000,473946536539.000000,1376890.000000
320000,6,172111,0.600000,1.000000,0.513966,1.000000,0.000000,0,0.000000,319978.000000,1.000000,473946536539.000000,1376890.000000
320000,7,172115,0.600000,1.000000,0.750674,1.000000,0.000000,0,0.000000,319997.000000,1.000000,473946536539.000000,1376890.000000
320000,8,172088,0.600000,1.000000,0.606027,1.000000,0.000000,0,0.000000,319390.000000,1.000000,473946536539.000000,1376890.000000
320000,9,172111,0.600000,1.000000,0.610947,1.000000,0.000000,0,0.000000,319986.000000,1.000000,473946536539.000000,1376890.000000
320000,10,172103,0.600000,1.000000,0.588437,1.000000,0.000000,0,0.000000,319893.000000,1.000000,473946536539.000000,1376890.000000
320000,11,172115,0.600000,1.000000,0.756802,1.000000,0.000000,1,286923.000000,320000.000000,1.000000,473946536539.000000,1376890.000000
320000,12,172116,0.600000,1.000000,0.666719,1.000000,0.000000,0,0.000000,319999.000000,1.000000,473946536539.000000,1376890.000000
320000,13,172105,0.600000,1.000000,0.592505,1.000000,0.000000,0,0.000000,319857.000000,1.000000,473946536539.000000,1376890.000000
320000,14,172111,0.600000,1.000000,0.684235,1.000000,0.000000,0,0.000000,319950.000000,1.000000,473946536539.000000,1376890.000000
320000,15,172109,0.600000,1.000000,0.475173,1.000000,0.000000,0,0.000000,319932.000000,1.000000,473946536539.000000,1376890.000000
321000,0,172643,0.600000,1.000000,0.629232,1.000000,0.000000,0,0.000000,320870.000000,1.000000,476886925086.000000,2416985.000000
321000,1,172644,0.600000,1.000000,0.667584,1.000000,0.000000,1,287307.000000,321000.000000,1.000000,476886925086.000000,2416985.000000
321000,2,172645,0.600000,1.000000,0.665927,1.000000,0.000000,0,0.000000,320992.000000,1.000000,476886925086.000000,2416985.000000
321000,3,172644,0.600000,1.000000,0.621238,1.000000,0.000000,0,0.000000,320997.000000,1.000000,476886925086.000000,2416985.000000
321000,4,172644,0.600000,1.000000,0.633832,1.000000,0.000000,0,0.000000,320996.000000,1.000000,476886925086.000000,2416985.000000
321000,5,172644,0.600000,1.000000,0.682822,1.000000,0.000000,0,0.000000,320984.000000,1.000000,476886925086.000000,2416985.000000
321000,6,172644,0.600000,1.000000,0.744943,1.000000,0.000000,0,0.000000,320994.000000,1.000000,476886925086.000000,2416985.000000
321000,7,172644,0.600000,1.000000,0.746196,1.000000,0.000000,0,0.000000,320999.000000,1.000000,476886925086.000000,2416985.000000
321000,8,172644,0.600000,1.000000,0.579069,1.000000,0.000000,0,0.000000,320933.000000,1.000000,476886925086.000000,2416985.000000
321000,9,172645,0.600000,1.000000,0.587519,1.000000,0.000000,0,0.000000,320990.000000,1.000000,476886925086.000000,2416985.000000
321000,10,172645,0.600000,1.000000,0.618451,1.000000,0.000000,0,0.000000,320972.000000,1.000000,476886925086.000000,2416985.000000
321000,11,172642,0.600000,1.000000,0.631857,1.000000,0.000000,0,0.000000,320986.000000,1.000000,476886925086.000000,2416985.000000
321000,12,172639,0.600000,1.000000,0.569056,1.000000,0.000000,0,0.000000,320878.000000,1.000000,476886925086.000000,2416985.000000
321000,13,172642,0.600000,1.000000,0.658932,1.000000,0.000000,0,0.000000,320953.000000,1.000000,476886925086.000000,2416985.000000
321000,14,172631,0.600000,1.000000,0.526862,1.000000,0.000000,0,0.000000,320898.000000,1.000000,476886925086.000000,2416985.000000
321000,15,172640,0.600000,1.000000,0.604268,1.000000,0.000000,0,0.000000,320931.000000,1.000000,476886925086.000000,2416985.000000
322000,0,173168,0.600000,1.000000,0.598569,1.000000,0.000000,0,0.000000,321982.000000,1.000000,479776490824.000000,3809627.000000
322000,1,173168,0.600000,1.000000,0.715158,1.000000,0.000000,0,0.000000,321938.000000,1.000000,479776490824.000000,3809627.000000
322000,2,173161,0.600000,1.000000,0.452140,1.000000,0.000000,0,0.000000,321947.000000,1.000000,479776490824.000000,3809627.000000
322000,3,173167,0.600000,1.000000,0.660320,1.000000,0.000000,0,0.000000,321985.000000,1.000000,479776490824.000000,3809627.000000
322000,4,173169,0.600000,1.000000,0.631885,1.000000,0.000000,0,0.000000,321995.000000,1.000000,479776490824.000000,3809627.000000
322000,5,173165,0.600000,1.000000,0.690897,1.000000,0.000000,0,0.000000,321987.000000,1.000000,479776490824.000000,3809627.000000
322000,6,173162,0.600000,1.000000,0.553249,1.000000,0.000000,0,0.000000,321973.000000,1.000000,479776490824.000000,3809627.000000
322000,7,173164,0.600000,1.000000,0.622229,1.000000,0.000000,0,0.000000,321944.000000,1.000000,479776490824.000000,3809627.000000
322000,8,173165,0.600000,1.000000,0.712334,1.000000,0.000000,0,0.000000,321996.000000,1.000000,479776490824.000000,3809627.000000
322000,9,173167,0.600000,1.000000,0.611415,1.000000,0.000000,0,0.000000,321989.000000,1.000000,479776490824.000000,3809627.000000
322000,10,173168,0.600000,1.000000,0.716540,1.000000,0.000000,1,288750.000000,322000.000000,1.000000,479776490824.000000,3809627.000000
322000,11,173165,0.600000,1.000000,0.529738,1.000000,0.000000,0,0.000000,321708.000000,1.000000,479776490824.000000,3809627.000000
322000,12,173169,0.600000,1.000000,0.683133,1.000000,0.000000,0,0.000000,321994.000000,1.000000,479776490824.000000,3809627.000000
322000,13,173168,0.600000,1.000000,0.585933,1.000000,0.000000,0,0.000000,321997.000000,1.000000,479776490824.000000,3809627.000000
322000,14,173144,0.600000,1.000000,0.501817,1.000000,0.000000,0,0.000000,321774.000000,1.000000,479776490824.000000,3809627.000000
322000,15,173166,0.600000,1.000000,0.528417,1.000000,0.000000,0,0.000000,321979.000000,1.000000,479776490824.000000,3809627.000000
323000,0,173698,0.600000,1.000000,0.744139,1.000000,0.000000,0,0.000000,322985.000000,1.000000,482747040228.000000,1389594.000000
323000,1,173700,0.600000,1.000000,0.650698,1.000000,0.000000,0,0.000000,322932.000000,1.000000,482747040228.000000,1389594.000000
323000,2,173700,0.600000,1.000000,0.630070,1.000000,0.000000,0,0.000000,322983.000000,1.000000,482747040228.000000,1389594.000000
323000,3,173696,0.600000,1.000000,0.592429,1.000000,0.000000,0,0.000000,322881.000000,1.000000,482747040228.000000,1389594.000000
323000,4,173704,0.600000,1.000000,0.702910,1.000000,0.000000,0,0.000000,322998.000000,1.000000,482747040228.000000,1389594.000000
323000,5,173690,0.600000,1.000000,0.599179,1.000000,0.000000,0,0.000000,322789.000000,1.000000,482747040228.000000,1389594.000000
323000,6,173703,0.600000,1.000000,0.658284,1.000000,0.000000,0,0.000000,322991.000000,1.000000,482747040228.000000,1389594.000000
323000,7,173703,0.600000,1.000000,0.747490,1.000000,0.000000,0,0.000000,322997.000000,1.000000,482747040228.000000,1389594.000000
323000,8,173697,0.600000,1.000000,0.674640,1.000000,0.000000,0,0.000000,322943.000000,1.000000,482747040228.000000,1389594.000000
323000,9,173702,0.600000,1.000000,0.670330,1.000000,0.000000,0,0.000000,322980.000000,1.000000,482747040228.000000,1389594.000000
323000,10,173704,0.600000,1.000000,0.833561,1.000000,0.000000,0,0.000000,322999.000000,1.000000,482747040228.000000,1389594.000000
323000,11,173704,0.600000,1.000000,0.673283,1.000000,0.000000,1,289725.000000,323000.000000,1.000000,482747040228.000000,1389594.000000
323000,12,173700,0.600000,1.000000,0.627856,1.000000,0.000000,0,0.000000,322944.000000,1.000000,482747040228.000000,1389594.000000
323000,13,173697,0.600000,1.000000,0.746330,1.000000,0.000000,0,0.000000,322862.000000,1.000000,482747040228.000000,1389594.000000
323000,14,173698,0.600000,1.000000,0.579713,1.000000,0.000000,0,0.000000,322954.000000,1.000000,482747040228.000000,1389594.000000
323000,15,173704,0.600000,1.000000,0.707573,1.000000,0.000000,0,0.000000,322995.000000,1.000000,482747040228.000000,1389594.000000
324000,0,174236,0.600000,1.000000,0.803382,1.000000,0.000000,0,0.000000,323751.000000,1.000000,485729545682.000000,2787734.000000
324000,1,174237,0.600000,1.000000,0.708748,1.000000,0.000000,0,0.000000,323935.000000,1.000000,485729545682.000000,2787734.000000
324000,2,174240,0.600000,1.000000,0.708421,1.000000,0.000000,0,0.000000,323996.000000,1.000000,485729545682.000000,2787734.000000
324000,3,174239,0.600000,1.000000,0.731454,1.000000,0.000000,0,0.000000,323997.000000,1.000000,485729545682.000000,2787734.000000
324000,4,174238,0.600000,1.000000,0.569164,1.000000,0.000000,0,0.000000,323970.000000,1.000000,485729545682.000000,2787734.000000
324000,5,174240,0.600000,1.000000,0.631573,1.000000,0.000000,1,290196.000000,324000.000000,1.000000,485729545682.000000,2787734.000000
324000,6,174239,0.600000,1.000000,0.607370,1.000000,0.000000,0,0.000000,323990.000000,1.000000,485729545682.000000,2787734.000000
324000,7,174239,0.600000,1.000000,0.685345,1.000000,0.000000,0,0.000000,323992.000000,1.000000,485729545682.000000,2787734.000000
324000,8,174232,0.600000,1.000000,0.662625,1.000000,0.000000,0,0.000000,323834.000000,1.000000,485729545682.000000,2787734.000000
324000,9,174220,0.600000,1.000000,0.519640,1.000000,0.000000,0,0.000000,323798.000000,1.000000,485729545682.000000,2787734.000000
324000,10,174236,0.600000,1.000000,0.676469,1.000000,0.000000,0,0.000000,323977.000000,1.000000,485729545682.000000,2787734.000000
324000,11,174240,0.600000,1.000000,0.736055,1.000000,0.000000,0,0.000000,323999.000000,1.000000,485729545682.000000,2787734.000000
324000,12,174239,0.600000,1.000000,0.599958,1.000000,0.000000,0,0.000000,323984.000000,1.000000,485729545682.000000,2787734.000000
324000,13,174237,0.600000,1.000000,0.606000,1.000000,0.000000,0,0.000000,323944.000000,1.000000,485729545682.000000,2787734.000000
324000,14,174230,0.600000,1.000000,0.687548,1.000000,0.000000,0,0.000000,323808.000000,1.000000,485729545682.000000,2787734.000000
324000,15,174230,0.600000,1.000000,0.755677,1.000000,0.000000,0,0.000000,323884.000000,1.000000,485729545682.000000,2787734.000000
325000,0,174781,0.600000,1.000000,0.572386,1.000000,0.000000,0,0.000000,324804.000000,1.000000,488800235444.000000,4544369.000000
325000,1,174781,0.600000,1.000000,0.624588,1.000000,0.000000,0,0.000000,324848.000000,1.000000,488800235444.000000,4544369.000000
325000,2,174782,0.600000,1.000000,0.549816,1.000000,0.000000,0,0.000000,324799.000000,1.000000,488800235444.000000,4544369.000000
325000,3,174788,0.600000,1.000000,0.723364,1.000000,0.000000,0,0.000000,324996.000000,1.000000,488800235444.000000,4544369.000000
325000,4,174789,0.600000,1.000000,0.788283,1.000000,0.000000,1,291489.000000,325000.000000,1.000000,488800235444.000000,4544369.000000
325000,5,174786,0.600000,1.000000,0.672161,1.000000,0.000000,0,0.000000,324836.000000,1.000000,488800235444.000000,4544369.000000
325000,6,174789,0.600000,1.000000,0.653610,1.000000,0.000000,0,0.000000,324999.000000,1.000000,488800235444.000000,4544369.000000
325000,7,174788,0.600000,1.000000,0.727492,1.000000,0.000000,0,0.000000,324826.000000,1.000000,488800235444.000000,4544369.000000
325000,8,174789,0.600000,1.000000,0.741399,1.000000,0.000000,0,0.000000,324952.000000,1.000000,488800235444.000000,4544369.000000
325000,9,174786,0.600000,1.000000,0.610397,1.000000,0.000000,0,0.000000,324984.000000,1.000000,488800235444.000000,4544369.000000
325000,10,174789,0.600000,1.000000,0.715443,1.000000,0.000000,0,0.000000,324997.000000,1.000000,488800235444.000000,4544369.000000
325000,11,174784,0.600000,1.000000,0.749501,1.000000,0.000000,0,0.000000,324829.000000,1.000000,488800235444.000000,4544369.000000
325000,12,174781,0.600000,1.000000,0.690389,1.000000,0.000000,0,0.000000,324930.000000,1.000000,488800235444.000000,4544369.000000
325000,13,174785,0.600000,1.000000,0.621615,1.000000,0.000000,0,0.000000,324928.000000,1.000000,488800235444.000000,4544369.000000
325000,14,174786,0.600000,1.000000,0.600189,1.000000,0.000000,0,0.000000,324951.000000,1.000000,488800235444.000000,4544369.000000
325000,15,174786,0.600000,1.000000,0.610156,1.000000,0.000000,0,0.000000,324977.000000,1.000000,488800235444.000000,4544369.000000
326000,0,175321,0.600000,1.000000,0.679160,1.000000,0.000000,0,0.000000,325977.000000,1.000000,491799950184.000000,3155749.000000
326000,1,175323,0.600000,1.000000,0.639832,1.000000,0.000000,0,0.000000,325988.000000,1.000000,491799950184.000000,3155749.000000
326000,2,175325,0.600000,1.000000,0.621863,1.000000,0.000000,0,0.000000,325993.000000,1.000000,491799950184.000000,3155749.000000
326000,3,175325,0.600000,1.000000,0.687914,1.000000,0.000000,0,0.000000,325994.000000,1.000000,491799950184.000000,3155749.000000
326000,4,175324,0.600000,1.000000,0.616945,1.000000,0.000000,0,0.000000,325983.000000,1.000000,491799950184.000000,3155749.000000
326000,5,175322,0.600000,1.000000,0.634449,1.000000,0.000000,0,0.000000,325911.000000,1.000000,491799950184.000000,3155749.000000
326000,6,175323,0.600000,1.000000,0.661273,1.000000,0.000000,0,0.000000,325943.000000,1.000000,491799950184.000000,3155749.000000
326000,7,175320,0.600000,1.000000,0.527217,1.000000,0.000000,0,0.000000,325717.000000,1.000000,491799950184.000000,3155749.000000
326000,8,175315,0.600000,1.000000,0.585140,1.000000,0.000000,0,0.000000,325666.000000,1.000000,491799950184.000000,3155749.000000
326000,9,175319,0.600000,1.000000,0.594526,1.000000,0.000000,0,0.000000,325810.000000,1.000000,491799950184.000000,3155749.000000
326000,10,175316,0.600000,1.000000,0.604293,1.000000,0.000000,0,0.000000,325912.000000,1.000000,491799950184.000000,3155749.000000
326000,11,175324,0.600000,1.000000,0.546943,1.000000,0.000000,0,0.000000,325933.000000,1.000000,491799950184.000000,3155749.000000
326000,12,175324,0.600000,1.000000,0.741993,1.000000,0.000000,0,0.000000,325999.000000,1.000000,491799950184.000000,3155749.000000
326000,13,175326,0.600000,1.000000,0.696150,1.000000,0.000000,1,292907.000000,326000.000000,1.000000,491799950184.000000,3155749.000000
326000,14,175319,0.600000,1.000000,0.580495,1.000000,0.000000,0,0.000000,325883.000000,1.000000,491799950184.000000,3155749.000000
326000,15,175312,0.600000,1.000000,0.661359,1.000000,0.000000,0,0.000000,325750.000000,1.000000,491799950184.000000,3155749.000000
327000,0,175860,0.600000,1.000000,0.783771,1.000000,0.000000,0,0.000000,326996.000000,1.000000,494807434730.000000,4572183.000000
327000,1,175859,0.600000,1.000000,0.737161,1.000000,0.000000,0,0.000000,326997.000000,1.000000,494807434730.000000,4572183.000000
327000,2,175860,0.600000,1.000000,0.655755,1.000000,0.000000,0,0.000000,326995.000000,1.000000,494807434730.000000,4572183.000000
327000,3,175857,0.600000,1.000000,0.590577,1.000000,0.000000,0,0.000000,326801.000000,1.000000,494807434730.000000,4572183.000000
327000,4,175857,0.600000,1.000000,0.690605,1.000000,0.000000,0,0.000000,326978.000000,1.000000,494807434730.000000,4572183.000000
327000,5,175861,0.600000,1.000000,0.760372,1.000000,0.000000,0,0.000000,326982.000000,1.000000,494807434730.000000,4572183.000000
327000,6,175861,0.600000,1.000000,0.655180,1.000000,0.000000,0,0.000000,326998.000000,1.000000,494807434730.000000,4572183.000000
327000,7,175855,0.600000,1.000000,0.582772,1.000000,0.000000,0,0.000000,326928.000000,1.000000,494807434730.000000,4572183.000000
327000,8,175859,0.600000,1.000000,0.666365,1.000000,0.000000,0,0.000000,326994.000000,1.000000,494807434730.000000,4572183.000000
327000,9,175861,0.600000,1.000000,0.822149,1.000000,0.000000,1,293958.000000,327000.000000,1.000000,494807434730.000000,4572183.000000
327000,10,175854,0.600000,1.000000,0.637728,1.000000,0.000000,0,0.000000,326863.000000,1.000000,494807434730.000000,4572183.000000
327000,11,175833,0.600000,1.000000,0.627749,1.000000,0.000000,0,0.000000,326670.000000,1.000000,494807434730.000000,4572183.000000
327000,12,175855,0.600000,1.000000,0.601763,1.000000,0.000000,0,0.000000,326881.000000,1.000000,494807434730.000000,4572183.000000
327000,13,175854,0.600000,1.000000,0.525820,1.000000,0.000000,0,0.000000,326939.000000,1.000000,494807434730.000000,4572183.000000
327000,14,175856,0.600000,1.000000,0.574815,1.000000,0.000000,0,0.000000,326964.000000,1.000000,494807434730.000000,4572183.000000
327000,15,175860,0.600000,1.000000,0.551415,1.000000,0.000000,0,0.000000,326984.000000,1.000000,494807434730.000000,4572183.000000
328000,0,176393,0.600000,1.000000,0.628400,1.000000,0.000000,0,0.000000,327963.000000,1.000000,497850192556.000000,2116758.000000
328000,1,176398,0.600000,1.000000,0.661466,1.000000,0.000000,0,0.000000,327974.000000,1.000000,497850192556.000000,2116758.000000
328000,2,176400,0.600000,1.000000,0.725355,1.000000,0.000000,0,0.000000,327999.000000,1.000000,497850192556.000000,2116758.000000
328000,3,176401,0.600000,1.000000,0.715447,1.000000,0.000000,0,0.000000,327997.000000,1.000000,497850192556.000000,2116758.000000
328000,4,176395,0.600000,1.000000,0.588457,1.000000,0.000000,0,0.000000,327942.000000,1.000000,497850192556.000000,2116758.000000
328000,5,176396,0.600000,1.000000,0.757945,1.000000,0.000000,0,0.000000,327987.000000,1.000000,497850192556.000000,2116758.000000
328000,6,176397,0.600000,1.000000,0.662854,1.000000,0.000000,0,0.000000,327992.000000,1.000000,497850192556.000000,2116758.000000
328000,7,176399,0.600000,1.000000,0.714994,1.000000,0.000000,0,0.000000,327986.000000,1.000000,497850192556.000000,2116758.000000
328000,8,176394,0.600000,1.000000,0.527187,1.000000,0.000000,0,0.000000,327958.000000,1.000000,497850192556.000000,2116758.000000
328000,9,176400,0.600000,1.000000,0.692228,1.000000,0.000000,0,0.000000,327993.000000,1.000000,497850192556.000000,2116758.000000
328000,10,176397,0.600000,1.000000,0.669922,1.000000,0.000000,0,0.000000,327989.000000,1.000000,497850192556.000000,2116758.000000
328000,11,176390,0.600000,1.000000,0.609213,1.000000,0.000000,0,0.000000,326670.000000,1.000000,497850192556.000000,2116758.000000
328000,12,176383,0.600000,1.000000,0.661377,1.000000,0.000000,0,0.000000,327648.000000,1.000000,497850192556.000000,2116758.000000
328000,13,176400,0.600000,1.000000,0.822473,1.000000,0.000000,1,294647.000000,328000.000000,1.000000,497850192556.000000,2116758.000000
328000,14,176396,0.600000,1.000000,0.565291,1.000000,0.000000,0,0.000000,327881.000000,1.000000,497850192556.000000,2116758.000000
328000,15,176401,0.600000,1.000000,0.719451,1.000000,0.000000,0,0.000000,327947.000000,1.000000,497850192556.000000,2116758.000000
329000,0,176946,0.600000,1.000000,0.729570,1.000000,0.000000,0,0.000000,328924.000000,1.000000,500944389153.000000,3892743.000000
329000,1,176939,0.600000,1.000000,0.569927,1.000000,0.000000,0,0.000000,328938.000000,1.000000,500944389153.000000,3892743.000000
329000,2,176945,0.600000,1.000000,0.689581,1.000000,0.000000,0,0.000000,328979.000000,1.000000,500944389153.000000,3892743.000000
329000,3,176946,0.600000,1.000000,0.650740,1.000000,0.000000,0,0.000000,328990.000000,1.000000,500944389153.000000,3892743.000000
329000,4,176947,0.600000,1.000000,0.713493,1.000000,0.000000,0,0.000000,328999.000000,1.000000,500944389153.000000,3892743.000000
329000,5,176945,0.600000,1.000000,0.562986,1.000000,0.000000,0,0.000000,328805.000000,1.000000,500944389153.000000,3892743.000000
329000,6,176945,0.600000,1.000000,0.647273,1.000000,0.000000,0,0.000000,328970.000000,1.000000,500944389153.000000,3892743.000000
329000,7,176934,0.600000,1.000000,0.626965,1.000000,0.000000,0,0.000000,328637.000000,1.000000,500944389153.000000,3892743.000000
329000,8,176945,0.600000,1.000000,0.715037,1.000000,0.000000,0,0.000000,328995.000000,1.000000,500944389153.000000,3892743.000000
329000,9,176946,0.600000,1.000000,0.818142,1.000000,0.000000,1,295705.000000,329000.000000,1.000000,500944389153.000000,3892743.000000
329000,10,176938,0.600000,1.000000,0.490265,1.000000,0.000000,0,0.000000,328870.000000,1.000000,500944389153.000000,3892743.000000
329000,11,176944,0.600000,1.000000,0.676722,1.000000,0.000000,0,0.000000,328987.000000,1.000000,500944389153.000000,3892743.000000
329000,12,176943,0.600000,1.000000,0.653265,1.000000,0.000000,0,0.000000,328986.000000,1.000000,500944389153.000000,3892743.000000
329000,13,176946,0.600000,1.000000,0.688896,1.000000,0.000000,0,0.000000,328885.000000,1.000000,500944389153.000000,3892743.000000
329000,14,176945,0.600000,1.000000,0.677266,1.000000,0.000000,0,0.000000,328942.000000,1.000000,500944389153.000000,3892743.000000
329000,15,176943,0.600000,1.000000,0.676609,1.000000,0.000000,0,0.000000,328949.000000,1.000000,500944389153.000000,3892743.000000
330000,0,177484,0.600000,1.000000,0.787827,1.000000,0.000000,0,0.000000,329998.000000,1.000000,503992085854.000000,1774815.000000
330000,1,177476,0.600000,1.000000,0.570651,1.000000,0.000000,0,0.000000,329760.000000,1.000000,503992085854.000000,1774815.000000
330000,2,177480,0.600000,1.000000,0.566344,1.000000,0.000000,0,0.000000,329921.000000,1.000000,503992085854.000000,1774815.000000
330000,3,177478,0.600000,1.000000,0.659866,1.000000,0.000000,0,0.000000,329914.000000,1.000000,503992085854.000000,1774815.000000
330000,4,177483,0.600000,1.000000,0.700657,1.000000,0.000000,0,0.000000,329999.000000,1.000000,503992085854.000000,1774815.000000
330000,5,177481,0.600000,1.000000,0.734585,1.000000,0.000000,0,0.000000,329971.000000,1.000000,503992085854.000000,1774815.000000
330000,6,177484,0.600000,1.000000,0.710287,1.000000,0.000000,1,295265.000000,330000.000000,1.000000,503992085854.000000,1774815.000000
330000,7,177480,0.600000,1.000000,0.658560,1.000000,0.000000,0,0.000000,329944.000000,1.000000,503992085854.000000,1774815.000000
330000,8,177478,0.600000,1.000000,0.614689,1.000000,0.000000,0,0.000000,329966.000000,1.000000,503992085854.000000,1774815.000000
330000,9,177483,0.600000,1.000000,0.667906,1.000000,0.000000,0,0.000000,329967.000000,1.000000,503992085854.000000,1774815.000000
330000,10,177482,0.600000,1.000000,0.718792,1.000000,0.000000,0,0.000000,329993.000000,1.000000,503992085854.000000,1774815.000000
330000,11,177481,0.600000,1.000000,0.693111,1.000000,0.000000,0,0.000000,329859.000000,1.000000,503992085854.000000,1774815.000000
330000,12,177480,0.600000,1.000000,0.571832,1.000000,0.000000,0,0.000000,329973.000000,1.000000,503992085854.000000,1774815.000000
330000,13,177483,0.600000,1.000000,0.715255,1.000000,0.000000,0,0.000000,329997.000000,1.000000,503992085854.000000,1774815.000000
330000,14,177481,0.600000,1.000000,0.641435,1.000000,0.000000,0,0.000000,329955.000000,1.000000,503992085854.000000,1774815.000000
330000,15,177482,0.600000,1.000000,0.687273,1.000000,0.000000,0,0.000000,329985.000000,1.000000,503992085854.000000,1774815.000000
331000,0,178004,0.600000,1.000000,0.591033,1.000000,0.000000,0,0.000000,330761.000000,1.000000,507036208527.000000,3204307.000000
331000,1,178019,0.600000,1.000000,0.570757,1.000000,0.000000,0,0.000000,330993.000000,1.000000,507036208527.000000,3204307.000000
331000,2,178016,0.600000,1.000000,0.601775,1.000000,0.000000,0,0.000000,330970.000000,1.000000,507036208527.000000,3204307.000000
331000,3,178018,0.600000,1.000000,0.672253,1.000000,0.000000,0,0.000000,330995.000000,1.000000,507036208527.000000,3204307.000000
331000,4,178018,0.600000,1.000000,0.685593,1.000000,0.000000,0,0.000000,330977.000000,1.000000,507036208527.000000,3204307.000000
331000,5,178020,0.600000,1.000000,0.743147,1.000000,0.000000,0,0.000000,330997.000000,1.000000,507036208527.000000,3204307.000000
331000,6,178016,0.600000,1.000000,0.698308,1.000000,0.000000,0,0.000000,330987.000000,1.000000,507036208527.000000,3204307.000000
331000,7,178009,0.600000,1.000000,0.506562,1.000000,0.000000,0,0.000000,330897.000000,1.000000,507036208527.000000,3204307.000000
331000,8,178019,0.600000,1.000000,0.600374,1.000000,0.000000,0,0.000000,330935.000000,1.000000,507036208527.000000,3204307.000000
331000,9,178013,0.600000,1.000000,0.735638,1.000000,0.000000,0,0.000000,330659.000000,1.000000,507036208527.000000,3204307.000000
331000,10,178022,0.600000,1.000000,0.710236,1.000000,0.000000,1,296808.000000,331000.000000,1.000000,507036208527.000000,3204307.000000
331000,11,178015,0.600000,1.000000,0.546012,1.000000,0.000000,0,0.000000,330963.000000,1.000000,507036208527.000000,3204307.000000
331000,12,178018,0.600000,1.000000,0.637663,1.000000,0.000000,0,0.000000,330994.000000,1.000000,507036208527.000000,3204307.000000
331000,13,178021,0.600000,1.000000,0.705805,1.000000,0.000000,0,0.000000,330988.000000,1.000000,507036208527.000000,3204307.000000
331000,14,178012,0.600000,1.000000,0.589613,1.000000,0.000000,0,0.000000,330912.000000,1.000000,507036208527.000000,3204307.000000
331000,15,178019,0.600000,1.000000,0.712935,1.000000,0.000000,0,0.000000,330947.000000,1.000000,507036208527.000000,3204307.000000
332000,0,178549,0.600000,1.000000,0.637429,1.000000,0.000000,0,0.000000,331956.000000,1.000000,510079140577.000000,1071299.000000
332000,1,178553,0.600000,1.000000,0.743064,1.000000,0.000000,1,297037.000000,332000.000000,1.000000,510079140577.000000,1071299.000000
332000,2,178549,0.600000,1.000000,0.613148,1.000000,0.000000,0,0.000000,331986.000000,1.000000,510079140577.000000,1071299.000000
332000,3,178552,0.600000,1.000000,0.737461,1.000000,0.000000,0,0.000000,331999.000000,1.000000,510079140577.000000,1071299.000000
332000,4,178546,0.600000,1.000000,0.508847,1.000000,0.000000,0,0.000000,331958.000000,1.000000,510079140577.000000,1071299.000000
332000,5,178550,0.600000,1.000000,0.744035,1.000000,0.000000,0,0.000000,331957.000000,1.000000,510079140577.000000,1071299.000000
332000,6,178551,0.600000,1.000000,0.702903,1.000000,0.000000,0,0.000000,331981.000000,1.000000,510079140577.000000,1071299.000000
332000,7,178552,0.600000,1.000000,0.759809,1.000000,0.000000,0,0.000000,331997.000000,1.000000,510079140577.000000,1071299.000000
332000,8,178549,0.600000,1.000000,0.580517,1.000000,0.000000,0,0.000000,331894.000000,1.000000,510079140577.000000,1071299.000000
332000,9,178552,0.600000,1.000000,0.822897,1.000000,0.000000,0,0.000000,331998.000000,1.000000,510079140577.000000,1071299.000000
332000,10,178552,0.600000,1.000000,0.731297,1.000000,0.000000,0,0.000000,331961.000000,1.000000,510079140577.000000,1071299.000000
332000,11,178552,0.600000,1.000000,0.655332,1.000000,0.000000,0,0.000000,331994.000000,1.000000,510079140577.000000,1071299.000000
332000,12,178551,0.600000,1.000000,0.722809,1.000000,0.000000,0,0.000000,331937.000000,1.000000,510079140577.000000,1071299.000000
332000,13,178551,0.600000,1.000000,0.708305,1.000000,0.000000,0,0.000000,331171.000000,1.000000,510079140577.000000,1071299.000000
332000,14,178549,0.600000,1.000000,0.728116,1.000000,0.000000,0,0.000000,331988.000000,1.000000,510079140577.000000,1071299.000000
332000,15,178535,0.600000,1.000000,0.501726,1.000000,0.000000,0,0.000000,331885.000000,1.000000,510079140577.000000,1071299.000000
333000,0,179085,0.600000,1.000000,0.744350,1.000000,0.000000,0,0.000000,332994.000000,1.000000,513132250886.000000,2149014.000000
333000,1,179070,0.600000,1.000000,0.590157,1.000000,0.000000,0,0.000000,332863.000000,1.000000,513132250886.000000,2149014.000000
333000,2,179081,0.600000,1.000000,0.569360,1.000000,0.000000,0,0.000000,332645.000000,1.000000,513132250886.000000,2149014.000000
333000,3,179085,0.600000,1.000000,0.677970,1.000000,0.000000,0,0.000000,332977.000000,1.000000,513132250886.000000,2149014.000000
333000,4,179084,0.600000,1.000000,0.626247,1.000000,0.000000,0,0.000000,332927.000000,1.000000,513132250886.000000,2149014.000000
333000,5,179083,0.600000,1.000000,0.646776,1.000000,0.000000,0,0.000000,332969.000000,1.000000,513132250886.000000,2149014.000000
333000,6,179080,0.600000,1.000000,0.669133,1.000000,0.000000,0,0.000000,332899.000000,1.000000,513132250886.000000,2149014.000000
333000,7,179084,0.600000,1.000000,0.576054,1.000000,0.000000,0,0.000000,332536.000000,1.000000,513132250886.000000,2149014.000000
333000,8,179085,0.600000,1.000000,0.735630,1.000000,0.000000,0,0.000000,332995.000000,1.000000,513132250886.000000,2149014.000000
333000,9,179087,0.600000,1.000000,0.650184,1.000000,0.000000,0,0.000000,332999.000000,1.000000,513132250886.000000,2149014.000000
333000,10,179075,0.600000,1.000000,0.554713,1.000000,0.000000,0,0.000000,332895.000000,1.000000,513132250886.000000,2149014.000000
333000,11,179086,0.600000,1.000000,0.725621,1.000000,0.000000,1,298726.000000,333000.000000,1.000000,513132250886.000000,2149014.000000
333000,12,179087,0.600000,1.000000,0.588497,1.000000,0.000000,0,0.000000,332965.000000,1.000000,513132250886.000000,2149014.000000
333000,13,179087,0.600000,1.000000,0.684123,1.000000,0.000000,0,0.000000,332998.000000,1.000000,513132250886.000000,2149014.000000
333000,14,179085,0.600000,1.000000,0.638005,1.000000,0.000000,0,0.000000,332990.000000,1.000000,513132250886.000000,2149014.000000
333000,15,179086,0.600000,1.000000,0.616088,1.000000,0.000000,0,0.000000,332920.000000,1.000000,513132250886.000000,2149014.000000
334000,0,179623,0.600000,1.000000,0.636879,1.000000,0.000000,0,0.000000,333908.000000,1.000000,516244046385.000000,2873990.000000
334000,1,179627,0.600000,1.000000,0.710501,1.000000,0.000000,0,0.000000,333989.000000,1.000000,516244046385.000000,2873990.000000
334000,2,179628,0.600000,1.000000,0.694291,1.000000,0.000000,0,0.000000,333952.000000,1.000000,516244046385.000000,2873990.000000
334000,3,179628,0.600000,1.000000,0.738990,1.000000,0.000000,0,0.000000,333995.000000,1.000000,516244046385.000000,2873990.000000
334000,4,179628,0.600000,1.000000,0.587529,1.000000,0.000000,0,0.000000,333978.000000,1.000000,516244046385.000000,2873990.000000
334000,5,179621,0.600000,1.000000,0.649562,1.000000,0.000000,0,0.000000,333605.000000,1.000000,516244046385.000000,2873990.000000
334000,6,179627,0.600000,1.000000,0.706012,1.000000,0.000000,0,0.000000,333998.000000,1.000000,516244046385.000000,2873990.000000
334000,7,179623,0.600000,1.000000,0.598892,1.000000,0.000000,0,0.000000,333979.000000,1.000000,516244046385.000000,2873990.000000
334000,8,179619,0.600000,1.000000,0.570829,1.000000,0.000000,0,0.000000,333890.000000,1.000000,516244046385.000000,2873990.000000
334000,9,179624,0.600000,1.000000,0.619547,1.000000,0.000000,0,0.000000,333951.000000,1.000000,516244046385.000000,2873990.000000
334000,10,179629,0.600000,1.000000,0.696171,1.000000,0.000000,1,299555.000000,334000.000000,1.000000,516244046385.000000,2873990.000000
334000,11,179628,0.600000,1.000000,0.684868,1.000000,0.000000,0,0.000000,333996.000000,1.000000,516244046385.000000,2873990.000000
334000,12,179626,0.600000,1.000000,0.559877,1.000000,0.000000,0,0.000000,333957.000000,1.000000,516244046385.000000,2873990.000000
334000,13,179625,0.600000,1.000000,0.741245,1.000000,0.000000,0,0.000000,333997.000000,1.000000,516244046385.000000,2873990.000000
334000,14,179627,0.600000,1.000000,0.704910,1.000000,0.000000,0,0.000000,333907.000000,1.000000,516244046385.000000,2873990.000000
334000,15,179622,0.600000,1.000000,0.672460,1.000000,0.000000,0,0.000000,333971.000000,1.000000,516244046385.000000,2873990.000000
335000,0,180168,0.600000,1.000000,0.560692,1.000000,0.000000,0,0.000000,334997.000000,1.000000,519341828861.000000,2522289.000000
335000,1,180133,0.600000,1.000000,0.629889,1.000000,0.000000,0,0.000000,334487.000000,1.000000,519341828861.000000,2522289.000000
335000,2,180161,0.600000,1.000000,0.568585,1.000000,0.000000,0,0.000000,334922.000000,1.000000,519341828861.000000,2522289.000000
335000,3,180167,0.600000,1.000000,0.797475,1.000000,0.000000,0,0.000000,334998.000000,1.000000,519341828861.000000,2522289.000000
335000,4,180167,0.600000,1.000000,0.696075,1.000000,0.000000,0,0.000000,334928.000000,1.000000,519341828861.000000,2522289.000000
335000,5,180169,0.600000,1.000000,0.646439,1.000000,0.000000,0,0.000000,334981.000000,1.000000,519341828861.000000,2522289.000000
335000,6,180167,0.600000,1.000000,0.650454,1.000000,0.000000,0,0.000000,334987.000000,1.000000,519341828861.000000,2522289.000000
335000,7,180166,0.600000,1.000000,0.648399,1.000000,0.000000,0,0.000000,334970.000000,1.000000,519341828861.000000,2522289.000000
335000,8,180168,0.600000,1.000000,0.688585,1.000000,0.000000,0,0.000000,334999.000000,1.000000,519341828861.000000,2522289.000000
335000,9,180168,0.600000,1.000000,0.571845,1.000000,0.000000,0,0.000000,334976.000000,1.000000,519341828861.000000,2522289.000000
335000,10,180169,0.600000,1.000000,0.687221,1.000000,0.000000,1,300412.000000,335000.000000,1.000000,519341828861.000000,2522289.000000
335000,11,180169,0.600000,1.000000,0.676114,1.000000,0.000000,0,0.000000,334984.000000,1.000000,519341828861.000000,2522289.000000
335000,12,180167,0.600000,1.000000,0.711278,1.000000,0.000000,0,0.000000,334986.000000,1.000000,519341828861.000000,2522289.000000
335000,13,180146,0.600000,1.000000,0.498750,1.000000,0.000000,0,0.000000,334653.000000,1.000000,519341828861.000000,2522289.000000
335000,14,180162,0.600000,1.000000,0.578979,1.000000,0.000000,0,0.000000,334933.000000,1.000000,519341828861.000000,2522289.000000
335000,15,180168,0.600000,1.000000,0.741527,1.000000,0.000000,0,0.000000,334923.000000,1.000000,519341828861.000000,2522289.000000
336000,0,180690,0.600000,1.000000,0.632470,1.000000,0.000000,0,0.000000,335967.000000,1.000000,522405869184.000000,2168326.000000
336000,1,180697,0.600000,1.000000,0.695486,1.000000,0.000000,0,0.000000,335993.000000,1.000000,522405869184.000000,2168326.000000
336000,2,180696,0.600000,1.000000,0.713915,1.000000,0.000000,0,0.000000,335994.000000,1.000000,522405869184.000000,2168326.000000
336000,3,180696,0.600000,1.000000,0.627712,1.000000,0.000000,0,0.000000,335987.000000,1.000000,522405869184.000000,2168326.000000
336000,4,180688,0.600000,1.000000,0.570613,1.000000,0.000000,0,0.000000,335909.000000,1.000000,522405869184.000000,2168326.000000
336000,5,180698,0.600000,1.000000,0.725337,1.000000,0.000000,0,0.000000,335937.000000,1.000000,522405869184.000000,2168326.000000
336000,6,180690,0.600000,1.000000,0.518416,1.000000,0.000000,0,0.000000,335951.000000,1.000000,522405869184.000000,2168326.000000
336000,7,180697,0.600000,1.000000,0.730101,1.000000,0.000000,1,301584.000000,336000.000000,1.000000,522405869184.000000,2168326.000000
336000,8,180698,0.600000,1.000000,0.540762,1.000000,0.000000,0,0.000000,335911.000000,1.000000,522405869184.000000,2168326.000000
336000,9,180693,0.600000,1.000000,0.618967,1.000000,0.000000,0,0.000000,335948.000000,1.000000,522405869184.000000,2168326.000000
336000,10,180697,0.600000,1.000000,0.670543,1.000000,0.000000,0,0.000000,335996.000000,1.000000,522405869184.000000,2168326.000000
336000,11,180696,0.600000,1.000000,0.662899,1.000000,0.000000,0,0.000000,335975.000000,1.000000,522405869184.000000,2168326.000000
336000,12,180685,0.600000,1.000000,0.599743,1.000000,0.000000,0,0.000000,335857.000000,1.000000,522405869184.000000,2168326.000000
336000,13,180695,0.600000,1.000000,0.630780,1.000000,0.000000,0,0.000000,335963.000000,1.000000,522405869184.000000,2168326.000000
336000,14,180697,0.600000,1.000000,0.718849,1.000000,0.000000,0,0.000000,335992.000000,1.000000,522405869184.000000,2168326.000000
336000,15,180693,0.600000,1.000000,0.616399,1.000000,0.000000,0,0.000000,335620.000000,1.000000,522405869184.000000,2168326.000000
337000,0,181233,0.600000,1.000000,0.755820,1.000000,0.000000,1,301175.000000,337000.000000,1.000000,525510093907.000000,1087353.000000
337000,1,181229,0.600000,1.000000,0.594403,1.000000,0.000000,0,0.000000,336932.000000,1.000000,525510093907.000000,1087353.000000
337000,2,181234,0.600000,1.000000,0.697015,1.000000,0.000000,0,0.000000,336998.000000,1.000000,525510093907.000000,1087353.000000
337000,3,181233,0.600000,1.000000,0.686173,1.000000,0.000000,0,0.000000,336993.000000,1.000000,525510093907.000000,1087353.000000
337000,4,181229,0.600000,1.000000,0.638444,1.000000,0.000000,0,0.000000,336964.000000,1.000000,525510093907.000000,1087353.000000
337000,5,181227,0.600000,1.000000,0.657804,1.000000,0.000000,0,0.000000,336859.000000,1.000000,525510093907.000000,1087353.000000
337000,6,181233,0.600000,1.000000,0.643735,1.000000,0.000000,0,0.000000,336996.000000,1.000000,525510093907.000000,1087353.000000
337000,7,181233,0.600000,1.000000,0.768762,1.000000,0.000000,0,0.000000,336999.000000,1.000000,525510093907.000000,1087353.000000
337000,8,181226,0.600000,1.000000,0.588441,1.000000,0.000000,0,0.000000,336724.000000,1.000000,525510093907.000000,1087353.000000
337000,9,181231,0.600000,1.000000,0.682557,1.000000,0.000000,0,0.000000,336980.000000,1.000000,525510093907.000000,1087353.000000
337000,10,181228,0.600000,1.000000,0.539657,1.000000,0.000000,0,0.000000,336942.000000,1.000000,525510093907.000000,1087353.000000
337000,11,181226,0.600000,1.000000,0.573527,1.000000,0.000000,0,0.000000,336976.000000,1.000000,525510093907.000000,1087353.000000
337000,12,181234,0.600000,1.000000,0.551876,1.000000,0.000000,0,0.000000,336981.000000,1.000000,525510093907.000000,1087353.000000
337000,13,181227,0.600000,1.000000,0.603555,1.000000,0.000000,0,0.000000,336727.000000,1.000000,525510093907.000000,1087353.000000
337000,14,181231,0.600000,1.000000,0.574469,1.000000,0.000000,0,0.000000,336933.000000,1.000000,525510093907.000000,1087353.000000
337000,15,181229,0.600000,1.000000,0.482162,1.000000,0.000000,0,0.000000,336936.000000,1.000000,525510093907.000000,1087353.000000
338000,0,181764,0.600000,1.000000,0.649782,1.000000,0.000000,1,302079.000000,338000.000000,1.000000,528596976729.000000,2544671.000000
338000,1,181764,0.600000,1.000000,0.688053,1.000000,0.000000,0,0.000000,337865.000000,1.000000,528596976729.000000,2544671.000000
338000,2,181762,0.600000,1.000000,0.638208,1.000000,0.000000,0,0.000000,337818.000000,1.000000,528596976729.000000,2544671.000000
338000,3,181761,0.600000,1.000000,0.541352,1.000000,0.000000,0,0.000000,337938.000000,1.000000,528596976729.000000,2544671.000000
338000,4,181763,0.600000,1.000000,0.669756,1.000000,0.000000,0,0.000000,337997.000000,1.000000,528596976729.000000,2544671.000000
338000,5,181763,0.600000,1.000000,0.673364,1.000000,0.000000,0,0.000000,337937.000000,1.000000,528596976729.000000,2544671.000000
338000,6,181764,0.600000,1.000000,0.637345,1.000000,0.000000,0,0.000000,337999.000000,1.000000,528596976729.000000,2544671.000000
338000,7,181760,0.600000,1.000000,0.648278,1.000000,0.000000,0,0.000000,337978.000000,1.000000,528596976729.000000,2544671.000000
338000,8,181761,0.600000,1.000000,0.772113,1.000000,0.000000,0,0.000000,337996.000000,1.000000,528596976729.000000,2544671.000000
338000,9,181763,0.600000,1.000000,0.678233,1.000000,0.000000,0,0.000000,337678.000000,1.000000,528596976729.000000,2544671.000000
338000,10,181761,0.600000,1.000000,0.733098,1.000000,0.000000,0,0.000000,337985.000000,1.000000,528596976729.000000,2544671.000000
338000,11,181761,0.600000,1.000000,0.658848,1.000000,0.000000,0,0.000000,337993.000000,1.000000,528596976729.000000,2544671.000000
338000,12,181760,0.600000,1.000000,0.709511,1.000000,0.000000,0,0.000000,337923.000000,1.000000,528596976729.000000,2544671.000000
338000,13,181762,0.600000,1.000000,0.606228,1.000000,0.000000,0,0.000000,337981.000000,1.000000,528596976729.000000,2544671.000000
338000,14,181759,0.600000,1.000000,0.608050,1.000000,0.000000,0,0.000000,337971.000000,1.000000,528596976729.000000,2544671.000000
338000,15,181759,0.600000,1.000000,0.602785,1.000000,0.000000,0,0.000000,337969.000000,1.000000,528596976729.000000,2544671.000000
339000,0,182292,0.600000,1.000000,0.593331,1.000000,0.000000,0,0.000000,338843.000000,1.000000,531750141320.000000,3281459.000000
339000,1,182297,0.600000,1.000000,0.529358,1.000000,0.000000,0,0.000000,338854.000000,1.000000,531750141320.000000,3281459.000000
339000,2,182307,0.600000,1.000000,0.757037,1.000000,0.000000,0,0.000000,338993.000000,1.000000,531750141320.000000,3281459.000000
339000,3,182304,0.600000,1.000000,0.671111,1.000000,0.000000,0,0.000000,338925.000000,1.000000,531750141320.000000,3281459.000000
339000,4,182301,0.600000,1.000000,0.633392,1.000000,0.000000,0,0.000000,338969.000000,1.000000,531750141320.000000,3281459.000000
339000,5,182301,0.600000,1.000000,0.686139,1.000000,0.000000,0,0.000000,338953.000000,1.000000,531750141320.000000,3281459.000000
339000,6,182300,0.600000,1.000000,0.554552,1.000000,0.000000,0,0.000000,338954.000000,1.000000,531750141320.000000,3281459.000000
339000,7,182309,0.600000,1.000000,0.772966,1.000000,0.000000,1,304275.000000,339000.000000,1.000000,531750141320.000000,3281459.000000
339000,8,182300,0.600000,1.000000,0.573925,1.000000,0.000000,0,0.000000,338909.000000,1.000000,531750141320.000000,3281459.000000
339000,9,182307,0.600000,1.000000,0.683334,1.000000,0.000000,0,0.000000,338912.000000,1.000000,531750141320.000000,3281459.000000
339000,10,182306,0.600000,1.000000,0.615743,1.000000,0.000000,0,0.000000,338992.000000,1.000000,531750141320.000000,3281459.000000
339000,11,182307,0.600000,1.000000,0.816034,1.000000,0.000000,0,0.000000,338999.000000,1.000000,531750141320.000000,3281459.000000
339000,12,182308,0.600000,1.000000,0.639646,1.000000,0.000000,0,0.000000,338984.000000,1.000000,531750141320.000000,3281459.000000
339000,13,182306,0.600000,1.000000,0.753027,1.000000,0.000000,0,0.000000,338790.000000,1.000000,531750141320.000000,3281459.000000
339000,14,182307,0.600000,1.000000,0.674430,1.000000,0.000000,0,0.000000,338943.000000,1.000000,531750141320.000000,3281459.000000
339000,15,182296,0.600000,1.000000,0.625154,1.000000,0.000000,0,0.000000,338685.000000,1.000000,531750141320.000000,3281459.000000
340000,0,182847,0.600000,1.000000,0.781044,1.000000,0.000000,0,0.000000,339999.000000,1.000000,534904271410.000000,2559813.000000
340000,1,182842,0.600000,1.000000,0.714093,1.000000,0.000000,0,0.000000,339987.000000,1.000000,534904271410.000000,2559813.000000
340000,2,182846,0.600000,1.000000,0.657136,1.000000,0.000000,0,0.000000,339995.000000,1.000000,534904271410.000000,2559813.000000
340000,3,182845,0.600000,1.000000,0.706834,1.000000,0.000000,0,0.000000,339992.000000,1.000000,534904271410.000000,2559813.000000
340000,4,182842,0.600000,1.000000,0.589209,1.000000,0.000000,0,0.000000,339871.000000,1.000000,534904271410.000000,2559813.000000
340000,5,182837,0.600000,1.000000,0.640406,1.000000,0.000000,0,0.000000,339184.000000,1.000000,534904271410.000000,2559813.000000
340000,6,182846,0.600000,1.000000,0.561731,1.000000,0.000000,0,0.000000,339933.000000,1.000000,534904271410.000000,2559813.000000
340000,7,182845,0.600000,1.000000,0.727747,1.000000,0.000000,0,0.000000,339975.000000,1.000000,534904271410.000000,2559813.000000
340000,8,182847,0.600000,1.000000,0.746631,1.000000,0.000000,1,304646.000000,340000.000000,1.000000,534904271410.000000,2559813.000000
340000,9,182842,0.600000,1.000000,0.567964,1.000000,0.000000,0,0.000000,339986.000000,1.000000,534904271410.000000,2559813.000000
340000,10,182844,0.600000,1.000000,0.562888,1.000000,0.000000,0,0.000000,339915.000000,1.000000,534904271410.000000,2559813.000000
340000,11,182826,0.600000,1.000000,0.602739,1.000000,0.000000,0,0.000000,339561.000000,1.000000,534904271410.000000,2559813.000000
340000,12,182844,0.600000,1.000000,0.741933,1.000000,0.000000,0,0.000000,339989.000000,1.000000,534904271410.000000,2559813.000000
340000,13,182844,0.600000,1.000000,0.557076,1.000000,0.000000,0,0.000000,339947.000000,1.000000,534904271410.000000,2559813.000000
340000,14,182846,0.600000,1.000000,0.720019,1.000000,0.000000,0,0.000000,339991.000000,1.000000,534904271410.000000,2559813.000000
340000,15,182843,0.600000,1.000000,0.571809,1.000000,0.000000,0,0.000000,339967.000000,1.000000,534904271410.000000,2559813.000000
341000,0,183386,0.600000,1.000000,0.561649,1.000000,0.000000,0,0.000000,340960.000000,1.000000,538094502315.000000,3667746.000000
341000,1,183386,0.600000,1.000000,0.641176,1.000000,0.000000,0,0.000000,340746.000000,1.000000,538094502315.000000,3667746.000000
341000,2,183384,0.600000,1.000000,0.577930,1.000000,0.000000,0,0.000000,340946.000000,1.000000,538094502315.000000,3667746.000000
341000,3,183389,0.600000,1.000000,0.600428,1.000000,0.000000,0,0.000000,340944.000000,1.000000,538094502315.000000,3667746.000000
341000,4,183385,0.600000,1.000000,0.652792,1.000000,0.000000,0,0.000000,340898.000000,1.000000,538094502315.000000,3667746.000000
341000,5,183392,0.600000,1.000000,0.667838,1.000000,0.000000,0,0.000000,340680.000000,1.000000,538094502315.000000,3667746.000000
341000,6,183390,0.600000,1.000000,0.726947,1.000000,0.000000,0,0.000000,340900.000000,1.000000,538094502315.000000,3667746.000000
341000,7,183387,0.600000,1.000000,0.532851,1.000000,0.000000,0,0.000000,340981.000000,1.000000,538094502315.000000,3667746.000000
341000,8,183382,0.600000,1.000000,0.557561,1.000000,0.000000,0,0.000000,340979.000000,1.000000,538094502315.000000,3667746.000000
341000,9,183391,0.600000,1.000000,0.801922,1.000000,0.000000,0,0.000000,340999.000000,1.000000,538094502315.000000,3667746.000000
341000,10,183385,0.600000,1.000000,0.566005,1.000000,0.000000,0,0.000000,340980.000000,1.000000,538094502315.000000,3667746.000000
341000,11,183391,0.600000,1.000000,0.714751,1.000000,0.000000,0,0.000000,340992.000000,1.000000,538094502315.000000,3667746.000000
341000,12,183386,0.600000,1.000000,0.597635,1.000000,0.000000,0,0.000000,340984.000000,1.000000,538094502315.000000,3667746.000000
341000,13,183384,0.600000,1.000000,0.601459,1.000000,0.000000,0,0.000000,340867.000000,1.000000,538094502315.000000,3667746.000000
341000,14,183391,0.600000,1.000000,0.695447,1.000000,0.000000,1,305655.000000,341000.000000,1.000000,538094502315.000000,3667746.000000
341000,15,183388,0.600000,1.000000,0.758165,1.000000,0.000000,0,0.000000,340989.000000,1.000000,538094502315.000000,3667746.000000
342000,0,183915,0.600000,1.000000,0.619083,1.000000,0.000000,0,0.000000,341991.000000,1.000000,541189382747.000000,2206966.000000
342000,1,183917,0.600000,1.000000,0.716364,1.000000,0.000000,0,0.000000,341940.000000,1.000000,541189382747.000000,2206966.000000
342000,2,183915,0.600000,1.000000,0.671466,1.000000,0.000000,0,0.000000,341996.000000,1.000000,541189382747.000000,2206966.000000
342000,3,183915,0.600000,1.000000,0.568162,1.000000,0.000000,0,0.000000,341995.000000,1.000000,541189382747.000000,2206966.000000
342000,4,183910,0.600000,1.000000,0.700769,1.000000,0.000000,0,0.000000,341917.000000,1.000000,541189382747.000000,2206966.000000
342000,5,183902,0.600000,1.000000,0.629393,1.000000,0.000000,0,0.000000,341635.000000,1.000000,541189382747.000000,2206966.000000
342000,6,183912,0.600000,1.000000,0.620832,1.000000,0.000000,0,0.000000,341975.000000,1.000000,541189382747.000000,2206966.000000
342000,7,183918,0.600000,1.000000,0.655980,1.000000,0.000000,1,306968.000000,342000.000000,1.000000,541189382747.000000,2206966.000000
342000,8,183912,0.600000,1.000000,0.707018,1.000000,0.000000,0,0.000000,341573.000000,1.000000,541189382747.000000,2206966.000000
342000,9,183918,0.600000,1.000000,0.609148,1.000000,0.000000,0,0.000000,341973.000000,1.000000,541189382747.000000,2206966.000000
342000,10,183916,0.600000,1.000000,0.624006,1.000000,0.000000,0,0.000000,341990.000000,1.000000,541189382747.000000,2206966.000000
342000,11,183914,0.600000,1.000000,0.615319,1.000000,0.000000,0,0.000000,341895.000000,1.000000,541189382747.000000,2206966.000000
342000,12,183917,0.600000,1.000000,0.733395,1.000000,0.000000,0,0.000000,341998.000000,1.000000,541189382747.000000,2206966.000000
342000,13,183915,0.600000,1.000000,0.602959,1.000000,0.000000,0,0.000000,341978.000000,1.000000,541189382747.000000,2206966.000000
342000,14,183916,0.600000,1.000000,0.634154,1.000000,0.000000,0,0.000000,341928.000000,1.000000,541189382747.000000,2206966.000000
342000,15,183911,0.600000,1.000000,0.538933,1.000000,0.000000,0,0.000000,341848.000000,1.000000,541189382747.000000,2206966.000000
343000,0,184455,0.600000,1.000000,0.722638,1.000000,0.000000,0,0.000000,342978.000000,1.000000,544366916287.000000,4057947.000000
343000,1,184454,0.600000,1.000000,0.676999,1.000000,0.000000,0,0.000000,342910.000000,1.000000,544366916287.000000,4057947.000000
343000,2,184451,0.600000,1.000000,0.617210,1.000000,0.000000,0,0.000000,342980.000000,1.000000,544366916287.000000,4057947.000000
343000,3,184453,0.600000,1.000000,0.717916,1.000000,0.000000,0,0.000000,342800.000000,1.000000,544366916287.000000,4057947.000000
343000,4,184452,0.600000,1.000000,0.585071,1.000000,0.000000,0,0.000000,342952.000000,1.000000,544366916287.000000,4057947.000000
343000,5,184451,0.600000,1.000000,0.595496,1.000000,0.000000,0,0.000000,342977.000000,1.000000,544366916287.000000,4057947.000000
343000,6,184451,0.600000,1.000000,0.571433,1.000000,0.000000,0,0.000000,342986.000000,1.000000,544366916287.000000,4057947.000000
343000,7,184451,0.600000,1.000000,0.638664,1.000000,0.000000,0,0.000000,342852.000000,1.000000,544366916287.000000,4057947.000000
343000,8,184455,0.600000,1.000000,0.726622,1.000000,0.000000,0,0.000000,342997.000000,1.000000,544366916287.000000,4057947.000000
343000,9,184453,0.600000,1.000000,0.709005,1.000000,0.000000,0,0.000000,342955.000000,1.000000,544366916287.000000,4057947.000000
343000,10,184454,0.600000,1.000000,0.539463,1.000000,0.000000,0,0.000000,342967.000000,1.000000,544366916287.000000,4057947.000000
343000,11,184453,0.600000,1.000000,0.537726,1.000000,0.000000,0,0.000000,342974.000000,1.000000,544366916287.000000,4057947.000000
343000,12,184455,0.600000,1.000000,0.560253,1.000000,0.000000,0,0.000000,342913.000000,1.000000,544366916287.000000,4057947.000000
343000,13,184455,0.600000,1.000000,0.582375,1.000000,0.000000,0,0.000000,342826.000000,1.000000,544366916287.000000,4057947.000000
343000,14,184452,0.600000,1.000000,0.601323,1.000000,0.000000,0,0.000000,342957.000000,1.000000,544366916287.000000,4057947.000000
343000,15,184454,0.600000,1.000000,0.727530,1.000000,0.000000,1,306699.000000,343000.000000,1.000000,544366916287.000000,4057947.000000
344000,0,184984,0.600000,1.000000,0.768388,1.000000,0.000000,0,0.000000,343987.000000,1.000000,547521563516.000000,2589841.000000
344000,1,184989,0.600000,1.000000,0.766877,1.000000,0.000000,0,0.000000,343983.000000,1.000000,547521563516.000000,2589841.000000
344000,2,184987,0.600000,1.000000,0.667576,1.000000,0.000000,0,0.000000,343879.000000,1.000000,547521563516.000000,2589841.000000
344000,3,184966,0.600000,1.000000,0.722605,1.000000,0.000000,0,0.000000,343462.000000,1.000000,547521563516.000000,2589841.000000
344000,4,184984,0.600000,1.000000,0.503604,1.000000,0.000000,0,0.000000,343890.000000,1.000000,547521563516.000000,2589841.000000
344000,5,184980,0.600000,1.000000,0.482793,1.000000,0.000000,0,0.000000,343840.000000,1.000000,547521563516.000000,2589841.000000
344000,6,184991,0.600000,1.000000,0.749803,1.000000,0.000000,0,0.000000,343992.000000,1.000000,547521563516.000000,2589841.000000
344000,7,184992,0.600000,1.000000,0.602838,1.000000,0.000000,0,0.000000,343947.000000,1.000000,547521563516.000000,2589841.000000
344000,8,184986,0.600000,1.000000,0.506216,1.000000,0.000000,0,0.000000,343844.000000,1.000000,547521563516.000000,2589841.000000
344000,9,184990,0.600000,1.000000,0.735241,1.000000,0.000000,0,0.000000,343981.000000,1.000000,547521563516.000000,2589841.000000
344000,10,184992,0.600000,1.000000,0.717734,1.000000,0.000000,1,308500.000000,344000.000000,1.000000,547521563516.000000,2589841.000000
344000,11,184991,0.600000,1.000000,0.699869,1.000000,0.000000,0,0.000000,343999.000000,1.000000,547521563516.000000,2589841.000000
344000,12,184991,0.600000,1.000000,0.747390,1.000000,0.000000,0,0.000000,343997.000000,1.000000,547521563516.000000,2589841.000000
344000,13,184993,0.600000,1.000000,0.639097,1.000000,0.000000,0,0.000000,343936.000000,1.000000,547521563516.000000,2589841.000000
344000,14,184991,0.600000,1.000000,0.662572,1.000000,0.000000,0,0.000000,343985.000000,1.000000,547521563516.000000,2589841.000000
344000,15,184981,0.600000,1.000000,0.533771,1.000000,0.000000,0,0.000000,343798.000000,1.000000,547521563516.000000,2589841.000000
345000,0,185532,0.600000,1.000000,0.740638,1.000000,0.000000,0,0.000000,344999.000000,1.000000,550730591839.000000,2226324.000000
345000,1,185530,0.600000,1.000000,0.645200,1.000000,0.000000,0,0.000000,344996.000000,1.000000,550730591839.000000,2226324.000000
345000,2,185522,0.600000,1.000000,0.619371,1.000000,0.000000,0,0.000000,344534.000000,1.000000,550730591839.000000,2226324.000000
345000,3,185528,0.600000,1.000000,0.665645,1.000000,0.000000,0,0.000000,344935.000000,1.000000,550730591839.000000,2226324.000000
345000,4,185530,0.600000,1.000000,0.627378,1.000000,0.000000,0,0.000000,344862.000000,1.000000,550730591839.000000,2226324.000000
345000,5,185524,0.600000,1.000000,0.634849,1.000000,0.000000,0,0.000000,344907.000000,1.000000,550730591839.000000,2226324.000000
345000,6,185530,0.600000,1.000000,0.831893,1.000000,0.000000,0,0.000000,344998.000000,1.000000,550730591839.000000,2226324.000000
345000,7,185531,0.600000,1.000000,0.700342,1.000000,0.000000,0,0.000000,344995.000000,1.000000,550730591839.000000,2226324.000000
345000,8,185527,0.600000,1.000000,0.578380,1.000000,0.000000,0,0.000000,344969.000000,1.000000,550730591839.000000,2226324.000000
345000,9,185523,0.600000,1.000000,0.522993,1.000000,0.000000,0,0.000000,344936.000000,1.000000,550730591839.000000,2226324.000000
345000,10,185532,0.600000,1.000000,0.674621,1.000000,0.000000,1,309345.000000,345000.000000,1.000000,550730591839.000000,2226324.000000
345000,11,185531,0.600000,1.000000,0.683499,1.000000,0.000000,0,0.000000,344980.000000,1.000000,550730591839.000000,2226324.000000
345000,12,185531,0.600000,1.000000,0.627332,1.000000,0.000000,0,0.000000,344951.000000,1.000000,550730591839.000000,2226324.000000
345000,13,185528,0.600000,1.000000,0.550446,1.000000,0.000000,0,0.000000,344984.000000,1.000000,550730591839.000000,2226324.000000
345000,14,185519,0.600000,1.000000,0.497079,1.000000,0.000000,0,0.000000,344915.000000,1.000000,550730591839.000000,2226324.000000
345000,15,185531,0.600000,1.000000,0.688849,1.000000,0.000000,0,0.000000,344963.000000,1.000000,550730591839.000000,2226324.000000
346000,0,186067,0.600000,1.000000,0.708334,1.000000,0.000000,0,0.000000,345813.000000,1.000000,553919970870.000000,3721320.000000
346000,1,186057,0.600000,1.000000,0.513542,1.000000,0.000000,0,0.000000,345883.000000,1.000000,553919970870.000000,3721320.000000
346000,2,186065,0.600000,1.000000,0.586637,1.000000,0.000000,0,0.000000,345933.000000,1.000000,553919970870.000000,3721320.000000
346000,3,186068,0.600000,1.000000,0.765436,1.000000,0.000000,0,0.000000,345999.000000,1.000000,553919970870.000000,3721320.000000
346000,4,186069,0.600000,1.000000,0.664522,1.000000,0.000000,0,0.000000,345969.000000,1.000000,553919970870.000000,3721320.000000
346000,5,186067,0.600000,1.000000,0.618018,1.000000,0.000000,0,0.000000,345997.000000,1.000000,553919970870.000000,3721320.000000
346000,6,186059,0.600000,1.000000,0.545178,1.000000,0.000000,0,0.000000,345960.000000,1.000000,553919970870.000000,3721320.000000
346000,7,186060,0.600000,1.000000,0.588993,1.000000,0.000000,0,0.000000,345686.000000,1.000000,553919970870.000000,3721320.000000
346000,8,186068,0.600000,1.000000,0.685591,1.000000,0.000000,0,0.000000,345824.000000,1.000000,553919970870.000000,3721320.000000
346000,9,186061,0.600000,1.000000,0.642609,1.000000,0.000000,0,0.000000,345952.000000,1.000000,553919970870.000000,3721320.000000
346000,10,186067,0.600000,1.000000,0.708119,1.000000,0.000000,0,0.000000,345998.000000,1.000000,553919970870.000000,3721320.000000
346000,11,186066,0.600000,1.000000,0.655548,1.000000,0.000000,0,0.000000,345853.000000,1.000000,553919970870.000000,3721320.000000
346000,12,186068,0.600000,1.000000,0.659489,1.000000,0.000000,0,0.000000,345777.000000,1.000000,553919970870.000000,3721320.000000
346000,13,186067,0.600000,1.000000,0.706468,1.000000,0.000000,0,0.000000,345978.000000,1.000000,553919970870.000000,3721320.000000
346000,14,186055,0.600000,1.000000,0.685383,1.000000,0.000000,0,0.000000,345871.000000,1.000000,553919970870.000000,3721320.000000
346000,15,186068,0.600000,1.000000,0.712519,1.000000,0.000000,1,309365.000000,346000.000000,1.000000,553919970870.000000,3721320.000000
347000,0,186611,0.600000,1.000000,0.630267,1.000000,0.000000,0,0.000000,346875.000000,1.000000,557207384091.000000,4478782.000000
347000,1,186620,0.600000,1.000000,0.617399,1.000000,0.000000,0,0.000000,346988.000000,1.000000,557207384091.000000,4478782.000000
347000,2,186622,0.600000,1.000000,0.702776,1.000000,0.000000,1,310902.000000,347000.000000,1.000000,557207384091.000000,4478782.000000
347000,3,186621,0.600000,1.000000,0.722550,1.000000,0.000000,0,0.000000,346977.000000,1.000000,557207384091.000000,4478782.000000
347000,4,186613,0.600000,1.000000,0.638079,1.000000,0.000000,0,0.000000,346901.000000,1.000000,557207384091.000000,4478782.000000
347000,5,186620,0.600000,1.000000,0.528116,1.000000,0.000000,0,0.000000,346948.000000,1.000000,557207384091.000000,4478782.000000
347000,6,186620,0.600000,1.000000,0.702990,1.000000,0.000000,0,0.000000,346998.000000,1.000000,557207384091.000000,4478782.000000
347000,7,186614,0.600000,1.000000,0.595012,1.000000,0.000000,0,0.000000,346873.000000,1.000000,557207384091.000000,4478782.000000
347000,8,186614,0.600000,1.000000,0.644517,1.000000,0.000000,0,0.000000,346972.000000,1.000000,557207384091.000000,4478782.000000
347000,9,186621,0.600000,1.000000,0.620004,1.000000,0.000000,0,0.000000,346996.000000,1.000000,557207384091.000000,4478782.000000
347000,10,186604,0.600000,1.000000,0.530709,1.000000,0.000000,0,0.000000,346865.000000,1.000000,557207384091.000000,4478782.000000
347000,11,186619,0.600000,1.000000,0.621363,1.000000,0.000000,0,0.000000,346994.000000,1.000000,557207384091.000000,4478782.000000
347000,12,186610,0.600000,1.000000,0.539803,1.000000,0.000000,0,0.000000,346538.000000,1.000000,557207384091.000000,4478782.000000
347000,13,186621,0.600000,1.000000,0.742647,1.000000,0.000000,0,0.000000,346995.000000,1.000000,557207384091.000000,4478782.000000
347000,14,186606,0.600000,1.000000,0.604420,1.000000,0.000000,0,0.000000,345871.000000,1.000000,557207384091.000000,4478782.000000
347000,15,186617,0.600000,1.000000,0.702303,1.000000,0.000000,0,0.000000,346990.000000,1.000000,557207384091.000000,4478782.000000
348000,0,187155,0.600000,1.000000,0.727399,1.000000,0.000000,0,0.000000,347991.000000,1.000000,560425915518.000000,4117373.000000
348000,1,187150,0.600000,1.000000,0.577479,1.000000,0.000000,0,0.000000,347976.000000,1.000000,560425915518.000000,4117373.000000
348000,2,187156,0.600000,1.000000,0.689898,1.000000,0.000000,0,0.000000,347985.000000,1.000000,560425915518.000000,4117373.000000
348000,3,187155,0.600000,1.000000,0.594804,1.000000,0.000000,0,0.000000,347988.000000,1.000000,560425915518.000000,4117373.000000
348000,4,187154,0.600000,1.000000,0.655392,1.000000,0.000000,0,0.000000,347947.000000,1.000000,560425915518.000000,4117373.000000
348000,5,187152,0.600000,1.000000,0.618658,1.000000,0.000000,0,0.000000,347787.000000,1.000000,560425915518.000000,4117373.000000
348000,6,187156,0.600000,1.000000,0.715994,1.000000,0.000000,0,0.000000,347999.000000,1.000000,560425915518.000000,4117373.000000
348000,7,187154,0.600000,1.000000,0.712317,1.000000,0.000000,0,0.000000,347846.000000,1.000000,560425915518.000000,4117373.000000
348000,8,187155,0.600000,1.000000,0.721463,1.000000,0.000000,0,0.000000,347998.000000,1.000000,560425915518.000000,4117373.000000
348000,9,187156,0.600000,1.000000,0.713368,1.000000,0.000000,1,312484.000000,348000.000000,1.000000,560425915518.000000,4117373.000000
348000,10,187150,0.600000,1.000000,0.754579,1.000000,0.000000,0,0.000000,347849.000000,1.000000,560425915518.000000,4117373.000000
348000,11,187153,0.600000,1.000000,0.551597,1.000000,0.000000,0,0.000000,347973.000000,1.000000,560425915518.000000,4117373.000000
348000,12,187152,0.600000,1.000000,0.516463,1.000000,0.000000,0,0.000000,347909.000000,1.000000,560425915518.000000,4117373.000000
348000,13,187155,0.600000,1.000000,0.712370,1.000000,0.000000,0,0.000000,347993.000000,1.000000,560425915518.000000,4117373.000000
348000,14,187156,0.600000,1.000000,0.680948,1.000000,0.000000,0,0.000000,347997.000000,1.000000,560425915518.000000,4117373.000000
348000,15,187155,0.600000,1.000000,0.638353,1.000000,0.000000,0,0.000000,347992.000000,1.000000,560425915518.000000,4117373.000000
349000,0,187692,0.600000,1.000000,0.694574,1.000000,0.000000,0,0.000000,348988.000000,1.000000,563645082234.000000,2252298.000000
349000,1,187693,0.600000,1.000000,0.719367,1.000000,0.000000,0,0.000000,348987.000000,1.000000,563645082234.000000,2252298.000000
349000,2,187690,0.600000,1.000000,0.564061,1.000000,0.000000,0,0.000000,348940.000000,1.000000,563645082234.000000,2252298.000000
349000,3,187689,0.600000,1.000000,0.603248,1.000000,0.000000,0,0.000000,348912.000000,1.000000,563645082234.000000,2252298.000000
349000,4,187686,0.600000,1.000000,0.693498,1.000000,0.000000,0,0.000000,348896.000000,1.000000,563645082234.000000,2252298.000000
349000,5,187692,0.600000,1.000000,0.635725,1.000000,0.000000,0,0.000000,348993.000000,1.000000,563645082234.000000,2252298.000000
349000,6,187688,0.600000,1.000000,0.674555,1.000000,0.000000,0,0.000000,348984.000000,1.000000,563645082234.000000,2252298.000000
349000,7,187693,0.600000,1.000000,0.662959,1.000000,0.000000,1,313359.000000,349000.000000,1.000000,563645082234.000000,2252298.000000
349000,8,187689,0.600000,1.000000,0.602649,1.000000,0.000000,0,0.000000,348904.000000,1.000000,563645082234.000000,2252298.000000
349000,9,187692,0.600000,1.000000,0.713320,1.000000,0.000000,0,0.000000,348999.000000,1.000000,563645082234.000000,2252298.000000
349000,10,187693,0.600000,1.000000,0.561398,1.000000,0.000000,0,0.000000,348992.000000,1.000000,563645082234.000000,2252298.000000
349000,11,187692,0.600000,1.000000,0.789631,1.000000,0.000000,0,0.000000,348995.000000,1.000000,563645082234.000000,2252298.000000
349000,12,187692,0.600000,1.000000,0.598644,1.000000,0.000000,0,0.000000,348991.000000,1.000000,563645082234.000000,2252298.000000
349000,13,187690,0.600000,1.000000,0.704530,1.000000,0.000000,0,0.000000,348902.000000,1.000000,563645082234.000000,2252298.000000
349000,14,187692,0.600000,1.000000,0.639870,1.000000,0.000000,0,0.000000,348981.000000,1.000000,563645082234.000000,2252298.000000
349000,15,187689,0.600000,1.000000,0.610087,1.000000,0.000000,0,0.000000,348958.000000,1.000000,563645082234.000000,2252298.000000
350000,0,188230,0.600000,1.000000,0.627545,1.000000,0.000000,0,0.000000,349842.000000,1.000000,566912244137.000000,3388147.000000
350000,1,188239,0.600000,1.000000,0.705824,1.000000,0.000000,1,313371.000000,350000.000000,1.000000,566912244137.000000,3388147.000000
350000,2,188231,0.600000,1.000000,0.464606,1.000000,0.000000,0,0.000000,349936.000000,1.000000,566912244137.000000,3388147.000000
350000,3,188236,0.600000,1.000000,0.634402,1.000000,0.000000,0,0.000000,349793.000000,1.000000,566912244137.000000,3388147.000000
350000,4,188232,0.600000,1.000000,0.691936,1.000000,0.000000,0,0.000000,349856.000000,1.000000,566912244137.000000,3388147.000000
350000,5,188220,0.600000,1.000000,0.578029,1.000000,0.000000,0,0.000000,349854.000000,1.000000,566912244137.000000,3388147.000000
350000,6,188238,0.600000,1.000000,0.619545,1.000000,0.000000,0,0.000000,349874.000000,1.000000,566912244137.000000,3388147.000000
350000,7,188239,0.600000,1.000000,0.562840,1.000000,0.000000,0,0.000000,349994.000000,1.000000,566912244137.000000,3388147.000000
350000,8,188239,0.600000,1.000000,0.721454,1.000000,0.000000,0,0.000000,349999.000000,1.000000,566912244137.000000,3388147.000000
350000,9,188224,0.600000,1.000000,0.789205,1.000000,0.000000,0,0.000000,349404.000000,1.000000,566912244137.000000,3388147.000000
350000,10,188229,0.600000,1.000000,0.737226,1.000000,0.000000,0,0.000000,349704.000000,1.000000,566912244137.000000,3388147.000000
350000,11,188236,0.600000,1.000000,0.580026,1.000000,0.000000,0,0.000000,349980.000000,1.000000,566912244137.000000,3388147.000000
350000,12,188239,0.600000,1.000000,0.701447,1.000000,0.000000,0,0.000000,349998.000000,1.000000,566912244137.000000,3388147.000000
350000,13,188237,0.600000,1.000000,0.716583,1.000000,0.000000,0,0.000000,349991.000000,1.000000,566912244137.000000,3388147.000000
350000,14,188235,0.600000,1.000000,0.636454,1.000000,0.000000,0,0.000000,349964.000000,1.000000,566912244137.000000,3388147.000000
350000,15,188239,0.600000,1.000000,0.625368,1.000000,0.000000,0,0.000000,349983.000000,1.000000,566912244137.000000,3388147.000000
351000,0,188768,0.600000,1.000000,0.743614,1.000000,0.000000,0,0.000000,350988.000000,1.000000,570101258556.000000,3775266.000000
351000,1,188759,0.600000,1.000000,0.601754,1.000000,0.000000,0,0.000000,350940.000000,1.000000,570101258556.000000,3775266.000000
351000,2,188767,0.600000,1.000000,0.745576,1.000000,0.000000,0,0.000000,350997.000000,1.000000,570101258556.000000,3775266.000000
351000,3,188764,0.600000,1.000000,0.479485,1.000000,0.000000,0,0.000000,350962.000000,1.000000,570101258556.000000,3775266.000000
351000,4,188770,0.600000,1.000000,0.694331,1.000000,0.000000,1,314944.000000,351000.000000,1.000000,570101258556.000000,3775266.000000
351000,5,188762,0.600000,1.000000,0.722110,1.000000,0.000000,0,0.000000,350891.000000,1.000000,570101258556.000000,3775266.000000
351000,6,188766,0.600000,1.000000,0.678398,1.000000,0.000000,0,0.000000,350982.000000,1.000000,570101258556.000000,3775266.000000
351000,7,188753,0.600000,1.000000,0.520519,1.000000,0.000000,0,0.000000,350865.000000,1.000000,570101258556.000000,3775266.000000
351000,8,188760,0.600000,1.000000,0.615092,1.000000,0.000000,0,0.000000,350679.000000,1.000000,570101258556.000000,3775266.000000
351000,9,188769,0.600000,1.000000,0.696296,1.000000,0.000000,0,0.000000,350995.000000,1.000000,570101258556.000000,3775266.000000
351000,10,188768,0.600000,1.000000,0.794940,1.000000,0.000000,0,0.000000,350960.000000,1.000000,570101258556.000000,3775266.000000
351000,11,188767,0.600000,1.000000,0.529010,1.000000,0.000000,0,0.000000,350991.000000,1.000000,570101258556.000000,3775266.000000
351000,12,188737,0.600000,1.000000,0.520690,1.000000,0.000000,0,0.000000,350667.000000,1.000000,570101258556.000000,3775266.000000
351000,13,188765,0.600000,1.000000,0.665566,1.000000,0.000000,0,0.000000,350956.000000,1.000000,570101258556.000000,3775266.000000
351000,14,188767,0.600000,1.000000,0.716083,1.000000,0.000000,0,0.000000,350993.000000,1.000000,570101258556.000000,3775266.000000
351000,15,188760,0.600000,1.000000,0.602715,1.000000,0.000000,0,0.000000,350942.000000,1.000000,570101258556.000000,3775266.000000
352000,0,189295,0.600000,1.000000,0.739086,1.000000,0.000000,1,314506.000000,352000.000000,1.000000,573292401671.000000,4921515.000000
352000,1,189293,0.600000,1.000000,0.623940,1.000000,0.000000,0,0.000000,351940.000000,1.000000,573292401671.000000,4921515.000000
352000,2,189294,0.600000,1.000000,0.812079,1.000000,0.000000,0,0.000000,351212.000000,1.000000,573292401671.000000,4921515.000000
352000,3,189288,0.600000,1.000000,0.822789,1.000000,0.000000,0,0.000000,351990.000000,1.000000,573292401671.000000,4921515.000000
352000,4,189282,0.600000,1.000000,0.781215,1.000000,0.000000,0,0.000000,351729.000000,1.000000,573292401671.000000,4921515.000000
352000,5,189294,0.600000,1.000000,0.722452,1.000000,0.000000,0,0.000000,351868.000000,1.000000,573292401671.000000,4921515.000000
352000,6,189284,0.600000,1.000000,0.564307,1.000000,0.000000,0,0.000000,351831.000000,1.000000,573292401671.000000,4921515.000000
352000,7,189293,0.600000,1.000000,0.670364,1.000000,0.000000,0,0.000000,351991.000000,1.000000,573292401671.000000,4921515.000000
352000,8,189288,0.600000,1.000000,0.741525,1.000000,0.000000,0,0.000000,351859.000000,1.000000,573292401671.000000,4921515.000000
352000,9,189293,0.600000,1.000000,0.665976,1.000000,0.000000,0,0.000000,351958.000000,1.000000,573292401671.000000,4921515.000000
352000,10,189293,0.600000,1.000000,0.678085,1.000000,0.000000,0,0.000000,351995.000000,1.000000,573292401671.000000,4921515.000000
352000,11,189294,0.600000,1.000000,0.639917,1.000000,0.000000,0,0.000000,351998.000000,1.000000,573292401671.000000,4921515.000000
352000,12,189291,0.600000,1.000000,0.674907,1.000000,0.000000,0,0.000000,351965.000000,1.000000,573292401671.000000,4921515.000000
352000,13,189288,0.600000,1.000000,0.627311,1.000000,0.000000,0,0.000000,351966.000000,1.000000,573292401671.000000,4921515.000000
352000,14,189280,0.600000,1.000000,0.666424,1.000000,0.000000,0,0.000000,351482.000000,1.000000,573292401671.000000,4921515.000000
352000,15,189293,0.600000,1.000000,0.618760,1.000000,0.000000,0,0.000000,351993.000000,1.000000,573292401671.000000,4921515.000000
353000,0,189816,0.600000,1.000000,0.518059,1.000000,0.000000,0,0.000000,352976.000000,1.000000,576492451622.000000,1518516.000000
353000,1,189821,0.600000,1.000000,0.751300,1.000000,0.000000,0,0.000000,352998.000000,1.000000,576492451622.000000,1518516.000000
353000,2,189814,0.600000,1.000000,0.593068,1.000000,0.000000,0,0.000000,352906.000000,1.000000,576492451622.000000,1518516.000000
353000,3,189817,0.600000,1.000000,0.551411,1.000000,0.000000,0,0.000000,352973.000000,1.000000,576492451622.000000,1518516.000000
353000,4,189821,0.600000,1.000000,0.666630,1.000000,0.000000,0,0.000000,352993.000000,1.000000,576492451622.000000,1518516.000000
353000,5,189810,0.600000,1.000000,0.620559,1.000000,0.000000,0,0.000000,352974.000000,1.000000,576492451622.000000,1518516.000000
353000,6,189815,0.600000,1.000000,0.750767,1.000000,0.000000,0,0.000000,352274.000000,1.000000,576492451622.000000,1518516.000000
353000,7,189820,0.600000,1.000000,0.595783,1.000000,0.000000,0,0.000000,352975.000000,1.000000,576492451622.000000,1518516.000000
353000,8,189821,0.600000,1.000000,0.692465,1.000000,0.000000,1,316067.000000,353000.000000,1.000000,576492451622.000000,1518516.000000
353000,9,189820,0.600000,1.000000,0.609138,1.000000,0.000000,0,0.000000,352945.000000,1.000000,576492451622.000000,1518516.000000
353000,10,189816,0.600000,1.000000,0.560558,1.000000,0.000000,0,0.000000,352959.000000,1.000000,576492451622.000000,1518516.000000
353000,11,189821,0.600000,1.000000,0.732792,1.000000,0.000000,0,0.000000,352984.000000,1.000000,576492451622.000000,1518516.000000
353000,12,189814,0.600000,1.000000,0.623107,1.000000,0.000000,0,0.000000,352928.000000,1.000000,576492451622.000000,1518516.000000
353000,13,189822,0.600000,1.000000,0.653023,1.000000,0.000000,0,0.000000,352999.000000,1.000000,576492451622.000000,1518516.000000
353000,14,189816,0.600000,1.000000,0.608548,1.000000,0.000000,0,0.000000,352804.000000,1.000000,576492451622.000000,1518516.000000
353000,15,189820,0.600000,1.000000,0.707082,1.000000,0.000000,0,0.000000,352994.000000,1.000000,576492451622.000000,1518516.000000
354000,0,190359,0.600000,1.000000,0.605089,1.000000,0.000000,0,0.000000,353961.000000,1.000000,579769934549.000000,2664985.000000
354000,1,190358,0.600000,1.000000,0.556879,1.000000,0.000000,0,0.000000,353945.000000,1.000000,579769934549.000000,2664985.000000
354000,2,190351,0.600000,1.000000,0.706318,1.000000,0.000000,0,0.000000,353721.000000,1.000000,579769934549.000000,2664985.000000
354000,3,190359,0.600000,1.000000,0.668983,1.000000,0.000000,0,0.000000,353989.000000,1.000000,579769934549.000000,2664985.000000
354000,4,190354,0.600000,1.000000,0.563012,1.000000,0.000000,0,0.000000,353964.000000,1.000000,579769934549.000000,2664985.000000
354000,5,190360,0.600000,1.000000,0.705497,1.000000,0.000000,0,0.000000,353998.000000,1.000000,579769934549.000000,2664985.000000
354000,6,190361,0.600000,1.000000,0.589182,1.000000,0.000000,0,0.000000,353997.000000,1.000000,579769934549.000000,2664985.000000
354000,7,190347,0.600000,1.000000,0.558642,1.000000,0.000000,0,0.000000,353748.000000,1.000000,579769934549.000000,2664985.000000
354000,8,190361,0.600000,1.000000,0.748366,1.000000,0.000000,1,316959.000000,354000.000000,1.000000,579769934549.000000,2664985.000000
354000,9,190361,0.600000,1.000000,0.582677,1.000000,0.000000,0,0.000000,353996.000000,1.000000,579769934549.000000,2664985.000000
354000,10,190358,0.600000,1.000000,0.643817,1.000000,0.000000,0,0.000000,353992.000000,1.000000,579769934549.000000,2664985.000000
354000,11,190358,0.600000,1.000000,0.578989,1.000000,0.000000,0,0.000000,353816.000000,1.000000,579769934549.000000,2664985.000000
354000,12,190346,0.600000,1.000000,0.594035,1.000000,0.000000,0,0.000000,353819.000000,1.000000,579769934549.000000,2664985.000000
354000,13,190359,0.600000,1.000000,0.621332,1.000000,0.000000,0,0.000000,353981.000000,1.000000,579769934549.000000,2664985.000000
354000,14,190360,0.600000,1.000000,0.702866,1.000000,0.000000,0,0.000000,353994.000000,1.000000,579769934549.000000,2664985.000000
354000,15,190353,0.600000,1.000000,0.560786,1.000000,0.000000,0,0.000000,353958.000000,1.000000,579769934549.000000,2664985.000000
355000,0,190891,0.600000,1.000000,0.655679,1.000000,0.000000,0,0.000000,354981.000000,1.000000,583029982482.000000,1908901.000000
355000,1,190893,0.600000,1.000000,0.643888,1.000000,0.000000,0,0.000000,354993.000000,1.000000,583029982482.000000,1908901.000000
355000,2,190894,0.600000,1.000000,0.646823,1.000000,0.000000,0,0.000000,354976.000000,1.000000,583029982482.000000,1908901.000000
355000,3,190895,0.600000,1.000000,0.735023,1.000000,0.000000,0,0.000000,354999.000000,1.000000,583029982482.000000,1908901.000000
355000,4,190880,0.600000,1.000000,0.625371,1.000000,0.000000,0,0.000000,354714.000000,1.000000,583029982482.000000,1908901.000000
355000,5,190889,0.600000,1.000000,0.702875,1.000000,0.000000,0,0.000000,354914.000000,1.000000,583029982482.000000,1908901.000000
355000,6,190887,0.600000,1.000000,0.589229,1.000000,0.000000,0,0.000000,354893.000000,1.000000,583029982482.000000,1908901.000000
355000,7,190894,0.600000,1.000000,0.794357,1.000000,0.000000,0,0.000000,354998.000000,1.000000,583029982482.000000,1908901.000000
355000,8,190883,0.600000,1.000000,0.643468,1.000000,0.000000,0,0.000000,354927.000000,1.000000,583029982482.000000,1908901.000000
355000,9,190894,0.600000,1.000000,0.743434,1.000000,0.000000,0,0.000000,354995.000000,1.000000,583029982482.000000,1908901.000000
355000,10,190895,0.600000,1.000000,0.677438,1.000000,0.000000,0,0.000000,354990.000000,1.000000,583029982482.000000,1908901.000000
355000,11,190883,0.600000,1.000000,0.573123,1.000000,0.000000,0,0.000000,354599.000000,1.000000,583029982482.000000,1908901.000000
355000,12,190895,0.600000,1.000000,0.626856,1.000000,0.000000,0,0.000000,354987.000000,1.000000,583029982482.000000,1908901.000000
355000,13,190893,0.600000,1.000000,0.644459,1.000000,0.000000,0,0.000000,354962.000000,1.000000,583029982482.000000,1908901.000000
355000,14,190894,0.600000,1.000000,0.658218,1.000000,0.000000,0,0.000000,354948.000000,1.000000,583029982482.000000,1908901.000000
355000,15,190896,0.600000,1.000000,0.645958,1.000000,0.000000,1,317574.000000,355000.000000,1.000000,583029982482.000000,1908901.000000
356000,0,191429,0.600000,1.000000,0.662681,1.000000,0.000000,0,0.000000,355988.000000,1.000000,586317164474.000000,5359974.000000
356000,1,191430,0.600000,1.000000,0.761048,1.000000,0.000000,0,0.000000,355995.000000,1.000000,586317164474.000000,5359974.000000
356000,2,191431,0.600000,1.000000,0.689773,1.000000,0.000000,0,0.000000,355983.000000,1.000000,586317164474.000000,5359974.000000
356000,3,191429,0.600000,1.000000,0.678185,1.000000,0.000000,0,0.000000,355949.000000,1.000000,586317164474.000000,5359974.000000
356000,4,191432,0.600000,1.000000,0.558340,1.000000,0.000000,0,0.000000,355981.000000,1.000000,586317164474.000000,5359974.000000
356000,5,191432,0.600000,1.000000,0.794196,1.000000,0.000000,0,0.000000,355999.000000,1.000000,586317164474.000000,5359974.000000
356000,6,191426,0.600000,1.000000,0.653633,1.000000,0.000000,0,0.000000,355831.000000,1.000000,586317164474.000000,5359974.000000
356000,7,191411,0.600000,1.000000,0.511173,1.000000,0.000000,0,0.000000,355797.000000,1.000000,586317164474.000000,5359974.000000
356000,8,191432,0.600000,1.000000,0.691521,1.000000,0.000000,0,0.000000,355997.000000,1.000000,586317164474.000000,5359974.000000
356000,9,191428,0.600000,1.000000,0.606559,1.000000,0.000000,0,0.000000,355655.000000,1.000000,586317164474.000000,5359974.000000
356000,10,191431,0.600000,1.000000,0.821256,1.000000,0.000000,1,319166.000000,356000.000000,1.000000,586317164474.000000,5359974.000000
356000,11,191426,0.600000,1.000000,0.655538,1.000000,0.000000,0,0.000000,355734.000000,1.000000,586317164474.000000,5359974.000000
356000,12,191432,0.600000,1.000000,0.758272,1.000000,0.000000,0,0.000000,355998.000000,1.000000,586317164474.000000,5359974.000000
356000,13,191429,0.600000,1.000000,0.567341,1.000000,0.000000,0,0.000000,355913.000000,1.000000,586317164474.000000,5359974.000000
356000,14,191426,0.600000,1.000000,0.573458,1.000000,0.000000,0,0.000000,355925.000000,1.000000,586317164474.000000,5359974.000000
356000,15,191430,0.600000,1.000000,0.734117,1.000000,0.000000,0,0.000000,355990.000000,1.000000,586317164474.000000,5359974.000000
357000,0,191968,0.600000,1.000000,0.732114,1.000000,0.000000,0,0.000000,356844.000000,1.000000,589613971065.000000,1151799.000000
357000,1,191952,0.600000,1.000000,0.660694,1.000000,0.000000,0,0.000000,356798.000000,1.000000,589613971065.000000,1151799.000000
357000,2,191968,0.600000,1.000000,0.726987,1.000000,0.000000,1,320041.000000,357000.000000,1.000000,589613971065.000000,1151799.000000
357000,3,191968,0.600000,1.000000,0.567227,1.000000,0.000000,0,0.000000,356987.000000,1.000000,589613971065.000000,1151799.000000
357000,4,191964,0.600000,1.000000,0.629685,1.000000,0.000000,0,0.000000,356938.000000,1.000000,589613971065.000000,1151799.000000
357000,5,191969,0.600000,1.000000,0.654735,1.000000,0.000000,0,0.000000,356790.000000,1.000000,589613971065.000000,1151799.000000
357000,6,191964,0.600000,1.000000,0.627438,1.000000,0.000000,0,0.000000,356971.000000,1.000000,589613971065.000000,1151799.000000
357000,7,191968,0.600000,1.000000,0.648353,1.000000,0.000000,0,0.000000,356975.000000,1.000000,589613971065.000000,1151799.000000
357000,8,191969,0.600000,1.000000,0.702742,1.000000,0.000000,0,0.000000,356997.000000,1.000000,589613971065.000000,1151799.000000
357000,9,191968,0.600000,1.000000,0.573760,1.000000,0.000000,0,0.000000,356988.000000,1.000000,589613971065.000000,1151799.000000
357000,10,191969,0.600000,1.000000,0.680254,1.000000,0.000000,0,0.000000,356998.000000,1.000000,589613971065.000000,1151799.000000
357000,11,191969,0.600000,1.000000,0.604491,1.000000,0.000000,0,0.000000,356999.000000,1.000000,589613971065.000000,1151799.000000
357000,12,191967,0.600000,1.000000,0.609990,1.000000,0.000000,0,0.000000,356939.000000,1.000000,589613971065.000000,1151799.000000
357000,13,191968,0.600000,1.000000,0.555201,1.000000,0.000000,0,0.000000,356979.000000,1.000000,589613971065.000000,1151799.000000
357000,14,191966,0.600000,1.000000,0.620714,1.000000,0.000000,0,0.000000,356980.000000,1.000000,589613971065.000000,1151799.000000
357000,15,191956,0.600000,1.000000,0.669138,1.000000,0.000000,0,0.000000,356839.000000,1.000000,589613971065.000000,1151799.000000
358000,0,192507,0.600000,1.000000,0.561870,1.000000,0.000000,0,0.000000,357986.000000,1.000000,592926950566.000000,2695051.000000
358000,1,192507,0.600000,1.000000,0.588724,1.000000,0.000000,0,0.000000,357880.000000,1.000000,592926950566.000000,2695051.000000
358000,2,192505,0.600000,1.000000,0.677847,1.000000,0.000000,0,0.000000,357989.000000,1.000000,592926950566.000000,2695051.000000
358000,3,192502,0.600000,1.000000,0.653005,1.000000,0.000000,0,0.000000,357835.000000,1.000000,592926950566.000000,2695051.000000
358000,4,192508,0.600000,1.000000,0.723663,1.000000,0.000000,0,0.000000,357998.000000,1.000000,592926950566.000000,2695051.000000
358000,5,192491,0.600000,1.000000,0.606734,1.000000,0.000000,0,0.000000,357832.000000,1.000000,592926950566.000000,2695051.000000
358000,6,192502,0.600000,1.000000,0.689608,1.000000,0.000000,0,0.000000,357819.000000,1.000000,592926950566.000000,2695051.000000
358000,7,192506,0.600000,1.000000,0.575835,1.000000,0.000000,0,0.000000,357987.000000,1.000000,592926950566.000000,2695051.000000
358000,8,192504,0.600000,1.000000,0.530012,1.000000,0.000000,0,0.000000,357939.000000,1.000000,592926950566.000000,2695051.000000
358000,9,192507,0.600000,1.000000,0.668743,1.000000,0.000000,0,0.000000,357994.000000,1.000000,592926950566.000000,2695051.000000
358000,10,192508,0.600000,1.000000,0.672136,1.000000,0.000000,1,320973.000000,358000.000000,1.000000,592926950566.000000,2695051.000000
358000,11,192508,0.600000,1.000000,0.630009,1.000000,0.000000,0,0.000000,357969.000000,1.000000,592926950566.000000,2695051.000000
358000,12,192504,0.600000,1.000000,0.627492,1.000000,0.000000,0,0.000000,357990.000000,1.000000,592926950566.000000,2695051.000000
358000,13,192502,0.600000,1.000000,0.570950,1.000000,0.000000,0,0.000000,357748.000000,1.000000,592926950566.000000,2695051.000000
358000,14,192505,0.600000,1.000000,0.714984,1.000000,0.000000,0,0.000000,357991.000000,1.000000,592926950566.000000,2695051.000000
358000,15,192504,0.600000,1.000000,0.699933,1.000000,0.000000,0,0.000000,357982.000000,1.000000,592926950566.000000,2695051.000000
359000,0,193024,0.600000,1.000000,0.577726,1.000000,0.000000,0,0.000000,358537.000000,1.000000,596321412924.000000,4247137.000000
359000,1,193051,0.600000,1.000000,0.628496,1.000000,0.000000,0,0.000000,358729.000000,1.000000,596321412924.000000,4247137.000000
359000,2,193059,0.600000,1.000000,0.622616,1.000000,0.000000,0,0.000000,358981.000000,1.000000,596321412924.000000,4247137.000000
359000,3,193051,0.600000,1.000000,0.478041,1.000000,0.000000,0,0.000000,358922.000000,1.000000,596321412924.000000,4247137.000000
359000,4,193052,0.600000,1.000000,0.623285,1.000000,0.000000,0,0.000000,358816.000000,1.000000,596321412924.000000,4247137.000000
359000,5,193060,0.600000,1.000000,0.637839,1.000000,0.000000,0,0.000000,358994.000000,1.000000,596321412924.000000,4247137.000000
359000,6,193059,0.600000,1.000000,0.713645,1.000000,0.000000,0,0.000000,358998.000000,1.000000,596321412924.000000,4247137.000000
359000,7,193061,0.600000,1.000000,0.692719,1.000000,0.000000,0,0.000000,358997.000000,1.000000,596321412924.000000,4247137.000000
359000,8,193056,0.600000,1.000000,0.558562,1.000000,0.000000,0,0.000000,358938.000000,1.000000,596321412924.000000,4247137.000000
359000,9,193053,0.600000,1.000000,0.655292,1.000000,0.000000,0,0.000000,358757.000000,1.000000,596321412924.000000,4247137.000000
359000,10,193061,0.600000,1.000000,0.763125,1.000000,0.000000,1,321867.000000,359000.000000,1.000000,596321412924.000000,4247137.000000
359000,11,193054,0.600000,1.000000,0.546265,1.000000,0.000000,0,0.000000,358890.000000,1.000000,596321412924.000000,4247137.000000
359000,12,193058,0.600000,1.000000,0.597565,1.000000,0.000000,0,0.000000,358957.000000,1.000000,596321412924.000000,4247137.000000
359000,13,193057,0.600000,1.000000,0.588525,1.000000,0.000000,0,0.000000,358989.000000,1.000000,596321412924.000000,4247137.000000
359000,14,193060,0.600000,1.000000,0.612022,1.000000,0.000000,0,0.000000,358999.000000,1.000000,596321412924.000000,4247137.000000
359000,15,193058,0.600000,1.000000,0.833996,1.000000,0.000000,0,0.000000,358873.000000,1.000000,596321412924.000000,4247137.000000
360000,0,193595,0.600000,1.000000,0.741004,1.000000,0.000000,0,0.000000,359999.000000,1.000000,599646573948.000000,3097498.000000
360000,1,193593,0.600000,1.000000,0.538724,1.000000,0.000000,0,0.000000,359988.000000,1.000000,599646573948.000000,3097498.000000
360000,2,193593,0.600000,1.000000,0.689634,1.000000,0.000000,0,0.000000,359979.000000,1.000000,599646573948.000000,3097498.000000
360000,3,193592,0.600000,1.000000,0.545235,1.000000,0.000000,0,0.000000,359986.000000,1.000000,599646573948.000000,3097498.000000
360000,4,193591,0.600000,1.000000,0.540980,1.000000,0.000000,0,0.000000,359990.000000,1.000000,599646573948.000000,3097498.000000
360000,5,193593,0.600000,1.000000,0.694755,1.000000,0.000000,0,0.000000,359989.000000,1.000000,599646573948.000000,3097498.000000
360000,6,193593,0.600000,1.000000,0.634782,1.000000,0.000000,0,0.000000,359942.000000,1.000000,599646573948.000000,3097498.000000
360000,7,193590,0.600000,1.000000,0.685743,1.000000,0.000000,0,0.000000,359814.000000,1.000000,599646573948.000000,3097498.000000
360000,8,193590,0.600000,1.000000,0.683610,1.000000,0.000000,0,0.000000,359730.000000,1.000000,599646573948.000000,3097498.000000
360000,9,193595,0.600000,1.000000,0.689097,1.000000,0.000000,0,0.000000,359992.000000,1.000000,599646573948.000000,3097498.000000
360000,10,193595,0.600000,1.000000,0.630393,1.000000,0.000000,0,0.000000,359998.000000,1.000000,599646573948.000000,3097498.000000
360000,11,193589,0.600000,1.000000,0.551544,1.000000,0.000000,0,0.000000,359975.000000,1.000000,599646573948.000000,3097498.000000
360000,12,193591,0.600000,1.000000,0.702496,1.000000,0.000000,0,0.000000,359378.000000,1.000000,599646573948.000000,3097498.000000
360000,13,193583,0.600000,1.000000,0.752875,1.000000,0.000000,0,0.000000,359838.000000,1.000000,599646573948.000000,3097498.000000
360000,14,193595,0.600000,1.000000,0.735826,1.000000,0.000000,1,322693.000000,360000.000000,1.000000,599646573948.000000,3097498.000000
360000,15,193596,0.600000,1.000000,0.671852,1.000000,0.000000,0,0.000000,359980.000000,1.000000,599646573948.000000,3097498.000000
361000,0,194137,0.600000,1.000000,0.712266,1.000000,0.000000,1,322470.000000,361000.000000,1.000000,603004665149.000000,3106134.000000
361000,1,194137,0.600000,1.000000,0.713796,1.000000,0.000000,0,0.000000,360999.000000,1.000000,603004665149.000000,3106134.000000
361000,2,194134,0.600000,1.000000,0.624751,1.000000,0.000000,0,0.000000,360966.000000,1.000000,603004665149.000000,3106134.000000
361000,3,194122,0.600000,1.000000,0.690599,1.000000,0.000000,0,0.000000,360728.000000,1.000000,603004665149.000000,3106134.000000
361000,4,194136,0.600000,1.000000,0.762409,1.000000,0.000000,0,0.000000,360998.000000,1.000000,603004665149.000000,3106134.000000
361000,5,194130,0.600000,1.000000,0.628304,1.000000,0.000000,0,0.000000,360955.000000,1.000000,603004665149.000000,3106134.000000
361000,6,194129,0.600000,1.000000,0.666558,1.000000,0.000000,0,0.000000,360810.000000,1.000000,603004665149.000000,3106134.000000
361000,7,194132,0.600000,1.000000,0.716498,1.000000,0.000000,0,0.000000,360812.000000,1.000000,603004665149.000000,3106134.000000
361000,8,194137,0.600000,1.000000,0.693103,1.000000,0.000000,0,0.000000,360986.000000,1.000000,603004665149.000000,3106134.000000
361000,9,194138,0.600000,1.000000,0.639006,1.000000,0.000000,0,0.000000,360901.000000,1.000000,603004665149.000000,3106134.000000
361000,10,194133,0.600000,1.000000,0.723282,1.000000,0.000000,0,0.000000,360984.000000,1.000000,603004665149.000000,3106134.000000
361000,11,194135,0.600000,1.000000,0.677864,1.000000,0.000000,0,0.000000,360972.000000,1.000000,603004665149.000000,3106134.000000
361000,12,194133,0.600000,1.000000,0.802669,1.000000,0.000000,0,0.000000,360994.000000,1.000000,603004665149.000000,3106134.000000
361000,13,194137,0.600000,1.000000,0.680921,1.000000,0.000000,0,0.000000,360996.000000,1.000000,603004665149.000000,3106134.000000
361000,14,194135,0.600000,1.000000,0.768310,1.000000,0.000000,0,0.000000,360995.000000,1.000000,603004665149.000000,3106134.000000
361000,15,194130,0.600000,1.000000,0.634672,1.000000,0.000000,0,0.000000,360892.000000,1.000000,603004665149.000000,3106134.000000
362000,0,194679,0.600000,1.000000,0.546971,1.000000,0.000000,0,0.000000,361975.000000,1.000000,606401723848.000000,1168063.000000
362000,1,194685,0.600000,1.000000,0.796661,1.000000,0.000000,0,0.000000,361998.000000,1.000000,606401723848.000000,1168063.000000
362000,2,194676,0.600000,1.000000,0.713313,1.000000,0.000000,0,0.000000,361861.000000,1.000000,606401723848.000000,1168063.000000
362000,3,194672,0.600000,1.000000,0.613957,1.000000,0.000000,0,0.000000,361743.000000,1.000000,606401723848.000000,1168063.000000
362000,4,194674,0.600000,1.000000,0.641544,1.000000,0.000000,0,0.000000,361798.000000,1.000000,606401723848.000000,1168063.000000
362000,5,194686,0.600000,1.000000,0.777574,1.000000,0.000000,1,324288.000000,362000.000000,1.000000,606401723848.000000,1168063.000000
362000,6,194684,0.600000,1.000000,0.650528,1.000000,0.000000,0,0.000000,361976.000000,1.000000,606401723848.000000,1168063.000000
362000,7,194679,0.600000,1.000000,0.811662,1.000000,0.000000,0,0.000000,361873.000000,1.000000,606401723848.000000,1168063.000000
362000,8,194685,0.600000,1.000000,0.733051,1.000000,0.000000,0,0.000000,361984.000000,1.000000,606401723848.000000,1168063.000000
362000,9,194671,0.600000,1.000000,0.570152,1.000000,0.000000,0,0.000000,361891.000000,1.000000,606401723848.000000,1168063.000000
362000,10,194681,0.600000,1.000000,0.792118,1.000000,0.000000,0,0.000000,361991.000000,1.000000,606401723848.000000,1168063.000000
362000,11,194678,0.600000,1.000000,0.657946,1.000000,0.000000,0,0.000000,361979.000000,1.000000,606401723848.000000,1168063.000000
362000,12,194678,0.600000,1.000000,0.721101,1.000000,0.000000,0,0.000000,361965.000000,1.000000,606401723848.000000,1168063.000000
362000,13,194679,0.600000,1.000000,0.656124,1.000000,0.000000,0,0.000000,361855.000000,1.000000,606401723848.000000,1168063.000000
362000,14,194684,0.600000,1.000000,0.752267,1.000000,0.000000,0,0.000000,361996.000000,1.000000,606401723848.000000,1168063.000000
362000,15,194681,0.600000,1.000000,0.702269,1.000000,0.000000,0,0.000000,361940.000000,1.000000,606401723848.000000,1168063.000000
363000,0,195221,0.600000,1.000000,0.659479,1.000000,0.000000,0,0.000000,362988.000000,1.000000,609788411430.000000,5466252.000000
363000,1,195227,0.600000,1.000000,0.692996,1.000000,0.000000,0,0.000000,362998.000000,1.000000,609788411430.000000,5466252.000000
363000,2,195219,0.600000,1.000000,0.532683,1.000000,0.000000,0,0.000000,362973.000000,1.000000,609788411430.000000,5466252.000000
363000,3,195226,0.600000,1.000000,0.756174,1.000000,0.000000,1,326200.000000,363000.000000,1.000000,609788411430.000000,5466252.000000
363000,4,195222,0.600000,1.000000,0.653964,1.000000,0.000000,0,0.000000,362971.000000,1.000000,609788411430.000000,5466252.000000
363000,5,195226,0.600000,1.000000,0.712222,1.000000,0.000000,0,0.000000,362997.000000,1.000000,609788411430.000000,5466252.000000
363000,6,195216,0.600000,1.000000,0.659613,1.000000,0.000000,0,0.000000,362850.000000,1.000000,609788411430.000000,5466252.000000
363000,7,195221,0.600000,1.000000,0.702115,1.000000,0.000000,0,0.000000,362950.000000,1.000000,609788411430.000000,5466252.000000
363000,8,195219,0.600000,1.000000,0.665512,1.000000,0.000000,0,0.000000,362934.000000,1.000000,609788411430.000000,5466252.000000
363000,9,195219,0.600000,1.000000,0.625629,1.000000,0.000000,0,0.000000,362938.000000,1.000000,609788411430.000000,5466252.000000
363000,10,195227,0.600000,1.000000,0.651382,1.000000,0.000000,0,0.000000,362972.000000,1.000000,609788411430.000000,5466252.000000
363000,11,195227,0.600000,1.000000,0.720622,1.000000,0.000000,0,0.000000,362978.000000,1.000000,609788411430.000000,5466252.000000
363000,12,195218,0.600000,1.000000,0.617816,1.000000,0.000000,0,0.000000,362829.000000,1.000000,609788411430.000000,5466252.000000
363000,13,195219,0.600000,1.000000,0.666970,1.000000,0.000000,0,0.000000,362937.000000,1.000000,609788411430.000000,5466252.000000
363000,14,195226,0.600000,1.000000,0.776497,1.000000,0.000000,0,0.000000,362996.000000,1.000000,609788411430.000000,5466252.000000
363000,15,195225,0.600000,1.000000,0.681564,1.000000,0.000000,0,0.000000,362995.000000,1.000000,609788411430.000000,5466252.000000
364000,0,195751,0.600000,1.000000,0.646854,1.000000,0.000000,0,0.000000,363968.000000,1.000000,613100353755.000000,4698052.000000
364000,1,195745,0.600000,1.000000,0.564390,1.000000,0.000000,0,0.000000,363895.000000,1.000000,613100353755.000000,4698052.000000
364000,2,195752,0.600000,1.000000,0.557992,1.000000,0.000000,0,0.000000,363970.000000,1.000000,613100353755.000000,4698052.000000
364000,3,195755,0.600000,1.000000,0.655716,1.000000,0.000000,0,0.000000,363956.000000,1.000000,613100353755.000000,4698052.000000
364000,4,195757,0.600000,1.000000,0.754677,1.000000,0.000000,0,0.000000,363999.000000,1.000000,613100353755.000000,4698052.000000
364000,5,195749,0.600000,1.000000,0.610547,1.000000,0.000000,0,0.000000,363959.000000,1.000000,613100353755.000000,4698052.000000
364000,6,195756,0.600000,1.000000,0.732225,1.000000,0.000000,0,0.000000,363998.000000,1.000000,613100353755.000000,4698052.000000
364000,7,195747,0.600000,1.000000,0.749551,1.000000,0.000000,0,0.000000,363809.000000,1.000000,613100353755.000000,4698052.000000
364000,8,195746,0.600000,1.000000,0.749947,1.000000,0.000000,0,0.000000,363626.000000,1.000000,613100353755.000000,4698052.000000
364000,9,195757,0.600000,1.000000,0.632923,1.000000,0.000000,1,326812.000000,364000.000000,1.000000,613100353755.000000,4698052.000000
364000,10,195750,0.600000,1.000000,0.652288,1.000000,0.000000,0,0.000000,363981.000000,1.000000,613100353755.000000,4698052.000000
364000,11,195752,0.600000,1.000000,0.494744,1.000000,0.000000,0,0.000000,363969.000000,1.000000,613100353755.000000,4698052.000000
364000,12,195753,0.600000,1.000000,0.678508,1.000000,0.000000,0,0.000000,363990.000000,1.000000,613100353755.000000,4698052.000000
364000,13,195753,0.600000,1.000000,0.694064,1.000000,0.000000,0,0.000000,363995.000000,1.000000,613100353755.000000,4698052.000000
364000,14,195753,0.600000,1.000000,0.611366,1.000000,0.000000,0,0.000000,363976.000000,1.000000,613100353755.000000,4698052.000000
364000,15,195753,0.600000,1.000000,0.594336,1.000000,0.000000,0,0.000000,363988.000000,1.000000,613100353755.000000,4698052.000000
365000,0,196276,0.600000,1.000000,0.549869,1.000000,0.000000,0,0.000000,364998.000000,1.000000,616378084766.000000,3925498.000000
365000,1,196275,0.600000,1.000000,0.638055,1.000000,0.000000,0,0.000000,364863.000000,1.000000,616378084766.000000,3925498.000000
365000,2,196276,0.600000,1.000000,0.517419,1.000000,0.000000,0,0.000000,364978.000000,1.000000,616378084766.000000,3925498.000000
365000,3,196259,0.600000,1.000000,0.599825,1.000000,0.000000,0,0.000000,364578.000000,1.000000,616378084766.000000,3925498.000000
365000,4,196274,0.600000,1.000000,0.757819,1.000000,0.000000,0,0.000000,364993.000000,1.000000,616378084766.000000,3925498.000000
365000,5,196275,0.600000,1.000000,0.613772,1.000000,0.000000,0,0.000000,364840.000000,1.000000,616378084766.000000,3925498.000000
365000,6,196277,0.600000,1.000000,0.605034,1.000000,0.000000,1,326905.000000,365000.000000,1.000000,616378084766.000000,3925498.000000
365000,7,196276,0.600000,1.000000,0.572921,1.000000,0.000000,0,0.000000,364958.000000,1.000000,616378084766.000000,3925498.000000
365000,8,196275,0.600000,1.000000,0.736360,1.000000,0.000000,0,0.000000,364999.000000,1.000000,616378084766.000000,3925498.000000
365000,9,196276,0.600000,1.000000,0.652590,1.000000,0.000000,0,0.000000,364995.000000,1.000000,616378084766.000000,3925498.000000
365000,10,196275,0.600000,1.000000,0.581781,1.000000,0.000000,0,0.000000,364990.000000,1.000000,616378084766.000000,3925498.000000
365000,11,196275,0.600000,1.000000,0.651184,1.000000,0.000000,0,0.000000,364988.000000,1.000000,616378084766.000000,3925498.000000
365000,12,196275,0.600000,1.000000,0.694156,1.000000,0.000000,0,0.000000,364971.000000,1.000000,616378084766.000000,3925498.000000
365000,13,196275,0.600000,1.000000,0.744820,1.000000,0.000000,0,0.000000,364913.000000,1.000000,616378084766.000000,3925498.000000
365000,14,196275,0.600000,1.000000,0.572347,1.000000,0.000000,0,0.000000,364972.000000,1.000000,616378084766.000000,3925498.000000
365000,15,196276,0.600000,1.000000,0.674021,1.000000,0.000000,0,0.000000,364974.000000,1.000000,616378084766.000000,3925498.000000
366000,0,196814,0.600000,1.000000,0.679610,1.000000,0.000000,0,0.000000,365999.000000,1.000000,619745243662.000000,2361700.000000
366000,1,196813,0.600000,1.000000,0.719423,1.000000,0.000000,1,327703.000000,366000.000000,1.000000,619745243662.000000,2361700.000000
366000,2,196806,0.600000,1.000000,0.643027,1.000000,0.000000,0,0.000000,365949.000000,1.000000,619745243662.000000,2361700.000000
366000,3,196814,0.600000,1.000000,0.698108,1.000000,0.000000,0,0.000000,365992.000000,1.000000,619745243662.000000,2361700.000000
366000,4,196808,0.600000,1.000000,0.654200,1.000000,0.000000,0,0.000000,365921.000000,1.000000,619745243662.000000,2361700.000000
366000,5,196810,0.600000,1.000000,0.583130,1.000000,0.000000,0,0.000000,365984.000000,1.000000,619745243662.000000,2361700.000000
366000,6,196813,0.600000,1.000000,0.769033,1.000000,0.000000,0,0.000000,365998.000000,1.000000,619745243662.000000,2361700.000000
366000,7,196813,0.600000,1.000000,0.703964,1.000000,0.000000,0,0.000000,365988.000000,1.000000,619745243662.000000,2361700.000000
366000,8,196814,0.600000,1.000000,0.672070,1.000000,0.000000,0,0.000000,365979.000000,1.000000,619745243662.000000,2361700.000000
366000,9,196811,0.600000,1.000000,0.600889,1.000000,0.000000,0,0.000000,365972.000000,1.000000,619745243662.000000,2361700.000000
366000,10,196813,0.600000,1.000000,0.688961,1.000000,0.000000,0,0.000000,365991.000000,1.000000,619745243662.000000,2361700.000000
366000,11,196797,0.600000,1.000000,0.683638,1.000000,0.000000,0,0.000000,365338.000000,1.000000,619745243662.000000,2361700.000000
366000,12,196794,0.600000,1.000000,0.533244,1.000000,0.000000,0,0.000000,365259.000000,1.000000,619745243662.000000,2361700.000000
366000,13,196812,0.600000,1.000000,0.637250,1.000000,0.000000,0,0.000000,365981.000000,1.000000,619745243662.000000,2361700.000000
366000,14,196812,0.600000,1.000000,0.593047,1.000000,0.000000,0,0.000000,365963.000000,1.000000,619745243662.000000,2361700.000000
366000,15,196812,0.600000,1.000000,0.728475,1.000000,0.000000,0,0.000000,365997.000000,1.000000,619745243662.000000,2361700.000000
367000,0,197355,0.600000,1.000000,0.827696,1.000000,0.000000,0,0.000000,366996.000000,1.000000,623180778784.000000,5920623.000000
367000,1,197355,0.600000,1.000000,0.721595,1.000000,0.000000,0,0.000000,366997.000000,1.000000,623180778784.000000,5920623.000000
367000,2,197355,0.600000,1.000000,0.782769,1.000000,0.000000,0,0.000000,366730.000000,1.000000,623180778784.000000,5920623.000000
367000,3,197356,0.600000,1.000000,0.649509,1.000000,0.000000,0,0.000000,366999.000000,1.000000,623180778784.000000,5920623.000000
367000,4,197352,0.600000,1.000000,0.661154,1.000000,0.000000,0,0.000000,366629.000000,1.000000,623180778784.000000,5920623.000000
367000,5,197349,0.600000,1.000000,0.659160,1.000000,0.000000,0,0.000000,366952.000000,1.000000,623180778784.000000,5920623.000000
367000,6,197356,0.600000,1.000000,0.655852,1.000000,0.000000,0,0.000000,366972.000000,1.000000,623180778784.000000,5920623.000000
367000,7,197354,0.600000,1.000000,0.700604,1.000000,0.000000,0,0.000000,366918.000000,1.000000,623180778784.000000,5920623.000000
367000,8,197353,0.600000,1.000000,0.687488,1.000000,0.000000,0,0.000000,366978.000000,1.000000,623180778784.000000,5920623.000000
367000,9,197354,0.600000,1.000000,0.618917,1.000000,0.000000,0,0.000000,366960.000000,1.000000,623180778784.000000,5920623.000000
367000,10,197356,0.600000,1.000000,0.675993,1.000000,0.000000,1,328966.000000,367000.000000,1.000000,623180778784.000000,5920623.000000
367000,11,197356,0.600000,1.000000,0.722448,1.000000,0.000000,0,0.000000,366933.000000,1.000000,623180778784.000000,5920623.000000
367000,12,197353,0.600000,1.000000,0.668448,1.000000,0.000000,0,0.000000,366986.000000,1.000000,623180778784.000000,5920623.000000
367000,13,197356,0.600000,1.000000,0.682517,1.000000,0.000000,0,0.000000,366975.000000,1.000000,623180778784.000000,5920623.000000
367000,14,197355,0.600000,1.000000,0.649096,1.000000,0.000000,0,0.000000,366961.000000,1.000000,623180778784.000000,5920623.000000
367000,15,197357,0.600000,1.000000,0.652511,1.000000,0.000000,0,0.000000,366995.000000,1.000000,623180778784.000000,5920623.000000
368000,0,197898,0.600000,1.000000,0.728005,1.000000,0.000000,0,0.000000,367992.000000,1.000000,626582669523.000000,1978957.000000
368000,1,197894,0.600000,1.000000,0.717840,1.000000,0.000000,0,0.000000,367943.000000,1.000000,626582669523.000000,1978957.000000
368000,2,197895,0.600000,1.000000,0.596014,1.000000,0.000000,0,0.000000,367990.000000,1.000000,626582669523.000000,1978957.000000
368000,3,197896,0.600000,1.000000,0.611570,1.000000,0.000000,0,0.000000,367608.000000,1.000000,626582669523.000000,1978957.000000
368000,4,197898,0.600000,1.000000,0.730048,1.000000,0.000000,1,330353.000000,368000.000000,1.000000,626582669523.000000,1978957.000000
368000,5,197896,0.600000,1.000000,0.646901,1.000000,0.000000,0,0.000000,367968.000000,1.000000,626582669523.000000,1978957.000000
368000,6,197894,0.600000,1.000000,0.576741,1.000000,0.000000,0,0.000000,367993.000000,1.000000,626582669523.000000,1978957.000000
368000,7,197893,0.600000,1.000000,0.671222,1.000000,0.000000,0,0.000000,367972.000000,1.000000,626582669523.000000,1978957.000000
368000,8,197892,0.600000,1.000000,0.641167,1.000000,0.000000,0,0.000000,367902.000000,1.000000,626582669523.000000,1978957.000000
368000,9,197898,0.600000,1.000000,0.727396,1.000000,0.000000,0,0.000000,367997.000000,1.000000,626582669523.000000,1978957.000000
368000,10,197896,0.600000,1.000000,0.640417,1.000000,0.000000,0,0.000000,367985.000000,1.000000,626582669523.000000,1978957.000000
368000,11,197890,0.600000,1.000000,0.686841,1.000000,0.000000,0,0.000000,367873.000000,1.000000,626582669523.000000,1978957.000000
368000,12,197888,0.600000,1.000000,0.546167,1.000000,0.000000,0,0.000000,367980.000000,1.000000,626582669523.000000,1978957.000000
368000,13,197886,0.600000,1.000000,0.560131,1.000000,0.000000,0,0.000000,367923.000000,1.000000,626582669523.000000,1978957.000000
368000,14,197882,0.600000,1.000000,0.631657,1.000000,0.000000,0,0.000000,367866.000000,1.000000,626582669523.000000,1978957.000000
368000,15,197883,0.600000,1.000000,0.677086,1.000000,0.000000,0,0.000000,367805.000000,1.000000,626582669523.000000,1978957.000000
369000,0,198421,0.600000,1.000000,0.743825,1.000000,0.000000,0,0.000000,368728.000000,1.000000,629957705857.000000,3174786.000000
369000,1,198426,0.600000,1.000000,0.758352,1.000000,0.000000,1,330185.000000,369000.000000,1.000000,629957705857.000000,3174786.000000
369000,2,198427,0.600000,1.000000,0.687823,1.000000,0.000000,0,0.000000,368998.000000,1.000000,629957705857.000000,3174786.000000
369000,3,198425,0.600000,1.000000,0.653122,1.000000,0.000000,0,0.000000,368979.000000,1.000000,629957705857.000000,3174786.000000
369000,4,198424,0.600000,1.000000,0.636113,1.000000,0.000000,0,0.000000,368507.000000,1.000000,629957705857.000000,3174786.000000
369000,5,198426,0.600000,1.000000,0.804680,1.000000,0.000000,0,0.000000,368999.000000,1.000000,629957705857.000000,3174786.000000
369000,6,198424,0.600000,1.000000,0.669239,1.000000,0.000000,0,0.000000,368978.000000,1.000000,629957705857.000000,3174786.000000
369000,7,198425,0.600000,1.000000,0.541524,1.000000,0.000000,0,0.000000,368963.000000,1.000000,629957705857.000000,3174786.000000
369000,8,198427,0.600000,1.000000,0.721401,1.000000,0.000000,0,0.000000,368983.000000,1.000000,629957705857.000000,3174786.000000
369000,9,198427,0.600000,1.000000,0.575177,1.000000,0.000000,0,0.000000,368754.000000,1.000000,629957705857.000000,3174786.000000
369000,10,198417,0.600000,1.000000,0.432613,1.000000,0.000000,0,0.000000,368945.000000,1.000000,629957705857.000000,3174786.000000
369000,11,198423,0.600000,1.000000,0.643622,1.000000,0.000000,0,0.000000,368972.000000,1.000000,629957705857.000000,3174786.000000
369000,12,198427,0.600000,1.000000,0.647737,1.000000,0.000000,0,0.000000,368996.000000,1.000000,629957705857.000000,3174786.000000
369000,13,198426,0.600000,1.000000,0.553392,1.000000,0.000000,0,0.000000,368962.000000,1.000000,629957705857.000000,3174786.000000
369000,14,198424,0.600000,1.000000,0.761510,1.000000,0.000000,0,0.000000,368995.000000,1.000000,629957705857.000000,3174786.000000
369000,15,198426,0.600000,1.000000,0.746866,1.000000,0.000000,0,0.000000,368997.000000,1.000000,629957705857.000000,3174786.000000
370000,0,198966,0.600000,1.000000,0.692144,1.000000,0.000000,0,0.000000,369922.000000,1.000000,633380008159.000000,3183426.000000
370000,1,198963,0.600000,1.000000,0.691056,1.000000,0.000000,0,0.000000,369907.000000,1.000000,633380008159.000000,3183426.000000
370000,2,198961,0.600000,1.000000,0.590277,1.000000,0.000000,0,0.000000,369932.000000,1.000000,633380008159.000000,3183426.000000
370000,3,198964,0.600000,1.000000,0.760440,1.000000,0.000000,0,0.000000,369994.000000,1.000000,633380008159.000000,3183426.000000
370000,4,198953,0.600000,1.000000,0.541405,1.000000,0.000000,0,0.000000,369633.000000,1.000000,633380008159.000000,3183426.000000
370000,5,198966,0.600000,1.000000,0.676222,1.000000,0.000000,1,331424.000000,370000.000000,1.000000,633380008159.000000,3183426.000000
370000,6,198965,0.600000,1.000000,0.666819,1.000000,0.000000,0,0.000000,369995.000000,1.000000,633380008159.000000,3183426.000000
370000,7,198964,0.600000,1.000000,0.651507,1.000000,0.000000,0,0.000000,369990.000000,1.000000,633380008159.000000,3183426.000000
370000,8,198965,0.600000,1.000000,0.677903,1.000000,0.000000,0,0.000000,369801.000000,1.000000,633380008159.000000,3183426.000000
370000,9,198961,0.600000,1.000000,0.556355,1.000000,0.000000,0,0.000000,369965.000000,1.000000,633380008159.000000,3183426.000000
370000,10,198963,0.600000,1.000000,0.553030,1.000000,0.000000,0,0.000000,369981.000000,1.000000,633380008159.000000,3183426.000000
370000,11,198967,0.600000,1.000000,0.589090,1.000000,0.000000,0,0.000000,369999.000000,1.000000,633380008159.000000,3183426.000000
370000,12,198958,0.600000,1.000000,0.586338,1.000000,0.000000,0,0.000000,369903.000000,1.000000,633380008159.000000,3183426.000000
370000,13,198963,0.600000,1.000000,0.630625,1.000000,0.000000,0,0.000000,369986.000000,1.000000,633380008159.000000,3183426.000000
370000,14,198965,0.600000,1.000000,0.548620,1.000000,0.000000,0,0.000000,369945.000000,1.000000,633380008159.000000,3183426.000000
370000,15,198963,0.600000,1.000000,0.515835,1.000000,0.000000,0,0.000000,369837.000000,1.000000,633380008159.000000,3183426.000000
371000,0,199514,0.600000,1.000000,0.652401,1.000000,0.000000,0,0.000000,370994.000000,1.000000,636871832056.000000,3192152.000000
371000,1,199511,0.600000,1.000000,0.614705,1.000000,0.000000,0,0.000000,370984.000000,1.000000,636871832056.000000,3192152.000000
371000,2,199515,0.600000,1.000000,0.689693,1.000000,0.000000,1,332637.000000,371000.000000,1.000000,636871832056.000000,3192152.000000
371000,3,199512,0.600000,1.000000,0.799266,1.000000,0.000000,0,0.000000,370989.000000,1.000000,636871832056.000000,3192152.000000
371000,4,199512,0.600000,1.000000,0.737128,1.000000,0.000000,0,0.000000,370855.000000,1.000000,636871832056.000000,3192152.000000
371000,5,199507,0.600000,1.000000,0.787270,1.000000,0.000000,0,0.000000,370691.000000,1.000000,636871832056.000000,3192152.000000
371000,6,199511,0.600000,1.000000,0.673710,1.000000,0.000000,0,0.000000,370992.000000,1.000000,636871832056.000000,3192152.000000
371000,7,199499,0.600000,1.000000,0.844030,1.000000,0.000000,0,0.000000,370310.000000,1.000000,636871832056.000000,3192152.000000
371000,8,199514,0.600000,1.000000,0.723546,1.000000,0.000000,0,0.000000,370993.000000,1.000000,636871832056.000000,3192152.000000
371000,9,199512,0.600000,1.000000,0.702765,1.000000,0.000000,0,0.000000,370996.000000,1.000000,636871832056.000000,3192152.000000
371000,10,199505,0.600000,1.000000,0.563117,1.000000,0.000000,0,0.000000,370817.000000,1.000000,636871832056.000000,3192152.000000
371000,11,199513,0.600000,1.000000,0.691651,1.000000,0.000000,0,0.000000,370920.000000,1.000000,636871832056.000000,3192152.000000
371000,12,199508,0.600000,1.000000,0.507773,1.000000,0.000000,0,0.000000,370891.000000,1.000000,636871832056.000000,3192152.000000
371000,13,199513,0.600000,1.000000,0.654123,1.000000,0.000000,0,0.000000,370997.000000,1.000000,636871832056.000000,3192152.000000
371000,14,199512,0.600000,1.000000,0.601363,1.000000,0.000000,0,0.000000,370981.000000,1.000000,636871832056.000000,3192152.000000
371000,15,199512,0.600000,1.000000,0.648191,1.000000,0.000000,0,0.000000,370924.000000,1.000000,636871832056.000000,3192152.000000
372000,0,200034,0.600000,1.000000,0.502303,1.000000,0.000000,0,0.000000,371680.000000,1.000000,640306437190.000000,3200812.000000
372000,1,200050,0.600000,1.000000,0.658005,1.000000,0.000000,0,0.000000,371883.000000,1.000000,640306437190.000000,3200812.000000
372000,2,200051,0.600000,1.000000,0.801165,1.000000,0.000000,0,0.000000,371997.000000,1.000000,640306437190.000000,3200812.000000
372000,3,200052,0.600000,1.000000,0.756491,1.000000,0.000000,0,0.000000,371999.000000,1.000000,640306437190.000000,3200812.000000
372000,4,200052,0.600000,1.000000,0.685473,1.000000,0.000000,0,0.000000,371974.000000,1.000000,640306437190.000000,3200812.000000
372000,5,200041,0.600000,1.000000,0.576848,1.000000,0.000000,0,0.000000,371854.000000,1.000000,640306437190.000000,3200812.000000
372000,6,200050,0.600000,1.000000,0.736494,1.000000,0.000000,0,0.000000,371973.000000,1.000000,640306437190.000000,3200812.000000
372000,7,200052,0.600000,1.000000,0.590106,1.000000,0.000000,0,0.000000,371829.000000,1.000000,640306437190.000000,3200812.000000
372000,8,200053,0.600000,1.000000,0.605828,1.000000,0.000000,1,332913.000000,372000.000000,1.000000,640306437190.000000,3200812.000000
372000,9,200053,0.600000,1.000000,0.732045,1.000000,0.000000,0,0.000000,371984.000000,1.000000,640306437190.000000,3200812.000000
372000,10,200037,0.600000,1.000000,0.514942,1.000000,0.000000,0,0.000000,371909.000000,1.000000,640306437190.000000,3200812.000000
372000,11,200051,0.600000,1.000000,0.697432,1.000000,0.000000,0,0.000000,371964.000000,1.000000,640306437190.000000,3200812.000000
372000,12,200045,0.600000,1.000000,0.620811,1.000000,0.000000,0,0.000000,371977.000000,1.000000,640306437190.000000,3200812.000000
372000,13,200051,0.600000,1.000000,0.680459,1.000000,0.000000,0,0.000000,371987.000000,1.000000,640306437190.000000,3200812.000000
372000,14,200049,0.600000,1.000000,0.751279,1.000000,0.000000,0,0.000000,371991.000000,1.000000,640306437190.000000,3200812.000000
372000,15,200045,0.600000,1.000000,0.552936,1.000000,0.000000,0,0.000000,371960.000000,1.000000,640306437190.000000,3200812.000000
373000,0,200583,0.600000,1.000000,0.786419,1.000000,0.000000,0,0.000000,372999.000000,1.000000,643712568624.000000,4412719.000000
373000,1,200583,0.600000,1.000000,0.708006,1.000000,0.000000,0,0.000000,372995.000000,1.000000,643712568624.000000,4412719.000000
373000,2,200581,0.600000,1.000000,0.616157,1.000000,0.000000,0,0.000000,372976.000000,1.000000,643712568624.000000,4412719.000000
373000,3,200581,0.600000,1.000000,0.797470,1.000000,0.000000,0,0.000000,372996.000000,1.000000,643712568624.000000,4412719.000000
373000,4,200574,0.600000,1.000000,0.740053,1.000000,0.000000,0,0.000000,372778.000000,1.000000,643712568624.000000,4412719.000000
373000,5,200579,0.600000,1.000000,0.560460,1.000000,0.000000,0,0.000000,372926.000000,1.000000,643712568624.000000,4412719.000000
373000,6,200577,0.600000,1.000000,0.517828,1.000000,0.000000,0,0.000000,372893.000000,1.000000,643712568624.000000,4412719.000000
373000,7,200582,0.600000,1.000000,0.588043,1.000000,0.000000,0,0.000000,372993.000000,1.000000,643712568624.000000,4412719.000000
373000,8,200577,0.600000,1.000000,0.541623,1.000000,0.000000,0,0.000000,372841.000000,1.000000,643712568624.000000,4412719.000000
373000,9,200577,0.600000,1.000000,0.624514,1.000000,0.000000,0,0.000000,372966.000000,1.000000,643712568624.000000,4412719.000000
373000,10,200580,0.600000,1.000000,0.664178,1.000000,0.000000,0,0.000000,372992.000000,1.000000,643712568624.000000,4412719.000000
373000,11,200574,0.600000,1.000000,0.568942,1.000000,0.000000,0,0.000000,372860.000000,1.000000,643712568624.000000,4412719.000000
373000,12,200577,0.600000,1.000000,0.648594,1.000000,0.000000,0,0.000000,372967.000000,1.000000,643712568624.000000,4412719.000000
373000,13,200583,0.600000,1.000000,0.728613,1.000000,0.000000,1,334860.000000,373000.000000,1.000000,643712568624.000000,4412719.000000
373000,14,200581,0.600000,1.000000,0.631735,1.000000,0.000000,0,0.000000,372942.000000,1.000000,643712568624.000000,4412719.000000
373000,15,200579,0.600000,1.000000,0.718670,1.000000,0.000000,0,0.000000,372904.000000,1.000000,643712568624.000000,4412719.000000
374000,0,201108,0.600000,1.000000,0.628581,1.000000,0.000000,0,0.000000,373957.000000,1.000000,647118484967.000000,1608842.000000
374000,1,201112,0.600000,1.000000,0.741310,1.000000,0.000000,0,0.000000,373993.000000,1.000000,647118484967.000000,1608842.000000
374000,2,201106,0.600000,1.000000,0.445919,1.000000,0.000000,0,0.000000,373970.000000,1.000000,647118484967.000000,1608842.000000
374000,3,201113,0.600000,1.000000,0.630185,1.000000,0.000000,0,0.000000,373971.000000,1.000000,647118484967.000000,1608842.000000
374000,4,201108,0.600000,1.000000,0.654331,1.000000,0.000000,0,0.000000,373976.000000,1.000000,647118484967.000000,1608842.000000
374000,5,201101,0.600000,1.000000,0.671298,1.000000,0.000000,0,0.000000,373824.000000,1.000000,647118484967.000000,1608842.000000
374000,6,201112,0.600000,1.000000,0.607066,1.000000,0.000000,0,0.000000,373972.000000,1.000000,647118484967.000000,1608842.000000
374000,7,201107,0.600000,1.000000,0.746113,1.000000,0.000000,0,0.000000,373892.000000,1.000000,647118484967.000000,1608842.000000
374000,8,201113,0.600000,1.000000,0.651250,1.000000,0.000000,0,0.000000,373982.000000,1.000000,647118484967.000000,1608842.000000
374000,9,201109,0.600000,1.000000,0.560172,1.000000,0.000000,0,0.000000,373863.000000,1.000000,647118484967.000000,1608842.000000
374000,10,201114,0.600000,1.000000,0.640789,1.000000,0.000000,0,0.000000,373997.000000,1.000000,647118484967.000000,1608842.000000
374000,11,201108,0.600000,1.000000,0.716164,1.000000,0.000000,0,0.000000,373884.000000,1.000000,647118484967.000000,1608842.000000
374000,12,201110,0.600000,1.000000,0.697463,1.000000,0.000000,0,0.000000,373939.000000,1.000000,647118484967.000000,1608842.000000
374000,13,201114,0.600000,1.000000,0.694908,1.000000,0.000000,1,335741.000000,374000.000000,1.000000,647118484967.000000,1608842.000000
374000,14,201103,0.600000,1.000000,0.573356,1.000000,0.000000,0,0.000000,373920.000000,1.000000,647118484967.000000,1608842.000000
374000,15,201109,0.600000,1.000000,0.639595,1.000000,0.000000,0,0.000000,373965.000000,1.000000,647118484967.000000,1608842.000000
375000,0,201650,0.600000,1.000000,0.755464,1.000000,0.000000,0,0.000000,374997.000000,1.000000,650595897461.000000,2419784.000000
375000,1,201651,0.600000,1.000000,0.617994,1.000000,0.000000,0,0.000000,374901.000000,1.000000,650595897461.000000,2419784.000000
375000,2,201639,0.600000,1.000000,0.785183,1.000000,0.000000,0,0.000000,374264.000000,1.000000,650595897461.000000,2419784.000000
375000,3,201650,0.600000,1.000000,0.636627,1.000000,0.000000,0,0.000000,374929.000000,1.000000,650595897461.000000,2419784.000000
375000,4,201649,0.600000,1.000000,0.592488,1.000000,0.000000,0,0.000000,374961.000000,1.000000,650595897461.000000,2419784.000000
375000,5,201651,0.600000,1.000000,0.626017,1.000000,0.000000,0,0.000000,374999.000000,1.000000,650595897461.000000,2419784.000000
375000,6,201651,0.600000,1.000000,0.738508,1.000000,0.000000,1,335683.000000,375000.000000,1.000000,650595897461.000000,2419784.000000
375000,7,201648,0.600000,1.000000,0.625200,1.000000,0.000000,0,0.000000,374987.000000,1.000000,650595897461.000000,2419784.000000
375000,8,201649,0.600000,1.000000,0.692322,1.000000,0.000000,0,0.000000,374083.000000,1.000000,650595897461.000000,2419784.000000
375000,9,201650,0.600000,1.000000,0.590485,1.000000,0.000000,0,0.000000,374981.000000,1.000000,650595897461.000000,2419784.000000
375000,10,201645,0.600000,1.000000,0.558362,1.000000,0.000000,0,0.000000,374949.000000,1.000000,650595897461.000000,2419784.000000
375000,11,201648,0.600000,1.000000,0.698193,1.000000,0.000000,0,0.000000,374988.000000,1.000000,650595897461.000000,2419784.000000
375000,12,201650,0.600000,1.000000,0.646396,1.000000,0.000000,0,0.000000,374992.000000,1.000000,650595897461.000000,2419784.000000
375000,13,201649,0.600000,1.000000,0.687357,1.000000,0.000000,0,0.000000,374990.000000,1.000000,650595897461.000000,2419784.000000
375000,14,201650,0.600000,1.000000,0.576151,1.000000,0.000000,0,0.000000,374993.000000,1.000000,650595897461.000000,2419784.000000
375000,15,201651,0.600000,1.000000,0.675381,1.000000,0.000000,0,0.000000,374995.000000,1.000000,650595897461.000000,2419784.000000
376000,0,202181,0.600000,1.000000,0.628631,1.000000,0.000000,0,0.000000,375973.000000,1.000000,654043000123.000000,3639197.000000
376000,1,202187,0.600000,1.000000,0.831338,1.000000,0.000000,0,0.000000,375998.000000,1.000000,654043000123.000000,3639197.000000
376000,2,202183,0.600000,1.000000,0.617649,1.000000,0.000000,0,0.000000,375837.000000,1.000000,654043000123.000000,3639197.000000
376000,3,202186,0.600000,1.000000,0.709000,1.000000,0.000000,0,0.000000,375993.000000,1.000000,654043000123.000000,3639197.000000
376000,4,202181,0.600000,1.000000,0.620960,1.000000,0.000000,0,0.000000,375966.000000,1.000000,654043000123.000000,3639197.000000
376000,5,202184,0.600000,1.000000,0.761710,1.000000,0.000000,0,0.000000,375991.000000,1.000000,654043000123.000000,3639197.000000
376000,6,202187,0.600000,1.000000,0.653851,1.000000,0.000000,0,0.000000,375995.000000,1.000000,654043000123.000000,3639197.000000
376000,7,202187,0.600000,1.000000,0.574957,1.000000,0.000000,1,337719.000000,376000.000000,1.000000,654043000123.000000,3639197.000000
376000,8,202170,0.600000,1.000000,0.753335,1.000000,0.000000,0,0.000000,374083.000000,1.000000,654043000123.000000,3639197.000000
376000,9,202187,0.600000,1.000000,0.696521,1.000000,0.000000,0,0.000000,375997.000000,1.000000,654043000123.000000,3639197.000000
376000,10,202182,0.600000,1.000000,0.511760,1.000000,0.000000,0,0.000000,375945.000000,1.000000,654043000123.000000,3639197.000000
376000,11,202182,0.600000,1.000000,0.689161,1.000000,0.000000,0,0.000000,375988.000000,1.000000,654043000123.000000,3639197.000000
376000,12,202181,0.600000,1.000000,0.559440,1.000000,0.000000,0,0.000000,375941.000000,1.000000,654043000123.000000,3639197.000000
376000,13,202175,0.600000,1.000000,0.697726,1.000000,0.000000,0,0.000000,375847.000000,1.000000,654043000123.000000,3639197.000000
376000,14,202183,0.600000,1.000000,0.695074,1.000000,0.000000,0,0.000000,375994.000000,1.000000,654043000123.000000,3639197.000000
376000,15,202181,0.600000,1.000000,0.685118,1.000000,0.000000,0,0.000000,375980.000000,1.000000,654043000123.000000,3639197.000000
377000,0,202718,0.600000,1.000000,0.619585,1.000000,0.000000,0,0.000000,376586.000000,1.000000,657519887590.000000,3243510.000000
377000,1,202722,0.600000,1.000000,0.684111,1.000000,0.000000,0,0.000000,376991.000000,1.000000,657519887590.000000,3243510.000000
377000,2,202719,0.600000,1.000000,0.560630,1.000000,0.000000,0,0.000000,376971.000000,1.000000,657519887590.000000,3243510.000000
377000,3,202722,0.600000,1.000000,0.697673,1.000000,0.000000,0,0.000000,376999.000000,1.000000,657519887590.000000,3243510.000000
377000,4,202710,0.600000,1.000000,0.679608,1.000000,0.000000,0,0.000000,376673.000000,1.000000,657519887590.000000,3243510.000000
377000,5,202722,0.600000,1.000000,0.704072,1.000000,0.000000,0,0.000000,376993.000000,1.000000,657519887590.000000,3243510.000000
377000,6,202712,0.600000,1.000000,0.629102,1.000000,0.000000,0,0.000000,376620.000000,1.000000,657519887590.000000,3243510.000000
377000,7,202722,0.600000,1.000000,0.583174,1.000000,0.000000,0,0.000000,376938.000000,1.000000,657519887590.000000,3243510.000000
377000,8,202715,0.600000,1.000000,0.700115,1.000000,0.000000,0,0.000000,376863.000000,1.000000,657519887590.000000,3243510.000000
377000,9,202718,0.600000,1.000000,0.728532,1.000000,0.000000,0,0.000000,376752.000000,1.000000,657519887590.000000,3243510.000000
377000,10,202719,0.600000,1.000000,0.561514,1.000000,0.000000,0,0.000000,376982.000000,1.000000,657519887590.000000,3243510.000000
377000,11,202723,0.600000,1.000000,0.604471,1.000000,0.000000,0,0.000000,376997.000000,1.000000,657519887590.000000,3243510.000000
377000,12,202722,0.600000,1.000000,0.725367,1.000000,0.000000,1,336790.000000,377000.000000,1.000000,657519887590.000000,3243510.000000
377000,13,202720,0.600000,1.000000,0.709458,1.000000,0.000000,0,0.000000,376995.000000,1.000000,657519887590.000000,3243510.000000
377000,14,202719,0.600000,1.000000,0.646422,1.000000,0.000000,0,0.000000,376986.000000,1.000000,657519887590.000000,3243510.000000
377000,15,202721,0.600000,1.000000,0.629696,1.000000,0.000000,0,0.000000,376921.000000,1.000000,657519887590.000000,3243510.000000
378000,0,203250,0.600000,1.000000,0.665269,1.000000,0.000000,0,0.000000,377952.000000,1.000000,660949081935.000000,2032481.000000
378000,1,203245,0.600000,1.000000,0.673432,1.000000,0.000000,0,0.000000,377856.000000,1.000000,660949081935.000000,2032481.000000
378000,2,203242,0.600000,1.000000,0.658214,1.000000,0.000000,0,0.000000,377854.000000,1.000000,660949081935.000000,2032481.000000
378000,3,203242,0.600000,1.000000,0.609070,1.000000,0.000000,0,0.000000,377962.000000,1.000000,660949081935.000000,2032481.000000
378000,4,203249,0.600000,1.000000,0.619083,1.000000,0.000000,0,0.000000,377987.000000,1.000000,660949081935.000000,2032481.000000
378000,5,203249,0.600000,1.000000,0.598427,1.000000,0.000000,0,0.000000,377989.000000,1.000000,660949081935.000000,2032481.000000
378000,6,203250,0.600000,1.000000,0.684763,1.000000,0.000000,0,0.000000,377983.000000,1.000000,660949081935.000000,2032481.000000
378000,7,203250,0.600000,1.000000,0.676230,1.000000,0.000000,0,0.000000,377995.000000,1.000000,660949081935.000000,2032481.000000
378000,8,203246,0.600000,1.000000,0.649087,1.000000,0.000000,0,0.000000,377986.000000,1.000000,660949081935.000000,2032481.000000
378000,9,203244,0.600000,1.000000,0.647987,1.000000,0.000000,0,0.000000,377950.000000,1.000000,660949081935.000000,2032481.000000
378000,10,203249,0.600000,1.000000,0.628300,1.000000,0.000000,0,0.000000,377922.000000,1.000000,660949081935.000000,2032481.000000
378000,11,203250,0.600000,1.000000,0.765330,1.000000,0.000000,1,339120.000000,378000.000000,1.000000,660949081935.000000,2032481.000000
378000,12,203235,0.600000,1.000000,0.641668,1.000000,0.000000,0,0.000000,377755.000000,1.000000,660949081935.000000,2032481.000000
378000,13,203250,0.600000,1.000000,0.777657,1.000000,0.000000,0,0.000000,377998.000000,1.000000,660949081935.000000,2032481.000000
378000,14,203251,0.600000,1.000000,0.727964,1.000000,0.000000,0,0.000000,377993.000000,1.000000,660949081935.000000,2032481.000000
378000,15,203249,0.600000,1.000000,0.741290,1.000000,0.000000,0,0.000000,377996.000000,1.000000,660949081935.000000,2032481.000000
379000,0,203774,0.600000,1.000000,0.713188,1.000000,0.000000,0,0.000000,378988.000000,1.000000,664383934566.000000,2852841.000000
379000,1,203774,0.600000,1.000000,0.667500,1.000000,0.000000,0,0.000000,378977.000000,1.000000,664383934566.000000,2852841.000000
379000,2,203775,0.600000,1.000000,0.704773,1.000000,0.000000,0,0.000000,378859.000000,1.000000,664383934566.000000,2852841.000000
379000,3,203775,0.600000,1.000000,0.660444,1.000000,0.000000,0,0.000000,378993.000000,1.000000,664383934566.000000,2852841.000000
379000,4,203773,0.600000,1.000000,0.568684,1.000000,0.000000,0,0.000000,378960.000000,1.000000,664383934566.000000,2852841.000000
379000,5,203769,0.600000,1.000000,0.601493,1.000000,0.000000,0,0.000000,378978.000000,1.000000,664383934566.000000,2852841.000000
379000,6,203776,0.600000,1.000000,0.743829,1.000000,0.000000,0,0.000000,378996.000000,1.000000,664383934566.000000,2852841.000000
379000,7,203773,0.600000,1.000000,0.580477,1.000000,0.000000,0,0.000000,378983.000000,1.000000,664383934566.000000,2852841.000000
379000,8,203777,0.600000,1.000000,0.620297,1.000000,0.000000,0,0.000000,378877.000000,1.000000,664383934566.000000,2852841.000000
379000,9,203773,0.600000,1.000000,0.552344,1.000000,0.000000,0,0.000000,378984.000000,1.000000,664383934566.000000,2852841.000000
379000,10,203773,0.600000,1.000000,0.610356,1.000000,0.000000,0,0.000000,378813.000000,1.000000,664383934566.000000,2852841.000000
379000,11,203776,0.600000,1.000000,0.730348,1.000000,0.000000,0,0.000000,378999.000000,1.000000,664383934566.000000,2852841.000000
379000,12,203777,0.600000,1.000000,0.682850,1.000000,0.000000,1,338664.000000,379000.000000,1.000000,664383934566.000000,2852841.000000
379000,13,203776,0.600000,1.000000,0.635322,1.000000,0.000000,0,0.000000,378995.000000,1.000000,664383934566.000000,2852841.000000
379000,14,203774,0.600000,1.000000,0.747401,1.000000,0.000000,0,0.000000,378997.000000,1.000000,664383934566.000000,2852841.000000
379000,15,203775,0.600000,1.000000,0.643638,1.000000,0.000000,0,0.000000,378986.000000,1.000000,664383934566.000000,2852841.000000
380000,0,204312,0.600000,1.000000,0.688496,1.000000,0.000000,0,0.000000,379869.000000,1.000000,667898788747.000000,3677639.000000
380000,1,204316,0.600000,1.000000,0.755276,1.000000,0.000000,1,339831.000000,380000.000000,1.000000,667898788747.000000,3677639.000000
380000,2,204314,0.600000,1.000000,0.745146,1.000000,0.000000,0,0.000000,379980.000000,1.000000,667898788747.000000,3677639.000000
380000,3,204311,0.600000,1.000000,0.654216,1.000000,0.000000,0,0.000000,379965.000000,1.000000,667898788747.000000,3677639.000000
380000,4,204313,0.600000,1.000000,0.530853,1.000000,0.000000,0,0.000000,379979.000000,1.000000,667898788747.000000,3677639.000000
380000,5,204313,0.600000,1.000000,0.497261,1.000000,0.000000,0,0.000000,379715.000000,1.000000,667898788747.000000,3677639.000000
380000,6,204317,0.600000,1.000000,0.732668,1.000000,0.000000,0,0.000000,379813.000000,1.000000,667898788747.000000,3677639.000000
380000,7,204314,0.600000,1.000000,0.606945,1.000000,0.000000,0,0.000000,379966.000000,1.000000,667898788747.000000,3677639.000000
380000,8,204299,0.600000,1.000000,0.541521,1.000000,0.000000,0,0.000000,379927.000000,1.000000,667898788747.000000,3677639.000000
380000,9,204317,0.600000,1.000000,0.699378,1.000000,0.000000,0,0.000000,379998.000000,1.000000,667898788747.000000,3677639.000000
380000,10,204313,0.600000,1.000000,0.622144,1.000000,0.000000,0,0.000000,379900.000000,1.000000,667898788747.000000,3677639.000000
380000,11,204316,0.600000,1.000000,0.735872,1.000000,0.000000,0,0.000000,379996.000000,1.000000,667898788747.000000,3677639.000000
380000,12,204317,0.600000,1.000000,0.746932,1.000000,0.000000,0,0.000000,379995.000000,1.000000,667898788747.000000,3677639.000000
380000,13,204313,0.600000,1.000000,0.631905,1.000000,0.000000,0,0.000000,379921.000000,1.000000,667898788747.000000,3677639.000000
380000,14,204315,0.600000,1.000000,0.631409,1.000000,0.000000,0,0.000000,379968.000000,1.000000,667898788747.000000,3677639.000000
380000,15,204303,0.600000,1.000000,0.594618,1.000000,0.000000,0,0.000000,379564.000000,1.000000,667898788747.000000,3677639.000000
381000,0,204853,0.600000,1.000000,0.698306,1.000000,0.000000,0,0.000000,380884.000000,1.000000,671424554440.000000,4097004.000000
381000,1,204850,0.600000,1.000000,0.690601,1.000000,0.000000,0,0.000000,380940.000000,1.000000,671424554440.000000,4097004.000000
381000,2,204848,0.600000,1.000000,0.566966,1.000000,0.000000,0,0.000000,380932.000000,1.000000,671424554440.000000,4097004.000000
381000,3,204850,0.600000,1.000000,0.569767,1.000000,0.000000,0,0.000000,380638.000000,1.000000,671424554440.000000,4097004.000000
381000,4,204857,0.600000,1.000000,0.737481,1.000000,0.000000,0,0.000000,380997.000000,1.000000,671424554440.000000,4097004.000000
381000,5,204854,0.600000,1.000000,0.755344,1.000000,0.000000,0,0.000000,380983.000000,1.000000,671424554440.000000,4097004.000000
381000,6,204854,0.600000,1.000000,0.767700,1.000000,0.000000,0,0.000000,380935.000000,1.000000,671424554440.000000,4097004.000000
381000,7,204854,0.600000,1.000000,0.779490,1.000000,0.000000,0,0.000000,380866.000000,1.000000,671424554440.000000,4097004.000000
381000,8,204852,0.600000,1.000000,0.583631,1.000000,0.000000,0,0.000000,380776.000000,1.000000,671424554440.000000,4097004.000000
381000,9,204842,0.600000,1.000000,0.569645,1.000000,0.000000,0,0.000000,380872.000000,1.000000,671424554440.000000,4097004.000000
381000,10,204837,0.600000,1.000000,0.631228,1.000000,0.000000,0,0.000000,380769.000000,1.000000,671424554440.000000,4097004.000000
381000,11,204856,0.600000,1.000000,0.776135,1.000000,0.000000,1,341849.000000,381000.000000,1.000000,671424554440.000000,4097004.000000
381000,12,204854,0.600000,1.000000,0.701418,1.000000,0.000000,0,0.000000,380993.000000,1.000000,671424554440.000000,4097004.000000
381000,13,204850,0.600000,1.000000,0.672664,1.000000,0.000000,0,0.000000,380926.000000,1.000000,671424554440.000000,4097004.000000
381000,14,204855,0.600000,1.000000,0.769019,1.000000,0.000000,0,0.000000,380999.000000,1.000000,671424554440.000000,4097004.000000
381000,15,204854,0.600000,1.000000,0.687571,1.000000,0.000000,0,0.000000,380968.000000,1.000000,671424554440.000000,4097004.000000
382000,0,205400,0.600000,1.000000,0.787114,1.000000,0.000000,1,341209.000000,382000.000000,1.000000,674998215355.000000,2464766.000000
382000,1,205386,0.600000,1.000000,0.600596,1.000000,0.000000,0,0.000000,381470.000000,1.000000,674998215355.000000,2464766.000000
382000,2,205399,0.600000,1.000000,0.641078,1.000000,0.000000,0,0.000000,381995.000000,1.000000,674998215355.000000,2464766.000000
382000,3,205398,0.600000,1.000000,0.634705,1.000000,0.000000,0,0.000000,381996.000000,1.000000,674998215355.000000,2464766.000000
382000,4,205393,0.600000,1.000000,0.587025,1.000000,0.000000,0,0.000000,381683.000000,1.000000,674998215355.000000,2464766.000000
382000,5,205397,0.600000,1.000000,0.676542,1.000000,0.000000,0,0.000000,381993.000000,1.000000,674998215355.000000,2464766.000000
382000,6,205397,0.600000,1.000000,0.679994,1.000000,0.000000,0,0.000000,381971.000000,1.000000,674998215355.000000,2464766.000000
382000,7,205396,0.600000,1.000000,0.628894,1.000000,0.000000,0,0.000000,381968.000000,1.000000,674998215355.000000,2464766.000000
382000,8,205397,0.600000,1.000000,0.647177,1.000000,0.000000,0,0.000000,381992.000000,1.000000,674998215355.000000,2464766.000000
382000,9,205396,0.600000,1.000000,0.586684,1.000000,0.000000,0,0.000000,381900.000000,1.000000,674998215355.000000,2464766.000000
382000,10,205399,0.600000,1.000000,0.693957,1.000000,0.000000,0,0.000000,381999.000000,1.000000,674998215355.000000,2464766.000000
382000,11,205390,0.600000,1.000000,0.611380,1.000000,0.000000,0,0.000000,381944.000000,1.000000,674998215355.000000,2464766.000000
382000,12,205392,0.600000,1.000000,0.606433,1.000000,0.000000,0,0.000000,381868.000000,1.000000,674998215355.000000,2464766.000000
382000,13,205400,0.600000,1.000000,0.664406,1.000000,0.000000,0,0.000000,381988.000000,1.000000,674998215355.000000,2464766.000000
382000,14,205400,0.600000,1.000000,0.638330,1.000000,0.000000,0,0.000000,381998.000000,1.000000,674998215355.000000,2464766.000000
382000,15,205391,0.600000,1.000000,0.496752,1.000000,0.000000,0,0.000000,381942.000000,1.000000,674998215355.000000,2464766.000000
383000,0,205929,0.600000,1.000000,0.585726,1.000000,0.000000,0,0.000000,382942.000000,1.000000,678500223585.000000,3706723.000000
383000,1,205929,0.600000,1.000000,0.659690,1.000000,0.000000,0,0.000000,382997.000000,1.000000,678500223585.000000,3706723.000000
383000,2,205928,0.600000,1.000000,0.699266,1.000000,0.000000,0,0.000000,382976.000000,1.000000,678500223585.000000,3706723.000000
383000,3,205924,0.600000,1.000000,0.619966,1.000000,0.000000,0,0.000000,382969.000000,1.000000,678500223585.000000,3706723.000000
383000,4,205923,0.600000,1.000000,0.653418,1.000000,0.000000,0,0.000000,382934.000000,1.000000,678500223585.000000,3706723.000000
383000,5,205931,0.600000,1.000000,0.672911,1.000000,0.000000,1,343113.000000,383000.000000,1.000000,678500223585.000000,3706723.000000
383000,6,205931,0.600000,1.000000,0.698929,1.000000,0.000000,0,0.000000,382999.000000,1.000000,678500223585.000000,3706723.000000
383000,7,205931,0.600000,1.000000,0.534185,1.000000,0.000000,0,0.000000,382972.000000,1.000000,678500223585.000000,3706723.000000
383000,8,205930,0.600000,1.000000,0.684994,1.000000,0.000000,0,0.000000,382766.000000,1.000000,678500223585.000000,3706723.000000
383000,9,205931,0.600000,1.000000,0.699932,1.000000,0.000000,0,0.000000,382915.000000,1.000000,678500223585.000000,3706723.000000
383000,10,205929,0.600000,1.000000,0.626734,1.000000,0.000000,0,0.000000,382992.000000,1.000000,678500223585.000000,3706723.000000
383000,11,205917,0.600000,1.000000,0.594052,1.000000,0.000000,0,0.000000,382893.000000,1.000000,678500223585.000000,3706723.000000
383000,12,205929,0.600000,1.000000,0.645727,1.000000,0.000000,0,0.000000,382998.000000,1.000000,678500223585.000000,3706723.000000
383000,13,205927,0.600000,1.000000,0.586693,1.000000,0.000000,0,0.000000,382965.000000,1.000000,678500223585.000000,3706723.000000
383000,14,205929,0.600000,1.000000,0.624637,1.000000,0.000000,0,0.000000,382994.000000,1.000000,678500223585.000000,3706723.000000
383000,15,205927,0.600000,1.000000,0.815453,1.000000,0.000000,0,0.000000,382519.000000,1.000000,678500223585.000000,3706723.000000
384000,0,206473,0.600000,1.000000,0.662202,1.000000,0.000000,0,0.000000,383991.000000,1.000000,682083555688.000000,4129414.000000
384000,1,206471,0.600000,1.000000,0.660123,1.000000,0.000000,0,0.000000,383973.000000,1.000000,682083555688.000000,4129414.000000
384000,2,206474,0.600000,1.000000,0.649389,1.000000,0.000000,0,0.000000,383890.000000,1.000000,682083555688.000000,4129414.000000
384000,3,206473,0.600000,1.000000,0.714212,1.000000,0.000000,0,0.000000,383998.000000,1.000000,682083555688.000000,4129414.000000
384000,4,206466,0.600000,1.000000,0.528324,1.000000,0.000000,0,0.000000,383920.000000,1.000000,682083555688.000000,4129414.000000
384000,5,206474,0.600000,1.000000,0.627654,1.000000,0.000000,0,0.000000,383985.000000,1.000000,682083555688.000000,4129414.000000
384000,6,206470,0.600000,1.000000,0.605673,1.000000,0.000000,0,0.000000,383431.000000,1.000000,682083555688.000000,4129414.000000
384000,7,206470,0.600000,1.000000,0.672279,1.000000,0.000000,0,0.000000,383870.000000,1.000000,682083555688.000000,4129414.000000
384000,8,206470,0.600000,1.000000,0.717610,1.000000,0.000000,0,0.000000,383662.000000,1.000000,682083555688.000000,4129414.000000
384000,9,206472,0.600000,1.000000,0.728504,1.000000,0.000000,0,0.000000,383997.000000,1.000000,682083555688.000000,4129414.000000
384000,10,206474,0.600000,1.000000,0.747196,1.000000,0.000000,1,344348.000000,384000.000000,1.000000,682083555688.000000,4129414.000000
384000,11,206464,0.600000,1.000000,0.636648,1.000000,0.000000,0,0.000000,383932.000000,1.000000,682083555688.000000,4129414.000000
384000,12,206471,0.600000,1.000000,0.615340,1.000000,0.000000,0,0.000000,383959.000000,1.000000,682083555688.000000,4129414.000000
384000,13,206472,0.600000,1.000000,0.479624,1.000000,0.000000,0,0.000000,383964.000000,1.000000,682083555688.000000,4129414.000000
384000,14,206470,0.600000,1.000000,0.605338,1.000000,0.000000,0,0.000000,383954.000000,1.000000,682083555688.000000,4129414.000000
384000,15,206470,0.600000,1.000000,0.639076,1.000000,0.000000,0,0.000000,383994.000000,1.000000,682083555688.000000,4129414.000000
385000,0,207006,0.600000,1.000000,0.705358,1.000000,0.000000,0,0.000000,384991.000000,1.000000,685622916844.000000,4140098.000000
385000,1,206992,0.600000,1.000000,0.482374,1.000000,0.000000,0,0.000000,384790.000000,1.000000,685622916844.000000,4140098.000000
385000,2,207007,0.600000,1.000000,0.514273,1.000000,0.000000,0,0.000000,384974.000000,1.000000,685622916844.000000,4140098.000000
385000,3,207009,0.600000,1.000000,0.752830,1.000000,0.000000,0,0.000000,384998.000000,1.000000,685622916844.000000,4140098.000000
385000,4,207006,0.600000,1.000000,0.640311,1.000000,0.000000,0,0.000000,384978.000000,1.000000,685622916844.000000,4140098.000000
385000,5,207007,0.600000,1.000000,0.595006,1.000000,0.000000,0,0.000000,384949.000000,1.000000,685622916844.000000,4140098.000000
385000,6,207008,0.600000,1.000000,0.700933,1.000000,0.000000,0,0.000000,384982.000000,1.000000,685622916844.000000,4140098.000000
385000,7,207008,0.600000,1.000000,0.756373,1.000000,0.000000,0,0.000000,384999.000000,1.000000,685622916844.000000,4140098.000000
385000,8,207009,0.600000,1.000000,0.678793,1.000000,0.000000,0,0.000000,384993.000000,1.000000,685622916844.000000,4140098.000000
385000,9,207009,0.600000,1.000000,0.659914,1.000000,0.000000,0,0.000000,384959.000000,1.000000,685622916844.000000,4140098.000000
385000,10,207009,0.600000,1.000000,0.758433,1.000000,0.000000,1,345233.000000,385000.000000,1.000000,685622916844.000000,4140098.000000
385000,11,207001,0.600000,1.000000,0.663540,1.000000,0.000000,0,0.000000,384807.000000,1.000000,685622916844.000000,4140098.000000
385000,12,207006,0.600000,1.000000,0.640054,1.000000,0.000000,0,0.000000,384970.000000,1.000000,685622916844.000000,4140098.000000
385000,13,207006,0.600000,1.000000,0.567056,1.000000,0.000000,0,0.000000,384942.000000,1.000000,685622916844.000000,4140098.000000
385000,14,207002,0.600000,1.000000,0.574280,1.000000,0.000000,0,0.000000,384962.000000,1.000000,685622916844.000000,4140098.000000
385000,15,207009,0.600000,1.000000,0.545003,1.000000,0.000000,0,0.000000,384905.000000,1.000000,685622916844.000000,4140098.000000
386000,0,207547,0.600000,1.000000,0.616801,1.000000,0.000000,0,0.000000,385970.000000,1.000000,689214191003.000000,415083.000000
386000,1,207545,0.600000,1.000000,0.538666,1.000000,0.000000,0,0.000000,385968.000000,1.000000,689214191003.000000,415083.000000
386000,2,207551,0.600000,1.000000,0.630141,1.000000,0.000000,0,0.000000,385996.000000,1.000000,689214191003.000000,415083.000000
386000,3,207547,0.600000,1.000000,0.814209,1.000000,0.000000,0,0.000000,385801.000000,1.000000,689214191003.000000,415083.000000
386000,4,207542,0.600000,1.000000,0.601068,1.000000,0.000000,0,0.000000,385923.000000,1.000000,689214191003.000000,415083.000000
386000,5,207546,0.600000,1.000000,0.698275,1.000000,0.000000,0,0.000000,385960.000000,1.000000,689214191003.000000,415083.000000
386000,6,207550,0.600000,1.000000,0.720546,1.000000,0.000000,0,0.000000,385985.000000,1.000000,689214191003.000000,415083.000000
386000,7,207550,0.600000,1.000000,0.742027,1.000000,0.000000,0,0.000000,385998.000000,1.000000,689214191003.000000,415083.000000
386000,8,207551,0.600000,1.000000,0.666237,1.000000,0.000000,0,0.000000,385999.000000,1.000000,689214191003.000000,415083.000000
386000,9,207550,0.600000,1.000000,0.681785,1.000000,0.000000,1,346265.000000,386000.000000,1.000000,689214191003.000000,415083.000000
386000,10,207545,0.600000,1.000000,0.626518,1.000000,0.000000,0,0.000000,385692.000000,1.000000,689214191003.000000,415083.000000
386000,11,207550,0.600000,1.000000,0.699632,1.000000,0.000000,0,0.000000,385912.000000,1.000000,689214191003.000000,415083.000000
386000,12,207549,0.600000,1.000000,0.722847,1.000000,0.000000,0,0.000000,385882.000000,1.000000,689214191003.000000,415083.000000
386000,13,207538,0.600000,1.000000,0.545275,1.000000,0.000000,0,0.000000,385432.000000,1.000000,689214191003.000000,415083.000000
386000,14,207548,0.600000,1.000000,0.595820,1.000000,0.000000,0,0.000000,385971.000000,1.000000,689214191003.000000,415083.000000
386000,15,207548,0.600000,1.000000,0.778115,1.000000,0.000000,0,0.000000,385943.000000,1.000000,689214191003.000000,415083.000000
387000,0,208074,0.600000,1.000000,0.543540,1.000000,0.000000,0,0.000000,386765.000000,1.000000,692799448111.000000,2913187.000000
387000,1,208087,0.600000,1.000000,0.608661,1.000000,0.000000,0,0.000000,386976.000000,1.000000,692799448111.000000,2913187.000000
387000,2,208090,0.600000,1.000000,0.782214,1.000000,0.000000,0,0.000000,386998.000000,1.000000,692799448111.000000,2913187.000000
387000,3,208091,0.600000,1.000000,0.705070,1.000000,0.000000,1,347507.000000,387000.000000,1.000000,692799448111.000000,2913187.000000
387000,4,208076,0.600000,1.000000,0.620728,1.000000,0.000000,0,0.000000,386824.000000,1.000000,692799448111.000000,2913187.000000
387000,5,208090,0.600000,1.000000,0.744435,1.000000,0.000000,0,0.000000,386993.000000,1.000000,692799448111.000000,2913187.000000
387000,6,208088,0.600000,1.000000,0.578863,1.000000,0.000000,0,0.000000,386982.000000,1.000000,692799448111.000000,2913187.000000
387000,7,208088,0.600000,1.000000,0.578204,1.000000,0.000000,0,0.000000,386983.000000,1.000000,692799448111.000000,2913187.000000
387000,8,208091,0.600000,1.000000,0.668872,1.000000,0.000000,0,0.000000,386987.000000,1.000000,692799448111.000000,2913187.000000
387000,9,208091,0.600000,1.000000,0.696426,1.000000,0.000000,0,0.000000,386851.000000,1.000000,692799448111.000000,2913187.000000
387000,10,208084,0.600000,1.000000,0.593997,1.000000,0.000000,0,0.000000,386980.000000,1.000000,692799448111.000000,2913187.000000
387000,11,208089,0.600000,1.000000,0.630859,1.000000,0.000000,0,0.000000,386908.000000,1.000000,692799448111.000000,2913187.000000
387000,12,208089,0.600000,1.000000,0.675221,1.000000,0.000000,0,0.000000,386977.000000,1.000000,692799448111.000000,2913187.000000
387000,13,208074,0.600000,1.000000,0.627732,1.000000,0.000000,0,0.000000,386558.000000,1.000000,692799448111.000000,2913187.000000
387000,14,208089,0.600000,1.000000,0.732515,1.000000,0.000000,0,0.000000,386815.000000,1.000000,692799448111.000000,2913187.000000
387000,15,208092,0.600000,1.000000,0.633128,1.000000,0.000000,0,0.000000,386991.000000,1.000000,692799448111.000000,2913187.000000
388000,0,208634,0.600000,1.000000,0.740229,1.000000,0.000000,1,346654.000000,388000.000000,1.000000,696429472204.000000,2503586.000000
388000,1,208633,0.600000,1.000000,0.684180,1.000000,0.000000,0,0.000000,387983.000000,1.000000,696429472204.000000,2503586.000000
388000,2,208628,0.600000,1.000000,0.601532,1.000000,0.000000,0,0.000000,387885.000000,1.000000,696429472204.000000,2503586.000000
388000,3,208632,0.600000,1.000000,0.589015,1.000000,0.000000,0,0.000000,387695.000000,1.000000,696429472204.000000,2503586.000000
388000,4,208633,0.600000,1.000000,0.602840,1.000000,0.000000,0,0.000000,387992.000000,1.000000,696429472204.000000,2503586.000000
388000,5,208633,0.600000,1.000000,0.706571,1.000000,0.000000,0,0.000000,387999.000000,1.000000,696429472204.000000,2503586.000000
388000,6,208627,0.600000,1.000000,0.519736,1.000000,0.000000,0,0.000000,387866.000000,1.000000,696429472204.000000,2503586.000000
388000,7,208625,0.600000,1.000000,0.710204,1.000000,0.000000,0,0.000000,387677.000000,1.000000,696429472204.000000,2503586.000000
388000,8,208631,0.600000,1.000000,0.642357,1.000000,0.000000,0,0.000000,387976.000000,1.000000,696429472204.000000,2503586.000000
388000,9,208634,0.600000,1.000000,0.769095,1.000000,0.000000,0,0.000000,387996.000000,1.000000,696429472204.000000,2503586.000000
388000,10,208625,0.600000,1.000000,0.727421,1.000000,0.000000,0,0.000000,387873.000000,1.000000,696429472204.000000,2503586.000000
388000,11,208630,0.600000,1.000000,0.704664,1.000000,0.000000,0,0.000000,387980.000000,1.000000,696429472204.000000,2503586.000000
388000,12,208634,0.600000,1.000000,0.596463,1.000000,0.000000,0,0.000000,387993.000000,1.000000,696429472204.000000,2503586.000000
388000,13,208634,0.600000,1.000000,0.660792,1.000000,0.000000,0,0.000000,387997.000000,1.000000,696429472204.000000,2503586.000000
388000,14,208632,0.600000,1.000000,0.525184,1.000000,0.000000,0,0.000000,387948.000000,1.000000,696429472204.000000,2503586.000000
388000,15,208629,0.600000,1.000000,0.568473,1.000000,0.000000,0,0.000000,387960.000000,1.000000,696429472204.000000,2503586.000000
389000,0,209168,0.600000,1.000000,0.697564,1.000000,0.000000,0,0.000000,388991.000000,1.000000,700011250703.000000,3346646.000000
389000,1,209166,0.600000,1.000000,0.684631,1.000000,0.000000,0,0.000000,388986.000000,1.000000,700011250703.000000,3346646.000000
389000,2,209168,0.600000,1.000000,0.716910,1.000000,0.000000,0,0.000000,388979.000000,1.000000,700011250703.000000,3346646.000000
389000,3,209167,0.600000,1.000000,0.593001,1.000000,0.000000,0,0.000000,388970.000000,1.000000,700011250703.000000,3346646.000000
389000,4,209171,0.600000,1.000000,0.786858,1.000000,0.000000,0,0.000000,388999.000000,1.000000,700011250703.000000,3346646.000000
389000,5,209165,0.600000,1.000000,0.688315,1.000000,0.000000,0,0.000000,388895.000000,1.000000,700011250703.000000,3346646.000000
389000,6,209165,0.600000,1.000000,0.587388,1.000000,0.000000,0,0.000000,388965.000000,1.000000,700011250703.000000,3346646.000000
389000,7,209162,0.600000,1.000000,0.637793,1.000000,0.000000,0,0.000000,388975.000000,1.000000,700011250703.000000,3346646.000000
389000,8,209160,0.600000,1.000000,0.582524,1.000000,0.000000,0,0.000000,388939.000000,1.000000,700011250703.000000,3346646.000000
389000,9,209163,0.600000,1.000000,0.631054,1.000000,0.000000,0,0.000000,388952.000000,1.000000,700011250703.000000,3346646.000000
389000,10,209169,0.600000,1.000000,0.635686,1.000000,0.000000,0,0.000000,388992.000000,1.000000,700011250703.000000,3346646.000000
389000,11,209166,0.600000,1.000000,0.645736,1.000000,0.000000,0,0.000000,388963.000000,1.000000,700011250703.000000,3346646.000000
389000,12,209167,0.600000,1.000000,0.639662,1.000000,0.000000,0,0.000000,388968.000000,1.000000,700011250703.000000,3346646.000000
389000,13,209170,0.600000,1.000000,0.648657,1.000000,0.000000,0,0.000000,388953.000000,1.000000,700011250703.000000,3346646.000000
389000,14,209170,0.600000,1.000000,0.672605,1.000000,0.000000,0,0.000000,388996.000000,1.000000,700011250703.000000,3346646.000000
389000,15,209170,0.600000,1.000000,0.819231,1.000000,0.000000,1,347913.000000,389000.000000,1.000000,700011250703.000000,3346646.000000
390000,0,209699,0.600000,1.000000,0.707237,1.000000,0.000000,0,0.000000,389978.000000,1.000000,703544759173.000000,4613237.000000
390000,1,209687,0.600000,1.000000,0.512204,1.000000,0.000000,0,0.000000,389951.000000,1.000000,703544759173.000000,4613237.000000
390000,2,209696,0.600000,1.000000,0.645900,1.000000,0.000000,0,0.000000,389955.000000,1.000000,703544759173.000000,4613237.000000
390000,3,209689,0.600000,1.000000,0.696645,1.000000,0.000000,0,0.000000,389554.000000,1.000000,703544759173.000000,4613237.000000
390000,4,209696,0.600000,1.000000,0.716262,1.000000,0.000000,0,0.000000,389991.000000,1.000000,703544759173.000000,4613237.000000
390000,5,209700,0.600000,1.000000,0.803682,1.000000,0.000000,1,349379.000000,390000.000000,1.000000,703544759173.000000,4613237.000000
390000,6,209699,0.600000,1.000000,0.871038,1.000000,0.000000,0,0.000000,389997.000000,1.000000,703544759173.000000,4613237.000000
390000,7,209689,0.600000,1.000000,0.556272,1.000000,0.000000,0,0.000000,389769.000000,1.000000,703544759173.000000,4613237.000000
390000,8,209693,0.600000,1.000000,0.634264,1.000000,0.000000,0,0.000000,389975.000000,1.000000,703544759173.000000,4613237.000000
390000,9,209692,0.600000,1.000000,0.703728,1.000000,0.000000,0,0.000000,389974.000000,1.000000,703544759173.000000,4613237.000000
390000,10,209698,0.600000,1.000000,0.581134,1.000000,0.000000,0,0.000000,389981.000000,1.000000,703544759173.000000,4613237.000000
390000,11,209698,0.600000,1.000000,0.656059,1.000000,0.000000,0,0.000000,389995.000000,1.000000,703544759173.000000,4613237.000000
390000,12,209683,0.600000,1.000000,0.616809,1.000000,0.000000,0,0.000000,389412.000000,1.000000,703544759173.000000,4613237.000000
390000,13,209697,0.600000,1.000000,0.641395,1.000000,0.000000,0,0.000000,389993.000000,1.000000,703544759173.000000,4613237.000000
390000,14,209690,0.600000,1.000000,0.637685,1.000000,0.000000,0,0.000000,389692.000000,1.000000,703544759173.000000,4613237.000000
390000,15,209697,0.600000,1.000000,0.638917,1.000000,0.000000,0,0.000000,389965.000000,1.000000,703544759173.000000,4613237.000000
391000,0,210231,0.600000,1.000000,0.594170,1.000000,0.000000,0,0.000000,390925.000000,1.000000,707180924688.000000,5045654.000000
391000,1,210239,0.600000,1.000000,0.774538,1.000000,0.000000,1,349752.000000,391000.000000,1.000000,707180924688.000000,5045654.000000
391000,2,210234,0.600000,1.000000,0.716654,1.000000,0.000000,0,0.000000,390753.000000,1.000000,707180924688.000000,5045654.000000
391000,3,210234,0.600000,1.000000,0.602189,1.000000,0.000000,0,0.000000,390973.000000,1.000000,707180924688.000000,5045654.000000
391000,4,210234,0.600000,1.000000,0.608242,1.000000,0.000000,0,0.000000,390941.000000,1.000000,707180924688.000000,5045654.000000
391000,5,210238,0.600000,1.000000,0.745475,1.000000,0.000000,0,0.000000,390993.000000,1.000000,707180924688.000000,5045654.000000
391000,6,210238,0.600000,1.000000,0.622291,1.000000,0.000000,0,0.000000,390996.000000,1.000000,707180924688.000000,5045654.000000
391000,7,210238,0.600000,1.000000,0.723868,1.000000,0.000000,0,0.000000,390984.000000,1.000000,707180924688.000000,5045654.000000
391000,8,210234,0.600000,1.000000,0.646008,1.000000,0.000000,0,0.000000,390944.000000,1.000000,707180924688.000000,5045654.000000
391000,9,210238,0.600000,1.000000,0.588172,1.000000,0.000000,0,0.000000,390989.000000,1.000000,707180924688.000000,5045654.000000
391000,10,210238,0.600000,1.000000,0.655587,1.000000,0.000000,0,0.000000,390998.000000,1.000000,707180924688.000000,5045654.000000
391000,11,210231,0.600000,1.000000,0.722607,1.000000,0.000000,0,0.000000,390665.000000,1.000000,707180924688.000000,5045654.000000
391000,12,210238,0.600000,1.000000,0.664387,1.000000,0.000000,0,0.000000,390987.000000,1.000000,707180924688.000000,5045654.000000
391000,13,210231,0.600000,1.000000,0.689602,1.000000,0.000000,0,0.000000,390901.000000,1.000000,707180924688.000000,5045654.000000
391000,14,210230,0.600000,1.000000,0.674015,1.000000,0.000000,0,0.000000,390894.000000,1.000000,707180924688.000000,5045654.000000
391000,15,210236,0.600000,1.000000,0.536559,1.000000,0.000000,0,0.000000,390946.000000,1.000000,707180924688.000000,5045654.000000
392000,0,210766,0.600000,1.000000,0.508719,1.000000,0.000000,0,0.000000,391975.000000,1.000000,710767446561.000000,4215352.000000
392000,1,210767,0.600000,1.000000,0.598459,1.000000,0.000000,0,0.000000,391984.000000,1.000000,710767446561.000000,4215352.000000
392000,2,210762,0.600000,1.000000,0.555082,1.000000,0.000000,0,0.000000,391959.000000,1.000000,710767446561.000000,4215352.000000
392000,3,210770,0.600000,1.000000,0.705781,1.000000,0.000000,0,0.000000,391997.000000,1.000000,710767446561.000000,4215352.000000
392000,4,210767,0.600000,1.000000,0.754913,1.000000,0.000000,0,0.000000,391992.000000,1.000000,710767446561.000000,4215352.000000
392000,5,210770,0.600000,1.000000,0.734583,1.000000,0.000000,0,0.000000,391874.000000,1.000000,710767446561.000000,4215352.000000
392000,6,210770,0.600000,1.000000,0.725593,1.000000,0.000000,0,0.000000,391994.000000,1.000000,710767446561.000000,4215352.000000
392000,7,210767,0.600000,1.000000,0.668747,1.000000,0.000000,0,0.000000,391986.000000,1.000000,710767446561.000000,4215352.000000
392000,8,210771,0.600000,1.000000,0.724292,1.000000,0.000000,0,0.000000,391999.000000,1.000000,710767446561.000000,4215352.000000
392000,9,210768,0.600000,1.000000,0.673070,1.000000,0.000000,0,0.000000,391840.000000,1.000000,710767446561.000000,4215352.000000
392000,10,210765,0.600000,1.000000,0.631748,1.000000,0.000000,0,0.000000,391985.000000,1.000000,710767446561.000000,4215352.000000
392000,11,210766,0.600000,1.000000,0.589033,1.000000,0.000000,0,0.000000,391924.000000,1.000000,710767446561.000000,4215352.000000
392000,12,210763,0.600000,1.000000,0.518318,1.000000,0.000000,0,0.000000,391973.000000,1.000000,710767446561.000000,4215352.000000
392000,13,210767,0.600000,1.000000,0.647017,1.000000,0.000000,0,0.000000,391930.000000,1.000000,710767446561.000000,4215352.000000
392000,14,210769,0.600000,1.000000,0.706561,1.000000,0.000000,0,0.000000,391998.000000,1.000000,710767446561.000000,4215352.000000
392000,15,210773,0.600000,1.000000,0.661290,1.000000,0.000000,1,350701.000000,392000.000000,1.000000,710767446561.000000,4215352.000000
393000,0,211319,0.600000,1.000000,0.706388,1.000000,0.000000,1,351150.000000,393000.000000,1.000000,714458973959.000000,1267883.000000
393000,1,211295,0.600000,1.000000,0.527024,1.000000,0.000000,0,0.000000,392812.000000,1.000000,714458973959.000000,1267883.000000
393000,2,211318,0.600000,1.000000,0.741826,1.000000,0.000000,0,0.000000,392995.000000,1.000000,714458973959.000000,1267883.000000
393000,3,211318,0.600000,1.000000,0.718753,1.000000,0.000000,0,0.000000,392996.000000,1.000000,714458973959.000000,1267883.000000
393000,4,211316,0.600000,1.000000,0.630168,1.000000,0.000000,0,0.000000,392956.000000,1.000000,714458973959.000000,1267883.000000
393000,5,211318,0.600000,1.000000,0.756484,1.000000,0.000000,0,0.000000,392999.000000,1.000000,714458973959.000000,1267883.000000
393000,6,211318,0.600000,1.000000,0.795042,1.000000,0.000000,0,0.000000,392989.000000,1.000000,714458973959.000000,1267883.000000
393000,7,211314,0.600000,1.000000,0.590940,1.000000,0.000000,0,0.000000,392954.000000,1.000000,714458973959.000000,1267883.000000
393000,8,211314,0.600000,1.000000,0.610089,1.000000,0.000000,0,0.000000,392964.000000,1.000000,714458973959.000000,1267883.000000
393000,9,211318,0.600000,1.000000,0.726232,1.000000,0.000000,0,0.000000,392984.000000,1.000000,714458973959.000000,1267883.000000
393000,10,211307,0.600000,1.000000,0.462908,1.000000,0.000000,0,0.000000,392950.000000,1.000000,714458973959.000000,1267883.000000
393000,11,211315,0.600000,1.000000,0.607107,1.000000,0.000000,0,0.000000,392943.000000,1.000000,714458973959.000000,1267883.000000
393000,12,211314,0.600000,1.000000,0.612010,1.000000,0.000000,0,0.000000,392975.000000,1.000000,714458973959.000000,1267883.000000
393000,13,211317,0.600000,1.000000,0.611423,1.000000,0.000000,0,0.000000,392988.000000,1.000000,714458973959.000000,1267883.000000
393000,14,211311,0.600000,1.000000,0.687544,1.000000,0.000000,0,0.000000,392357.000000,1.000000,714458973959.000000,1267883.000000
393000,15,211315,0.600000,1.000000,0.743648,1.000000,0.000000,0,0.000000,392426.000000,1.000000,714458973959.000000,1267883.000000
394000,0,211847,0.600000,1.000000,0.689759,1.000000,0.000000,0,0.000000,393832.000000,1.000000,718048627874.000000,3389548.000000
394000,1,211848,0.600000,1.000000,0.675807,1.000000,0.000000,0,0.000000,393994.000000,1.000000,718048627874.000000,3389548.000000
394000,2,211847,0.600000,1.000000,0.655059,1.000000,0.000000,0,0.000000,393933.000000,1.000000,718048627874.000000,3389548.000000
394000,3,211848,0.600000,1.000000,0.713266,1.000000,0.000000,0,0.000000,393991.000000,1.000000,718048627874.000000,3389548.000000
394000,4,211846,0.600000,1.000000,0.603501,1.000000,0.000000,0,0.000000,393972.000000,1.000000,718048627874.000000,3389548.000000
394000,5,211834,0.600000,1.000000,0.558583,1.000000,0.000000,0,0.000000,393841.000000,1.000000,718048627874.000000,3389548.000000
394000,6,211849,0.600000,1.000000,0.831334,1.000000,0.000000,0,0.000000,393999.000000,1.000000,718048627874.000000,3389548.000000
394000,7,211836,0.600000,1.000000,0.720824,1.000000,0.000000,0,0.000000,393726.000000,1.000000,718048627874.000000,3389548.000000
394000,8,211839,0.600000,1.000000,0.646584,1.000000,0.000000,0,0.000000,393876.000000,1.000000,718048627874.000000,3389548.000000
394000,9,211850,0.600000,1.000000,0.658993,1.000000,0.000000,0,0.000000,393997.000000,1.000000,718048627874.000000,3389548.000000
394000,10,211844,0.600000,1.000000,0.670871,1.000000,0.000000,0,0.000000,393964.000000,1.000000,718048627874.000000,3389548.000000
394000,11,211849,0.600000,1.000000,0.678988,1.000000,0.000000,1,353462.000000,394000.000000,1.000000,718048627874.000000,3389548.000000
394000,12,211846,0.600000,1.000000,0.539127,1.000000,0.000000,0,0.000000,393938.000000,1.000000,718048627874.000000,3389548.000000
394000,13,211838,0.600000,1.000000,0.561858,1.000000,0.000000,0,0.000000,393896.000000,1.000000,718048627874.000000,3389548.000000
394000,14,211844,0.600000,1.000000,0.612365,1.000000,0.000000,0,0.000000,393363.000000,1.000000,718048627874.000000,3389548.000000
394000,15,211845,0.600000,1.000000,0.717100,1.000000,0.000000,0,0.000000,393864.000000,1.000000,718048627874.000000,3389548.000000
395000,0,212387,0.600000,1.000000,0.592434,1.000000,0.000000,0,0.000000,394987.000000,1.000000,721724583259.000000,2548632.000000
395000,1,212385,0.600000,1.000000,0.764741,1.000000,0.000000,0,0.000000,394958.000000,1.000000,721724583259.000000,2548632.000000
395000,2,212386,0.600000,1.000000,0.640436,1.000000,0.000000,0,0.000000,394799.000000,1.000000,721724583259.000000,2548632.000000
395000,3,212386,0.600000,1.000000,0.729006,1.000000,0.000000,0,0.000000,394622.000000,1.000000,721724583259.000000,2548632.000000
395000,4,212386,0.600000,1.000000,0.705360,1.000000,0.000000,0,0.000000,394873.000000,1.000000,721724583259.000000,2548632.000000
395000,5,212384,0.600000,1.000000,0.759908,1.000000,0.000000,0,0.000000,394937.000000,1.000000,721724583259.000000,2548632.000000
395000,6,212384,0.600000,1.000000,0.562304,1.000000,0.000000,0,0.000000,394975.000000,1.000000,721724583259.000000,2548632.000000
395000,7,212386,0.600000,1.000000,0.534757,1.000000,0.000000,0,0.000000,394977.000000,1.000000,721724583259.000000,2548632.000000
395000,8,212383,0.600000,1.000000,0.693335,1.000000,0.000000,0,0.000000,394989.000000,1.000000,721724583259.000000,2548632.000000
395000,9,212390,0.600000,1.000000,0.818960,1.000000,0.000000,1,354297.000000,395000.000000,1.000000,721724583259.000000,2548632.000000
395000,10,212385,0.600000,1.000000,0.688381,1.000000,0.000000,0,0.000000,394965.000000,1.000000,721724583259.000000,2548632.000000
395000,11,212390,0.600000,1.000000,0.629427,1.000000,0.000000,0,0.000000,394998.000000,1.000000,721724583259.000000,2548632.000000
395000,12,212385,0.600000,1.000000,0.616378,1.000000,0.000000,0,0.000000,394921.000000,1.000000,721724583259.000000,2548632.000000
395000,13,212391,0.600000,1.000000,0.661878,1.000000,0.000000,0,0.000000,394999.000000,1.000000,721724583259.000000,2548632.000000
395000,14,212382,0.600000,1.000000,0.773954,1.000000,0.000000,0,0.000000,394677.000000,1.000000,721724583259.000000,2548632.000000
395000,15,212385,0.600000,1.000000,0.595725,1.000000,0.000000,0,0.000000,394939.000000,1.000000,721724583259.000000,2548632.000000
396000,0,212922,0.600000,1.000000,0.725426,1.000000,0.000000,0,0.000000,395989.000000,1.000000,725360100209.000000,3406700.000000
396000,1,212922,0.600000,1.000000,0.573699,1.000000,0.000000,0,0.000000,395961.000000,1.000000,725360100209.000000,3406700.000000
396000,2,212922,0.600000,1.000000,0.706426,1.000000,0.000000,0,0.000000,395903.000000,1.000000,725360100209.000000,3406700.000000
396000,3,212923,0.600000,1.000000,0.660768,1.000000,0.000000,0,0.000000,395975.000000,1.000000,725360100209.000000,3406700.000000
396000,4,212916,0.600000,1.000000,0.597073,1.000000,0.000000,0,0.000000,395876.000000,1.000000,725360100209.000000,3406700.000000
396000,5,212924,0.600000,1.000000,0.725674,1.000000,0.000000,0,0.000000,395997.000000,1.000000,725360100209.000000,3406700.000000
396000,6,212922,0.600000,1.000000,0.718167,1.000000,0.000000,0,0.000000,395953.000000,1.000000,725360100209.000000,3406700.000000
396000,7,212925,0.600000,1.000000,0.724930,1.000000,0.000000,1,355824.000000,396000.000000,1.000000,725360100209.000000,3406700.000000
396000,8,212920,0.600000,1.000000,0.722276,1.000000,0.000000,0,0.000000,395981.000000,1.000000,725360100209.000000,3406700.000000
396000,9,212924,0.600000,1.000000,0.771812,1.000000,0.000000,0,0.000000,395999.000000,1.000000,725360100209.000000,3406700.000000
396000,10,212911,0.600000,1.000000,0.596618,1.000000,0.000000,0,0.000000,395697.000000,1.000000,725360100209.000000,3406700.000000
396000,11,212915,0.600000,1.000000,0.621364,1.000000,0.000000,0,0.000000,395871.000000,1.000000,725360100209.000000,3406700.000000
396000,12,212924,0.600000,1.000000,0.738748,1.000000,0.000000,0,0.000000,395998.000000,1.000000,725360100209.000000,3406700.000000
396000,13,212922,0.600000,1.000000,0.643108,1.000000,0.000000,0,0.000000,395991.000000,1.000000,725360100209.000000,3406700.000000
396000,14,212912,0.600000,1.000000,0.632277,1.000000,0.000000,0,0.000000,395640.000000,1.000000,725360100209.000000,3406700.000000
396000,15,212919,0.600000,1.000000,0.603647,1.000000,0.000000,0,0.000000,395886.000000,1.000000,725360100209.000000,3406700.000000
397000,0,213453,0.600000,1.000000,0.638044,1.000000,0.000000,0,0.000000,396987.000000,1.000000,728994504617.000000,4269058.000000
397000,1,213450,0.600000,1.000000,0.647074,1.000000,0.000000,0,0.000000,396967.000000,1.000000,728994504617.000000,4269058.000000
397000,2,213451,0.600000,1.000000,0.808039,1.000000,0.000000,0,0.000000,396745.000000,1.000000,728994504617.000000,4269058.000000
397000,3,213455,0.600000,1.000000,0.723483,1.000000,0.000000,0,0.000000,396999.000000,1.000000,728994504617.000000,4269058.000000
397000,4,213452,0.600000,1.000000,0.579215,1.000000,0.000000,0,0.000000,396909.000000,1.000000,728994504617.000000,4269058.000000
397000,5,213451,0.600000,1.000000,0.602270,1.000000,0.000000,0,0.000000,396969.000000,1.000000,728994504617.000000,4269058.000000
397000,6,213444,0.600000,1.000000,0.745157,1.000000,0.000000,0,0.000000,396845.000000,1.000000,728994504617.000000,4269058.000000
397000,7,213452,0.600000,1.000000,0.633268,1.000000,0.000000,0,0.000000,396968.000000,1.000000,728994504617.000000,4269058.000000
397000,8,213455,0.600000,1.000000,0.620516,1.000000,0.000000,0,0.000000,396991.000000,1.000000,728994504617.000000,4269058.000000
397000,9,213449,0.600000,1.000000,0.709463,1.000000,0.000000,0,0.000000,396925.000000,1.000000,728994504617.000000,4269058.000000
397000,10,213456,0.600000,1.000000,0.586331,1.000000,0.000000,0,0.000000,396998.000000,1.000000,728994504617.000000,4269058.000000
397000,11,213455,0.600000,1.000000,0.761156,1.000000,0.000000,0,0.000000,396994.000000,1.000000,728994504617.000000,4269058.000000
397000,12,213456,0.600000,1.000000,0.757740,1.000000,0.000000,1,354743.000000,397000.000000,1.000000,728994504617.000000,4269058.000000
397000,13,213457,0.600000,1.000000,0.674707,1.000000,0.000000,0,0.000000,396946.000000,1.000000,728994504617.000000,4269058.000000
397000,14,213454,0.600000,1.000000,0.686584,1.000000,0.000000,0,0.000000,396955.000000,1.000000,728994504617.000000,4269058.000000
397000,15,213457,0.600000,1.000000,0.671337,1.000000,0.000000,0,0.000000,396996.000000,1.000000,728994504617.000000,4269058.000000
398000,0,213998,0.600000,1.000000,0.714539,1.000000,0.000000,0,0.000000,397994.000000,1.000000,732679505652.000000,5563795.000000
398000,1,213998,0.600000,1.000000,0.676121,1.000000,0.000000,1,356182.000000,398000.000000,1.000000,732679505652.000000,5563795.000000
398000,2,213983,0.600000,1.000000,0.510091,1.000000,0.000000,0,0.000000,397401.000000,1.000000,732679505652.000000,5563795.000000
398000,3,213989,0.600000,1.000000,0.497840,1.000000,0.000000,0,0.000000,397961.000000,1.000000,732679505652.000000,5563795.000000
398000,4,213993,0.600000,1.000000,0.732000,1.000000,0.000000,0,0.000000,397973.000000,1.000000,732679505652.000000,5563795.000000
398000,5,213998,0.600000,1.000000,0.794953,1.000000,0.000000,0,0.000000,397999.000000,1.000000,732679505652.000000,5563795.000000
398000,6,213991,0.600000,1.000000,0.617200,1.000000,0.000000,0,0.000000,397959.000000,1.000000,732679505652.000000,5563795.000000
398000,7,213994,0.600000,1.000000,0.719946,1.000000,0.000000,0,0.000000,397985.000000,1.000000,732679505652.000000,5563795.000000
398000,8,213995,0.600000,1.000000,0.764184,1.000000,0.000000,0,0.000000,397983.000000,1.000000,732679505652.000000,5563795.000000
398000,9,213992,0.600000,1.000000,0.687915,1.000000,0.000000,0,0.000000,397921.000000,1.000000,732679505652.000000,5563795.000000
398000,10,213996,0.600000,1.000000,0.807991,1.000000,0.000000,0,0.000000,397998.000000,1.000000,732679505652.000000,5563795.000000
398000,11,213997,0.600000,1.000000,0.648713,1.000000,0.000000,0,0.000000,397996.000000,1.000000,732679505652.000000,5563795.000000
398000,12,213985,0.600000,1.000000,0.619983,1.000000,0.000000,0,0.000000,397970.000000,1.000000,732679505652.000000,5563795.000000
398000,13,213978,0.600000,1.000000,0.480322,1.000000,0.000000,0,0.000000,397909.000000,1.000000,732679505652.000000,5563795.000000
398000,14,213996,0.600000,1.000000,0.599478,1.000000,0.000000,0,0.000000,397714.000000,1.000000,732679505652.000000,5563795.000000
398000,15,213985,0.600000,1.000000,0.689260,1.000000,0.000000,0,0.000000,397828.000000,1.000000,732679505652.000000,5563795.000000
399000,0,214527,0.600000,1.000000,0.653010,1.000000,0.000000,0,0.000000,398983.000000,1.000000,736324884017.000000,4290486.000000
399000,1,214525,0.600000,1.000000,0.596961,1.000000,0.000000,0,0.000000,398989.000000,1.000000,736324884017.000000,4290486.000000
399000,2,214526,0.600000,1.000000,0.696023,1.000000,0.000000,0,0.000000,398997.000000,1.000000,736324884017.000000,4290486.000000
399000,3,214525,0.600000,1.000000,0.659869,1.000000,0.000000,0,0.000000,398986.000000,1.000000,736324884017.000000,4290486.000000
399000,4,214519,0.600000,1.000000,0.583637,1.000000,0.000000,0,0.000000,398881.000000,1.000000,736324884017.000000,4290486.000000
399000,5,214512,0.600000,1.000000,0.628904,1.000000,0.000000,0,0.000000,398818.000000,1.000000,736324884017.000000,4290486.000000
399000,6,214524,0.600000,1.000000,0.687298,1.000000,0.000000,0,0.000000,398978.000000,1.000000,736324884017.000000,4290486.000000
399000,7,214525,0.600000,1.000000,0.759237,1.000000,0.000000,0,0.000000,398999.000000,1.000000,736324884017.000000,4290486.000000
399000,8,214525,0.600000,1.000000,0.735337,1.000000,0.000000,0,0.000000,398998.000000,1.000000,736324884017.000000,4290486.000000
399000,9,214519,0.600000,1.000000,0.743138,1.000000,0.000000,0,0.000000,398939.000000,1.000000,736324884017.000000,4290486.000000
399000,10,214525,0.600000,1.000000,0.564200,1.000000,0.000000,0,0.000000,398990.000000,1.000000,736324884017.000000,4290486.000000
399000,11,214525,0.600000,1.000000,0.608545,1.000000,0.000000,0,0.000000,398930.000000,1.000000,736324884017.000000,4290486.000000
399000,12,214525,0.600000,1.000000,0.651352,1.000000,0.000000,0,0.000000,398811.000000,1.000000,736324884017.000000,4290486.000000
399000,13,214527,0.600000,1.000000,0.629459,1.000000,0.000000,1,358435.000000,399000.000000,1.000000,736324884017.000000,4290486.000000
399000,14,214525,0.600000,1.000000,0.725006,1.000000,0.000000,0,0.000000,398995.000000,1.000000,736324884017.000000,4290486.000000
399000,15,214521,0.600000,1.000000,0.693962,1.000000,0.000000,0,0.000000,398874.000000,1.000000,736324884017.000000,4290486.000000
400000,0,215064,0.600000,1.000000,0.710031,1.000000,0.000000,0,0.000000,399999.000000,1.000000,740009416958.000000,2580736.000000
400000,1,215054,0.600000,1.000000,0.514048,1.000000,0.000000,0,0.000000,399970.000000,1.000000,740009416958.000000,2580736.000000
400000,2,215061,0.600000,1.000000,0.746268,1.000000,0.000000,0,0.000000,399855.000000,1.000000,740009416958.000000,2580736.000000
400000,3,215059,0.600000,1.000000,0.671965,1.000000,0.000000,0,0.000000,399986.000000,1.000000,740009416958.000000,2580736.000000
400000,4,215049,0.600000,1.000000,0.521028,1.000000,0.000000,0,0.000000,399611.000000,1.000000,740009416958.000000,2580736.000000
400000,5,215057,0.600000,1.000000,0.619952,1.000000,0.000000,0,0.000000,399850.000000,1.000000,740009416958.000000,2580736.000000
400000,6,215055,0.600000,1.000000,0.662754,1.000000,0.000000,0,0.000000,399893.000000,1.000000,740009416958.000000,2580736.000000
400000,7,215061,0.600000,1.000000,0.737942,1.000000,0.000000,0,0.000000,399995.000000,1.000000,740009416958.000000,2580736.000000
400000,8,215065,0.600000,1.000000,0.707530,1.000000,0.000000,0,0.000000,399987.000000,1.000000,740009416958.000000,2580736.000000
400000,9,215054,0.600000,1.000000,0.519749,1.000000,0.000000,0,0.000000,399941.000000,1.000000,740009416958.000000,2580736.000000
400000,10,215061,0.600000,1.000000,0.660704,1.000000,0.000000,0,0.000000,399703.000000,1.000000,740009416958.000000,2580736.000000
400000,11,215060,0.600000,1.000000,0.581267,1.000000,0.000000,0,0.000000,399954.000000,1.000000,740009416958.000000,2580736.000000
400000,12,215064,0.600000,1.000000,0.758531,1.000000,0.000000,1,357371.000000,400000.000000,1.000000,740009416958.000000,2580736.000000
400000,13,215061,0.600000,1.000000,0.740116,1.000000,0.000000,0,0.000000,399991.000000,1.000000,740009416958.000000,2580736.000000
400000,14,215065,0.600000,1.000000,0.674291,1.000000,0.000000,0,0.000000,399992.000000,1.000000,740009416958.000000,2580736.000000
400000,15,215062,0.600000,1.000000,0.814458,1.000000,0.000000,0,0.000000,399997.000000,1.000000,740009416958.000000,2580736.000000
401000,0,215594,0.600000,1.000000,0.642746,1.000000,0.000000,0,0.000000,400999.000000,1.000000,743669081522.000000,1724708.000000
401000,1,215593,0.600000,1.000000,0.794403,1.000000,0.000000,1,358802.000000,401000.000000,1.000000,743669081522.000000,1724708.000000
401000,2,215593,0.600000,1.000000,0.737909,1.000000,0.000000,0,0.000000,400943.000000,1.000000,743669081522.000000,1724708.000000
401000,3,215589,0.600000,1.000000,0.651235,1.000000,0.000000,0,0.000000,400964.000000,1.000000,743669081522.000000,1724708.000000
401000,4,215593,0.600000,1.000000,0.543318,1.000000,0.000000,0,0.000000,400942.000000,1.000000,743669081522.000000,1724708.000000
401000,5,215589,0.600000,1.000000,0.630825,1.000000,0.000000,0,0.000000,400862.000000,1.000000,743669081522.000000,1724708.000000
401000,6,215588,0.600000,1.000000,0.657355,1.000000,0.000000,0,0.000000,400972.000000,1.000000,743669081522.000000,1724708.000000
401000,7,215592,0.600000,1.000000,0.666118,1.000000,0.000000,0,0.000000,400979.000000,1.000000,743669081522.000000,1724708.000000
401000,8,215591,0.600000,1.000000,0.797668,1.000000,0.000000,0,0.000000,400978.000000,1.000000,743669081522.000000,1724708.000000
401000,9,215591,0.600000,1.000000,0.589065,1.000000,0.000000,0,0.000000,400975.000000,1.000000,743669081522.000000,1724708.000000
401000,10,215593,0.600000,1.000000,0.639831,1.000000,0.000000,0,0.000000,400976.000000,1.000000,743669081522.000000,1724708.000000
401000,11,215583,0.600000,1.000000,0.613874,1.000000,0.000000,0,0.000000,400908.000000,1.000000,743669081522.000000,1724708.000000
401000,12,215592,0.600000,1.000000,0.706948,1.000000,0.000000,0,0.000000,400993.000000,1.000000,743669081522.000000,1724708.000000
401000,13,215590,0.600000,1.000000,0.576997,1.000000,0.000000,0,0.000000,400421.000000,1.000000,743669081522.000000,1724708.000000
401000,14,215588,0.600000,1.000000,0.737095,1.000000,0.000000,0,0.000000,400932.000000,1.000000,743669081522.000000,1724708.000000
401000,15,215591,0.600000,1.000000,0.669999,1.000000,0.000000,0,0.000000,400992.000000,1.000000,743669081522.000000,1724708.000000
402000,0,216130,0.600000,1.000000,0.683853,1.000000,0.000000,0,0.000000,401949.000000,1.000000,747412553237.000000,3458096.000000
402000,1,216132,0.600000,1.000000,0.631710,1.000000,0.000000,0,0.000000,401986.000000,1.000000,747412553237.000000,3458096.000000
402000,2,216133,0.600000,1.000000,0.540710,1.000000,0.000000,0,0.000000,401946.000000,1.000000,747412553237.000000,3458096.000000
402000,3,216135,0.600000,1.000000,0.631302,1.000000,0.000000,0,0.000000,401876.000000,1.000000,747412553237.000000,3458096.000000
402000,4,216134,0.600000,1.000000,0.707533,1.000000,0.000000,0,0.000000,401969.000000,1.000000,747412553237.000000,3458096.000000
402000,5,216134,0.600000,1.000000,0.741212,1.000000,0.000000,0,0.000000,401998.000000,1.000000,747412553237.000000,3458096.000000
402000,6,216132,0.600000,1.000000,0.680826,1.000000,0.000000,0,0.000000,401838.000000,1.000000,747412553237.000000,3458096.000000
402000,7,216130,0.600000,1.000000,0.608117,1.000000,0.000000,0,0.000000,401967.000000,1.000000,747412553237.000000,3458096.000000
402000,8,216134,0.600000,1.000000,0.660742,1.000000,0.000000,0,0.000000,401995.000000,1.000000,747412553237.000000,3458096.000000
402000,9,216131,0.600000,1.000000,0.639477,1.000000,0.000000,0,0.000000,401987.000000,1.000000,747412553237.000000,3458096.000000
402000,10,216134,0.600000,1.000000,0.629523,1.000000,0.000000,0,0.000000,401975.000000,1.000000,747412553237.000000,3458096.000000
402000,11,216135,0.600000,1.000000,0.677593,1.000000,0.000000,0,0.000000,401999.000000,1.000000,747412553237.000000,3458096.000000
402000,12,216128,0.600000,1.000000,0.522838,1.000000,0.000000,0,0.000000,401938.000000,1.000000,747412553237.000000,3458096.000000
402000,13,216135,0.600000,1.000000,0.781268,1.000000,0.000000,1,361087.000000,402000.000000,1.000000,747412553237.000000,3458096.000000
402000,14,216134,0.600000,1.000000,0.710583,1.000000,0.000000,0,0.000000,401996.000000,1.000000,747412553237.000000,3458096.000000
402000,15,216130,0.600000,1.000000,0.581422,1.000000,0.000000,0,0.000000,401955.000000,1.000000,747412553237.000000,3458096.000000
403000,0,216667,0.600000,1.000000,0.562747,1.000000,0.000000,0,0.000000,402826.000000,1.000000,751131189151.000000,3033375.000000
403000,1,216673,0.600000,1.000000,0.666020,1.000000,0.000000,0,0.000000,402999.000000,1.000000,751131189151.000000,3033375.000000
403000,2,216666,0.600000,1.000000,0.616404,1.000000,0.000000,0,0.000000,402775.000000,1.000000,751131189151.000000,3033375.000000
403000,3,216673,0.600000,1.000000,0.647213,1.000000,0.000000,0,0.000000,402982.000000,1.000000,751131189151.000000,3033375.000000
403000,4,216669,0.600000,1.000000,0.634128,1.000000,0.000000,0,0.000000,402955.000000,1.000000,751131189151.000000,3033375.000000
403000,5,216671,0.600000,1.000000,0.526511,1.000000,0.000000,0,0.000000,402997.000000,1.000000,751131189151.000000,3033375.000000
403000,6,216671,0.600000,1.000000,0.632163,1.000000,0.000000,0,0.000000,402994.000000,1.000000,751131189151.000000,3033375.000000
403000,7,216669,0.600000,1.000000,0.530138,1.000000,0.000000,0,0.000000,402897.000000,1.000000,751131189151.000000,3033375.000000
403000,8,216673,0.600000,1.000000,0.652998,1.000000,0.000000,1,360759.000000,403000.000000,1.000000,751131189151.000000,3033375.000000
403000,9,216672,0.600000,1.000000,0.676181,1.000000,0.000000,0,0.000000,402991.000000,1.000000,751131189151.000000,3033375.000000
403000,10,216668,0.600000,1.000000,0.588030,1.000000,0.000000,0,0.000000,402961.000000,1.000000,751131189151.000000,3033375.000000
403000,11,216671,0.600000,1.000000,0.656257,1.000000,0.000000,0,0.000000,402987.000000,1.000000,751131189151.000000,3033375.000000
403000,12,216668,0.600000,1.000000,0.638760,1.000000,0.000000,0,0.000000,402979.000000,1.000000,751131189151.000000,3033375.000000
403000,13,216672,0.600000,1.000000,0.649820,1.000000,0.000000,0,0.000000,402947.000000,1.000000,751131189151.000000,3033375.000000
403000,14,216663,0.600000,1.000000,0.688019,1.000000,0.000000,0,0.000000,402873.000000,1.000000,751131189151.000000,3033375.000000
403000,15,216667,0.600000,1.000000,0.592422,1.000000,0.000000,0,0.000000,402736.000000,1.000000,751131189151.000000,3033375.000000
404000,0,217210,0.600000,1.000000,0.658971,1.000000,0.000000,0,0.000000,403615.000000,1.000000,754855143692.000000,3909665.000000
404000,1,217210,0.600000,1.000000,0.647042,1.000000,0.000000,0,0.000000,403984.000000,1.000000,754855143692.000000,3909665.000000
404000,2,217211,0.600000,1.000000,0.790836,1.000000,0.000000,0,0.000000,403999.000000,1.000000,754855143692.000000,3909665.000000
404000,3,217207,0.600000,1.000000,0.519194,1.000000,0.000000,0,0.000000,403983.000000,1.000000,754855143692.000000,3909665.000000
404000,4,217207,0.600000,1.000000,0.569052,1.000000,0.000000,0,0.000000,403964.000000,1.000000,754855143692.000000,3909665.000000
404000,5,217209,0.600000,1.000000,0.591184,1.000000,0.000000,0,0.000000,403968.000000,1.000000,754855143692.000000,3909665.000000
404000,6,217205,0.600000,1.000000,0.522740,1.000000,0.000000,0,0.000000,403924.000000,1.000000,754855143692.000000,3909665.000000
404000,7,217207,0.600000,1.000000,0.668634,1.000000,0.000000,0,0.000000,403991.000000,1.000000,754855143692.000000,3909665.000000
404000,8,217204,0.600000,1.000000,0.611068,1.000000,0.000000,0,0.000000,403917.000000,1.000000,754855143692.000000,3909665.000000
404000,9,217205,0.600000,1.000000,0.602588,1.000000,0.000000,0,0.000000,403862.000000,1.000000,754855143692.000000,3909665.000000
404000,10,217199,0.600000,1.000000,0.804093,1.000000,0.000000,0,0.000000,403858.000000,1.000000,754855143692.000000,3909665.000000
404000,11,217183,0.600000,1.000000,0.577483,1.000000,0.000000,0,0.000000,403366.000000,1.000000,754855143692.000000,3909665.000000
404000,12,217211,0.600000,1.000000,0.742096,1.000000,0.000000,1,360840.000000,404000.000000,1.000000,754855143692.000000,3909665.000000
404000,13,217211,0.600000,1.000000,0.689636,1.000000,0.000000,0,0.000000,403111.000000,1.000000,754855143692.000000,3909665.000000
404000,14,217209,0.600000,1.000000,0.586660,1.000000,0.000000,0,0.000000,403957.000000,1.000000,754855143692.000000,3909665.000000
404000,15,217208,0.600000,1.000000,0.640295,1.000000,0.000000,0,0.000000,403842.000000,1.000000,754855143692.000000,3909665.000000
405000,0,217731,0.600000,1.000000,0.719091,1.000000,0.000000,0,0.000000,404985.000000,1.000000,758507743026.000000,2612770.000000
405000,1,217735,0.600000,1.000000,0.678970,1.000000,0.000000,0,0.000000,404993.000000,1.000000,758507743026.000000,2612770.000000
405000,2,217734,0.600000,1.000000,0.786501,1.000000,0.000000,1,363382.000000,405000.000000,1.000000,758507743026.000000,2612770.000000
405000,3,217729,0.600000,1.000000,0.671165,1.000000,0.000000,0,0.000000,404959.000000,1.000000,758507743026.000000,2612770.000000
405000,4,217734,0.600000,1.000000,0.659698,1.000000,0.000000,0,0.000000,404999.000000,1.000000,758507743026.000000,2612770.000000
405000,5,217732,0.600000,1.000000,0.719624,1.000000,0.000000,0,0.000000,404991.000000,1.000000,758507743026.000000,2612770.000000
405000,6,217724,0.600000,1.000000,0.743143,1.000000,0.000000,0,0.000000,404861.000000,1.000000,758507743026.000000,2612770.000000
405000,7,217723,0.600000,1.000000,0.617283,1.000000,0.000000,0,0.000000,404705.000000,1.000000,758507743026.000000,2612770.000000
405000,8,217731,0.600000,1.000000,0.624434,1.000000,0.000000,0,0.000000,404955.000000,1.000000,758507743026.000000,2612770.000000
405000,9,217733,0.600000,1.000000,0.773500,1.000000,0.000000,0,0.000000,404997.000000,1.000000,758507743026.000000,2612770.000000
405000,10,217733,0.600000,1.000000,0.642607,1.000000,0.000000,0,0.000000,404981.000000,1.000000,758507743026.000000,2612770.000000
405000,11,217731,0.600000,1.000000,0.644265,1.000000,0.000000,0,0.000000,404989.000000,1.000000,758507743026.000000,2612770.000000
405000,12,217730,0.600000,1.000000,0.498116,1.000000,0.000000,0,0.000000,404973.000000,1.000000,758507743026.000000,2612770.000000
405000,13,217731,0.600000,1.000000,0.747353,1.000000,0.000000,0,0.000000,404940.000000,1.000000,758507743026.000000,2612770.000000
405000,14,217729,0.600000,1.000000,0.621903,1.000000,0.000000,0,0.000000,404804.000000,1.000000,758507743026.000000,2612770.000000
405000,15,217734,0.600000,1.000000,0.704542,1.000000,0.000000,0,0.000000,404862.000000,1.000000,758507743026.000000,2612770.000000
406000,0,218259,0.600000,1.000000,0.532754,1.000000,0.000000,0,0.000000,405859.000000,1.000000,762269123237.000000,3492304.000000
406000,1,218268,0.600000,1.000000,0.659441,1.000000,0.000000,0,0.000000,405808.000000,1.000000,762269123237.000000,3492304.000000
406000,2,218273,0.600000,1.000000,0.696853,1.000000,0.000000,0,0.000000,405999.000000,1.000000,762269123237.000000,3492304.000000
406000,3,218274,0.600000,1.000000,0.655575,1.000000,0.000000,0,0.000000,405992.000000,1.000000,762269123237.000000,3492304.000000
406000,4,218270,0.600000,1.000000,0.692866,1.000000,0.000000,0,0.000000,405789.000000,1.000000,762269123237.000000,3492304.000000
406000,5,218267,0.600000,1.000000,0.604155,1.000000,0.000000,0,0.000000,405868.000000,1.000000,762269123237.000000,3492304.000000
406000,6,218267,0.600000,1.000000,0.525342,1.000000,0.000000,0,0.000000,405975.000000,1.000000,762269123237.000000,3492304.000000
406000,7,218262,0.600000,1.000000,0.514038,1.000000,0.000000,0,0.000000,405932.000000,1.000000,762269123237.000000,3492304.000000
406000,8,218271,0.600000,1.000000,0.663610,1.000000,0.000000,0,0.000000,405990.000000,1.000000,762269123237.000000,3492304.000000
406000,9,218271,0.600000,1.000000,0.570407,1.000000,0.000000,0,0.000000,405976.000000,1.000000,762269123237.000000,3492304.000000
406000,10,218273,0.600000,1.000000,0.661650,1.000000,0.000000,0,0.000000,405991.000000,1.000000,762269123237.000000,3492304.000000
406000,11,218273,0.600000,1.000000,0.667314,1.000000,0.000000,1,364413.000000,406000.000000,1.000000,762269123237.000000,3492304.000000
406000,12,218274,0.600000,1.000000,0.613824,1.000000,0.000000,0,0.000000,405977.000000,1.000000,762269123237.000000,3492304.000000
406000,13,218274,0.600000,1.000000,0.636549,1.000000,0.000000,0,0.000000,405998.000000,1.000000,762269123237.000000,3492304.000000
406000,14,218272,0.600000,1.000000,0.694332,1.000000,0.000000,0,0.000000,405908.000000,1.000000,762269123237.000000,3492304.000000
406000,15,218273,0.600000,1.000000,0.728252,1.000000,0.000000,0,0.000000,405997.000000,1.000000,762269123237.000000,3492304.000000
407000,0,218810,0.600000,1.000000,0.675293,1.000000,0.000000,0,0.000000,406962.000000,1.000000,766050746853.000000,3500930.000000
407000,1,218810,0.600000,1.000000,0.584075,1.000000,0.000000,0,0.000000,406938.000000,1.000000,766050746853.000000,3500930.000000
407000,2,218812,0.600000,1.000000,0.624153,1.000000,0.000000,0,0.000000,406952.000000,1.000000,766050746853.000000,3500930.000000
407000,3,218813,0.600000,1.000000,0.763735,1.000000,0.000000,0,0.000000,406998.000000,1.000000,766050746853.000000,3500930.000000
407000,4,218809,0.600000,1.000000,0.679706,1.000000,0.000000,0,0.000000,406857.000000,1.000000,766050746853.000000,3500930.000000
407000,5,218813,0.600000,1.000000,0.603319,1.000000,0.000000,0,0.000000,406744.000000,1.000000,766050746853.000000,3500930.000000
407000,6,218814,0.600000,1.000000,0.720863,1.000000,0.000000,0,0.000000,406999.000000,1.000000,766050746853.000000,3500930.000000
407000,7,218811,0.600000,1.000000,0.596482,1.000000,0.000000,0,0.000000,406984.000000,1.000000,766050746853.000000,3500930.000000
407000,8,218811,0.600000,1.000000,0.654625,1.000000,0.000000,0,0.000000,406994.000000,1.000000,766050746853.000000,3500930.000000
407000,9,218813,0.600000,1.000000,0.777925,1.000000,0.000000,0,0.000000,406995.000000,1.000000,766050746853.000000,3500930.000000
407000,10,218808,0.600000,1.000000,0.709916,1.000000,0.000000,0,0.000000,406499.000000,1.000000,766050746853.000000,3500930.000000
407000,11,218805,0.600000,1.000000,0.518605,1.000000,0.000000,0,0.000000,406915.000000,1.000000,766050746853.000000,3500930.000000
407000,12,218802,0.600000,1.000000,0.739942,1.000000,0.000000,0,0.000000,406629.000000,1.000000,766050746853.000000,3500930.000000
407000,13,218814,0.600000,1.000000,0.564762,1.000000,0.000000,0,0.000000,406954.000000,1.000000,766050746853.000000,3500930.000000
407000,14,218813,0.600000,1.000000,0.813858,1.000000,0.000000,0,0.000000,406852.000000,1.000000,766050746853.000000,3500930.000000
407000,15,218815,0.600000,1.000000,0.717426,1.000000,0.000000,1,364199.000000,407000.000000,1.000000,766050746853.000000,3500930.000000
408000,0,219360,0.600000,1.000000,0.681699,1.000000,0.000000,0,0.000000,407994.000000,1.000000,769880334181.000000,4387126.000000
408000,1,219359,0.600000,1.000000,0.676525,1.000000,0.000000,0,0.000000,407995.000000,1.000000,769880334181.000000,4387126.000000
408000,2,219359,0.600000,1.000000,0.540623,1.000000,0.000000,0,0.000000,407930.000000,1.000000,769880334181.000000,4387126.000000
408000,3,219358,0.600000,1.000000,0.673462,1.000000,0.000000,0,0.000000,407942.000000,1.000000,769880334181.000000,4387126.000000
408000,4,219361,0.600000,1.000000,0.696127,1.000000,0.000000,0,0.000000,407980.000000,1.000000,769880334181.000000,4387126.000000
408000,5,219358,0.600000,1.000000,0.553718,1.000000,0.000000,0,0.000000,407938.000000,1.000000,769880334181.000000,4387126.000000
408000,6,219360,0.600000,1.000000,0.702430,1.000000,0.000000,0,0.000000,407999.000000,1.000000,769880334181.000000,4387126.000000
408000,7,219355,0.600000,1.000000,0.640466,1.000000,0.000000,0,0.000000,407969.000000,1.000000,769880334181.000000,4387126.000000
408000,8,219347,0.600000,1.000000,0.882860,1.000000,0.000000,0,0.000000,407712.000000,1.000000,769880334181.000000,4387126.000000
408000,9,219354,0.600000,1.000000,0.707903,1.000000,0.000000,0,0.000000,407833.000000,1.000000,769880334181.000000,4387126.000000
408000,10,219359,0.600000,1.000000,0.613719,1.000000,0.000000,0,0.000000,407945.000000,1.000000,769880334181.000000,4387126.000000
408000,11,219360,0.600000,1.000000,0.761580,1.000000,0.000000,0,0.000000,407998.000000,1.000000,769880334181.000000,4387126.000000
408000,12,219360,0.600000,1.000000,0.758331,1.000000,0.000000,1,364515.000000,408000.000000,1.000000,769880334181.000000,4387126.000000
408000,13,219357,0.600000,1.000000,0.694733,1.000000,0.000000,0,0.000000,407968.000000,1.000000,769880334181.000000,4387126.000000
408000,14,219359,0.600000,1.000000,0.666032,1.000000,0.000000,0,0.000000,407986.000000,1.000000,769880334181.000000,4387126.000000
408000,15,219347,0.600000,1.000000,0.620476,1.000000,0.000000,0,0.000000,407908.000000,1.000000,769880334181.000000,4387126.000000
409000,0,219892,0.600000,1.000000,0.548014,1.000000,0.000000,0,0.000000,408980.000000,1.000000,773635469028.000000,4837605.000000
409000,1,219894,0.600000,1.000000,0.656146,1.000000,0.000000,0,0.000000,408991.000000,1.000000,773635469028.000000,4837605.000000
409000,2,219888,0.600000,1.000000,0.535554,1.000000,0.000000,0,0.000000,408943.000000,1.000000,773635469028.000000,4837605.000000
409000,3,219891,0.600000,1.000000,0.613963,1.000000,0.000000,0,0.000000,408929.000000,1.000000,773635469028.000000,4837605.000000
409000,4,219894,0.600000,1.000000,0.554114,1.000000,0.000000,0,0.000000,408967.000000,1.000000,773635469028.000000,4837605.000000
409000,5,219891,0.600000,1.000000,0.589595,1.000000,0.000000,0,0.000000,408968.000000,1.000000,773635469028.000000,4837605.000000
409000,6,219891,0.600000,1.000000,0.641557,1.000000,0.000000,0,0.000000,408965.000000,1.000000,773635469028.000000,4837605.000000
409000,7,219884,0.600000,1.000000,0.610415,1.000000,0.000000,0,0.000000,408798.000000,1.000000,773635469028.000000,4837605.000000
409000,8,219895,0.600000,1.000000,0.729048,1.000000,0.000000,0,0.000000,408999.000000,1.000000,773635469028.000000,4837605.000000
409000,9,219894,0.600000,1.000000,0.620524,1.000000,0.000000,0,0.000000,408879.000000,1.000000,773635469028.000000,4837605.000000
409000,10,219894,0.600000,1.000000,0.681997,1.000000,0.000000,0,0.000000,408998.000000,1.000000,773635469028.000000,4837605.000000
409000,11,219894,0.600000,1.000000,0.626084,1.000000,0.000000,0,0.000000,408993.000000,1.000000,773635469028.000000,4837605.000000
409000,12,219891,0.600000,1.000000,0.652064,1.000000,0.000000,0,0.000000,408976.000000,1.000000,773635469028.000000,4837605.000000
409000,13,219895,0.600000,1.000000,0.631779,1.000000,0.000000,1,367390.000000,409000.000000,1.000000,773635469028.000000,4837605.000000
409000,14,219893,0.600000,1.000000,0.618966,1.000000,0.000000,0,0.000000,408961.000000,1.000000,773635469028.000000,4837605.000000
409000,15,219881,0.600000,1.000000,0.504962,1.000000,0.000000,0,0.000000,408534.000000,1.000000,773635469028.000000,4837605.000000
410000,0,220438,0.600000,1.000000,0.824183,1.000000,0.000000,0,0.000000,409999.000000,1.000000,777459696955.000000,5290452.000000
410000,1,220436,0.600000,1.000000,0.565655,1.000000,0.000000,0,0.000000,409977.000000,1.000000,777459696955.000000,5290452.000000
410000,2,220439,0.600000,1.000000,0.554323,1.000000,0.000000,0,0.000000,409998.000000,1.000000,777459696955.000000,5290452.000000
410000,3,220422,0.600000,1.000000,0.587287,1.000000,0.000000,0,0.000000,409898.000000,1.000000,777459696955.000000,5290452.000000
410000,4,220437,0.600000,1.000000,0.644747,1.000000,0.000000,0,0.000000,409964.000000,1.000000,777459696955.000000,5290452.000000
410000,5,220428,0.600000,1.000000,0.634741,1.000000,0.000000,0,0.000000,409690.000000,1.000000,777459696955.000000,5290452.000000
410000,6,220419,0.600000,1.000000,0.620261,1.000000,0.000000,0,0.000000,409691.000000,1.000000,777459696955.000000,5290452.000000
410000,7,220438,0.600000,1.000000,0.650099,1.000000,0.000000,0,0.000000,409830.000000,1.000000,777459696955.000000,5290452.000000
410000,8,220438,0.600000,1.000000,0.670326,1.000000,0.000000,0,0.000000,409996.000000,1.000000,777459696955.000000,5290452.000000
410000,9,220440,0.600000,1.000000,0.691634,1.000000,0.000000,0,0.000000,409995.000000,1.000000,777459696955.000000,5290452.000000
410000,10,220435,0.600000,1.000000,0.592371,1.000000,0.000000,0,0.000000,409662.000000,1.000000,777459696955.000000,5290452.000000
410000,11,220442,0.600000,1.000000,0.727247,1.000000,0.000000,1,368007.000000,410000.000000,1.000000,777459696955.000000,5290452.000000
410000,12,220439,0.600000,1.000000,0.641566,1.000000,0.000000,0,0.000000,409841.000000,1.000000,777459696955.000000,5290452.000000
410000,13,220431,0.600000,1.000000,0.612128,1.000000,0.000000,0,0.000000,409930.000000,1.000000,777459696955.000000,5290452.000000
410000,14,220436,0.600000,1.000000,0.637221,1.000000,0.000000,0,0.000000,409895.000000,1.000000,777459696955.000000,5290452.000000
410000,15,220429,0.600000,1.000000,0.659873,1.000000,0.000000,0,0.000000,409943.000000,1.000000,777459696955.000000,5290452.000000
411000,0,220979,0.600000,1.000000,0.673185,1.000000,0.000000,0,0.000000,410983.000000,1.000000,781298214129.000000,6187386.000000
411000,1,220972,0.600000,1.000000,0.528853,1.000000,0.000000,0,0.000000,410920.000000,1.000000,781298214129.000000,6187386.000000
411000,2,220978,0.600000,1.000000,0.577579,1.000000,0.000000,0,0.000000,410946.000000,1.000000,781298214129.000000,6187386.000000
411000,3,220981,0.600000,1.000000,0.714419,1.000000,0.000000,0,0.000000,410998.000000,1.000000,781298214129.000000,6187386.000000
411000,4,220984,0.600000,1.000000,0.760725,1.000000,0.000000,1,368765.000000,411000.000000,1.000000,781298214129.000000,6187386.000000
411000,5,220974,0.600000,1.000000,0.637057,1.000000,0.000000,0,0.000000,410980.000000,1.000000,781298214129.000000,6187386.000000
411000,6,220979,0.600000,1.000000,0.672406,1.000000,0.000000,0,0.000000,410996.000000,1.000000,781298214129.000000,6187386.000000
411000,7,220979,0.600000,1.000000,0.637768,1.000000,0.000000,0,0.000000,410822.000000,1.000000,781298214129.000000,6187386.000000
411000,8,220980,0.600000,1.000000,0.683660,1.000000,0.000000,0,0.000000,410995.000000,1.000000,781298214129.000000,6187386.000000
411000,9,220974,0.600000,1.000000,0.678100,1.000000,0.000000,0,0.000000,410892.000000,1.000000,781298214129.000000,6187386.000000
411000,10,220973,0.600000,1.000000,0.593376,1.000000,0.000000,0,0.000000,410961.000000,1.000000,781298214129.000000,6187386.000000
411000,11,220981,0.600000,1.000000,0.818576,1.000000,0.000000,0,0.000000,410997.000000,1.000000,781298214129.000000,6187386.000000
411000,12,220977,0.600000,1.000000,0.597876,1.000000,0.000000,0,0.000000,410878.000000,1.000000,781298214129.000000,6187386.000000
411000,13,220978,0.600000,1.000000,0.627163,1.000000,0.000000,0,0.000000,410990.000000,1.000000,781298214129.000000,6187386.000000
411000,14,220975,0.600000,1.000000,0.747550,1.000000,0.000000,0,0.000000,410829.000000,1.000000,781298214129.000000,6187386.000000
411000,15,220979,0.600000,1.000000,0.634220,1.000000,0.000000,0,0.000000,410724.000000,1.000000,781298214129.000000,6187386.000000
412000,0,221512,0.600000,1.000000,0.670300,1.000000,0.000000,0,0.000000,411978.000000,1.000000,785066881868.000000,3544154.000000
412000,1,221513,0.600000,1.000000,0.672785,1.000000,0.000000,0,0.000000,411998.000000,1.000000,785066881868.000000,3544154.000000
412000,2,221506,0.600000,1.000000,0.524521,1.000000,0.000000,0,0.000000,411939.000000,1.000000,785066881868.000000,3544154.000000
412000,3,221506,0.600000,1.000000,0.570277,1.000000,0.000000,0,0.000000,411955.000000,1.000000,785066881868.000000,3544154.000000
412000,4,221507,0.600000,1.000000,0.625149,1.000000,0.000000,0,0.000000,411787.000000,1.000000,785066881868.000000,3544154.000000
412000,5,221515,0.600000,1.000000,0.710950,1.000000,0.000000,0,0.000000,411996.000000,1.000000,785066881868.000000,3544154.000000
412000,6,221500,0.600000,1.000000,0.436748,1.000000,0.000000,0,0.000000,411835.000000,1.000000,785066881868.000000,3544154.000000
412000,7,221512,0.600000,1.000000,0.635181,1.000000,0.000000,0,0.000000,411897.000000,1.000000,785066881868.000000,3544154.000000
412000,8,221514,0.600000,1.000000,0.701000,1.000000,0.000000,0,0.000000,411997.000000,1.000000,785066881868.000000,3544154.000000
412000,9,221509,0.600000,1.000000,0.509885,1.000000,0.000000,0,0.000000,411950.000000,1.000000,785066881868.000000,3544154.000000
412000,10,221513,0.600000,1.000000,0.689303,1.000000,0.000000,0,0.000000,411973.000000,1.000000,785066881868.000000,3544154.000000
412000,11,221505,0.600000,1.000000,0.823794,1.000000,0.000000,0,0.000000,411716.000000,1.000000,785066881868.000000,3544154.000000
412000,12,221515,0.600000,1.000000,0.659832,1.000000,0.000000,1,368129.000000,412000.000000,1.000000,785066881868.000000,3544154.000000
412000,13,221512,0.600000,1.000000,0.541002,1.000000,0.000000,0,0.000000,411915.000000,1.000000,785066881868.000000,3544154.000000
412000,14,221509,0.600000,1.000000,0.731646,1.000000,0.000000,0,0.000000,411901.000000,1.000000,785066881868.000000,3544154.000000
412000,15,221512,0.600000,1.000000,0.668765,1.000000,0.000000,0,0.000000,411991.000000,1.000000,785066881868.000000,3544154.000000
413000,0,222043,0.600000,1.000000,0.674663,1.000000,0.000000,0,0.000000,412949.000000,1.000000,788823745376.000000,5773089.000000
413000,1,222042,0.600000,1.000000,0.671685,1.000000,0.000000,0,0.000000,412998.000000,1.000000,788823745376.000000,5773089.000000
413000,2,222043,0.600000,1.000000,0.611182,1.000000,0.000000,0,0.000000,412988.000000,1.000000,788823745376.000000,5773089.000000
413000,3,222042,0.600000,1.000000,0.669645,1.000000,0.000000,0,0.000000,412999.000000,1.000000,788823745376.000000,5773089.000000
413000,4,222022,0.600000,1.000000,0.569845,1.000000,0.000000,0,0.000000,412891.000000,1.000000,788823745376.000000,5773089.000000
413000,5,222043,0.600000,1.000000,0.642972,1.000000,0.000000,0,0.000000,412961.000000,1.000000,788823745376.000000,5773089.000000
413000,6,222040,0.600000,1.000000,0.690867,1.000000,0.000000,0,0.000000,412992.000000,1.000000,788823745376.000000,5773089.000000
413000,7,222031,0.600000,1.000000,0.711370,1.000000,0.000000,0,0.000000,412114.000000,1.000000,788823745376.000000,5773089.000000
413000,8,222030,0.600000,1.000000,0.602649,1.000000,0.000000,0,0.000000,412878.000000,1.000000,788823745376.000000,5773089.000000
413000,9,222043,0.600000,1.000000,0.729163,1.000000,0.000000,0,0.000000,412866.000000,1.000000,788823745376.000000,5773089.000000
413000,10,222042,0.600000,1.000000,0.732104,1.000000,0.000000,0,0.000000,412895.000000,1.000000,788823745376.000000,5773089.000000
413000,11,222040,0.600000,1.000000,0.578416,1.000000,0.000000,0,0.000000,412993.000000,1.000000,788823745376.000000,5773089.000000
413000,12,222042,0.600000,1.000000,0.608653,1.000000,0.000000,0,0.000000,412997.000000,1.000000,788823745376.000000,5773089.000000
413000,13,222041,0.600000,1.000000,0.612317,1.000000,0.000000,0,0.000000,412910.000000,1.000000,788823745376.000000,5773089.000000
413000,14,222043,0.600000,1.000000,0.672390,1.000000,0.000000,0,0.000000,412996.000000,1.000000,788823745376.000000,5773089.000000
413000,15,222043,0.600000,1.000000,0.788340,1.000000,0.000000,1,369722.000000,413000.000000,1.000000,788823745376.000000,5773089.000000
414000,0,222580,0.600000,1.000000,0.600277,1.000000,0.000000,0,0.000000,413987.000000,1.000000,792638541866.000000,3561192.000000
414000,1,222568,0.600000,1.000000,0.611466,1.000000,0.000000,0,0.000000,413866.000000,1.000000,792638541866.000000,3561192.000000
414000,2,222579,0.600000,1.000000,0.722708,1.000000,0.000000,0,0.000000,413989.000000,1.000000,792638541866.000000,3561192.000000
414000,3,222580,0.600000,1.000000,0.758510,1.000000,0.000000,1,371381.000000,414000.000000,1.000000,792638541866.000000,3561192.000000
414000,4,222576,0.600000,1.000000,0.708716,1.000000,0.000000,0,0.000000,413984.000000,1.000000,792638541866.000000,3561192.000000
414000,5,222566,0.600000,1.000000,0.540896,1.000000,0.000000,0,0.000000,413713.000000,1.000000,792638541866.000000,3561192.000000
414000,6,222574,0.600000,1.000000,0.489994,1.000000,0.000000,0,0.000000,413941.000000,1.000000,792638541866.000000,3561192.000000
414000,7,222567,0.600000,1.000000,0.537226,1.000000,0.000000,0,0.000000,413928.000000,1.000000,792638541866.000000,3561192.000000
414000,8,222573,0.600000,1.000000,0.571649,1.000000,0.000000,0,0.000000,413947.000000,1.000000,792638541866.000000,3561192.000000
414000,9,222577,0.600000,1.000000,0.819686,1.000000,0.000000,0,0.000000,413983.000000,1.000000,792638541866.000000,3561192.000000
414000,10,222574,0.600000,1.000000,0.600218,1.000000,0.000000,0,0.000000,413964.000000,1.000000,792638541866.000000,3561192.000000
414000,11,222577,0.600000,1.000000,0.702524,1.000000,0.000000,0,0.000000,413761.000000,1.000000,792638541866.000000,3561192.000000
414000,12,222580,0.600000,1.000000,0.811494,1.000000,0.000000,0,0.000000,413998.000000,1.000000,792638541866.000000,3561192.000000
414000,13,222579,0.600000,1.000000,0.676032,1.000000,0.000000,0,0.000000,413978.000000,1.000000,792638541866.000000,3561192.000000
414000,14,222580,0.600000,1.000000,0.631280,1.000000,0.000000,0,0.000000,413990.000000,1.000000,792638541866.000000,3561192.000000
414000,15,222580,0.600000,1.000000,0.683952,1.000000,0.000000,0,0.000000,413996.000000,1.000000,792638541866.000000,3561192.000000
415000,0,223116,0.600000,1.000000,0.593360,1.000000,0.000000,0,0.000000,414982.000000,1.000000,796484405449.000000,3123599.000000
415000,1,223117,0.600000,1.000000,0.651410,1.000000,0.000000,0,0.000000,414987.000000,1.000000,796484405449.000000,3123599.000000
415000,2,223117,0.600000,1.000000,0.686747,1.000000,0.000000,0,0.000000,414992.000000,1.000000,796484405449.000000,3123599.000000
415000,3,223111,0.600000,1.000000,0.651095,1.000000,0.000000,0,0.000000,414858.000000,1.000000,796484405449.000000,3123599.000000
415000,4,223109,0.600000,1.000000,0.660012,1.000000,0.000000,0,0.000000,414566.000000,1.000000,796484405449.000000,3123599.000000
415000,5,223115,0.600000,1.000000,0.595257,1.000000,0.000000,0,0.000000,414931.000000,1.000000,796484405449.000000,3123599.000000
415000,6,223115,0.600000,1.000000,0.589940,1.000000,0.000000,0,0.000000,414972.000000,1.000000,796484405449.000000,3123599.000000
415000,7,223116,0.600000,1.000000,0.639719,1.000000,0.000000,0,0.000000,414996.000000,1.000000,796484405449.000000,3123599.000000
415000,8,223116,0.600000,1.000000,0.584826,1.000000,0.000000,0,0.000000,414991.000000,1.000000,796484405449.000000,3123599.000000
415000,9,223116,0.600000,1.000000,0.743818,1.000000,0.000000,0,0.000000,414571.000000,1.000000,796484405449.000000,3123599.000000
415000,10,223113,0.600000,1.000000,0.655911,1.000000,0.000000,0,0.000000,414969.000000,1.000000,796484405449.000000,3123599.000000
415000,11,223117,0.600000,1.000000,0.613585,1.000000,0.000000,0,0.000000,414941.000000,1.000000,796484405449.000000,3123599.000000
415000,12,223116,0.600000,1.000000,0.790804,1.000000,0.000000,0,0.000000,414999.000000,1.000000,796484405449.000000,3123599.000000
415000,13,223116,0.600000,1.000000,0.740652,1.000000,0.000000,1,372754.000000,415000.000000,1.000000,796484405449.000000,3123599.000000
415000,14,223113,0.600000,1.000000,0.641556,1.000000,0.000000,0,0.000000,414835.000000,1.000000,796484405449.000000,3123599.000000
415000,15,223116,0.600000,1.000000,0.701275,1.000000,0.000000,0,0.000000,414888.000000,1.000000,796484405449.000000,3123599.000000
416000,0,223652,0.600000,1.000000,0.568608,1.000000,0.000000,0,0.000000,415936.000000,1.000000,800303792970.000000,894608.000000
416000,1,223654,0.600000,1.000000,0.650770,1.000000,0.000000,0,0.000000,415984.000000,1.000000,800303792970.000000,894608.000000
416000,2,223655,0.600000,1.000000,0.701932,1.000000,0.000000,1,373211.000000,416000.000000,1.000000,800303792970.000000,894608.000000
416000,3,223652,0.600000,1.000000,0.660299,1.000000,0.000000,0,0.000000,415987.000000,1.000000,800303792970.000000,894608.000000
416000,4,223653,0.600000,1.000000,0.713139,1.000000,0.000000,0,0.000000,415952.000000,1.000000,800303792970.000000,894608.000000
416000,5,223646,0.600000,1.000000,0.527837,1.000000,0.000000,0,0.000000,415873.000000,1.000000,800303792970.000000,894608.000000
416000,6,223636,0.600000,1.000000,0.627925,1.000000,0.000000,0,0.000000,415887.000000,1.000000,800303792970.000000,894608.000000
416000,7,223655,0.600000,1.000000,0.854474,1.000000,0.000000,0,0.000000,415989.000000,1.000000,800303792970.000000,894608.000000
416000,8,223650,0.600000,1.000000,0.552419,1.000000,0.000000,0,0.000000,415973.000000,1.000000,800303792970.000000,894608.000000
416000,9,223652,0.600000,1.000000,0.582288,1.000000,0.000000,0,0.000000,415985.000000,1.000000,800303792970.000000,894608.000000
416000,10,223636,0.600000,1.000000,0.696546,1.000000,0.000000,0,0.000000,415322.000000,1.000000,800303792970.000000,894608.000000
416000,11,223654,0.600000,1.000000,0.758888,1.000000,0.000000,0,0.000000,415997.000000,1.000000,800303792970.000000,894608.000000
416000,12,223645,0.600000,1.000000,0.629849,1.000000,0.000000,0,0.000000,415951.000000,1.000000,800303792970.000000,894608.000000
416000,13,223647,0.600000,1.000000,0.623421,1.000000,0.000000,0,0.000000,415883.000000,1.000000,800303792970.000000,894608.000000
416000,14,223647,0.600000,1.000000,0.580004,1.000000,0.000000,0,0.000000,415949.000000,1.000000,800303792970.000000,894608.000000
416000,15,223654,0.600000,1.000000,0.713016,1.000000,0.000000,0,0.000000,415996.000000,1.000000,800303792970.000000,894608.000000
417000,0,224182,0.600000,1.000000,0.780728,1.000000,0.000000,0,0.000000,416767.000000,1.000000,804143076081.000000,5380442.000000
417000,1,224187,0.600000,1.000000,0.736428,1.000000,0.000000,1,373239.000000,417000.000000,1.000000,804143076081.000000,5380442.000000
417000,2,224184,0.600000,1.000000,0.702941,1.000000,0.000000,0,0.000000,416983.000000,1.000000,804143076081.000000,5380442.000000
417000,3,224187,0.600000,1.000000,0.646488,1.000000,0.000000,0,0.000000,416981.000000,1.000000,804143076081.000000,5380442.000000
417000,4,224187,0.600000,1.000000,0.843148,1.000000,0.000000,0,0.000000,416997.000000,1.000000,804143076081.000000,5380442.000000
417000,5,224183,0.600000,1.000000,0.628612,1.000000,0.000000,0,0.000000,416448.000000,1.000000,804143076081.000000,5380442.000000
417000,6,224186,0.600000,1.000000,0.552794,1.000000,0.000000,0,0.000000,416919.000000,1.000000,804143076081.000000,5380442.000000
417000,7,224187,0.600000,1.000000,0.663298,1.000000,0.000000,0,0.000000,416996.000000,1.000000,804143076081.000000,5380442.000000
417000,8,224181,0.600000,1.000000,0.650546,1.000000,0.000000,0,0.000000,416950.000000,1.000000,804143076081.000000,5380442.000000
417000,9,224184,0.600000,1.000000,0.602277,1.000000,0.000000,0,0.000000,416960.000000,1.000000,804143076081.000000,5380442.000000
417000,10,224185,0.600000,1.000000,0.657302,1.000000,0.000000,0,0.000000,416911.000000,1.000000,804143076081.000000,5380442.000000
417000,11,224185,0.600000,1.000000,0.645344,1.000000,0.000000,0,0.000000,416984.000000,1.000000,804143076081.000000,5380442.000000
417000,12,224179,0.600000,1.000000,0.526310,1.000000,0.000000,0,0.000000,416949.000000,1.000000,804143076081.000000,5380442.000000
417000,13,224188,0.600000,1.000000,0.694558,1.000000,0.000000,0,0.000000,416999.000000,1.000000,804143076081.000000,5380442.000000
417000,14,224188,0.600000,1.000000,0.621567,1.000000,0.000000,0,0.000000,416988.000000,1.000000,804143076081.000000,5380442.000000
417000,15,224188,0.600000,1.000000,0.685508,1.000000,0.000000,0,0.000000,416993.000000,1.000000,804143076081.000000,5380442.000000
418000,0,224730,0.600000,1.000000,0.639711,1.000000,0.000000,0,0.000000,417961.000000,1.000000,808050874792.000000,4494528.000000
418000,1,224731,0.600000,1.000000,0.693941,1.000000,0.000000,0,0.000000,417996.000000,1.000000,808050874792.000000,4494528.000000
418000,2,224729,0.600000,1.000000,0.695868,1.000000,0.000000,0,0.000000,417991.000000,1.000000,808050874792.000000,4494528.000000
418000,3,224704,0.600000,1.000000,0.521308,1.000000,0.000000,0,0.000000,417164.000000,1.000000,808050874792.000000,4494528.000000
418000,4,224733,0.600000,1.000000,0.608073,1.000000,0.000000,0,0.000000,417972.000000,1.000000,808050874792.000000,4494528.000000
418000,5,224727,0.600000,1.000000,0.663540,1.000000,0.000000,0,0.000000,417622.000000,1.000000,808050874792.000000,4494528.000000
418000,6,224733,0.600000,1.000000,0.657521,1.000000,0.000000,0,0.000000,417932.000000,1.000000,808050874792.000000,4494528.000000
418000,7,224731,0.600000,1.000000,0.507448,1.000000,0.000000,0,0.000000,417975.000000,1.000000,808050874792.000000,4494528.000000
418000,8,224731,0.600000,1.000000,0.648340,1.000000,0.000000,0,0.000000,417704.000000,1.000000,808050874792.000000,4494528.000000
418000,9,224735,0.600000,1.000000,0.820194,1.000000,0.000000,1,375182.000000,418000.000000,1.000000,808050874792.000000,4494528.000000
418000,10,224722,0.600000,1.000000,0.623797,1.000000,0.000000,0,0.000000,417877.000000,1.000000,808050874792.000000,4494528.000000
418000,11,224729,0.600000,1.000000,0.523582,1.000000,0.000000,0,0.000000,417913.000000,1.000000,808050874792.000000,4494528.000000
418000,12,224734,0.600000,1.000000,0.651738,1.000000,0.000000,0,0.000000,417994.000000,1.000000,808050874792.000000,4494528.000000
418000,13,224733,0.600000,1.000000,0.638346,1.000000,0.000000,0,0.000000,417983.000000,1.000000,808050874792.000000,4494528.000000
418000,14,224733,0.600000,1.000000,0.810152,1.000000,0.000000,0,0.000000,417998.000000,1.000000,808050874792.000000,4494528.000000
418000,15,224731,0.600000,1.000000,0.457028,1.000000,0.000000,0,0.000000,417960.000000,1.000000,808050874792.000000,4494528.000000
419000,0,225257,0.600000,1.000000,0.477021,1.000000,0.000000,0,0.000000,418924.000000,1.000000,811916332676.000000,3604284.000000
419000,1,225268,0.600000,1.000000,0.648852,1.000000,0.000000,0,0.000000,418823.000000,1.000000,811916332676.000000,3604284.000000
419000,2,225266,0.600000,1.000000,0.576545,1.000000,0.000000,0,0.000000,418935.000000,1.000000,811916332676.000000,3604284.000000
419000,3,225270,0.600000,1.000000,0.611546,1.000000,0.000000,0,0.000000,418981.000000,1.000000,811916332676.000000,3604284.000000
419000,4,225266,0.600000,1.000000,0.622356,1.000000,0.000000,0,0.000000,418975.000000,1.000000,811916332676.000000,3604284.000000
419000,5,225273,0.600000,1.000000,0.872551,1.000000,0.000000,1,375347.000000,419000.000000,1.000000,811916332676.000000,3604284.000000
419000,6,225259,0.600000,1.000000,0.629076,1.000000,0.000000,0,0.000000,418227.000000,1.000000,811916332676.000000,3604284.000000
419000,7,225273,0.600000,1.000000,0.771871,1.000000,0.000000,0,0.000000,418991.000000,1.000000,811916332676.000000,3604284.000000
419000,8,225259,0.600000,1.000000,0.732295,1.000000,0.000000,0,0.000000,418698.000000,1.000000,811916332676.000000,3604284.000000
419000,9,225266,0.600000,1.000000,0.694044,1.000000,0.000000,0,0.000000,418884.000000,1.000000,811916332676.000000,3604284.000000
419000,10,225271,0.600000,1.000000,0.639523,1.000000,0.000000,0,0.000000,418946.000000,1.000000,811916332676.000000,3604284.000000
419000,11,225269,0.600000,1.000000,0.581915,1.000000,0.000000,0,0.000000,418972.000000,1.000000,811916332676.000000,3604284.000000
419000,12,225258,0.600000,1.000000,0.631268,1.000000,0.000000,0,0.000000,418817.000000,1.000000,811916332676.000000,3604284.000000
419000,13,225256,0.600000,1.000000,0.611142,1.000000,0.000000,0,0.000000,418900.000000,1.000000,811916332676.000000,3604284.000000
419000,14,225273,0.600000,1.000000,0.831896,1.000000,0.000000,0,0.000000,418993.000000,1.000000,811916332676.000000,3604284.000000
419000,15,225272,0.600000,1.000000,0.741314,1.000000,0.000000,0,0.000000,418982.000000,1.000000,811916332676.000000,3604284.000000
420000,0,225784,0.600000,1.000000,0.497189,1.000000,0.000000,0,0.000000,419585.000000,1.000000,815749918629.000000,4515918.000000
420000,1,225801,0.600000,1.000000,0.674840,1.000000,0.000000,0,0.000000,419988.000000,1.000000,815749918629.000000,4515918.000000
420000,2,225802,0.600000,1.000000,0.797682,1.000000,0.000000,0,0.000000,419977.000000,1.000000,815749918629.000000,4515918.000000
420000,3,225803,0.600000,1.000000,0.756891,1.000000,0.000000,0,0.000000,419974.000000,1.000000,815749918629.000000,4515918.000000
420000,4,225796,0.600000,1.000000,0.614104,1.000000,0.000000,0,0.000000,419919.000000,1.000000,815749918629.000000,4515918.000000
420000,5,225803,0.600000,1.000000,0.685384,1.000000,0.000000,0,0.000000,419997.000000,1.000000,815749918629.000000,4515918.000000
420000,6,225794,0.600000,1.000000,0.534334,1.000000,0.000000,0,0.000000,419923.000000,1.000000,815749918629.000000,4515918.000000
420000,7,225800,0.600000,1.000000,0.667533,1.000000,0.000000,0,0.000000,419921.000000,1.000000,815749918629.000000,4515918.000000
420000,8,225800,0.600000,1.000000,0.669582,1.000000,0.000000,0,0.000000,419980.000000,1.000000,815749918629.000000,4515918.000000
420000,9,225788,0.600000,1.000000,0.488726,1.000000,0.000000,0,0.000000,419866.000000,1.000000,815749918629.000000,4515918.000000
420000,10,225801,0.600000,1.000000,0.673894,1.000000,0.000000,0,0.000000,419982.000000,1.000000,815749918629.000000,4515918.000000
420000,11,225794,0.600000,1.000000,0.566024,1.000000,0.000000,0,0.000000,419914.000000,1.000000,815749918629.000000,4515918.000000
420000,12,225798,0.600000,1.000000,0.772387,1.000000,0.000000,0,0.000000,418817.000000,1.000000,815749918629.000000,4515918.000000
420000,13,225790,0.600000,1.000000,0.709858,1.000000,0.000000,0,0.000000,419769.000000,1.000000,815749918629.000000,4515918.000000
420000,14,225803,0.600000,1.000000,0.883685,1.000000,0.000000,1,376580.000000,420000.000000,1.000000,815749918629.000000,4515918.000000
420000,15,225798,0.600000,1.000000,0.573924,1.000000,0.000000,0,0.000000,419975.000000,1.000000,815749918629.000000,4515918.000000
421000,0,226330,0.600000,1.000000,0.641200,1.000000,0.000000,0,0.000000,420983.000000,1.000000,819589817464.000000,2263277.000000
421000,1,226322,0.600000,1.000000,0.685355,1.000000,0.000000,0,0.000000,420844.000000,1.000000,819589817464.000000,2263277.000000
421000,2,226331,0.600000,1.000000,0.795458,1.000000,0.000000,1,377612.000000,421000.000000,1.000000,819589817464.000000,2263277.000000
421000,3,226329,0.600000,1.000000,0.632785,1.000000,0.000000,0,0.000000,420926.000000,1.000000,819589817464.000000,2263277.000000
421000,4,226324,0.600000,1.000000,0.607183,1.000000,0.000000,0,0.000000,420923.000000,1.000000,819589817464.000000,2263277.000000
421000,5,226326,0.600000,1.000000,0.538992,1.000000,0.000000,0,0.000000,420953.000000,1.000000,819589817464.000000,2263277.000000
421000,6,226326,0.600000,1.000000,0.706091,1.000000,0.000000,0,0.000000,420863.000000,1.000000,819589817464.000000,2263277.000000
421000,7,226330,0.600000,1.000000,0.710505,1.000000,0.000000,0,0.000000,420974.000000,1.000000,819589817464.000000,2263277.000000
421000,8,226329,0.600000,1.000000,0.707986,1.000000,0.000000,0,0.000000,420893.000000,1.000000,819589817464.000000,2263277.000000
421000,9,226326,0.600000,1.000000,0.569010,1.000000,0.000000,0,0.000000,420880.000000,1.000000,819589817464.000000,2263277.000000
421000,10,226332,0.600000,1.000000,0.593742,1.000000,0.000000,0,0.000000,420981.000000,1.000000,819589817464.000000,2263277.000000
421000,11,226328,0.600000,1.000000,0.631794,1.000000,0.000000,0,0.000000,420988.000000,1.000000,819589817464.000000,2263277.000000
421000,12,226328,0.600000,1.000000,0.754442,1.000000,0.000000,0,0.000000,420991.000000,1.000000,819589817464.000000,2263277.000000
421000,13,226326,0.600000,1.000000,0.480820,1.000000,0.000000,0,0.000000,420947.000000,1.000000,819589817464.000000,2263277.000000
421000,14,226329,0.600000,1.000000,0.584135,1.000000,0.000000,0,0.000000,420894.000000,1.000000,819589817464.000000,2263277.000000
421000,15,226332,0.600000,1.000000,0.756290,1.000000,0.000000,0,0.000000,420999.000000,1.000000,819589817464.000000,2263277.000000
422000,0,226871,0.600000,1.000000,0.639302,1.000000,0.000000,0,0.000000,421873.000000,1.000000,823532655450.000000,3176181.000000
422000,1,226868,0.600000,1.000000,0.695298,1.000000,0.000000,0,0.000000,421958.000000,1.000000,823532655450.000000,3176181.000000
422000,2,226861,0.600000,1.000000,0.705928,1.000000,0.000000,0,0.000000,421577.000000,1.000000,823532655450.000000,3176181.000000
422000,3,226873,0.600000,1.000000,0.643201,1.000000,0.000000,0,0.000000,421915.000000,1.000000,823532655450.000000,3176181.000000
422000,4,226874,0.600000,1.000000,0.690146,1.000000,0.000000,0,0.000000,421993.000000,1.000000,823532655450.000000,3176181.000000
422000,5,226872,0.600000,1.000000,0.704853,1.000000,0.000000,0,0.000000,421989.000000,1.000000,823532655450.000000,3176181.000000
422000,6,226875,0.600000,1.000000,0.639889,1.000000,0.000000,0,0.000000,421921.000000,1.000000,823532655450.000000,3176181.000000
422000,7,226875,0.600000,1.000000,0.716103,1.000000,0.000000,0,0.000000,421987.000000,1.000000,823532655450.000000,3176181.000000
422000,8,226874,0.600000,1.000000,0.647744,1.000000,0.000000,0,0.000000,421909.000000,1.000000,823532655450.000000,3176181.000000
422000,9,226875,0.600000,1.000000,0.626430,1.000000,0.000000,0,0.000000,421968.000000,1.000000,823532655450.000000,3176181.000000
422000,10,226875,0.600000,1.000000,0.767856,1.000000,0.000000,1,377837.000000,422000.000000,1.000000,823532655450.000000,3176181.000000
422000,11,226875,0.600000,1.000000,0.769271,1.000000,0.000000,0,0.000000,421999.000000,1.000000,823532655450.000000,3176181.000000
422000,12,226870,0.600000,1.000000,0.625530,1.000000,0.000000,0,0.000000,421985.000000,1.000000,823532655450.000000,3176181.000000
422000,13,226873,0.600000,1.000000,0.728348,1.000000,0.000000,0,0.000000,421990.000000,1.000000,823532655450.000000,3176181.000000
422000,14,226874,0.600000,1.000000,0.687912,1.000000,0.000000,0,0.000000,421675.000000,1.000000,823532655450.000000,3176181.000000
422000,15,226863,0.600000,1.000000,0.540894,1.000000,0.000000,0,0.000000,421857.000000,1.000000,823532655450.000000,3176181.000000
423000,0,227403,0.600000,1.000000,0.639851,1.000000,0.000000,0,0.000000,422204.000000,1.000000,827471764793.000000,3638596.000000
423000,1,227409,0.600000,1.000000,0.527808,1.000000,0.000000,0,0.000000,422922.000000,1.000000,827471764793.000000,3638596.000000
423000,2,227418,0.600000,1.000000,0.709609,1.000000,0.000000,1,379496.000000,423000.000000,1.000000,827471764793.000000,3638596.000000
423000,3,227419,0.600000,1.000000,0.638613,1.000000,0.000000,0,0.000000,422996.000000,1.000000,827471764793.000000,3638596.000000
423000,4,227417,0.600000,1.000000,0.579867,1.000000,0.000000,0,0.000000,422980.000000,1.000000,827471764793.000000,3638596.000000
423000,5,227415,0.600000,1.000000,0.565320,1.000000,0.000000,0,0.000000,422972.000000,1.000000,827471764793.000000,3638596.000000
423000,6,227416,0.600000,1.000000,0.559156,1.000000,0.000000,0,0.000000,422966.000000,1.000000,827471764793.000000,3638596.000000
423000,7,227418,0.600000,1.000000,0.817894,1.000000,0.000000,0,0.000000,422999.000000,1.000000,827471764793.000000,3638596.000000
423000,8,227419,0.600000,1.000000,0.650624,1.000000,0.000000,0,0.000000,422991.000000,1.000000,827471764793.000000,3638596.000000
423000,9,227415,0.600000,1.000000,0.734929,1.000000,0.000000,0,0.000000,422990.000000,1.000000,827471764793.000000,3638596.000000
423000,10,227417,0.600000,1.000000,0.573263,1.000000,0.000000,0,0.000000,422963.000000,1.000000,827471764793.000000,3638596.000000
423000,11,227418,0.600000,1.000000,0.612641,1.000000,0.000000,0,0.000000,422923.000000,1.000000,827471764793.000000,3638596.000000
423000,12,227414,0.600000,1.000000,0.633446,1.000000,0.000000,0,0.000000,422976.000000,1.000000,827471764793.000000,3638596.000000
423000,13,227397,0.600000,1.000000,0.532269,1.000000,0.000000,0,0.000000,422405.000000,1.000000,827471764793.000000,3638596.000000
423000,14,227416,0.600000,1.000000,0.612866,1.000000,0.000000,0,0.000000,422974.000000,1.000000,827471764793.000000,3638596.000000
423000,15,227408,0.600000,1.000000,0.432882,1.000000,0.000000,0,0.000000,422953.000000,1.000000,827471764793.000000,3638596.000000
424000,0,227961,0.600000,1.000000,0.800410,1.000000,0.000000,0,0.000000,423991.000000,1.000000,831405683712.000000,1367691.000000
424000,1,227949,0.600000,1.000000,0.644474,1.000000,0.000000,0,0.000000,423847.000000,1.000000,831405683712.000000,1367691.000000
424000,2,227962,0.600000,1.000000,0.709848,1.000000,0.000000,1,380413.000000,424000.000000,1.000000,831405683712.000000,1367691.000000
424000,3,227953,0.600000,1.000000,0.596700,1.000000,0.000000,0,0.000000,423207.000000,1.000000,831405683712.000000,1367691.000000
424000,4,227958,0.600000,1.000000,0.595011,1.000000,0.000000,0,0.000000,423968.000000,1.000000,831405683712.000000,1367691.000000
424000,5,227930,0.600000,1.000000,0.656460,1.000000,0.000000,0,0.000000,423596.000000,1.000000,831405683712.000000,1367691.000000
424000,6,227943,0.600000,1.000000,0.656723,1.000000,0.000000,0,0.000000,423141.000000,1.000000,831405683712.000000,1367691.000000
424000,7,227938,0.600000,1.000000,0.522423,1.000000,0.000000,0,0.000000,423553.000000,1.000000,831405683712.000000,1367691.000000
424000,8,227957,0.600000,1.000000,0.649332,1.000000,0.000000,0,0.000000,423970.000000,1.000000,831405683712.000000,1367691.000000
424000,9,227958,0.600000,1.000000,0.650065,1.000000,0.000000,0,0.000000,423949.000000,1.000000,831405683712.000000,1367691.000000
424000,10,227962,0.600000,1.000000,0.780728,1.000000,0.000000,0,0.000000,423994.000000,1.000000,831405683712.000000,1367691.000000
424000,11,227959,0.600000,1.000000,0.665914,1.000000,0.000000,0,0.000000,423987.000000,1.000000,831405683712.000000,1367691.000000
424000,12,227961,0.600000,1.000000,0.784004,1.000000,0.000000,0,0.000000,423999.000000,1.000000,831405683712.000000,1367691.000000
424000,13,227959,0.600000,1.000000,0.645169,1.000000,0.000000,0,0.000000,423986.000000,1.000000,831405683712.000000,1367691.000000
424000,14,227952,0.600000,1.000000,0.640748,1.000000,0.000000,0,0.000000,423934.000000,1.000000,831405683712.000000,1367691.000000
424000,15,227956,0.600000,1.000000,0.666915,1.000000,0.000000,0,0.000000,423871.000000,1.000000,831405683712.000000,1367691.000000
425000,0,228493,0.600000,1.000000,0.668442,1.000000,0.000000,0,0.000000,424981.000000,1.000000,835316941399.000000,4569820.000000
425000,1,228490,0.600000,1.000000,0.564007,1.000000,0.000000,0,0.000000,424976.000000,1.000000,835316941399.000000,4569820.000000
425000,2,228490,0.600000,1.000000,0.659768,1.000000,0.000000,0,0.000000,424989.000000,1.000000,835316941399.000000,4569820.000000
425000,3,228494,0.600000,1.000000,0.581964,1.000000,0.000000,0,0.000000,424968.000000,1.000000,835316941399.000000,4569820.000000
425000,4,228494,0.600000,1.000000,0.692983,1.000000,0.000000,1,381135.000000,425000.000000,1.000000,835316941399.000000,4569820.000000
425000,5,228490,0.600000,1.000000,0.563912,1.000000,0.000000,0,0.000000,424978.000000,1.000000,835316941399.000000,4569820.000000
425000,6,228488,0.600000,1.000000,0.625181,1.000000,0.000000,0,0.000000,424950.000000,1.000000,835316941399.000000,4569820.000000
425000,7,228495,0.600000,1.000000,0.633948,1.000000,0.000000,0,0.000000,424999.000000,1.000000,835316941399.000000,4569820.000000
425000,8,228494,0.600000,1.000000,0.605264,1.000000,0.000000,0,0.000000,424998.000000,1.000000,835316941399.000000,4569820.000000
425000,9,228491,0.600000,1.000000,0.620143,1.000000,0.000000,0,0.000000,424961.000000,1.000000,835316941399.000000,4569820.000000
425000,10,228475,0.600000,1.000000,0.433467,1.000000,0.000000,0,0.000000,424803.000000,1.000000,835316941399.000000,4569820.000000
425000,11,228476,0.600000,1.000000,0.650806,1.000000,0.000000,0,0.000000,424254.000000,1.000000,835316941399.000000,4569820.000000
425000,12,228489,0.600000,1.000000,0.726814,1.000000,0.000000,0,0.000000,424990.000000,1.000000,835316941399.000000,4569820.000000
425000,13,228491,0.600000,1.000000,0.673278,1.000000,0.000000,0,0.000000,424993.000000,1.000000,835316941399.000000,4569820.000000
425000,14,228492,0.600000,1.000000,0.719659,1.000000,0.000000,0,0.000000,424874.000000,1.000000,835316941399.000000,4569820.000000
425000,15,228485,0.600000,1.000000,0.523283,1.000000,0.000000,0,0.000000,424719.000000,1.000000,835316941399.000000,4569820.000000
426000,0,229024,0.600000,1.000000,0.559940,1.000000,0.000000,0,0.000000,425948.000000,1.000000,839216307858.000000,2290217.000000
426000,1,229020,0.600000,1.000000,0.581899,1.000000,0.000000,0,0.000000,425958.000000,1.000000,839216307858.000000,2290217.000000
426000,2,229011,0.600000,1.000000,0.628798,1.000000,0.000000,0,0.000000,425903.000000,1.000000,839216307858.000000,2290217.000000
426000,3,229021,0.600000,1.000000,0.664281,1.000000,0.000000,0,0.000000,425987.000000,1.000000,839216307858.000000,2290217.000000
426000,4,229024,0.600000,1.000000,0.760960,1.000000,0.000000,0,0.000000,425994.000000,1.000000,839216307858.000000,2290217.000000
426000,5,229025,0.600000,1.000000,0.644076,1.000000,0.000000,0,0.000000,425976.000000,1.000000,839216307858.000000,2290217.000000
426000,6,229026,0.600000,1.000000,0.685001,1.000000,0.000000,1,381396.000000,426000.000000,1.000000,839216307858.000000,2290217.000000
426000,7,229019,0.600000,1.000000,0.617837,1.000000,0.000000,0,0.000000,425803.000000,1.000000,839216307858.000000,2290217.000000
426000,8,229024,0.600000,1.000000,0.719196,1.000000,0.000000,0,0.000000,425991.000000,1.000000,839216307858.000000,2290217.000000
426000,9,229023,0.600000,1.000000,0.628813,1.000000,0.000000,0,0.000000,425873.000000,1.000000,839216307858.000000,2290217.000000
426000,10,229023,0.600000,1.000000,0.769177,1.000000,0.000000,0,0.000000,425993.000000,1.000000,839216307858.000000,2290217.000000
426000,11,229025,0.600000,1.000000,0.747787,1.000000,0.000000,0,0.000000,425996.000000,1.000000,839216307858.000000,2290217.000000
426000,12,229023,0.600000,1.000000,0.613029,1.000000,0.000000,0,0.000000,425973.000000,1.000000,839216307858.000000,2290217.000000
426000,13,229018,0.600000,1.000000,0.592412,1.000000,0.000000,0,0.000000,425756.000000,1.000000,839216307858.000000,2290217.000000
426000,14,229021,0.600000,1.000000,0.622258,1.000000,0.000000,0,0.000000,425891.000000,1.000000,839216307858.000000,2290217.000000
426000,15,229023,0.600000,1.000000,0.686048,1.000000,0.000000,0,0.000000,425914.000000,1.000000,839216307858.000000,2290217.000000
427000,0,229569,0.600000,1.000000,0.581381,1.000000,0.000000,0,0.000000,426964.000000,1.000000,843204182688.000000,2295665.000000
427000,1,229562,0.600000,1.000000,0.662563,1.000000,0.000000,0,0.000000,426839.000000,1.000000,843204182688.000000,2295665.000000
427000,2,229569,0.600000,1.000000,0.692071,1.000000,0.000000,1,383076.000000,427000.000000,1.000000,843204182688.000000,2295665.000000
427000,3,229567,0.600000,1.000000,0.618841,1.000000,0.000000,0,0.000000,426989.000000,1.000000,843204182688.000000,2295665.000000
427000,4,229568,0.600000,1.000000,0.619289,1.000000,0.000000,0,0.000000,426991.000000,1.000000,843204182688.000000,2295665.000000
427000,5,229555,0.600000,1.000000,0.472624,1.000000,0.000000,0,0.000000,426933.000000,1.000000,843204182688.000000,2295665.000000
427000,6,229570,0.600000,1.000000,0.642074,1.000000,0.000000,0,0.000000,426999.000000,1.000000,843204182688.000000,2295665.000000
427000,7,229562,0.600000,1.000000,0.544285,1.000000,0.000000,0,0.000000,426816.000000,1.000000,843204182688.000000,2295665.000000
427000,8,229567,0.600000,1.000000,0.813702,1.000000,0.000000,0,0.000000,426501.000000,1.000000,843204182688.000000,2295665.000000
427000,9,229569,0.600000,1.000000,0.774399,1.000000,0.000000,0,0.000000,426996.000000,1.000000,843204182688.000000,2295665.000000
427000,10,229562,0.600000,1.000000,0.582519,1.000000,0.000000,0,0.000000,426607.000000,1.000000,843204182688.000000,2295665.000000
427000,11,229566,0.600000,1.000000,0.629732,1.000000,0.000000,0,0.000000,426981.000000,1.000000,843204182688.000000,2295665.000000
427000,12,229566,0.600000,1.000000,0.583598,1.000000,0.000000,0,0.000000,426923.000000,1.000000,843204182688.000000,2295665.000000
427000,13,229569,0.600000,1.000000,0.655273,1.000000,0.000000,0,0.000000,426938.000000,1.000000,843204182688.000000,2295665.000000
427000,14,229568,0.600000,1.000000,0.647679,1.000000,0.000000,0,0.000000,426951.000000,1.000000,843204182688.000000,2295665.000000
427000,15,229557,0.600000,1.000000,0.669847,1.000000,0.000000,0,0.000000,426876.000000,1.000000,843204182688.000000,2295665.000000
428000,0,230106,0.600000,1.000000,0.732536,1.000000,0.000000,0,0.000000,427810.000000,1.000000,847165613246.000000,3221459.000000
428000,1,230100,0.600000,1.000000,0.611344,1.000000,0.000000,0,0.000000,427918.000000,1.000000,847165613246.000000,3221459.000000
428000,2,230108,0.600000,1.000000,0.805160,1.000000,0.000000,1,383854.000000,428000.000000,1.000000,847165613246.000000,3221459.000000
428000,3,230104,0.600000,1.000000,0.628384,1.000000,0.000000,0,0.000000,427983.000000,1.000000,847165613246.000000,3221459.000000
428000,4,230099,0.600000,1.000000,0.588059,1.000000,0.000000,0,0.000000,427940.000000,1.000000,847165613246.000000,3221459.000000
428000,5,230100,0.600000,1.000000,0.673544,1.000000,0.000000,0,0.000000,427915.000000,1.000000,847165613246.000000,3221459.000000
428000,6,230107,0.600000,1.000000,0.793325,1.000000,0.000000,0,0.000000,427999.000000,1.000000,847165613246.000000,3221459.000000
428000,7,230109,0.600000,1.000000,0.615529,1.000000,0.000000,0,0.000000,427984.000000,1.000000,847165613246.000000,3221459.000000
428000,8,230101,0.600000,1.000000,0.673834,1.000000,0.000000,0,0.000000,427733.000000,1.000000,847165613246.000000,3221459.000000
428000,9,230108,0.600000,1.000000,0.690398,1.000000,0.000000,0,0.000000,427985.000000,1.000000,847165613246.000000,3221459.000000
428000,10,230103,0.600000,1.000000,0.598567,1.000000,0.000000,0,0.000000,427967.000000,1.000000,847165613246.000000,3221459.000000
428000,11,230108,0.600000,1.000000,0.733599,1.000000,0.000000,0,0.000000,427989.000000,1.000000,847165613246.000000,3221459.000000
428000,12,230104,0.600000,1.000000,0.580845,1.000000,0.000000,0,0.000000,427932.000000,1.000000,847165613246.000000,3221459.000000
428000,13,230104,0.600000,1.000000,0.679149,1.000000,0.000000,0,0.000000,427987.000000,1.000000,847165613246.000000,3221459.000000
428000,14,230098,0.600000,1.000000,0.667666,1.000000,0.000000,0,0.000000,427726.000000,1.000000,847165613246.000000,3221459.000000
428000,15,230105,0.600000,1.000000,0.760269,1.000000,0.000000,0,0.000000,427821.000000,1.000000,847165613246.000000,3221459.000000
429000,0,230651,0.600000,1.000000,0.754709,1.000000,0.000000,0,0.000000,428996.000000,1.000000,851180150597.000000,5535552.000000
429000,1,230646,0.600000,1.000000,0.632157,1.000000,0.000000,0,0.000000,428955.000000,1.000000,851180150597.000000,5535552.000000
429000,2,230647,0.600000,1.000000,0.602104,1.000000,0.000000,0,0.000000,428962.000000,1.000000,851180150597.000000,5535552.000000
429000,3,230642,0.600000,1.000000,0.549356,1.000000,0.000000,0,0.000000,428942.000000,1.000000,851180150597.000000,5535552.000000
429000,4,230654,0.600000,1.000000,0.874656,1.000000,0.000000,0,0.000000,428999.000000,1.000000,851180150597.000000,5535552.000000
429000,5,230650,0.600000,1.000000,0.735067,1.000000,0.000000,0,0.000000,428988.000000,1.000000,851180150597.000000,5535552.000000
429000,6,230653,0.600000,1.000000,0.723782,1.000000,0.000000,0,0.000000,428940.000000,1.000000,851180150597.000000,5535552.000000
429000,7,230654,0.600000,1.000000,0.727240,1.000000,0.000000,1,385393.000000,429000.000000,1.000000,851180150597.000000,5535552.000000
429000,8,230651,0.600000,1.000000,0.663829,1.000000,0.000000,0,0.000000,428993.000000,1.000000,851180150597.000000,5535552.000000
429000,9,230650,0.600000,1.000000,0.724123,1.000000,0.000000,0,0.000000,428986.000000,1.000000,851180150597.000000,5535552.000000
429000,10,230647,0.600000,1.000000,0.591855,1.000000,0.000000,0,0.000000,428975.000000,1.000000,851180150597.000000,5535552.000000
429000,11,230654,0.600000,1.000000,0.720064,1.000000,0.000000,0,0.000000,428977.000000,1.000000,851180150597.000000,5535552.000000
429000,12,230650,0.600000,1.000000,0.618698,1.000000,0.000000,0,0.000000,428861.000000,1.000000,851180150597.000000,5535552.000000
429000,13,230650,0.600000,1.000000,0.807945,1.000000,0.000000,0,0.000000,428939.000000,1.000000,851180150597.000000,5535552.000000
429000,14,230646,0.600000,1.000000,0.605311,1.000000,0.000000,0,0.000000,428947.000000,1.000000,851180150597.000000,5535552.000000
429000,15,230632,0.600000,1.000000,0.563575,1.000000,0.000000,0,0.000000,428507.000000,1.000000,851180150597.000000,5535552.000000
430000,0,231182,0.600000,1.000000,0.637941,1.000000,0.000000,0,0.000000,429941.000000,1.000000,855119562629.000000,5085931.000000
430000,1,231187,0.600000,1.000000,0.674976,1.000000,0.000000,1,384970.000000,430000.000000,1.000000,855119562629.000000,5085931.000000
430000,2,231178,0.600000,1.000000,0.633921,1.000000,0.000000,0,0.000000,429833.000000,1.000000,855119562629.000000,5085931.000000
430000,3,231186,0.600000,1.000000,0.681420,1.000000,0.000000,0,0.000000,429980.000000,1.000000,855119562629.000000,5085931.000000
430000,4,231168,0.600000,1.000000,0.443278,1.000000,0.000000,0,0.000000,429883.000000,1.000000,855119562629.000000,5085931.000000
430000,5,231179,0.600000,1.000000,0.691295,1.000000,0.000000,0,0.000000,429942.000000,1.000000,855119562629.000000,5085931.000000
430000,6,231186,0.600000,1.000000,0.718538,1.000000,0.000000,0,0.000000,429998.000000,1.000000,855119562629.000000,5085931.000000
430000,7,231187,0.600000,1.000000,0.678661,1.000000,0.000000,0,0.000000,429987.000000,1.000000,855119562629.000000,5085931.000000
430000,8,231185,0.600000,1.000000,0.682843,1.000000,0.000000,0,0.000000,429969.000000,1.000000,855119562629.000000,5085931.000000
430000,9,231184,0.600000,1.000000,0.629679,1.000000,0.000000,0,0.000000,429863.000000,1.000000,855119562629.000000,5085931.000000
430000,10,231182,0.600000,1.000000,0.769048,1.000000,0.000000,0,0.000000,429994.000000,1.000000,855119562629.000000,5085931.000000
430000,11,231185,0.600000,1.000000,0.633069,1.000000,0.000000,0,0.000000,429993.000000,1.000000,855119562629.000000,5085931.000000
430000,12,231185,0.600000,1.000000,0.636443,1.000000,0.000000,0,0.000000,429976.000000,1.000000,855119562629.000000,5085931.000000
430000,13,231171,0.600000,1.000000,0.538175,1.000000,0.000000,0,0.000000,429841.000000,1.000000,855119562629.000000,5085931.000000
430000,14,231179,0.600000,1.000000,0.556049,1.000000,0.000000,0,0.000000,429933.000000,1.000000,855119562629.000000,5085931.000000
430000,15,231183,0.600000,1.000000,0.711198,1.000000,0.000000,0,0.000000,429985.000000,1.000000,855119562629.000000,5085931.000000
431000,0,231728,0.600000,1.000000,0.654939,1.000000,0.000000,0,0.000000,430993.000000,1.000000,859151488861.000000,4634546.000000
431000,1,231728,0.600000,1.000000,0.562383,1.000000,0.000000,0,0.000000,430957.000000,1.000000,859151488861.000000,4634546.000000
431000,2,231730,0.600000,1.000000,0.711042,1.000000,0.000000,0,0.000000,430996.000000,1.000000,859151488861.000000,4634546.000000
431000,3,231730,0.600000,1.000000,0.762029,1.000000,0.000000,0,0.000000,430895.000000,1.000000,859151488861.000000,4634546.000000
431000,4,231719,0.600000,1.000000,0.489343,1.000000,0.000000,0,0.000000,430690.000000,1.000000,859151488861.000000,4634546.000000
431000,5,231726,0.600000,1.000000,0.666750,1.000000,0.000000,0,0.000000,430968.000000,1.000000,859151488861.000000,4634546.000000
431000,6,231720,0.600000,1.000000,0.579320,1.000000,0.000000,0,0.000000,430721.000000,1.000000,859151488861.000000,4634546.000000
431000,7,231728,0.600000,1.000000,0.608492,1.000000,0.000000,0,0.000000,430880.000000,1.000000,859151488861.000000,4634546.000000
431000,8,231727,0.600000,1.000000,0.645870,1.000000,0.000000,0,0.000000,430989.000000,1.000000,859151488861.000000,4634546.000000
431000,9,231722,0.600000,1.000000,0.510288,1.000000,0.000000,0,0.000000,430917.000000,1.000000,859151488861.000000,4634546.000000
431000,10,231726,0.600000,1.000000,0.682877,1.000000,0.000000,0,0.000000,430948.000000,1.000000,859151488861.000000,4634546.000000
431000,11,231722,0.600000,1.000000,0.620438,1.000000,0.000000,0,0.000000,430743.000000,1.000000,859151488861.000000,4634546.000000
431000,12,231729,0.600000,1.000000,0.682479,1.000000,0.000000,0,0.000000,430997.000000,1.000000,859151488861.000000,4634546.000000
431000,13,231724,0.600000,1.000000,0.512568,1.000000,0.000000,0,0.000000,430949.000000,1.000000,859151488861.000000,4634546.000000
431000,14,231729,0.600000,1.000000,0.695075,1.000000,0.000000,0,0.000000,430992.000000,1.000000,859151488861.000000,4634546.000000
431000,15,231729,0.600000,1.000000,0.817602,1.000000,0.000000,1,385623.000000,431000.000000,1.000000,859151488861.000000,4634546.000000
432000,0,232255,0.600000,1.000000,0.686111,1.000000,0.000000,0,0.000000,431824.000000,1.000000,863162703656.000000,5109867.000000
432000,1,232268,0.600000,1.000000,0.612174,1.000000,0.000000,0,0.000000,431946.000000,1.000000,863162703656.000000,5109867.000000
432000,2,232267,0.600000,1.000000,0.714425,1.000000,0.000000,0,0.000000,431971.000000,1.000000,863162703656.000000,5109867.000000
432000,3,232270,0.600000,1.000000,0.766139,1.000000,0.000000,1,387743.000000,432000.000000,1.000000,863162703656.000000,5109867.000000
432000,4,232269,0.600000,1.000000,0.512470,1.000000,0.000000,0,0.000000,431972.000000,1.000000,863162703656.000000,5109867.000000
432000,5,232269,0.600000,1.000000,0.735662,1.000000,0.000000,0,0.000000,431988.000000,1.000000,863162703656.000000,5109867.000000
432000,6,232269,0.600000,1.000000,0.690869,1.000000,0.000000,0,0.000000,431994.000000,1.000000,863162703656.000000,5109867.000000
432000,7,232271,0.600000,1.000000,0.692325,1.000000,0.000000,0,0.000000,431993.000000,1.000000,863162703656.000000,5109867.000000
432000,8,232267,0.600000,1.000000,0.695260,1.000000,0.000000,0,0.000000,431948.000000,1.000000,863162703656.000000,5109867.000000
432000,9,232270,0.600000,1.000000,0.789686,1.000000,0.000000,0,0.000000,431966.000000,1.000000,863162703656.000000,5109867.000000
432000,10,232259,0.600000,1.000000,0.662077,1.000000,0.000000,0,0.000000,431853.000000,1.000000,863162703656.000000,5109867.000000
432000,11,232260,0.600000,1.000000,0.590429,1.000000,0.000000,0,0.000000,431559.000000,1.000000,863162703656.000000,5109867.000000
432000,12,232270,0.600000,1.000000,0.738645,1.000000,0.000000,0,0.000000,431999.000000,1.000000,863162703656.000000,5109867.000000
432000,13,232270,0.600000,1.000000,0.658955,1.000000,0.000000,0,0.000000,431995.000000,1.000000,863162703656.000000,5109867.000000
432000,14,232268,0.600000,1.000000,0.684170,1.000000,0.000000,0,0.000000,431990.000000,1.000000,863162703656.000000,5109867.000000
432000,15,232260,0.600000,1.000000,0.521104,1.000000,0.000000,0,0.000000,431940.000000,1.000000,863162703656.000000,5109867.000000
433000,0,232802,0.600000,1.000000,0.685125,1.000000,0.000000,0,0.000000,432938.000000,1.000000,867123196964.000000,3724794.000000
433000,1,232799,0.600000,1.000000,0.592182,1.000000,0.000000,0,0.000000,432982.000000,1.000000,867123196964.000000,3724794.000000
433000,2,232803,0.600000,1.000000,0.756585,1.000000,0.000000,1,388150.000000,433000.000000,1.000000,867123196964.000000,3724794.000000
433000,3,232799,0.600000,1.000000,0.716331,1.000000,0.000000,0,0.000000,432992.000000,1.000000,867123196964.000000,3724794.000000
433000,4,232797,0.600000,1.000000,0.720734,1.000000,0.000000,0,0.000000,432847.000000,1.000000,867123196964.000000,3724794.000000
433000,5,232796,0.600000,1.000000,0.649423,1.000000,0.000000,0,0.000000,432985.000000,1.000000,867123196964.000000,3724794.000000
433000,6,232801,0.600000,1.000000,0.729632,1.000000,0.000000,0,0.000000,432998.000000,1.000000,867123196964.000000,3724794.000000
433000,7,232794,0.600000,1.000000,0.650176,1.000000,0.000000,0,0.000000,432942.000000,1.000000,867123196964.000000,3724794.000000
433000,8,232799,0.600000,1.000000,0.710668,1.000000,0.000000,0,0.000000,432671.000000,1.000000,867123196964.000000,3724794.000000
433000,9,232799,0.600000,1.000000,0.805106,1.000000,0.000000,0,0.000000,432633.000000,1.000000,867123196964.000000,3724794.000000
433000,10,232799,0.600000,1.000000,0.726903,1.000000,0.000000,0,0.000000,432994.000000,1.000000,867123196964.000000,3724794.000000
433000,11,232791,0.600000,1.000000,0.680773,1.000000,0.000000,0,0.000000,432843.000000,1.000000,867123196964.000000,3724794.000000
433000,12,232799,0.600000,1.000000,0.680037,1.000000,0.000000,0,0.000000,432959.000000,1.000000,867123196964.000000,3724794.000000
433000,13,232800,0.600000,1.000000,0.671247,1.000000,0.000000,0,0.000000,432991.000000,1.000000,867123196964.000000,3724794.000000
433000,14,232801,0.600000,1.000000,0.611861,1.000000,0.000000,0,0.000000,432943.000000,1.000000,867123196964.000000,3724794.000000
433000,15,232799,0.600000,1.000000,0.663147,1.000000,0.000000,0,0.000000,432997.000000,1.000000,867123196964.000000,3724794.000000
434000,0,233338,0.600000,1.000000,0.733069,1.000000,0.000000,0,0.000000,433981.000000,1.000000,871139889347.000000,4666734.000000
434000,1,233339,0.600000,1.000000,0.615679,1.000000,0.000000,0,0.000000,433973.000000,1.000000,871139889347.000000,4666734.000000
434000,2,233326,0.600000,1.000000,0.595674,1.000000,0.000000,0,0.000000,433933.000000,1.000000,871139889347.000000,4666734.000000
434000,3,233336,0.600000,1.000000,0.574043,1.000000,0.000000,0,0.000000,433954.000000,1.000000,871139889347.000000,4666734.000000
434000,4,233341,0.600000,1.000000,0.795642,1.000000,0.000000,0,0.000000,433994.000000,1.000000,871139889347.000000,4666734.000000
434000,5,233339,0.600000,1.000000,0.578551,1.000000,0.000000,0,0.000000,433989.000000,1.000000,871139889347.000000,4666734.000000
434000,6,233340,0.600000,1.000000,0.846126,1.000000,0.000000,1,388590.000000,434000.000000,1.000000,871139889347.000000,4666734.000000
434000,7,233340,0.600000,1.000000,0.746022,1.000000,0.000000,0,0.000000,433793.000000,1.000000,871139889347.000000,4666734.000000
434000,8,233336,0.600000,1.000000,0.749057,1.000000,0.000000,0,0.000000,433975.000000,1.000000,871139889347.000000,4666734.000000
434000,9,233340,0.600000,1.000000,0.755064,1.000000,0.000000,0,0.000000,433998.000000,1.000000,871139889347.000000,4666734.000000
434000,10,233340,0.600000,1.000000,0.654669,1.000000,0.000000,0,0.000000,433997.000000,1.000000,871139889347.000000,4666734.000000
434000,11,233332,0.600000,1.000000,0.539883,1.000000,0.000000,0,0.000000,433960.000000,1.000000,871139889347.000000,4666734.000000
434000,12,233336,0.600000,1.000000,0.694002,1.000000,0.000000,0,0.000000,433990.000000,1.000000,871139889347.000000,4666734.000000
434000,13,233336,0.600000,1.000000,0.689411,1.000000,0.000000,0,0.000000,433908.000000,1.000000,871139889347.000000,4666734.000000
434000,14,233340,0.600000,1.000000,0.746652,1.000000,0.000000,0,0.000000,433907.000000,1.000000,871139889347.000000,4666734.000000
434000,15,233336,0.600000,1.000000,0.596382,1.000000,0.000000,0,0.000000,433956.000000,1.000000,871139889347.000000,4666734.000000
435000,0,233871,0.600000,1.000000,0.615003,1.000000,0.000000,0,0.000000,434995.000000,1.000000,875112540248.000000,1870936.000000
435000,1,233866,0.600000,1.000000,0.560054,1.000000,0.000000,0,0.000000,434919.000000,1.000000,875112540248.000000,1870936.000000
435000,2,233871,0.600000,1.000000,0.785266,1.000000,0.000000,0,0.000000,434996.000000,1.000000,875112540248.000000,1870936.000000
435000,3,233872,0.600000,1.000000,0.646507,1.000000,0.000000,1,390495.000000,435000.000000,1.000000,875112540248.000000,1870936.000000
435000,4,233865,0.600000,1.000000,0.625761,1.000000,0.000000,0,0.000000,434939.000000,1.000000,875112540248.000000,1870936.000000
435000,5,233865,0.600000,1.000000,0.543091,1.000000,0.000000,0,0.000000,434925.000000,1.000000,875112540248.000000,1870936.000000
435000,6,233868,0.600000,1.000000,0.596887,1.000000,0.000000,0,0.000000,434879.000000,1.000000,875112540248.000000,1870936.000000
435000,7,233864,0.600000,1.000000,0.571496,1.000000,0.000000,0,0.000000,434936.000000,1.000000,875112540248.000000,1870936.000000
435000,8,233867,0.600000,1.000000,0.663433,1.000000,0.000000,0,0.000000,434809.000000,1.000000,875112540248.000000,1870936.000000
435000,9,233869,0.600000,1.000000,0.688897,1.000000,0.000000,0,0.000000,434853.000000,1.000000,875112540248.000000,1870936.000000
435000,10,233871,0.600000,1.000000,0.701103,1.000000,0.000000,0,0.000000,434949.000000,1.000000,875112540248.000000,1870936.000000
435000,11,233868,0.600000,1.000000,0.631045,1.000000,0.000000,0,0.000000,434912.000000,1.000000,875112540248.000000,1870936.000000
435000,12,233870,0.600000,1.000000,0.582571,1.000000,0.000000,0,0.000000,434972.000000,1.000000,875112540248.000000,1870936.000000
435000,13,233871,0.600000,1.000000,0.722486,1.000000,0.000000,0,0.000000,434999.000000,1.000000,875112540248.000000,1870936.000000
435000,14,233870,0.600000,1.000000,0.663255,1.000000,0.000000,0,0.000000,434956.000000,1.000000,875112540248.000000,1870936.000000
435000,15,233870,0.600000,1.000000,0.589704,1.000000,0.000000,0,0.000000,434957.000000,1.000000,875112540248.000000,1870936.000000
436000,0,234393,0.600000,1.000000,0.510113,1.000000,0.000000,0,0.000000,435965.000000,1.000000,879070320336.000000,1875160.000000
436000,1,234400,0.600000,1.000000,0.574677,1.000000,0.000000,0,0.000000,435993.000000,1.000000,879070320336.000000,1875160.000000
436000,2,234392,0.600000,1.000000,0.572664,1.000000,0.000000,0,0.000000,435896.000000,1.000000,879070320336.000000,1875160.000000
436000,3,234400,0.600000,1.000000,0.691070,1.000000,0.000000,0,0.000000,435969.000000,1.000000,879070320336.000000,1875160.000000
436000,4,234391,0.600000,1.000000,0.657257,1.000000,0.000000,0,0.000000,435873.000000,1.000000,879070320336.000000,1875160.000000
436000,5,234397,0.600000,1.000000,0.728334,1.000000,0.000000,0,0.000000,435933.000000,1.000000,879070320336.000000,1875160.000000
436000,6,234399,0.600000,1.000000,0.731963,1.000000,0.000000,0,0.000000,435995.000000,1.000000,879070320336.000000,1875160.000000
436000,7,234398,0.600000,1.000000,0.676601,1.000000,0.000000,0,0.000000,435975.000000,1.000000,879070320336.000000,1875160.000000
436000,8,234400,0.600000,1.000000,0.787035,1.000000,0.000000,1,390315.000000,436000.000000,1.000000,879070320336.000000,1875160.000000
436000,9,234395,0.600000,1.000000,0.640705,1.000000,0.000000,0,0.000000,435924.000000,1.000000,879070320336.000000,1875160.000000
436000,10,234401,0.600000,1.000000,0.717960,1.000000,0.000000,0,0.000000,435999.000000,1.000000,879070320336.000000,1875160.000000
436000,11,234398,0.600000,1.000000,0.743840,1.000000,0.000000,0,0.000000,435923.000000,1.000000,879070320336.000000,1875160.000000
436000,12,234396,0.600000,1.000000,0.586846,1.000000,0.000000,0,0.000000,435899.000000,1.000000,879070320336.000000,1875160.000000
436000,13,234391,0.600000,1.000000,0.548248,1.000000,0.000000,0,0.000000,435831.000000,1.000000,879070320336.000000,1875160.000000
436000,14,234400,0.600000,1.000000,0.715731,1.000000,0.000000,0,0.000000,435673.000000,1.000000,879070320336.000000,1875160.000000
436000,15,234399,0.600000,1.000000,0.739352,1.000000,0.000000,0,0.000000,435992.000000,1.000000,879070320336.000000,1875160.000000
437000,0,234937,0.600000,1.000000,0.656241,1.000000,0.000000,0,0.000000,436948.000000,1.000000,883124893925.000000,5168617.000000
437000,1,234937,0.600000,1.000000,0.667238,1.000000,0.000000,0,0.000000,436984.000000,1.000000,883124893925.000000,5168617.000000
437000,2,234937,0.600000,1.000000,0.567147,1.000000,0.000000,0,0.000000,436975.000000,1.000000,883124893925.000000,5168617.000000
437000,3,234937,0.600000,1.000000,0.644183,1.000000,0.000000,0,0.000000,436995.000000,1.000000,883124893925.000000,5168617.000000
437000,4,234932,0.600000,1.000000,0.609757,1.000000,0.000000,0,0.000000,436887.000000,1.000000,883124893925.000000,5168617.000000
437000,5,234938,0.600000,1.000000,0.714385,1.000000,0.000000,1,391513.000000,437000.000000,1.000000,883124893925.000000,5168617.000000
437000,6,234939,0.600000,1.000000,0.587667,1.000000,0.000000,0,0.000000,436996.000000,1.000000,883124893925.000000,5168617.000000
437000,7,234936,0.600000,1.000000,0.623128,1.000000,0.000000,0,0.000000,436695.000000,1.000000,883124893925.000000,5168617.000000
437000,8,234938,0.600000,1.000000,0.795092,1.000000,0.000000,0,0.000000,436992.000000,1.000000,883124893925.000000,5168617.000000
437000,9,234935,0.600000,1.000000,0.702730,1.000000,0.000000,0,0.000000,436980.000000,1.000000,883124893925.000000,5168617.000000
437000,10,234938,0.600000,1.000000,0.777277,1.000000,0.000000,0,0.000000,436993.000000,1.000000,883124893925.000000,5168617.000000
437000,11,234937,0.600000,1.000000,0.659921,1.000000,0.000000,0,0.000000,436994.000000,1.000000,883124893925.000000,5168617.000000
437000,12,234938,0.600000,1.000000,0.753396,1.000000,0.000000,0,0.000000,436998.000000,1.000000,883124893925.000000,5168617.000000
437000,13,234938,0.600000,1.000000,0.652758,1.000000,0.000000,0,0.000000,436978.000000,1.000000,883124893925.000000,5168617.000000
437000,14,234937,0.600000,1.000000,0.657867,1.000000,0.000000,0,0.000000,436876.000000,1.000000,883124893925.000000,5168617.000000
437000,15,234935,0.600000,1.000000,0.700015,1.000000,0.000000,0,0.000000,436926.000000,1.000000,883124893925.000000,5168617.000000
438000,0,235479,0.600000,1.000000,0.621127,1.000000,0.000000,0,0.000000,437955.000000,1.000000,887189738696.000000,4709536.000000
438000,1,235479,0.600000,1.000000,0.617292,1.000000,0.000000,0,0.000000,437995.000000,1.000000,887189738696.000000,4709536.000000
438000,2,235476,0.600000,1.000000,0.581570,1.000000,0.000000,0,0.000000,437993.000000,1.000000,887189738696.000000,4709536.000000
438000,3,235475,0.600000,1.000000,0.598748,1.000000,0.000000,0,0.000000,437739.000000,1.000000,887189738696.000000,4709536.000000
438000,4,235478,0.600000,1.000000,0.622731,1.000000,0.000000,0,0.000000,437982.000000,1.000000,887189738696.000000,4709536.000000
438000,5,235478,0.600000,1.000000,0.583475,1.000000,0.000000,0,0.000000,437973.000000,1.000000,887189738696.000000,4709536.000000
438000,6,235479,0.600000,1.000000,0.604937,1.000000,0.000000,0,0.000000,437975.000000,1.000000,887189738696.000000,4709536.000000
438000,7,235478,0.600000,1.000000,0.764857,1.000000,0.000000,0,0.000000,437996.000000,1.000000,887189738696.000000,4709536.000000
438000,8,235473,0.600000,1.000000,0.537789,1.000000,0.000000,0,0.000000,437921.000000,1.000000,887189738696.000000,4709536.000000
438000,9,235478,0.600000,1.000000,0.606791,1.000000,0.000000,0,0.000000,437997.000000,1.000000,887189738696.000000,4709536.000000
438000,10,235479,0.600000,1.000000,0.583318,1.000000,0.000000,0,0.000000,437992.000000,1.000000,887189738696.000000,4709536.000000
438000,11,235479,0.600000,1.000000,0.687972,1.000000,0.000000,1,393398.000000,438000.000000,1.000000,887189738696.000000,4709536.000000
438000,12,235474,0.600000,1.000000,0.619086,1.000000,0.000000,0,0.000000,437661.000000,1.000000,887189738696.000000,4709536.000000
438000,13,235479,0.600000,1.000000,0.821318,1.000000,0.000000,0,0.000000,437971.000000,1.000000,887189738696.000000,4709536.000000
438000,14,235468,0.600000,1.000000,0.606395,1.000000,0.000000,0,0.000000,437922.000000,1.000000,887189738696.000000,4709536.000000
438000,15,235478,0.600000,1.000000,0.537105,1.000000,0.000000,0,0.000000,437991.000000,1.000000,887189738696.000000,4709536.000000
439000,0,236015,0.600000,1.000000,0.639696,1.000000,0.000000,0,0.000000,438758.000000,1.000000,891226626572.000000,2360121.000000
439000,1,236011,0.600000,1.000000,0.552637,1.000000,0.000000,0,0.000000,438965.000000,1.000000,891226626572.000000,2360121.000000
439000,2,236005,0.600000,1.000000,0.474219,1.000000,0.000000,0,0.000000,438808.000000,1.000000,891226626572.000000,2360121.000000
439000,3,236016,0.600000,1.000000,0.635388,1.000000,0.000000,0,0.000000,438986.000000,1.000000,891226626572.000000,2360121.000000
439000,4,236011,0.600000,1.000000,0.607358,1.000000,0.000000,0,0.000000,438876.000000,1.000000,891226626572.000000,2360121.000000
439000,5,236009,0.600000,1.000000,0.700232,1.000000,0.000000,0,0.000000,438773.000000,1.000000,891226626572.000000,2360121.000000
439000,6,236008,0.600000,1.000000,0.600169,1.000000,0.000000,0,0.000000,438942.000000,1.000000,891226626572.000000,2360121.000000
439000,7,236017,0.600000,1.000000,0.724930,1.000000,0.000000,0,0.000000,438998.000000,1.000000,891226626572.000000,2360121.000000
439000,8,236014,0.600000,1.000000,0.695603,1.000000,0.000000,0,0.000000,438995.000000,1.000000,891226626572.000000,2360121.000000
439000,9,236018,0.600000,1.000000,0.608677,1.000000,0.000000,1,393868.000000,439000.000000,1.000000,891226626572.000000,2360121.000000
439000,10,236013,0.600000,1.000000,0.624469,1.000000,0.000000,0,0.000000,438990.000000,1.000000,891226626572.000000,2360121.000000
439000,11,236017,0.600000,1.000000,0.717730,1.000000,0.000000,0,0.000000,438993.000000,1.000000,891226626572.000000,2360121.000000
439000,12,236010,0.600000,1.000000,0.643161,1.000000,0.000000,0,0.000000,438976.000000,1.000000,891226626572.000000,2360121.000000
439000,13,236014,0.600000,1.000000,0.627161,1.000000,0.000000,0,0.000000,438970.000000,1.000000,891226626572.000000,2360121.000000
439000,14,236004,0.600000,1.000000,0.503959,1.000000,0.000000,0,0.000000,438943.000000,1.000000,891226626572.000000,2360121.000000
439000,15,236010,0.600000,1.000000,0.602635,1.000000,0.000000,0,0.000000,438895.000000,1.000000,891226626572.000000,2360121.000000
440000,0,236544,0.600000,1.000000,0.495969,1.000000,0.000000,0,0.000000,439663.000000,1.000000,895312891243.000000,4257941.000000
440000,1,236551,0.600000,1.000000,0.609164,1.000000,0.000000,0,0.000000,439938.000000,1.000000,895312891243.000000,4257941.000000
440000,2,236557,0.600000,1.000000,0.701912,1.000000,0.000000,1,394476.000000,440000.000000,1.000000,895312891243.000000,4257941.000000
440000,3,236549,0.600000,1.000000,0.588469,1.000000,0.000000,0,0.000000,439880.000000,1.000000,895312891243.000000,4257941.000000
440000,4,236554,0.600000,1.000000,0.695529,1.000000,0.000000,0,0.000000,439992.000000,1.000000,895312891243.000000,4257941.000000
440000,5,236552,0.600000,1.000000,0.621136,1.000000,0.000000,0,0.000000,439989.000000,1.000000,895312891243.000000,4257941.000000
440000,6,236556,0.600000,1.000000,0.731021,1.000000,0.000000,0,0.000000,439999.000000,1.000000,895312891243.000000,4257941.000000
440000,7,236554,0.600000,1.000000,0.728706,1.000000,0.000000,0,0.000000,439994.000000,1.000000,895312891243.000000,4257941.000000
440000,8,236554,0.600000,1.000000,0.624919,1.000000,0.000000,0,0.000000,439960.000000,1.000000,895312891243.000000,4257941.000000
440000,9,236556,0.600000,1.000000,0.699937,1.000000,0.000000,0,0.000000,439996.000000,1.000000,895312891243.000000,4257941.000000
440000,10,236553,0.600000,1.000000,0.511588,1.000000,0.000000,0,0.000000,439902.000000,1.000000,895312891243.000000,4257941.000000
440000,11,236557,0.600000,1.000000,0.620687,1.000000,0.000000,0,0.000000,439967.000000,1.000000,895312891243.000000,4257941.000000
440000,12,236556,0.600000,1.000000,0.789052,1.000000,0.000000,0,0.000000,439977.000000,1.000000,895312891243.000000,4257941.000000
440000,13,236551,0.600000,1.000000,0.680734,1.000000,0.000000,0,0.000000,439949.000000,1.000000,895312891243.000000,4257941.000000
440000,14,236544,0.600000,1.000000,0.698345,1.000000,0.000000,0,0.000000,439872.000000,1.000000,895312891243.000000,4257941.000000
440000,15,236551,0.600000,1.000000,0.648698,1.000000,0.000000,0,0.000000,439372.000000,1.000000,895312891243.000000,4257941.000000
441000,0,237081,0.600000,1.000000,0.722234,1.000000,0.000000,0,0.000000,440973.000000,1.000000,899302287808.000000,3319099.000000
441000,1,237072,0.600000,1.000000,0.837335,1.000000,0.000000,0,0.000000,440555.000000,1.000000,899302287808.000000,3319099.000000
441000,2,237084,0.600000,1.000000,0.786265,1.000000,0.000000,0,0.000000,440999.000000,1.000000,899302287808.000000,3319099.000000
441000,3,237081,0.600000,1.000000,0.622034,1.000000,0.000000,0,0.000000,440965.000000,1.000000,899302287808.000000,3319099.000000
441000,4,237081,0.600000,1.000000,0.655554,1.000000,0.000000,0,0.000000,440983.000000,1.000000,899302287808.000000,3319099.000000
441000,5,237072,0.600000,1.000000,0.574197,1.000000,0.000000,0,0.000000,440874.000000,1.000000,899302287808.000000,3319099.000000
441000,6,237079,0.600000,1.000000,0.703830,1.000000,0.000000,0,0.000000,440712.000000,1.000000,899302287808.000000,3319099.000000
441000,7,237072,0.600000,1.000000,0.601439,1.000000,0.000000,0,0.000000,440979.000000,1.000000,899302287808.000000,3319099.000000
441000,8,237084,0.600000,1.000000,0.670732,1.000000,0.000000,1,394874.000000,441000.000000,1.000000,899302287808.000000,3319099.000000
441000,9,237074,0.600000,1.000000,0.535303,1.000000,0.000000,0,0.000000,440958.000000,1.000000,899302287808.000000,3319099.000000
441000,10,237080,0.600000,1.000000,0.567884,1.000000,0.000000,0,0.000000,440966.000000,1.000000,899302287808.000000,3319099.000000
441000,11,237083,0.600000,1.000000,0.730827,1.000000,0.000000,0,0.000000,440938.000000,1.000000,899302287808.000000,3319099.000000
441000,12,237079,0.600000,1.000000,0.597258,1.000000,0.000000,0,0.000000,440975.000000,1.000000,899302287808.000000,3319099.000000
441000,13,237078,0.600000,1.000000,0.586417,1.000000,0.000000,0,0.000000,440984.000000,1.000000,899302287808.000000,3319099.000000
441000,14,237079,0.600000,1.000000,0.569242,1.000000,0.000000,0,0.000000,440929.000000,1.000000,899302287808.000000,3319099.000000
441000,15,237083,0.600000,1.000000,0.818528,1.000000,0.000000,0,0.000000,440998.000000,1.000000,899302287808.000000,3319099.000000
442000,0,237626,0.600000,1.000000,0.593574,1.000000,0.000000,0,0.000000,441985.000000,1.000000,903437418655.000000,2376253.000000
442000,1,237622,0.600000,1.000000,0.666228,1.000000,0.000000,0,0.000000,441808.000000,1.000000,903437418655.000000,2376253.000000
442000,2,237625,0.600000,1.000000,0.669724,1.000000,0.000000,0,0.000000,441992.000000,1.000000,903437418655.000000,2376253.000000
442000,3,237624,0.600000,1.000000,0.731559,1.000000,0.000000,0,0.000000,441990.000000,1.000000,903437418655.000000,2376253.000000
442000,4,237623,0.600000,1.000000,0.593457,1.000000,0.000000,0,0.000000,441872.000000,1.000000,903437418655.000000,2376253.000000
442000,5,237614,0.600000,1.000000,0.506204,1.000000,0.000000,0,0.000000,441679.000000,1.000000,903437418655.000000,2376253.000000
442000,6,237626,0.600000,1.000000,0.708768,1.000000,0.000000,0,0.000000,441999.000000,1.000000,903437418655.000000,2376253.000000
442000,7,237627,0.600000,1.000000,0.691707,1.000000,0.000000,0,0.000000,441997.000000,1.000000,903437418655.000000,2376253.000000
442000,8,237628,0.600000,1.000000,0.575482,1.000000,0.000000,0,0.000000,441984.000000,1.000000,903437418655.000000,2376253.000000
442000,9,237625,0.600000,1.000000,0.643566,1.000000,0.000000,0,0.000000,441951.000000,1.000000,903437418655.000000,2376253.000000
442000,10,237620,0.600000,1.000000,0.809965,1.000000,0.000000,0,0.000000,441788.000000,1.000000,903437418655.000000,2376253.000000
442000,11,237626,0.600000,1.000000,0.660038,1.000000,0.000000,0,0.000000,441988.000000,1.000000,903437418655.000000,2376253.000000
442000,12,237610,0.600000,1.000000,0.620287,1.000000,0.000000,0,0.000000,441745.000000,1.000000,903437418655.000000,2376253.000000
442000,13,237627,0.600000,1.000000,0.709241,1.000000,0.000000,1,396771.000000,442000.000000,1.000000,903437418655.000000,2376253.000000
442000,14,237625,0.600000,1.000000,0.623783,1.000000,0.000000,0,0.000000,441862.000000,1.000000,903437418655.000000,2376253.000000
442000,15,237625,0.600000,1.000000,0.665942,1.000000,0.000000,0,0.000000,441996.000000,1.000000,903437418655.000000,2376253.000000
443000,0,238167,0.600000,1.000000,0.569004,1.000000,0.000000,0,0.000000,442993.000000,1.000000,907557265150.000000,6668602.000000
443000,1,238160,0.600000,1.000000,0.580845,1.000000,0.000000,0,0.000000,442882.000000,1.000000,907557265150.000000,6668602.000000
443000,2,238154,0.600000,1.000000,0.633696,1.000000,0.000000,0,0.000000,442875.000000,1.000000,907557265150.000000,6668602.000000
443000,3,238164,0.600000,1.000000,0.720489,1.000000,0.000000,0,0.000000,442983.000000,1.000000,907557265150.000000,6668602.000000
443000,4,238167,0.600000,1.000000,0.749933,1.000000,0.000000,1,397417.000000,443000.000000,1.000000,907557265150.000000,6668602.000000
443000,5,238166,0.600000,1.000000,0.647475,1.000000,0.000000,0,0.000000,442989.000000,1.000000,907557265150.000000,6668602.000000
443000,6,238168,0.600000,1.000000,0.592885,1.000000,0.000000,0,0.000000,442986.000000,1.000000,907557265150.000000,6668602.000000
443000,7,238162,0.600000,1.000000,0.615414,1.000000,0.000000,0,0.000000,442822.000000,1.000000,907557265150.000000,6668602.000000
443000,8,238166,0.600000,1.000000,0.618567,1.000000,0.000000,0,0.000000,442999.000000,1.000000,907557265150.000000,6668602.000000
443000,9,238167,0.600000,1.000000,0.557278,1.000000,0.000000,0,0.000000,442968.000000,1.000000,907557265150.000000,6668602.000000
443000,10,238164,0.600000,1.000000,0.672543,1.000000,0.000000,0,0.000000,442970.000000,1.000000,907557265150.000000,6668602.000000
443000,11,238166,0.600000,1.000000,0.737854,1.000000,0.000000,0,0.000000,442998.000000,1.000000,907557265150.000000,6668602.000000
443000,12,238167,0.600000,1.000000,0.555955,1.000000,0.000000,0,0.000000,442984.000000,1.000000,907557265150.000000,6668602.000000
443000,13,238165,0.600000,1.000000,0.556466,1.000000,0.000000,0,0.000000,442853.000000,1.000000,907557265150.000000,6668602.000000
443000,14,238166,0.600000,1.000000,0.659810,1.000000,0.000000,0,0.000000,442997.000000,1.000000,907557265150.000000,6668602.000000
443000,15,238163,0.600000,1.000000,0.649078,1.000000,0.000000,0,0.000000,442921.000000,1.000000,907557265150.000000,6668602.000000
444000,0,238711,0.600000,1.000000,0.661369,1.000000,0.000000,1,396814.000000,444000.000000,1.000000,911690781012.000000,3341905.000000
444000,1,238707,0.600000,1.000000,0.675430,1.000000,0.000000,0,0.000000,443971.000000,1.000000,911690781012.000000,3341905.000000
444000,2,238698,0.600000,1.000000,0.682330,1.000000,0.000000,0,0.000000,443882.000000,1.000000,911690781012.000000,3341905.000000
444000,3,238709,0.600000,1.000000,0.651419,1.000000,0.000000,0,0.000000,443988.000000,1.000000,911690781012.000000,3341905.000000
444000,4,238709,0.600000,1.000000,0.698699,1.000000,0.000000,0,0.000000,443965.000000,1.000000,911690781012.000000,3341905.000000
444000,5,238709,0.600000,1.000000,0.564371,1.000000,0.000000,0,0.000000,443980.000000,1.000000,911690781012.000000,3341905.000000
444000,6,238702,0.600000,1.000000,0.553665,1.000000,0.000000,0,0.000000,443979.000000,1.000000,911690781012.000000,3341905.000000
444000,7,238704,0.600000,1.000000,0.584565,1.000000,0.000000,0,0.000000,443949.000000,1.000000,911690781012.000000,3341905.000000
444000,8,238706,0.600000,1.000000,0.540527,1.000000,0.000000,0,0.000000,443897.000000,1.000000,911690781012.000000,3341905.000000
444000,9,238708,0.600000,1.000000,0.612677,1.000000,0.000000,0,0.000000,443977.000000,1.000000,911690781012.000000,3341905.000000
444000,10,238692,0.600000,1.000000,0.502667,1.000000,0.000000,0,0.000000,443752.000000,1.000000,911690781012.000000,3341905.000000
444000,11,238709,0.600000,1.000000,0.736858,1.000000,0.000000,0,0.000000,443815.000000,1.000000,911690781012.000000,3341905.000000
444000,12,238710,0.600000,1.000000,0.684241,1.000000,0.000000,0,0.000000,443991.000000,1.000000,911690781012.000000,3341905.000000
444000,13,238707,0.600000,1.000000,0.641288,1.000000,0.000000,0,0.000000,443976.000000,1.000000,911690781012.000000,3341905.000000
444000,14,238709,0.600000,1.000000,0.650212,1.000000,0.000000,0,0.000000,443997.000000,1.000000,911690781012.000000,3341905.000000
444000,15,238710,0.600000,1.000000,0.673538,1.000000,0.000000,0,0.000000,443999.000000,1.000000,911690781012.000000,3341905.000000
445000,0,239246,0.600000,1.000000,0.590795,1.000000,0.000000,0,0.000000,444982.000000,1.000000,915823161280.000000,8134367.000000
445000,1,239245,0.600000,1.000000,0.598183,1.000000,0.000000,0,0.000000,444758.000000,1.000000,915823161280.000000,8134367.000000
445000,2,239250,0.600000,1.000000,0.788671,1.000000,0.000000,0,0.000000,444988.000000,1.000000,915823161280.000000,8134367.000000
445000,3,239242,0.600000,1.000000,0.577999,1.000000,0.000000,0,0.000000,444921.000000,1.000000,915823161280.000000,8134367.000000
445000,4,239246,0.600000,1.000000,0.573503,1.000000,0.000000,0,0.000000,444888.000000,1.000000,915823161280.000000,8134367.000000
445000,5,239247,0.600000,1.000000,0.567694,1.000000,0.000000,0,0.000000,444934.000000,1.000000,915823161280.000000,8134367.000000
445000,6,239247,0.600000,1.000000,0.600374,1.000000,0.000000,0,0.000000,444997.000000,1.000000,915823161280.000000,8134367.000000
445000,7,239248,0.600000,1.000000,0.727333,1.000000,0.000000,0,0.000000,444992.000000,1.000000,915823161280.000000,8134367.000000
445000,8,239243,0.600000,1.000000,0.529741,1.000000,0.000000,0,0.000000,444824.000000,1.000000,915823161280.000000,8134367.000000
445000,9,239243,0.600000,1.000000,0.527994,1.000000,0.000000,0,0.000000,444929.000000,1.000000,915823161280.000000,8134367.000000
445000,10,239246,0.600000,1.000000,0.589027,1.000000,0.000000,0,0.000000,444979.000000,1.000000,915823161280.000000,8134367.000000
445000,11,239250,0.600000,1.000000,0.601606,1.000000,0.000000,0,0.000000,444998.000000,1.000000,915823161280.000000,8134367.000000
445000,12,239251,0.600000,1.000000,0.710739,1.000000,0.000000,1,397727.000000,445000.000000,1.000000,915823161280.000000,8134367.000000
445000,13,239248,0.600000,1.000000,0.582911,1.000000,0.000000,0,0.000000,444994.000000,1.000000,915823161280.000000,8134367.000000
445000,14,239247,0.600000,1.000000,0.652197,1.000000,0.000000,0,0.000000,444993.000000,1.000000,915823161280.000000,8134367.000000
445000,15,239247,0.600000,1.000000,0.600326,1.000000,0.000000,0,0.000000,444989.000000,1.000000,915823161280.000000,8134367.000000
446000,0,239782,0.600000,1.000000,0.578302,1.000000,0.000000,0,0.000000,445981.000000,1.000000,919931795915.000000,6713932.000000
446000,1,239785,0.600000,1.000000,0.754885,1.000000,0.000000,0,0.000000,445997.000000,1.000000,919931795915.000000,6713932.000000
446000,2,239785,0.600000,1.000000,0.599131,1.000000,0.000000,0,0.000000,445994.000000,1.000000,919931795915.000000,6713932.000000
446000,3,239776,0.600000,1.000000,0.619558,1.000000,0.000000,0,0.000000,445811.000000,1.000000,919931795915.000000,6713932.000000
446000,4,239778,0.600000,1.000000,0.559988,1.000000,0.000000,0,0.000000,445866.000000,1.000000,919931795915.000000,6713932.000000
446000,5,239789,0.600000,1.000000,0.722997,1.000000,0.000000,0,0.000000,445999.000000,1.000000,919931795915.000000,6713932.000000
446000,6,239785,0.600000,1.000000,0.761336,1.000000,0.000000,0,0.000000,445998.000000,1.000000,919931795915.000000,6713932.000000
446000,7,239788,0.600000,1.000000,0.654737,1.000000,0.000000,0,0.000000,445993.000000,1.000000,919931795915.000000,6713932.000000
446000,8,239781,0.600000,1.000000,0.601780,1.000000,0.000000,0,0.000000,445941.000000,1.000000,919931795915.000000,6713932.000000
446000,9,239783,0.600000,1.000000,0.602915,1.000000,0.000000,0,0.000000,445978.000000,1.000000,919931795915.000000,6713932.000000
446000,10,239783,0.600000,1.000000,0.636542,1.000000,0.000000,0,0.000000,445895.000000,1.000000,919931795915.000000,6713932.000000
446000,11,239773,0.600000,1.000000,0.624696,1.000000,0.000000,0,0.000000,445719.000000,1.000000,919931795915.000000,6713932.000000
446000,12,239785,0.600000,1.000000,0.706908,1.000000,0.000000,0,0.000000,445883.000000,1.000000,919931795915.000000,6713932.000000
446000,13,239785,0.600000,1.000000,0.536451,1.000000,0.000000,0,0.000000,445989.000000,1.000000,919931795915.000000,6713932.000000
446000,14,239788,0.600000,1.000000,0.755242,1.000000,0.000000,1,399662.000000,446000.000000,1.000000,919931795915.000000,6713932.000000
446000,15,239777,0.600000,1.000000,0.739078,1.000000,0.000000,0,0.000000,445973.000000,1.000000,919931795915.000000,6713932.000000
447000,0,240314,0.600000,1.000000,0.692702,1.000000,0.000000,0,0.000000,446971.000000,1.000000,924026074959.000000,3364459.000000
447000,1,240315,0.600000,1.000000,0.583258,1.000000,0.000000,0,0.000000,446968.000000,1.000000,924026074959.000000,3364459.000000
447000,2,240320,0.600000,1.000000,0.687841,1.000000,0.000000,0,0.000000,446997.000000,1.000000,924026074959.000000,3364459.000000
447000,3,240318,0.600000,1.000000,0.662224,1.000000,0.000000,0,0.000000,446942.000000,1.000000,924026074959.000000,3364459.000000
447000,4,240314,0.600000,1.000000,0.589578,1.000000,0.000000,0,0.000000,446944.000000,1.000000,924026074959.000000,3364459.000000
447000,5,240319,0.600000,1.000000,0.758742,1.000000,0.000000,1,400359.000000,447000.000000,1.000000,924026074959.000000,3364459.000000
447000,6,240314,0.600000,1.000000,0.586781,1.000000,0.000000,0,0.000000,446896.000000,1.000000,924026074959.000000,3364459.000000
447000,7,240318,0.600000,1.000000,0.688617,1.000000,0.000000,0,0.000000,446829.000000,1.000000,924026074959.000000,3364459.000000
447000,8,240299,0.600000,1.000000,0.607322,1.000000,0.000000,0,0.000000,446560.000000,1.000000,924026074959.000000,3364459.000000
447000,9,240320,0.600000,1.000000,0.654190,1.000000,0.000000,0,0.000000,446988.000000,1.000000,924026074959.000000,3364459.000000
447000,10,240319,0.600000,1.000000,0.690552,1.000000,0.000000,0,0.000000,446921.000000,1.000000,924026074959.000000,3364459.000000
447000,11,240310,0.600000,1.000000,0.582647,1.000000,0.000000,0,0.000000,446898.000000,1.000000,924026074959.000000,3364459.000000
447000,12,240319,0.600000,1.000000,0.717529,1.000000,0.000000,0,0.000000,446999.000000,1.000000,924026074959.000000,3364459.000000
447000,13,240315,0.600000,1.000000,0.703070,1.000000,0.000000,0,0.000000,446863.000000,1.000000,924026074959.000000,3364459.000000
447000,14,240317,0.600000,1.000000,0.619683,1.000000,0.000000,0,0.000000,446984.000000,1.000000,924026074959.000000,3364459.000000
447000,15,240320,0.600000,1.000000,0.663415,1.000000,0.000000,0,0.000000,446975.000000,1.000000,924026074959.000000,3364459.000000
448000,0,240850,0.600000,1.000000,0.598988,1.000000,0.000000,0,0.000000,447976.000000,1.000000,928128962820.000000,4816966.000000
448000,1,240850,0.600000,1.000000,0.723490,1.000000,0.000000,0,0.000000,447990.000000,1.000000,928128962820.000000,4816966.000000
448000,2,240846,0.600000,1.000000,0.594530,1.000000,0.000000,0,0.000000,447879.000000,1.000000,928128962820.000000,4816966.000000
448000,3,240851,0.600000,1.000000,0.726781,1.000000,0.000000,1,402298.000000,448000.000000,1.000000,928128962820.000000,4816966.000000
448000,4,240845,0.600000,1.000000,0.565397,1.000000,0.000000,0,0.000000,447872.000000,1.000000,928128962820.000000,4816966.000000
448000,5,240847,0.600000,1.000000,0.680409,1.000000,0.000000,0,0.000000,447925.000000,1.000000,928128962820.000000,4816966.000000
448000,6,240850,0.600000,1.000000,0.736076,1.000000,0.000000,0,0.000000,447780.000000,1.000000,928128962820.000000,4816966.000000
448000,7,240851,0.600000,1.000000,0.717289,1.000000,0.000000,0,0.000000,447997.000000,1.000000,928128962820.000000,4816966.000000
448000,8,240852,0.600000,1.000000,0.642056,1.000000,0.000000,0,0.000000,447999.000000,1.000000,928128962820.000000,4816966.000000
448000,9,240852,0.600000,1.000000,0.609783,1.000000,0.000000,0,0.000000,447989.000000,1.000000,928128962820.000000,4816966.000000
448000,10,240845,0.600000,1.000000,0.551446,1.000000,0.000000,0,0.000000,447836.000000,1.000000,928128962820.000000,4816966.000000
448000,11,240839,0.600000,1.000000,0.555087,1.000000,0.000000,0,0.000000,447912.000000,1.000000,928128962820.000000,4816966.000000
448000,12,240852,0.600000,1.000000,0.647289,1.000000,0.000000,0,0.000000,447983.000000,1.000000,928128962820.000000,4816966.000000
448000,13,240850,0.600000,1.000000,0.548453,1.000000,0.000000,0,0.000000,447910.000000,1.000000,928128962820.000000,4816966.000000
448000,14,240851,0.600000,1.000000,0.700664,1.000000,0.000000,0,0.000000,447890.000000,1.000000,928128962820.000000,4816966.000000
448000,15,240847,0.600000,1.000000,0.706190,1.000000,0.000000,0,0.000000,447934.000000,1.000000,928128962820.000000,4816966.000000
449000,0,241382,0.600000,1.000000,0.708118,1.000000,0.000000,0,0.000000,448988.000000,1.000000,932256388145.000000,2413823.000000
449000,1,241376,0.600000,1.000000,0.567809,1.000000,0.000000,0,0.000000,448873.000000,1.000000,932256388145.000000,2413823.000000
449000,2,241387,0.600000,1.000000,0.657079,1.000000,0.000000,0,0.000000,448982.000000,1.000000,932256388145.000000,2413823.000000
449000,3,241387,0.600000,1.000000,0.708631,1.000000,0.000000,0,0.000000,448999.000000,1.000000,932256388145.000000,2413823.000000
449000,4,241381,0.600000,1.000000,0.549525,1.000000,0.000000,0,0.000000,448841.000000,1.000000,932256388145.000000,2413823.000000
449000,5,241385,0.600000,1.000000,0.641630,1.000000,0.000000,0,0.000000,448899.000000,1.000000,932256388145.000000,2413823.000000
449000,6,241384,0.600000,1.000000,0.695449,1.000000,0.000000,0,0.000000,448944.000000,1.000000,932256388145.000000,2413823.000000
449000,7,241376,0.600000,1.000000,0.671162,1.000000,0.000000,0,0.000000,448900.000000,1.000000,932256388145.000000,2413823.000000
449000,8,241385,0.600000,1.000000,0.566734,1.000000,0.000000,0,0.000000,448985.000000,1.000000,932256388145.000000,2413823.000000
449000,9,241386,0.600000,1.000000,0.674472,1.000000,0.000000,0,0.000000,448995.000000,1.000000,932256388145.000000,2413823.000000
449000,10,241387,0.600000,1.000000,0.652548,1.000000,0.000000,0,0.000000,448927.000000,1.000000,932256388145.000000,2413823.000000
449000,11,241387,0.600000,1.000000,0.634042,1.000000,0.000000,1,403284.000000,449000.000000,1.000000,932256388145.000000,2413823.000000
449000,12,241382,0.600000,1.000000,0.572893,1.000000,0.000000,0,0.000000,448984.000000,1.000000,932256388145.000000,2413823.000000
449000,13,241387,0.600000,1.000000,0.767779,1.000000,0.000000,0,0.000000,448996.000000,1.000000,932256388145.000000,2413823.000000
449000,14,241379,0.600000,1.000000,0.640663,1.000000,0.000000,0,0.000000,448492.000000,1.000000,932256388145.000000,2413823.000000
449000,15,241386,0.600000,1.000000,0.617653,1.000000,0.000000,0,0.000000,448959.000000,1.000000,932256388145.000000,2413823.000000
450000,0,241929,0.600000,1.000000,0.739633,1.000000,0.000000,0,0.000000,449997.000000,1.000000,936456354431.000000,4354715.000000
450000,1,241928,0.600000,1.000000,0.601647,1.000000,0.000000,0,0.000000,449985.000000,1.000000,936456354431.000000,4354715.000000
450000,2,241929,0.600000,1.000000,0.566264,1.000000,0.000000,0,0.000000,449990.000000,1.000000,936456354431.000000,4354715.000000
450000,3,241922,0.600000,1.000000,0.589888,1.000000,0.000000,0,0.000000,449848.000000,1.000000,936456354431.000000,4354715.000000
450000,4,241931,0.600000,1.000000,0.732076,1.000000,0.000000,1,403684.000000,450000.000000,1.000000,936456354431.000000,4354715.000000
450000,5,241926,0.600000,1.000000,0.482861,1.000000,0.000000,0,0.000000,449974.000000,1.000000,936456354431.000000,4354715.000000
450000,6,241930,0.600000,1.000000,0.717220,1.000000,0.000000,0,0.000000,449998.000000,1.000000,936456354431.000000,4354715.000000
450000,7,241931,0.600000,1.000000,0.674868,1.000000,0.000000,0,0.000000,449975.000000,1.000000,936456354431.000000,4354715.000000
450000,8,241929,0.600000,1.000000,0.609911,1.000000,0.000000,0,0.000000,449986.000000,1.000000,936456354431.000000,4354715.000000
450000,9,241910,0.600000,1.000000,0.590257,1.000000,0.000000,0,0.000000,449700.000000,1.000000,936456354431.000000,4354715.000000
450000,10,241929,0.600000,1.000000,0.749789,1.000000,0.000000,0,0.000000,449995.000000,1.000000,936456354431.000000,4354715.000000
450000,11,241924,0.600000,1.000000,0.632735,1.000000,0.000000,0,0.000000,449643.000000,1.000000,936456354431.000000,4354715.000000
450000,12,241930,0.600000,1.000000,0.695932,1.000000,0.000000,0,0.000000,449771.000000,1.000000,936456354431.000000,4354715.000000
450000,13,241921,0.600000,1.000000,0.630311,1.000000,0.000000,0,0.000000,449632.000000,1.000000,936456354431.000000,4354715.000000
450000,14,241930,0.600000,1.000000,0.651354,1.000000,0.000000,0,0.000000,449883.000000,1.000000,936456354431.000000,4354715.000000
450000,15,241928,0.600000,1.000000,0.608962,1.000000,0.000000,0,0.000000,449971.000000,1.000000,936456354431.000000,4354715.000000
451000,0,242474,0.600000,1.000000,0.837430,1.000000,0.000000,1,403050.000000,451000.000000,1.000000,940672064126.000000,5819312.000000
451000,1,242468,0.600000,1.000000,0.553891,1.000000,0.000000,0,0.000000,450844.000000,1.000000,940672064126.000000,5819312.000000
451000,2,242475,0.600000,1.000000,0.751814,1.000000,0.000000,0,0.000000,450996.000000,1.000000,940672064126.000000,5819312.000000
451000,3,242470,0.600000,1.000000,0.745053,1.000000,0.000000,0,0.000000,450945.000000,1.000000,940672064126.000000,5819312.000000
451000,4,242470,0.600000,1.000000,0.674848,1.000000,0.000000,0,0.000000,450974.000000,1.000000,940672064126.000000,5819312.000000
451000,5,242473,0.600000,1.000000,0.682948,1.000000,0.000000,0,0.000000,450994.000000,1.000000,940672064126.000000,5819312.000000
451000,6,242458,0.600000,1.000000,0.534180,1.000000,0.000000,0,0.000000,450902.000000,1.000000,940672064126.000000,5819312.000000
451000,7,242468,0.600000,1.000000,0.488279,1.000000,0.000000,0,0.000000,450961.000000,1.000000,940672064126.000000,5819312.000000
451000,8,242473,0.600000,1.000000,0.627804,1.000000,0.000000,0,0.000000,450806.000000,1.000000,940672064126.000000,5819312.000000
451000,9,242472,0.600000,1.000000,0.658087,1.000000,0.000000,0,0.000000,450985.000000,1.000000,940672064126.000000,5819312.000000
451000,10,242475,0.600000,1.000000,0.731375,1.000000,0.000000,0,0.000000,450986.000000,1.000000,940672064126.000000,5819312.000000
451000,11,242470,0.600000,1.000000,0.643404,1.000000,0.000000,0,0.000000,450934.000000,1.000000,940672064126.000000,5819312.000000
451000,12,242475,0.600000,1.000000,0.669663,1.000000,0.000000,0,0.000000,450887.000000,1.000000,940672064126.000000,5819312.000000
451000,13,242470,0.600000,1.000000,0.556465,1.000000,0.000000,0,0.000000,450952.000000,1.000000,940672064126.000000,5819312.000000
451000,14,242475,0.600000,1.000000,0.621015,1.000000,0.000000,0,0.000000,450957.000000,1.000000,940672064126.000000,5819312.000000
451000,15,242464,0.600000,1.000000,0.525461,1.000000,0.000000,0,0.000000,450931.000000,1.000000,940672064126.000000,5819312.000000
452000,0,243012,0.600000,1.000000,0.744832,1.000000,0.000000,0,0.000000,451995.000000,1.000000,944860303817.000000,3888134.000000
452000,1,243007,0.600000,1.000000,0.562317,1.000000,0.000000,0,0.000000,451935.000000,1.000000,944860303817.000000,3888134.000000
452000,2,243015,0.600000,1.000000,0.671767,1.000000,0.000000,0,0.000000,451989.000000,1.000000,944860303817.000000,3888134.000000
452000,3,243010,0.600000,1.000000,0.741149,1.000000,0.000000,0,0.000000,451933.000000,1.000000,944860303817.000000,3888134.000000
452000,4,243008,0.600000,1.000000,0.597921,1.000000,0.000000,0,0.000000,451985.000000,1.000000,944860303817.000000,3888134.000000
452000,5,243014,0.600000,1.000000,0.762737,1.000000,0.000000,0,0.000000,451896.000000,1.000000,944860303817.000000,3888134.000000
452000,6,243007,0.600000,1.000000,0.610395,1.000000,0.000000,0,0.000000,451957.000000,1.000000,944860303817.000000,3888134.000000
452000,7,243010,0.600000,1.000000,0.744747,1.000000,0.000000,0,0.000000,451907.000000,1.000000,944860303817.000000,3888134.000000
452000,8,243014,0.600000,1.000000,0.718908,1.000000,0.000000,0,0.000000,451998.000000,1.000000,944860303817.000000,3888134.000000
452000,9,243008,0.600000,1.000000,0.564920,1.000000,0.000000,0,0.000000,451981.000000,1.000000,944860303817.000000,3888134.000000
452000,10,243014,0.600000,1.000000,0.683196,1.000000,0.000000,0,0.000000,451999.000000,1.000000,944860303817.000000,3888134.000000
452000,11,243014,0.600000,1.000000,0.677564,1.000000,0.000000,1,406047.000000,452000.000000,1.000000,944860303817.000000,3888134.000000
452000,12,243004,0.600000,1.000000,0.601161,1.000000,0.000000,0,0.000000,451837.000000,1.000000,944860303817.000000,3888134.000000
452000,13,243005,0.600000,1.000000,0.509712,1.000000,0.000000,0,0.000000,451950.000000,1.000000,944860303817.000000,3888134.000000
452000,14,243014,0.600000,1.000000,0.722645,1.000000,0.000000,0,0.000000,451996.000000,1.000000,944860303817.000000,3888134.000000
452000,15,243001,0.600000,1.000000,0.735379,1.000000,0.000000,0,0.000000,451534.000000,1.000000,944860303817.000000,3888134.000000
453000,0,243539,0.600000,1.000000,0.752528,1.000000,0.000000,0,0.000000,452988.000000,1.000000,948969196976.000000,3409443.000000
453000,1,243540,0.600000,1.000000,0.711702,1.000000,0.000000,0,0.000000,452920.000000,1.000000,948969196976.000000,3409443.000000
453000,2,243546,0.600000,1.000000,0.755951,1.000000,0.000000,1,406028.000000,453000.000000,1.000000,948969196976.000000,3409443.000000
453000,3,243536,0.600000,1.000000,0.631853,1.000000,0.000000,0,0.000000,452976.000000,1.000000,948969196976.000000,3409443.000000
453000,4,243535,0.600000,1.000000,0.646485,1.000000,0.000000,0,0.000000,452743.000000,1.000000,948969196976.000000,3409443.000000
453000,5,243537,0.600000,1.000000,0.595312,1.000000,0.000000,0,0.000000,452722.000000,1.000000,948969196976.000000,3409443.000000
453000,6,243525,0.600000,1.000000,0.629473,1.000000,0.000000,0,0.000000,452253.000000,1.000000,948969196976.000000,3409443.000000
453000,7,243542,0.600000,1.000000,0.634968,1.000000,0.000000,0,0.000000,452994.000000,1.000000,948969196976.000000,3409443.000000
453000,8,243541,0.600000,1.000000,0.692244,1.000000,0.000000,0,0.000000,452993.000000,1.000000,948969196976.000000,3409443.000000
453000,9,243535,0.600000,1.000000,0.557363,1.000000,0.000000,0,0.000000,452969.000000,1.000000,948969196976.000000,3409443.000000
453000,10,243540,0.600000,1.000000,0.613060,1.000000,0.000000,0,0.000000,452849.000000,1.000000,948969196976.000000,3409443.000000
453000,11,243540,0.600000,1.000000,0.729027,1.000000,0.000000,0,0.000000,452996.000000,1.000000,948969196976.000000,3409443.000000
453000,12,243536,0.600000,1.000000,0.703668,1.000000,0.000000,0,0.000000,452944.000000,1.000000,948969196976.000000,3409443.000000
453000,13,243537,0.600000,1.000000,0.677362,1.000000,0.000000,0,0.000000,452867.000000,1.000000,948969196976.000000,3409443.000000
453000,14,243533,0.600000,1.000000,0.447976,1.000000,0.000000,0,0.000000,452757.000000,1.000000,948969196976.000000,3409443.000000
453000,15,243540,0.600000,1.000000,0.675505,1.000000,0.000000,0,0.000000,452787.000000,1.000000,948969196976.000000,3409443.000000
454000,0,244071,0.600000,1.000000,0.564088,1.000000,0.000000,0,0.000000,453982.000000,1.000000,953158273257.000000,4393375.000000
454000,1,244079,0.600000,1.000000,0.687367,1.000000,0.000000,0,0.000000,453998.000000,1.000000,953158273257.000000,4393375.000000
454000,2,244070,0.600000,1.000000,0.647890,1.000000,0.000000,0,0.000000,453773.000000,1.000000,953158273257.000000,4393375.000000
454000,3,244073,0.600000,1.000000,0.553920,1.000000,0.000000,0,0.000000,453907.000000,1.000000,953158273257.000000,4393375.000000
454000,4,244073,0.600000,1.000000,0.599354,1.000000,0.000000,0,0.000000,453938.000000,1.000000,953158273257.000000,4393375.000000
454000,5,244079,0.600000,1.000000,0.761761,1.000000,0.000000,0,0.000000,453997.000000,1.000000,953158273257.000000,4393375.000000
454000,6,244079,0.600000,1.000000,0.706763,1.000000,0.000000,1,406376.000000,454000.000000,1.000000,953158273257.000000,4393375.000000
454000,7,244078,0.600000,1.000000,0.654589,1.000000,0.000000,0,0.000000,453988.000000,1.000000,953158273257.000000,4393375.000000
454000,8,244079,0.600000,1.000000,0.745824,1.000000,0.000000,0,0.000000,453999.000000,1.000000,953158273257.000000,4393375.000000
454000,9,244062,0.600000,1.000000,0.618997,1.000000,0.000000,0,0.000000,453753.000000,1.000000,953158273257.000000,4393375.000000
454000,10,244073,0.600000,1.000000,0.606219,1.000000,0.000000,0,0.000000,453899.000000,1.000000,953158273257.000000,4393375.000000
454000,11,244074,0.600000,1.000000,0.703720,1.000000,0.000000,0,0.000000,453893.000000,1.000000,953158273257.000000,4393375.000000
454000,12,244074,0.600000,1.000000,0.590885,1.000000,0.000000,0,0.000000,453980.000000,1.000000,953158273257.000000,4393375.000000
454000,13,244078,0.600000,1.000000,0.679511,1.000000,0.000000,0,0.000000,453924.000000,1.000000,953158273257.000000,4393375.000000
454000,14,244075,0.600000,1.000000,0.663200,1.000000,0.000000,0,0.000000,453949.000000,1.000000,953158273257.000000,4393375.000000
454000,15,244076,0.600000,1.000000,0.697374,1.000000,0.000000,0,0.000000,453605.000000,1.000000,953158273257.000000,4393375.000000
455000,0,244601,0.600000,1.000000,0.637270,1.000000,0.000000,0,0.000000,454693.000000,1.000000,957290042114.000000,2935200.000000
455000,1,244600,0.600000,1.000000,0.648440,1.000000,0.000000,0,0.000000,454951.000000,1.000000,957290042114.000000,2935200.000000
455000,2,244608,0.600000,1.000000,0.655760,1.000000,0.000000,0,0.000000,454999.000000,1.000000,957290042114.000000,2935200.000000
455000,3,244607,0.600000,1.000000,0.795869,1.000000,0.000000,1,408632.000000,455000.000000,1.000000,957290042114.000000,2935200.000000
455000,4,244608,0.600000,1.000000,0.712351,1.000000,0.000000,0,0.000000,454991.000000,1.000000,957290042114.000000,2935200.000000
455000,5,244605,0.600000,1.000000,0.614558,1.000000,0.000000,0,0.000000,454973.000000,1.000000,957290042114.000000,2935200.000000
455000,6,244602,0.600000,1.000000,0.570932,1.000000,0.000000,0,0.000000,454944.000000,1.000000,957290042114.000000,2935200.000000
455000,7,244607,0.600000,1.000000,0.766528,1.000000,0.000000,0,0.000000,454998.000000,1.000000,957290042114.000000,2935200.000000
455000,8,244594,0.600000,1.000000,0.668818,1.000000,0.000000,0,0.000000,454733.000000,1.000000,957290042114.000000,2935200.000000
455000,9,244607,0.600000,1.000000,0.608378,1.000000,0.000000,0,0.000000,454977.000000,1.000000,957290042114.000000,2935200.000000
455000,10,244604,0.600000,1.000000,0.492292,1.000000,0.000000,0,0.000000,454937.000000,1.000000,957290042114.000000,2935200.000000
455000,11,244597,0.600000,1.000000,0.554488,1.000000,0.000000,0,0.000000,454874.000000,1.000000,957290042114.000000,2935200.000000
455000,12,244607,0.600000,1.000000,0.684006,1.000000,0.000000,0,0.000000,454990.000000,1.000000,957290042114.000000,2935200.000000
455000,13,244593,0.600000,1.000000,0.565456,1.000000,0.000000,0,0.000000,454851.000000,1.000000,957290042114.000000,2935200.000000
455000,14,244601,0.600000,1.000000,0.648591,1.000000,0.000000,0,0.000000,454983.000000,1.000000,957290042114.000000,2935200.000000
455000,15,244607,0.600000,1.000000,0.643199,1.000000,0.000000,0,0.000000,454986.000000,1.000000,957290042114.000000,2935200.000000
456000,0,245140,0.600000,1.000000,0.673869,1.000000,0.000000,0,0.000000,455856.000000,1.000000,961522918437.000000,5393179.000000
456000,1,245148,0.600000,1.000000,0.762733,1.000000,0.000000,1,408435.000000,456000.000000,1.000000,961522918437.000000,5393179.000000
456000,2,245143,0.600000,1.000000,0.553028,1.000000,0.000000,0,0.000000,455918.000000,1.000000,961522918437.000000,5393179.000000
456000,3,245135,0.600000,1.000000,0.574397,1.000000,0.000000,0,0.000000,455919.000000,1.000000,961522918437.000000,5393179.000000
456000,4,245143,0.600000,1.000000,0.630366,1.000000,0.000000,0,0.000000,455962.000000,1.000000,961522918437.000000,5393179.000000
456000,5,245144,0.600000,1.000000,0.674523,1.000000,0.000000,0,0.000000,455965.000000,1.000000,961522918437.000000,5393179.000000
456000,6,245145,0.600000,1.000000,0.673919,1.000000,0.000000,0,0.000000,455983.000000,1.000000,961522918437.000000,5393179.000000
456000,7,245147,0.600000,1.000000,0.805054,1.000000,0.000000,0,0.000000,455995.000000,1.000000,961522918437.000000,5393179.000000
456000,8,245148,0.600000,1.000000,0.678981,1.000000,0.000000,0,0.000000,455990.000000,1.000000,961522918437.000000,5393179.000000
456000,9,245147,0.600000,1.000000,0.624367,1.000000,0.000000,0,0.000000,455997.000000,1.000000,961522918437.000000,5393179.000000
456000,10,245144,0.600000,1.000000,0.626071,1.000000,0.000000,0,0.000000,455953.000000,1.000000,961522918437.000000,5393179.000000
456000,11,245136,0.600000,1.000000,0.659006,1.000000,0.000000,0,0.000000,455705.000000,1.000000,961522918437.000000,5393179.000000
456000,12,245146,0.600000,1.000000,0.748315,1.000000,0.000000,0,0.000000,455998.000000,1.000000,961522918437.000000,5393179.000000
456000,13,245147,0.600000,1.000000,0.781176,1.000000,0.000000,0,0.000000,455999.000000,1.000000,961522918437.000000,5393179.000000
456000,14,245147,0.600000,1.000000,0.646472,1.000000,0.000000,0,0.000000,455977.000000,1.000000,961522918437.000000,5393179.000000
456000,15,245131,0.600000,1.000000,0.679233,1.000000,0.000000,0,0.000000,455790.000000,1.000000,961522918437.000000,5393179.000000
457000,0,245678,0.600000,1.000000,0.581531,1.000000,0.000000,0,0.000000,456810.000000,1.000000,965760709879.000000,4422245.000000
457000,1,245682,0.600000,1.000000,0.683546,1.000000,0.000000,0,0.000000,456898.000000,1.000000,965760709879.000000,4422245.000000
457000,2,245685,0.600000,1.000000,0.584305,1.000000,0.000000,0,0.000000,456935.000000,1.000000,965760709879.000000,4422245.000000
457000,3,245682,0.600000,1.000000,0.569831,1.000000,0.000000,0,0.000000,456954.000000,1.000000,965760709879.000000,4422245.000000
457000,4,245675,0.600000,1.000000,0.571713,1.000000,0.000000,0,0.000000,456750.000000,1.000000,965760709879.000000,4422245.000000
457000,5,245685,0.600000,1.000000,0.762617,1.000000,0.000000,0,0.000000,456999.000000,1.000000,965760709879.000000,4422245.000000
457000,6,245686,0.600000,1.000000,0.740333,1.000000,0.000000,0,0.000000,456995.000000,1.000000,965760709879.000000,4422245.000000
457000,7,245684,0.600000,1.000000,0.698647,1.000000,0.000000,0,0.000000,456983.000000,1.000000,965760709879.000000,4422245.000000
457000,8,245684,0.600000,1.000000,0.556990,1.000000,0.000000,0,0.000000,456940.000000,1.000000,965760709879.000000,4422245.000000
457000,9,245684,0.600000,1.000000,0.615593,1.000000,0.000000,0,0.000000,456970.000000,1.000000,965760709879.000000,4422245.000000
457000,10,245686,0.600000,1.000000,0.704717,1.000000,0.000000,1,409272.000000,457000.000000,1.000000,965760709879.000000,4422245.000000
457000,11,245685,0.600000,1.000000,0.672356,1.000000,0.000000,0,0.000000,456790.000000,1.000000,965760709879.000000,4422245.000000
457000,12,245683,0.600000,1.000000,0.638234,1.000000,0.000000,0,0.000000,456717.000000,1.000000,965760709879.000000,4422245.000000
457000,13,245683,0.600000,1.000000,0.713188,1.000000,0.000000,0,0.000000,456988.000000,1.000000,965760709879.000000,4422245.000000
457000,14,245678,0.600000,1.000000,0.752984,1.000000,0.000000,0,0.000000,456877.000000,1.000000,965760709879.000000,4422245.000000
457000,15,245685,0.600000,1.000000,0.676393,1.000000,0.000000,0,0.000000,456975.000000,1.000000,965760709879.000000,4422245.000000
458000,0,246222,0.600000,1.000000,0.539358,1.000000,0.000000,0,0.000000,457793.000000,1.000000,970054110231.000000,4431985.000000
458000,1,246229,0.600000,1.000000,0.650560,1.000000,0.000000,0,0.000000,457969.000000,1.000000,970054110231.000000,4431985.000000
458000,2,246230,0.600000,1.000000,0.694897,1.000000,0.000000,0,0.000000,457996.000000,1.000000,970054110231.000000,4431985.000000
458000,3,246231,0.600000,1.000000,0.720336,1.000000,0.000000,0,0.000000,457998.000000,1.000000,970054110231.000000,4431985.000000
458000,4,246229,0.600000,1.000000,0.652377,1.000000,0.000000,0,0.000000,457957.000000,1.000000,970054110231.000000,4431985.000000
458000,5,246230,0.600000,1.000000,0.673797,1.000000,0.000000,0,0.000000,457990.000000,1.000000,970054110231.000000,4431985.000000
458000,6,246230,0.600000,1.000000,0.626361,1.000000,0.000000,0,0.000000,457958.000000,1.000000,970054110231.000000,4431985.000000
458000,7,246228,0.600000,1.000000,0.689928,1.000000,0.000000,0,0.000000,457966.000000,1.000000,970054110231.000000,4431985.000000
458000,8,246231,0.600000,1.000000,0.652423,1.000000,0.000000,0,0.000000,457994.000000,1.000000,970054110231.000000,4431985.000000
458000,9,246230,0.600000,1.000000,0.642129,1.000000,0.000000,0,0.000000,457579.000000,1.000000,970054110231.000000,4431985.000000
458000,10,246231,0.600000,1.000000,0.733435,1.000000,0.000000,1,410126.000000,458000.000000,1.000000,970054110231.000000,4431985.000000
458000,11,246229,0.600000,1.000000,0.601473,1.000000,0.000000,0,0.000000,457984.000000,1.000000,970054110231.000000,4431985.000000
458000,12,246228,0.600000,1.000000,0.574862,1.000000,0.000000,0,0.000000,457936.000000,1.000000,970054110231.000000,4431985.000000
458000,13,246230,0.600000,1.000000,0.677647,1.000000,0.000000,0,0.000000,457997.000000,1.000000,970054110231.000000,4431985.000000
458000,14,246228,0.600000,1.000000,0.646041,1.000000,0.000000,0,0.000000,457986.000000,1.000000,970054110231.000000,4431985.000000
458000,15,246217,0.600000,1.000000,0.738615,1.000000,0.000000,0,0.000000,457371.000000,1.000000,970054110231.000000,4431985.000000
459000,0,246762,0.600000,1.000000,0.644638,1.000000,0.000000,0,0.000000,458715.000000,1.000000,974301262744.000000,2961162.000000
459000,1,246763,0.600000,1.000000,0.577663,1.000000,0.000000,0,0.000000,458962.000000,1.000000,974301262744.000000,2961162.000000
459000,2,246764,0.600000,1.000000,0.524624,1.000000,0.000000,0,0.000000,458903.000000,1.000000,974301262744.000000,2961162.000000
459000,3,246772,0.600000,1.000000,0.758524,1.000000,0.000000,1,412247.000000,459000.000000,1.000000,974301262744.000000,2961162.000000
459000,4,246763,0.600000,1.000000,0.772931,1.000000,0.000000,0,0.000000,458856.000000,1.000000,974301262744.000000,2961162.000000
459000,5,246770,0.600000,1.000000,0.726850,1.000000,0.000000,0,0.000000,458990.000000,1.000000,974301262744.000000,2961162.000000
459000,6,246766,0.600000,1.000000,0.581554,1.000000,0.000000,0,0.000000,458913.000000,1.000000,974301262744.000000,2961162.000000
459000,7,246766,0.600000,1.000000,0.687655,1.000000,0.000000,0,0.000000,458906.000000,1.000000,974301262744.000000,2961162.000000
459000,8,246772,0.600000,1.000000,0.746678,1.000000,0.000000,0,0.000000,458998.000000,1.000000,974301262744.000000,2961162.000000
459000,9,246760,0.600000,1.000000,0.687424,1.000000,0.000000,0,0.000000,458807.000000,1.000000,974301262744.000000,2961162.000000
459000,10,246770,0.600000,1.000000,0.680826,1.000000,0.000000,0,0.000000,458992.000000,1.000000,974301262744.000000,2961162.000000
459000,11,246772,0.600000,1.000000,0.710277,1.000000,0.000000,0,0.000000,458997.000000,1.000000,974301262744.000000,2961162.000000
459000,12,246769,0.600000,1.000000,0.602524,1.000000,0.000000,0,0.000000,458960.000000,1.000000,974301262744.000000,2961162.000000
459000,13,246762,0.600000,1.000000,0.518892,1.000000,0.000000,0,0.000000,458839.000000,1.000000,974301262744.000000,2961162.000000
459000,14,246771,0.600000,1.000000,0.679197,1.000000,0.000000,0,0.000000,458996.000000,1.000000,974301262744.000000,2961162.000000
459000,15,246766,0.600000,1.000000,0.689194,1.000000,0.000000,0,0.000000,458982.000000,1.000000,974301262744.000000,2961162.000000
460000,0,247308,0.600000,1.000000,0.641632,1.000000,0.000000,0,0.000000,459969.000000,1.000000,978557198342.000000,5440641.000000
460000,1,247306,0.600000,1.000000,0.755236,1.000000,0.000000,0,0.000000,459676.000000,1.000000,978557198342.000000,5440641.000000
460000,2,247300,0.600000,1.000000,0.643503,1.000000,0.000000,0,0.000000,459260.000000,1.000000,978557198342.000000,5440641.000000
460000,3,247292,0.600000,1.000000,0.617200,1.000000,0.000000,0,0.000000,459845.000000,1.000000,978557198342.000000,5440641.000000
460000,4,247294,0.600000,1.000000,0.691472,1.000000,0.000000,0,0.000000,459775.000000,1.000000,978557198342.000000,5440641.000000
460000,5,247311,0.600000,1.000000,0.702031,1.000000,0.000000,0,0.000000,459974.000000,1.000000,978557198342.000000,5440641.000000
460000,6,247309,0.600000,1.000000,0.755570,1.000000,0.000000,0,0.000000,459997.000000,1.000000,978557198342.000000,5440641.000000
460000,7,247311,0.600000,1.000000,0.729287,1.000000,0.000000,0,0.000000,459992.000000,1.000000,978557198342.000000,5440641.000000
460000,8,247311,0.600000,1.000000,0.705550,1.000000,0.000000,0,0.000000,459990.000000,1.000000,978557198342.000000,5440641.000000
460000,9,247292,0.600000,1.000000,0.552384,1.000000,0.000000,0,0.000000,459546.000000,1.000000,978557198342.000000,5440641.000000
460000,10,247304,0.600000,1.000000,0.547456,1.000000,0.000000,0,0.000000,459954.000000,1.000000,978557198342.000000,5440641.000000
460000,11,247310,0.600000,1.000000,0.788885,1.000000,0.000000,0,0.000000,459996.000000,1.000000,978557198342.000000,5440641.000000
460000,12,247310,0.600000,1.000000,0.694973,1.000000,0.000000,0,0.000000,459993.000000,1.000000,978557198342.000000,5440641.000000
460000,13,247311,0.600000,1.000000,0.768666,1.000000,0.000000,1,412709.000000,460000.000000,1.000000,978557198342.000000,5440641.000000
460000,14,247309,0.600000,1.000000,0.677020,1.000000,0.000000,0,0.000000,459945.000000,1.000000,978557198342.000000,5440641.000000
460000,15,247304,0.600000,1.000000,0.719137,1.000000,0.000000,0,0.000000,459897.000000,1.000000,978557198342.000000,5440641.000000
461000,0,247831,0.600000,1.000000,0.559478,1.000000,0.000000,0,0.000000,460921.000000,1.000000,982750039286.000000,2478327.000000
461000,1,247830,0.600000,1.000000,0.476209,1.000000,0.000000,0,0.000000,460689.000000,1.000000,982750039286.000000,2478327.000000
461000,2,247836,0.600000,1.000000,0.673750,1.000000,0.000000,0,0.000000,460996.000000,1.000000,982750039286.000000,2478327.000000
461000,3,247836,0.600000,1.000000,0.539383,1.000000,0.000000,0,0.000000,460998.000000,1.000000,982750039286.000000,2478327.000000
461000,4,247837,0.600000,1.000000,0.663524,1.000000,0.000000,0,0.000000,460993.000000,1.000000,982750039286.000000,2478327.000000
461000,5,247836,0.600000,1.000000,0.597039,1.000000,0.000000,0,0.000000,460988.000000,1.000000,982750039286.000000,2478327.000000
461000,6,247835,0.600000,1.000000,0.636988,1.000000,0.000000,0,0.000000,460995.000000,1.000000,982750039286.000000,2478327.000000
461000,7,247836,0.600000,1.000000,0.551560,1.000000,0.000000,0,0.000000,460957.000000,1.000000,982750039286.000000,2478327.000000
461000,8,247818,0.600000,1.000000,0.598696,1.000000,0.000000,0,0.000000,460236.000000,1.000000,982750039286.000000,2478327.000000
461000,9,247838,0.600000,1.000000,0.645699,1.000000,0.000000,1,413567.000000,461000.000000,1.000000,982750039286.000000,2478327.000000
461000,10,247839,0.600000,1.000000,0.640782,1.000000,0.000000,0,0.000000,460949.000000,1.000000,982750039286.000000,2478327.000000
461000,11,247836,0.600000,1.000000,0.611245,1.000000,0.000000,0,0.000000,460997.000000,1.000000,982750039286.000000,2478327.000000
461000,12,247838,0.600000,1.000000,0.506316,1.000000,0.000000,0,0.000000,460980.000000,1.000000,982750039286.000000,2478327.000000
461000,13,247837,0.600000,1.000000,0.522340,1.000000,0.000000,0,0.000000,460908.000000,1.000000,982750039286.000000,2478327.000000
461000,14,247835,0.600000,1.000000,0.512333,1.000000,0.000000,0,0.000000,460956.000000,1.000000,982750039286.000000,2478327.000000
461000,15,247832,0.600000,1.000000,0.594088,1.000000,0.000000,0,0.000000,460716.000000,1.000000,982750039286.000000,2478327.000000
462000,0,248378,0.600000,1.000000,0.703117,1.000000,0.000000,0,0.000000,461997.000000,1.000000,987047714565.000000,3974014.000000
462000,1,248377,0.600000,1.000000,0.592524,1.000000,0.000000,0,0.000000,461806.000000,1.000000,987047714565.000000,3974014.000000
462000,2,248378,0.600000,1.000000,0.710622,1.000000,0.000000,1,414022.000000,462000.000000,1.000000,987047714565.000000,3974014.000000
462000,3,248378,0.600000,1.000000,0.656681,1.000000,0.000000,0,0.000000,461998.000000,1.000000,987047714565.000000,3974014.000000
462000,4,248367,0.600000,1.000000,0.592015,1.000000,0.000000,0,0.000000,461699.000000,1.000000,987047714565.000000,3974014.000000
462000,5,248378,0.600000,1.000000,0.644654,1.000000,0.000000,0,0.000000,461958.000000,1.000000,987047714565.000000,3974014.000000
462000,6,248376,0.600000,1.000000,0.712693,1.000000,0.000000,0,0.000000,461834.000000,1.000000,987047714565.000000,3974014.000000
462000,7,248367,0.600000,1.000000,0.622722,1.000000,0.000000,0,0.000000,461825.000000,1.000000,987047714565.000000,3974014.000000
462000,8,248378,0.600000,1.000000,0.649274,1.000000,0.000000,0,0.000000,461996.000000,1.000000,987047714565.000000,3974014.000000
462000,9,248378,0.600000,1.000000,0.634587,1.000000,0.000000,0,0.000000,461957.000000,1.000000,987047714565.000000,3974014.000000
462000,10,248378,0.600000,1.000000,0.719318,1.000000,0.000000,0,0.000000,461975.000000,1.000000,987047714565.000000,3974014.000000
462000,11,248379,0.600000,1.000000,0.683773,1.000000,0.000000,0,0.000000,461984.000000,1.000000,987047714565.000000,3974014.000000
462000,12,248377,0.600000,1.000000,0.735014,1.000000,0.000000,0,0.000000,461988.000000,1.000000,987047714565.000000,3974014.000000
462000,13,248366,0.600000,1.000000,0.509807,1.000000,0.000000,0,0.000000,461812.000000,1.000000,987047714565.000000,3974014.000000
462000,14,248378,0.600000,1.000000,0.691687,1.000000,0.000000,0,0.000000,461993.000000,1.000000,987047714565.000000,3974014.000000
462000,15,248378,0.600000,1.000000,0.683756,1.000000,0.000000,0,0.000000,461981.000000,1.000000,987047714565.000000,3974014.000000
463000,0,248912,0.600000,1.000000,0.537873,1.000000,0.000000,0,0.000000,462996.000000,1.000000,991289551215.000000,4480367.000000
463000,1,248911,0.600000,1.000000,0.660481,1.000000,0.000000,0,0.000000,462994.000000,1.000000,991289551215.000000,4480367.000000
463000,2,248913,0.600000,1.000000,0.713224,1.000000,0.000000,1,414876.000000,463000.000000,1.000000,991289551215.000000,4480367.000000
463000,3,248909,0.600000,1.000000,0.635919,1.000000,0.000000,0,0.000000,462830.000000,1.000000,991289551215.000000,4480367.000000
463000,4,248910,0.600000,1.000000,0.526512,1.000000,0.000000,0,0.000000,462973.000000,1.000000,991289551215.000000,4480367.000000
463000,5,248907,0.600000,1.000000,0.621077,1.000000,0.000000,0,0.000000,462967.000000,1.000000,991289551215.000000,4480367.000000
463000,6,248912,0.600000,1.000000,0.707424,1.000000,0.000000,0,0.000000,462966.000000,1.000000,991289551215.000000,4480367.000000
463000,7,248908,0.600000,1.000000,0.619493,1.000000,0.000000,0,0.000000,462991.000000,1.000000,991289551215.000000,4480367.000000
463000,8,248912,0.600000,1.000000,0.712232,1.000000,0.000000,0,0.000000,462992.000000,1.000000,991289551215.000000,4480367.000000
463000,9,248902,0.600000,1.000000,0.616357,1.000000,0.000000,0,0.000000,462862.000000,1.000000,991289551215.000000,4480367.000000
463000,10,248904,0.600000,1.000000,0.662682,1.000000,0.000000,0,0.000000,462917.000000,1.000000,991289551215.000000,4480367.000000
463000,11,248911,0.600000,1.000000,0.771543,1.000000,0.000000,0,0.000000,462997.000000,1.000000,991289551215.000000,4480367.000000
463000,12,248905,0.600000,1.000000,0.594700,1.000000,0.000000,0,0.000000,462971.000000,1.000000,991289551215.000000,4480367.000000
463000,13,248905,0.600000,1.000000,0.464469,1.000000,0.000000,0,0.000000,462900.000000,1.000000,991289551215.000000,4480367.000000
463000,14,248912,0.600000,1.000000,0.689194,1.000000,0.000000,0,0.000000,462998.000000,1.000000,991289551215.000000,4480367.000000
463000,15,248908,0.600000,1.000000,0.621750,1.000000,0.000000,0,0.000000,462869.000000,1.000000,991289551215.000000,4480367.000000
464000,0,249447,0.600000,1.000000,0.736708,1.000000,0.000000,0,0.000000,463833.000000,1.000000,995550460933.000000,3492237.000000
464000,1,249446,0.600000,1.000000,0.735142,1.000000,0.000000,0,0.000000,463994.000000,1.000000,995550460933.000000,3492237.000000
464000,2,249448,0.600000,1.000000,0.628167,1.000000,0.000000,0,0.000000,463998.000000,1.000000,995550460933.000000,3492237.000000
464000,3,249441,0.600000,1.000000,0.660829,1.000000,0.000000,0,0.000000,463906.000000,1.000000,995550460933.000000,3492237.000000
464000,4,249447,0.600000,1.000000,0.769089,1.000000,0.000000,0,0.000000,463999.000000,1.000000,995550460933.000000,3492237.000000
464000,5,249442,0.600000,1.000000,0.679737,1.000000,0.000000,0,0.000000,463951.000000,1.000000,995550460933.000000,3492237.000000
464000,6,249447,0.600000,1.000000,0.747718,1.000000,0.000000,1,415274.000000,464000.000000,1.000000,995550460933.000000,3492237.000000
464000,7,249443,0.600000,1.000000,0.626373,1.000000,0.000000,0,0.000000,463986.000000,1.000000,995550460933.000000,3492237.000000
464000,8,249444,0.600000,1.000000,0.788913,1.000000,0.000000,0,0.000000,463900.000000,1.000000,995550460933.000000,3492237.000000
464000,9,249434,0.600000,1.000000,0.568142,1.000000,0.000000,0,0.000000,463937.000000,1.000000,995550460933.000000,3492237.000000
464000,10,249433,0.600000,1.000000,0.550872,1.000000,0.000000,0,0.000000,463802.000000,1.000000,995550460933.000000,3492237.000000
464000,11,249443,0.600000,1.000000,0.562661,1.000000,0.000000,0,0.000000,463974.000000,1.000000,995550460933.000000,3492237.000000
464000,12,249443,0.600000,1.000000,0.812214,1.000000,0.000000,0,0.000000,463903.000000,1.000000,995550460933.000000,3492237.000000
464000,13,249441,0.600000,1.000000,0.641582,1.000000,0.000000,0,0.000000,463982.000000,1.000000,995550460933.000000,3492237.000000
464000,14,249446,0.600000,1.000000,0.708129,1.000000,0.000000,0,0.000000,463985.000000,1.000000,995550460933.000000,3492237.000000
464000,15,249446,0.600000,1.000000,0.624027,1.000000,0.000000,0,0.000000,463972.000000,1.000000,995550460933.000000,3492237.000000
465000,0,249977,0.600000,1.000000,0.771939,1.000000,0.000000,0,0.000000,464667.000000,1.000000,999867004588.000000,2999790.000000
465000,1,249987,0.600000,1.000000,0.707758,1.000000,0.000000,0,0.000000,464992.000000,1.000000,999867004588.000000,2999790.000000
465000,2,249985,0.600000,1.000000,0.533141,1.000000,0.000000,0,0.000000,464977.000000,1.000000,999867004588.000000,2999790.000000
465000,3,249979,0.600000,1.000000,0.614494,1.000000,0.000000,0,0.000000,464924.000000,1.000000,999867004588.000000,2999790.000000
465000,4,249987,0.600000,1.000000,0.653712,1.000000,0.000000,1,417202.000000,465000.000000,1.000000,999867004588.000000,2999790.000000
465000,5,249985,0.600000,1.000000,0.570066,1.000000,0.000000,0,0.000000,464967.000000,1.000000,999867004588.000000,2999790.000000
465000,6,249984,0.600000,1.000000,0.594864,1.000000,0.000000,0,0.000000,464846.000000,1.000000,999867004588.000000,2999790.000000
465000,7,249982,0.600000,1.000000,0.542054,1.000000,0.000000,0,0.000000,464952.000000,1.000000,999867004588.000000,2999790.000000
465000,8,249980,0.600000,1.000000,0.708165,1.000000,0.000000,0,0.000000,464775.000000,1.000000,999867004588.000000,2999790.000000
465000,9,249986,0.600000,1.000000,0.758306,1.000000,0.000000,0,0.000000,464997.000000,1.000000,999867004588.000000,2999790.000000
465000,10,249981,0.600000,1.000000,0.652657,1.000000,0.000000,0,0.000000,464897.000000,1.000000,999867004588.000000,2999790.000000
465000,11,249987,0.600000,1.000000,0.776537,1.000000,0.000000,0,0.000000,464999.000000,1.000000,999867004588.000000,2999790.000000
465000,12,249983,0.600000,1.000000,0.614593,1.000000,0.000000,0,0.000000,464956.000000,1.000000,999867004588.000000,2999790.000000
465000,13,249979,0.600000,1.000000,0.589066,1.000000,0.000000,0,0.000000,464593.000000,1.000000,999867004588.000000,2999790.000000
465000,14,249987,0.600000,1.000000,0.679897,1.000000,0.000000,0,0.000000,464994.000000,1.000000,999867004588.000000,2999790.000000
465000,15,249985,0.600000,1.000000,0.512250,1.000000,0.000000,0,0.000000,464972.000000,1.000000,999867004588.000000,2999790.000000
466000,0,250531,0.600000,1.000000,0.583885,1.000000,0.000000,0,0.000000,465974.000000,1.000000,1004251509540.000000,5511607.000000
466000,1,250534,0.600000,1.000000,0.703930,1.000000,0.000000,0,0.000000,465924.000000,1.000000,1004251509540.000000,5511607.000000
466000,2,250534,0.600000,1.000000,0.773292,1.000000,0.000000,0,0.000000,465997.000000,1.000000,1004251509540.000000,5511607.000000
466000,3,250517,0.600000,1.000000,0.544236,1.000000,0.000000,0,0.000000,465828.000000,1.000000,1004251509540.000000,5511607.000000
466000,4,250530,0.600000,1.000000,0.547714,1.000000,0.000000,0,0.000000,465937.000000,1.000000,1004251509540.000000,5511607.000000
466000,5,250529,0.600000,1.000000,0.549757,1.000000,0.000000,0,0.000000,465791.000000,1.000000,1004251509540.000000,5511607.000000
466000,6,250530,0.600000,1.000000,0.737918,1.000000,0.000000,0,0.000000,465958.000000,1.000000,1004251509540.000000,5511607.000000
466000,7,250529,0.600000,1.000000,0.634726,1.000000,0.000000,0,0.000000,465934.000000,1.000000,1004251509540.000000,5511607.000000
466000,8,250534,0.600000,1.000000,0.765798,1.000000,0.000000,1,417529.000000,466000.000000,1.000000,1004251509540.000000,5511607.000000
466000,9,250530,0.600000,1.000000,0.563006,1.000000,0.000000,0,0.000000,465968.000000,1.000000,1004251509540.000000,5511607.000000
466000,10,250535,0.600000,1.000000,0.762410,1.000000,0.000000,0,0.000000,465995.000000,1.000000,1004251509540.000000,5511607.000000
466000,11,250533,0.600000,1.000000,0.605114,1.000000,0.000000,0,0.000000,465978.000000,1.000000,1004251509540.000000,5511607.000000
466000,12,250528,0.600000,1.000000,0.561002,1.000000,0.000000,0,0.000000,465913.000000,1.000000,1004251509540.000000,5511607.000000
466000,13,250535,0.600000,1.000000,0.727121,1.000000,0.000000,0,0.000000,465973.000000,1.000000,1004251509540.000000,5511607.000000
466000,14,250534,0.600000,1.000000,0.677512,1.000000,0.000000,0,0.000000,465998.000000,1.000000,1004251509540.000000,5511607.000000
466000,15,250531,0.600000,1.000000,0.631878,1.000000,0.000000,0,0.000000,465967.000000,1.000000,1004251509540.000000,5511607.000000
467000,0,251073,0.600000,1.000000,0.616754,1.000000,0.000000,0,0.000000,466957.000000,1.000000,1008608949473.000000,6025786.000000
467000,1,251074,0.600000,1.000000,0.778969,1.000000,0.000000,0,0.000000,466995.000000,1.000000,1008608949473.000000,6025786.000000
467000,2,251076,0.600000,1.000000,0.695940,1.000000,0.000000,0,0.000000,466997.000000,1.000000,1008608949473.000000,6025786.000000
467000,3,251075,0.600000,1.000000,0.694576,1.000000,0.000000,0,0.000000,466991.000000,1.000000,1008608949473.000000,6025786.000000
467000,4,251077,0.600000,1.000000,0.670314,1.000000,0.000000,1,418915.000000,467000.000000,1.000000,1008608949473.000000,6025786.000000
467000,5,251077,0.600000,1.000000,0.633875,1.000000,0.000000,0,0.000000,466992.000000,1.000000,1008608949473.000000,6025786.000000
467000,6,251075,0.600000,1.000000,0.771715,1.000000,0.000000,0,0.000000,466998.000000,1.000000,1008608949473.000000,6025786.000000
467000,7,251076,0.600000,1.000000,0.662125,1.000000,0.000000,0,0.000000,466899.000000,1.000000,1008608949473.000000,6025786.000000
467000,8,251078,0.600000,1.000000,0.574385,1.000000,0.000000,0,0.000000,466972.000000,1.000000,1008608949473.000000,6025786.000000
467000,9,251075,0.600000,1.000000,0.634776,1.000000,0.000000,0,0.000000,466959.000000,1.000000,1008608949473.000000,6025786.000000
467000,10,251072,0.600000,1.000000,0.736988,1.000000,0.000000,0,0.000000,466974.000000,1.000000,1008608949473.000000,6025786.000000
467000,11,251059,0.600000,1.000000,0.614503,1.000000,0.000000,0,0.000000,466380.000000,1.000000,1008608949473.000000,6025786.000000
467000,12,251074,0.600000,1.000000,0.582093,1.000000,0.000000,0,0.000000,466958.000000,1.000000,1008608949473.000000,6025786.000000
467000,13,251073,0.600000,1.000000,0.652135,1.000000,0.000000,0,0.000000,466949.000000,1.000000,1008608949473.000000,6025786.000000
467000,14,251077,0.600000,1.000000,0.742488,1.000000,0.000000,0,0.000000,466999.000000,1.000000,1008608949473.000000,6025786.000000
467000,15,251070,0.600000,1.000000,0.631159,1.000000,0.000000,0,0.000000,466939.000000,1.000000,1008608949473.000000,6025786.000000
468000,0,251612,0.600000,1.000000,0.644162,1.000000,0.000000,0,0.000000,467998.000000,1.000000,1012894803443.000000,7548181.000000
468000,1,251607,0.600000,1.000000,0.623196,1.000000,0.000000,0,0.000000,467906.000000,1.000000,1012894803443.000000,7548181.000000
468000,2,251606,0.600000,1.000000,0.580024,1.000000,0.000000,0,0.000000,467936.000000,1.000000,1012894803443.000000,7548181.000000
468000,3,251606,0.600000,1.000000,0.585077,1.000000,0.000000,0,0.000000,467984.000000,1.000000,1012894803443.000000,7548181.000000
468000,4,251607,0.600000,1.000000,0.566417,1.000000,0.000000,0,0.000000,467951.000000,1.000000,1012894803443.000000,7548181.000000
468000,5,251605,0.600000,1.000000,0.490610,1.000000,0.000000,0,0.000000,467973.000000,1.000000,1012894803443.000000,7548181.000000
468000,6,251608,0.600000,1.000000,0.667386,1.000000,0.000000,0,0.000000,467954.000000,1.000000,1012894803443.000000,7548181.000000
468000,7,251591,0.600000,1.000000,0.527569,1.000000,0.000000,0,0.000000,467700.000000,1.000000,1012894803443.000000,7548181.000000
468000,8,251611,0.600000,1.000000,0.677271,1.000000,0.000000,0,0.000000,467993.000000,1.000000,1012894803443.000000,7548181.000000
468000,9,251611,0.600000,1.000000,0.776847,1.000000,0.000000,1,419865.000000,468000.000000,1.000000,1012894803443.000000,7548181.000000
468000,10,251608,0.600000,1.000000,0.616176,1.000000,0.000000,0,0.000000,467852.000000,1.000000,1012894803443.000000,7548181.000000
468000,11,251608,0.600000,1.000000,0.628629,1.000000,0.000000,0,0.000000,467987.000000,1.000000,1012894803443.000000,7548181.000000
468000,12,251608,0.600000,1.000000,0.598525,1.000000,0.000000,0,0.000000,467683.000000,1.000000,1012894803443.000000,7548181.000000
468000,13,251606,0.600000,1.000000,0.556121,1.000000,0.000000,0,0.000000,467602.000000,1.000000,1012894803443.000000,7548181.000000
468000,14,251605,0.600000,1.000000,0.633935,1.000000,0.000000,0,0.000000,467856.000000,1.000000,1012894803443.000000,7548181.000000
468000,15,251608,0.600000,1.000000,0.600204,1.000000,0.000000,0,0.000000,467991.000000,1.000000,1012894803443.000000,7548181.000000
469000,0,252143,0.600000,1.000000,0.597519,1.000000,0.000000,0,0.000000,468868.000000,1.000000,1017216975425.000000,2521433.000000
469000,1,252145,0.600000,1.000000,0.463278,1.000000,0.000000,0,0.000000,468932.000000,1.000000,1017216975425.000000,2521433.000000
469000,2,252145,0.600000,1.000000,0.650090,1.000000,0.000000,0,0.000000,468979.000000,1.000000,1017216975425.000000,2521433.000000
469000,3,252141,0.600000,1.000000,0.520629,1.000000,0.000000,0,0.000000,468957.000000,1.000000,1017216975425.000000,2521433.000000
469000,4,252141,0.600000,1.000000,0.571142,1.000000,0.000000,0,0.000000,468904.000000,1.000000,1017216975425.000000,2521433.000000
469000,5,252147,0.600000,1.000000,0.645087,1.000000,0.000000,0,0.000000,468991.000000,1.000000,1017216975425.000000,2521433.000000
469000,6,252136,0.600000,1.000000,0.546067,1.000000,0.000000,0,0.000000,468843.000000,1.000000,1017216975425.000000,2521433.000000
469000,7,252146,0.600000,1.000000,0.793321,1.000000,0.000000,0,0.000000,468996.000000,1.000000,1017216975425.000000,2521433.000000
469000,8,252124,0.600000,1.000000,0.612476,1.000000,0.000000,0,0.000000,468663.000000,1.000000,1017216975425.000000,2521433.000000
469000,9,252148,0.600000,1.000000,0.542727,1.000000,0.000000,0,0.000000,468990.000000,1.000000,1017216975425.000000,2521433.000000
469000,10,252144,0.600000,1.000000,0.616814,1.000000,0.000000,0,0.000000,468984.000000,1.000000,1017216975425.000000,2521433.000000
469000,11,252142,0.600000,1.000000,0.601781,1.000000,0.000000,0,0.000000,468986.000000,1.000000,1017216975425.000000,2521433.000000
469000,12,252147,0.600000,1.000000,0.638736,1.000000,0.000000,0,0.000000,468985.000000,1.000000,1017216975425.000000,2521433.000000
469000,13,252148,0.600000,1.000000,0.710299,1.000000,0.000000,1,420859.000000,469000.000000,1.000000,1017216975425.000000,2521433.000000
469000,14,252145,0.600000,1.000000,0.698405,1.000000,0.000000,0,0.000000,468988.000000,1.000000,1017216975425.000000,2521433.000000
469000,15,252145,0.600000,1.000000,0.686802,1.000000,0.000000,0,0.000000,468993.000000,1.000000,1017216975425.000000,2521433.000000
470000,0,252662,0.600000,1.000000,0.509559,1.000000,0.000000,0,0.000000,469725.000000,1.000000,1021528134889.000000,3032128.000000
470000,1,252676,0.600000,1.000000,0.667595,1.000000,0.000000,0,0.000000,469993.000000,1.000000,1021528134889.000000,3032128.000000
470000,2,252683,0.600000,1.000000,0.657697,1.000000,0.000000,0,0.000000,469911.000000,1.000000,1021528134889.000000,3032128.000000
470000,3,252678,0.600000,1.000000,0.600698,1.000000,0.000000,0,0.000000,469960.000000,1.000000,1021528134889.000000,3032128.000000
470000,4,252672,0.600000,1.000000,0.535962,1.000000,0.000000,0,0.000000,469943.000000,1.000000,1021528134889.000000,3032128.000000
470000,5,252680,0.600000,1.000000,0.763240,1.000000,0.000000,0,0.000000,469990.000000,1.000000,1021528134889.000000,3032128.000000
470000,6,252677,0.600000,1.000000,0.556055,1.000000,0.000000,0,0.000000,469970.000000,1.000000,1021528134889.000000,3032128.000000
470000,7,252677,0.600000,1.000000,0.612328,1.000000,0.000000,0,0.000000,469892.000000,1.000000,1021528134889.000000,3032128.000000
470000,8,252678,0.600000,1.000000,0.685060,1.000000,0.000000,0,0.000000,469995.000000,1.000000,1021528134889.000000,3032128.000000
470000,9,252674,0.600000,1.000000,0.642163,1.000000,0.000000,0,0.000000,469872.000000,1.000000,1021528134889.000000,3032128.000000
470000,10,252681,0.600000,1.000000,0.679911,1.000000,0.000000,0,0.000000,469998.000000,1.000000,1021528134889.000000,3032128.000000
470000,11,252682,0.600000,1.000000,0.722742,1.000000,0.000000,1,421976.000000,470000.000000,1.000000,1021528134889.000000,3032128.000000
470000,12,252678,0.600000,1.000000,0.540280,1.000000,0.000000,0,0.000000,469996.000000,1.000000,1021528134889.000000,3032128.000000
470000,13,252678,0.600000,1.000000,0.589050,1.000000,0.000000,0,0.000000,469827.000000,1.000000,1021528134889.000000,3032128.000000
470000,14,252671,0.600000,1.000000,0.629789,1.000000,0.000000,0,0.000000,469881.000000,1.000000,1021528134889.000000,3032128.000000
470000,15,252680,0.600000,1.000000,0.824146,1.000000,0.000000,0,0.000000,469999.000000,1.000000,1021528134889.000000,3032128.000000
471000,0,253216,0.600000,1.000000,0.731179,1.000000,0.000000,0,0.000000,470995.000000,1.000000,1025869680401.000000,3544991.000000
471000,1,253215,0.600000,1.000000,0.614733,1.000000,0.000000,0,0.000000,470992.000000,1.000000,1025869680401.000000,3544991.000000
471000,2,253210,0.600000,1.000000,0.586664,1.000000,0.000000,0,0.000000,470842.000000,1.000000,1025869680401.000000,3544991.000000
471000,3,253210,0.600000,1.000000,0.561261,1.000000,0.000000,0,0.000000,470913.000000,1.000000,1025869680401.000000,3544991.000000
471000,4,253213,0.600000,1.000000,0.738462,1.000000,0.000000,0,0.000000,470524.000000,1.000000,1025869680401.000000,3544991.000000
471000,5,253213,0.600000,1.000000,0.646896,1.000000,0.000000,0,0.000000,470937.000000,1.000000,1025869680401.000000,3544991.000000
471000,6,253211,0.600000,1.000000,0.510623,1.000000,0.000000,0,0.000000,470836.000000,1.000000,1025869680401.000000,3544991.000000
471000,7,253212,0.600000,1.000000,0.640168,1.000000,0.000000,0,0.000000,470964.000000,1.000000,1025869680401.000000,3544991.000000
471000,8,253211,0.600000,1.000000,0.635581,1.000000,0.000000,0,0.000000,470927.000000,1.000000,1025869680401.000000,3544991.000000
471000,9,253216,0.600000,1.000000,0.687775,1.000000,0.000000,0,0.000000,470997.000000,1.000000,1025869680401.000000,3544991.000000
471000,10,253215,0.600000,1.000000,0.678427,1.000000,0.000000,0,0.000000,470998.000000,1.000000,1025869680401.000000,3544991.000000
471000,11,253213,0.600000,1.000000,0.542604,1.000000,0.000000,0,0.000000,470970.000000,1.000000,1025869680401.000000,3544991.000000
471000,12,253214,0.600000,1.000000,0.633684,1.000000,0.000000,0,0.000000,470994.000000,1.000000,1025869680401.000000,3544991.000000
471000,13,253215,0.600000,1.000000,0.780067,1.000000,0.000000,1,422686.000000,471000.000000,1.000000,1025869680401.000000,3544991.000000
471000,14,253210,0.600000,1.000000,0.591101,1.000000,0.000000,0,0.000000,470864.000000,1.000000,1025869680401.000000,3544991.000000
471000,15,253215,0.600000,1.000000,0.655015,1.000000,0.000000,0,0.000000,470954.000000,1.000000,1025869680401.000000,3544991.000000
472000,0,253742,0.600000,1.000000,0.673211,1.000000,0.000000,0,0.000000,471989.000000,1.000000,1030134160299.000000,4567265.000000
472000,1,253739,0.600000,1.000000,0.682460,1.000000,0.000000,0,0.000000,471676.000000,1.000000,1030134160299.000000,4567265.000000
472000,2,253743,0.600000,1.000000,0.638925,1.000000,0.000000,0,0.000000,471987.000000,1.000000,1030134160299.000000,4567265.000000
472000,3,253741,0.600000,1.000000,0.625679,1.000000,0.000000,0,0.000000,471988.000000,1.000000,1030134160299.000000,4567265.000000
472000,4,253733,0.600000,1.000000,0.644818,1.000000,0.000000,0,0.000000,471914.000000,1.000000,1030134160299.000000,4567265.000000
472000,5,253737,0.600000,1.000000,0.667404,1.000000,0.000000,0,0.000000,471817.000000,1.000000,1030134160299.000000,4567265.000000
472000,6,253715,0.600000,1.000000,0.681441,1.000000,0.000000,0,0.000000,471627.000000,1.000000,1030134160299.000000,4567265.000000
472000,7,253744,0.600000,1.000000,0.560510,1.000000,0.000000,0,0.000000,471943.000000,1.000000,1030134160299.000000,4567265.000000
472000,8,253746,0.600000,1.000000,0.724912,1.000000,0.000000,0,0.000000,471997.000000,1.000000,1030134160299.000000,4567265.000000
472000,9,253745,0.600000,1.000000,0.788417,1.000000,0.000000,1,423381.000000,472000.000000,1.000000,1030134160299.000000,4567265.000000
472000,10,253744,0.600000,1.000000,0.633323,1.000000,0.000000,0,0.000000,471998.000000,1.000000,1030134160299.000000,4567265.000000
472000,11,253739,0.600000,1.000000,0.620617,1.000000,0.000000,0,0.000000,471819.000000,1.000000,1030134160299.000000,4567265.000000
472000,12,253735,0.600000,1.000000,0.624197,1.000000,0.000000,0,0.000000,471827.000000,1.000000,1030134160299.000000,4567265.000000
472000,13,253740,0.600000,1.000000,0.563460,1.000000,0.000000,0,0.000000,471980.000000,1.000000,1030134160299.000000,4567265.000000
472000,14,253739,0.600000,1.000000,0.636936,1.000000,0.000000,0,0.000000,471953.000000,1.000000,1030134160299.000000,4567265.000000
472000,15,253739,0.600000,1.000000,0.605648,1.000000,0.000000,0,0.000000,471878.000000,1.000000,1030134160299.000000,4567265.000000
473000,0,254274,0.600000,1.000000,0.664567,1.000000,0.000000,0,0.000000,472878.000000,1.000000,1034479696411.000000,2034182.000000
473000,1,254276,0.600000,1.000000,0.651604,1.000000,0.000000,0,0.000000,472913.000000,1.000000,1034479696411.000000,2034182.000000
473000,2,254273,0.600000,1.000000,0.562385,1.000000,0.000000,0,0.000000,472964.000000,1.000000,1034479696411.000000,2034182.000000
473000,3,254268,0.600000,1.000000,0.660973,1.000000,0.000000,0,0.000000,472846.000000,1.000000,1034479696411.000000,2034182.000000
473000,4,254270,0.600000,1.000000,0.535623,1.000000,0.000000,0,0.000000,472920.000000,1.000000,1034479696411.000000,2034182.000000
473000,5,254275,0.600000,1.000000,0.652727,1.000000,0.000000,0,0.000000,472967.000000,1.000000,1034479696411.000000,2034182.000000
473000,6,254271,0.600000,1.000000,0.538037,1.000000,0.000000,0,0.000000,472889.000000,1.000000,1034479696411.000000,2034182.000000
473000,7,254276,0.600000,1.000000,0.670932,1.000000,0.000000,0,0.000000,472981.000000,1.000000,1034479696411.000000,2034182.000000
473000,8,254269,0.600000,1.000000,0.595443,1.000000,0.000000,0,0.000000,472767.000000,1.000000,1034479696411.000000,2034182.000000
473000,9,254270,0.600000,1.000000,0.578208,1.000000,0.000000,0,0.000000,472875.000000,1.000000,1034479696411.000000,2034182.000000
473000,10,254275,0.600000,1.000000,0.737553,1.000000,0.000000,0,0.000000,472997.000000,1.000000,1034479696411.000000,2034182.000000
473000,11,254276,0.600000,1.000000,0.710027,1.000000,0.000000,0,0.000000,472990.000000,1.000000,1034479696411.000000,2034182.000000
473000,12,254276,0.600000,1.000000,0.626118,1.000000,0.000000,1,423010.000000,473000.000000,1.000000,1034479696411.000000,2034182.000000
473000,13,254275,0.600000,1.000000,0.619028,1.000000,0.000000,0,0.000000,472897.000000,1.000000,1034479696411.000000,2034182.000000
473000,14,254276,0.600000,1.000000,0.742441,1.000000,0.000000,0,0.000000,472996.000000,1.000000,1034479696411.000000,2034182.000000
473000,15,254275,0.600000,1.000000,0.741563,1.000000,0.000000,0,0.000000,472999.000000,1.000000,1034479696411.000000,2034182.000000
474000,0,254821,0.600000,1.000000,0.638186,1.000000,0.000000,0,0.000000,473814.000000,1.000000,1038953123784.000000,5606063.000000
474000,1,254807,0.600000,1.000000,0.558822,1.000000,0.000000,0,0.000000,473759.000000,1.000000,1038953123784.000000,5606063.000000
474000,2,254816,0.600000,1.000000,0.616339,1.000000,0.000000,0,0.000000,473931.000000,1.000000,1038953123784.000000,5606063.000000
474000,3,254827,0.600000,1.000000,0.803493,1.000000,0.000000,0,0.000000,473997.000000,1.000000,1038953123784.000000,5606063.000000
474000,4,254826,0.600000,1.000000,0.541925,1.000000,0.000000,0,0.000000,473987.000000,1.000000,1038953123784.000000,5606063.000000
474000,5,254822,0.600000,1.000000,0.575158,1.000000,0.000000,0,0.000000,473959.000000,1.000000,1038953123784.000000,5606063.000000
474000,6,254827,0.600000,1.000000,0.708567,1.000000,0.000000,1,424484.000000,474000.000000,1.000000,1038953123784.000000,5606063.000000
474000,7,254825,0.600000,1.000000,0.716002,1.000000,0.000000,0,0.000000,473983.000000,1.000000,1038953123784.000000,5606063.000000
474000,8,254822,0.600000,1.000000,0.643361,1.000000,0.000000,0,0.000000,473955.000000,1.000000,1038953123784.000000,5606063.000000
474000,9,254824,0.600000,1.000000,0.629213,1.000000,0.000000,0,0.000000,473978.000000,1.000000,1038953123784.000000,5606063.000000
474000,10,254824,0.600000,1.000000,0.638816,1.000000,0.000000,0,0.000000,473907.000000,1.000000,1038953123784.000000,5606063.000000
474000,11,254823,0.600000,1.000000,0.653283,1.000000,0.000000,0,0.000000,473975.000000,1.000000,1038953123784.000000,5606063.000000
474000,12,254825,0.600000,1.000000,0.676768,1.000000,0.000000,0,0.000000,473979.000000,1.000000,1038953123784.000000,5606063.000000
474000,13,254827,0.600000,1.000000,0.633104,1.000000,0.000000,0,0.000000,473999.000000,1.000000,1038953123784.000000,5606063.000000
474000,14,254820,0.600000,1.000000,0.548538,1.000000,0.000000,0,0.000000,473944.000000,1.000000,1038953123784.000000,5606063.000000
474000,15,254826,0.600000,1.000000,0.892900,1.000000,0.000000,0,0.000000,473998.000000,1.000000,1038953123784.000000,5606063.000000
475000,0,255357,0.600000,1.000000,0.739861,1.000000,0.000000,0,0.000000,474998.000000,1.000000,1043302902256.000000,3064254.000000
475000,1,255353,0.600000,1.000000,0.545823,1.000000,0.000000,0,0.000000,474980.000000,1.000000,1043302902256.000000,3064254.000000
475000,2,255347,0.600000,1.000000,0.640142,1.000000,0.000000,0,0.000000,474916.000000,1.000000,1043302902256.000000,3064254.000000
475000,3,255358,0.600000,1.000000,0.731034,1.000000,0.000000,1,426721.000000,475000.000000,1.000000,1043302902256.000000,3064254.000000
475000,4,255357,0.600000,1.000000,0.700398,1.000000,0.000000,0,0.000000,474973.000000,1.000000,1043302902256.000000,3064254.000000
475000,5,255355,0.600000,1.000000,0.593606,1.000000,0.000000,0,0.000000,474955.000000,1.000000,1043302902256.000000,3064254.000000
475000,6,255359,0.600000,1.000000,0.725467,1.000000,0.000000,0,0.000000,474999.000000,1.000000,1043302902256.000000,3064254.000000
475000,7,255357,0.600000,1.000000,0.724642,1.000000,0.000000,0,0.000000,474994.000000,1.000000,1043302902256.000000,3064254.000000
475000,8,255358,0.600000,1.000000,0.670508,1.000000,0.000000,0,0.000000,474948.000000,1.000000,1043302902256.000000,3064254.000000
475000,9,255349,0.600000,1.000000,0.720272,1.000000,0.000000,0,0.000000,474897.000000,1.000000,1043302902256.000000,3064254.000000
475000,10,255354,0.600000,1.000000,0.776973,1.000000,0.000000,0,0.000000,474990.000000,1.000000,1043302902256.000000,3064254.000000
475000,11,255356,0.600000,1.000000,0.616142,1.000000,0.000000,0,0.000000,474954.000000,1.000000,1043302902256.000000,3064254.000000
475000,12,255355,0.600000,1.000000,0.702730,1.000000,0.000000,0,0.000000,474995.000000,1.000000,1043302902256.000000,3064254.000000
475000,13,255359,0.600000,1.000000,0.643635,1.000000,0.000000,0,0.000000,474997.000000,1.000000,1043302902256.000000,3064254.000000
475000,14,255357,0.600000,1.000000,0.599836,1.000000,0.000000,0,0.000000,474986.000000,1.000000,1043302902256.000000,3064254.000000
475000,15,255357,0.600000,1.000000,0.616090,1.000000,0.000000,0,0.000000,474985.000000,1.000000,1043302902256.000000,3064254.000000
476000,0,255885,0.600000,1.000000,0.672038,1.000000,0.000000,0,0.000000,475790.000000,1.000000,1047685309594.000000,5629625.000000
476000,1,255894,0.600000,1.000000,0.540229,1.000000,0.000000,0,0.000000,475935.000000,1.000000,1047685309594.000000,5629625.000000
476000,2,255896,0.600000,1.000000,0.686610,1.000000,0.000000,0,0.000000,475948.000000,1.000000,1047685309594.000000,5629625.000000
476000,3,255896,0.600000,1.000000,0.611426,1.000000,0.000000,1,427516.000000,476000.000000,1.000000,1047685309594.000000,5629625.000000
476000,4,255893,0.600000,1.000000,0.650035,1.000000,0.000000,0,0.000000,475993.000000,1.000000,1047685309594.000000,5629625.000000
476000,5,255888,0.600000,1.000000,0.625119,1.000000,0.000000,0,0.000000,475923.000000,1.000000,1047685309594.000000,5629625.000000
476000,6,255890,0.600000,1.000000,0.632153,1.000000,0.000000,0,0.000000,475976.000000,1.000000,1047685309594.000000,5629625.000000
476000,7,255896,0.600000,1.000000,0.663720,1.000000,0.000000,0,0.000000,475937.000000,1.000000,1047685309594.000000,5629625.000000
476000,8,255889,0.600000,1.000000,0.763488,1.000000,0.000000,0,0.000000,475877.000000,1.000000,1047685309594.000000,5629625.000000
476000,9,255894,0.600000,1.000000,0.662838,1.000000,0.000000,0,0.000000,475992.000000,1.000000,1047685309594.000000,5629625.000000
476000,10,255895,0.600000,1.000000,0.724471,1.000000,0.000000,0,0.000000,475995.000000,1.000000,1047685309594.000000,5629625.000000
476000,11,255895,0.600000,1.000000,0.739751,1.000000,0.000000,0,0.000000,475999.000000,1.000000,1047685309594.000000,5629625.000000
476000,12,255882,0.600000,1.000000,0.602140,1.000000,0.000000,0,0.000000,475917.000000,1.000000,1047685309594.000000,5629625.000000
476000,13,255894,0.600000,1.000000,0.703869,1.000000,0.000000,0,0.000000,475989.000000,1.000000,1047685309594.000000,5629625.000000
476000,14,255892,0.600000,1.000000,0.621611,1.000000,0.000000,0,0.000000,475959.000000,1.000000,1047685309594.000000,5629625.000000
476000,15,255881,0.600000,1.000000,0.578219,1.000000,0.000000,0,0.000000,475878.000000,1.000000,1047685309594.000000,5629625.000000
477000,0,256438,0.600000,1.000000,0.707347,1.000000,0.000000,0,0.000000,476994.000000,1.000000,1052151779474.000000,6154442.000000
477000,1,256434,0.600000,1.000000,0.586883,1.000000,0.000000,0,0.000000,476958.000000,1.000000,1052151779474.000000,6154442.000000
477000,2,256440,0.600000,1.000000,0.725317,1.000000,0.000000,0,0.000000,476999.000000,1.000000,1052151779474.000000,6154442.000000
477000,3,256431,0.600000,1.000000,0.503512,1.000000,0.000000,0,0.000000,476927.000000,1.000000,1052151779474.000000,6154442.000000
477000,4,256432,0.600000,1.000000,0.585739,1.000000,0.000000,0,0.000000,476974.000000,1.000000,1052151779474.000000,6154442.000000
477000,5,256431,0.600000,1.000000,0.688941,1.000000,0.000000,0,0.000000,476756.000000,1.000000,1052151779474.000000,6154442.000000
477000,6,256437,0.600000,1.000000,0.716706,1.000000,0.000000,0,0.000000,476819.000000,1.000000,1052151779474.000000,6154442.000000
477000,7,256440,0.600000,1.000000,0.685074,1.000000,0.000000,0,0.000000,476992.000000,1.000000,1052151779474.000000,6154442.000000
477000,8,256434,0.600000,1.000000,0.579037,1.000000,0.000000,0,0.000000,476952.000000,1.000000,1052151779474.000000,6154442.000000
477000,9,256439,0.600000,1.000000,0.734142,1.000000,0.000000,1,428070.000000,477000.000000,1.000000,1052151779474.000000,6154442.000000
477000,10,256438,0.600000,1.000000,0.620861,1.000000,0.000000,0,0.000000,476982.000000,1.000000,1052151779474.000000,6154442.000000
477000,11,256430,0.600000,1.000000,0.649352,1.000000,0.000000,0,0.000000,476648.000000,1.000000,1052151779474.000000,6154442.000000
477000,12,256440,0.600000,1.000000,0.666980,1.000000,0.000000,0,0.000000,476917.000000,1.000000,1052151779474.000000,6154442.000000
477000,13,256436,0.600000,1.000000,0.571054,1.000000,0.000000,0,0.000000,476663.000000,1.000000,1052151779474.000000,6154442.000000
477000,14,256439,0.600000,1.000000,0.665875,1.000000,0.000000,0,0.000000,476985.000000,1.000000,1052151779474.000000,6154442.000000
477000,15,256439,0.600000,1.000000,0.742955,1.000000,0.000000,0,0.000000,476997.000000,1.000000,1052151779474.000000,6154442.000000
478000,0,256973,0.600000,1.000000,0.661177,1.000000,0.000000,0,0.000000,477922.000000,1.000000,1056536267218.000000,2569725.000000
478000,1,256966,0.600000,1.000000,0.602948,1.000000,0.000000,0,0.000000,477911.000000,1.000000,1056536267218.000000,2569725.000000
478000,2,256975,0.600000,1.000000,0.772526,1.000000,0.000000,0,0.000000,477999.000000,1.000000,1056536267218.000000,2569725.000000
478000,3,256971,0.600000,1.000000,0.709106,1.000000,0.000000,0,0.000000,477957.000000,1.000000,1056536267218.000000,2569725.000000
478000,4,256949,0.600000,1.000000,0.635796,1.000000,0.000000,0,0.000000,477673.000000,1.000000,1056536267218.000000,2569725.000000
478000,5,256972,0.600000,1.000000,0.601253,1.000000,0.000000,0,0.000000,477962.000000,1.000000,1056536267218.000000,2569725.000000
478000,6,256971,0.600000,1.000000,0.645224,1.000000,0.000000,0,0.000000,477929.000000,1.000000,1056536267218.000000,2569725.000000
478000,7,256967,0.600000,1.000000,0.575783,1.000000,0.000000,0,0.000000,477946.000000,1.000000,1056536267218.000000,2569725.000000
478000,8,256975,0.600000,1.000000,0.755341,1.000000,0.000000,0,0.000000,477997.000000,1.000000,1056536267218.000000,2569725.000000
478000,9,256965,0.600000,1.000000,0.521031,1.000000,0.000000,0,0.000000,477941.000000,1.000000,1056536267218.000000,2569725.000000
478000,10,256973,0.600000,1.000000,0.577280,1.000000,0.000000,0,0.000000,477976.000000,1.000000,1056536267218.000000,2569725.000000
478000,11,256964,0.600000,1.000000,0.579121,1.000000,0.000000,0,0.000000,477837.000000,1.000000,1056536267218.000000,2569725.000000
478000,12,256976,0.600000,1.000000,0.707660,1.000000,0.000000,0,0.000000,477989.000000,1.000000,1056536267218.000000,2569725.000000
478000,13,256976,0.600000,1.000000,0.688870,1.000000,0.000000,0,0.000000,477987.000000,1.000000,1056536267218.000000,2569725.000000
478000,14,256970,0.600000,1.000000,0.629247,1.000000,0.000000,0,0.000000,477977.000000,1.000000,1056536267218.000000,2569725.000000
478000,15,256975,0.600000,1.000000,0.752739,1.000000,0.000000,1,428105.000000,478000.000000,1.000000,1056536267218.000000,2569725.000000
479000,0,257497,0.600000,1.000000,0.517228,1.000000,0.000000,0,0.000000,478958.000000,1.000000,1060904635135.000000,5150026.000000
479000,1,257502,0.600000,1.000000,0.711728,1.000000,0.000000,0,0.000000,478655.000000,1.000000,1060904635135.000000,5150026.000000
479000,2,257497,0.600000,1.000000,0.771486,1.000000,0.000000,0,0.000000,478769.000000,1.000000,1060904635135.000000,5150026.000000
479000,3,257498,0.600000,1.000000,0.682384,1.000000,0.000000,0,0.000000,478666.000000,1.000000,1060904635135.000000,5150026.000000
479000,4,257505,0.600000,1.000000,0.802310,1.000000,0.000000,1,429697.000000,479000.000000,1.000000,1060904635135.000000,5150026.000000
479000,5,257498,0.600000,1.000000,0.603109,1.000000,0.000000,0,0.000000,478893.000000,1.000000,1060904635135.000000,5150026.000000
479000,6,257502,0.600000,1.000000,0.696764,1.000000,0.000000,0,0.000000,478991.000000,1.000000,1060904635135.000000,5150026.000000
479000,7,257502,0.600000,1.000000,0.755605,1.000000,0.000000,0,0.000000,478997.000000,1.000000,1060904635135.000000,5150026.000000
479000,8,257501,0.600000,1.000000,0.674058,1.000000,0.000000,0,0.000000,478971.000000,1.000000,1060904635135.000000,5150026.000000
479000,9,257504,0.600000,1.000000,0.692766,1.000000,0.000000,0,0.000000,478992.000000,1.000000,1060904635135.000000,5150026.000000
479000,10,257495,0.600000,1.000000,0.511987,1.000000,0.000000,0,0.000000,478849.000000,1.000000,1060904635135.000000,5150026.000000
479000,11,257500,0.600000,1.000000,0.622870,1.000000,0.000000,0,0.000000,478961.000000,1.000000,1060904635135.000000,5150026.000000
479000,12,257503,0.600000,1.000000,0.765344,1.000000,0.000000,0,0.000000,478998.000000,1.000000,1060904635135.000000,5150026.000000
479000,13,257502,0.600000,1.000000,0.706096,1.000000,0.000000,0,0.000000,478981.000000,1.000000,1060904635135.000000,5150026.000000
479000,14,257504,0.600000,1.000000,0.752194,1.000000,0.000000,0,0.000000,478990.000000,1.000000,1060904635135.000000,5150026.000000
479000,15,257499,0.600000,1.000000,0.545109,1.000000,0.000000,0,0.000000,478974.000000,1.000000,1060904635135.000000,5150026.000000
480000,0,258040,0.600000,1.000000,0.709069,1.000000,0.000000,0,0.000000,479871.000000,1.000000,1065325881741.000000,6708981.000000
480000,1,258026,0.600000,1.000000,0.548222,1.000000,0.000000,0,0.000000,479943.000000,1.000000,1065325881741.000000,6708981.000000
480000,2,258041,0.600000,1.000000,0.756806,1.000000,0.000000,0,0.000000,479998.000000,1.000000,1065325881741.000000,6708981.000000
480000,3,258038,0.600000,1.000000,0.697569,1.000000,0.000000,0,0.000000,479985.000000,1.000000,1065325881741.000000,6708981.000000
480000,4,258038,0.600000,1.000000,0.618655,1.000000,0.000000,0,0.000000,479962.000000,1.000000,1065325881741.000000,6708981.000000
480000,5,258040,0.600000,1.000000,0.652378,1.000000,0.000000,0,0.000000,479992.000000,1.000000,1065325881741.000000,6708981.000000
480000,6,258037,0.600000,1.000000,0.651003,1.000000,0.000000,0,0.000000,479986.000000,1.000000,1065325881741.000000,6708981.000000
480000,7,258034,0.600000,1.000000,0.624754,1.000000,0.000000,0,0.000000,479757.000000,1.000000,1065325881741.000000,6708981.000000
480000,8,258037,0.600000,1.000000,0.646879,1.000000,0.000000,0,0.000000,479920.000000,1.000000,1065325881741.000000,6708981.000000
480000,9,258037,0.600000,1.000000,0.519445,1.000000,0.000000,0,0.000000,479973.000000,1.000000,1065325881741.000000,6708981.000000
480000,10,258041,0.600000,1.000000,0.695792,1.000000,0.000000,1,429467.000000,480000.000000,1.000000,1065325881741.000000,6708981.000000
480000,11,258034,0.600000,1.000000,0.543078,1.000000,0.000000,0,0.000000,479948.000000,1.000000,1065325881741.000000,6708981.000000
480000,12,258025,0.600000,1.000000,0.547974,1.000000,0.000000,0,0.000000,479846.000000,1.000000,1065325881741.000000,6708981.000000
480000,13,258037,0.600000,1.000000,0.596035,1.000000,0.000000,0,0.000000,479990.000000,1.000000,1065325881741.000000,6708981.000000
480000,14,258041,0.600000,1.000000,0.705295,1.000000,0.000000,0,0.000000,479999.000000,1.000000,1065325881741.000000,6708981.000000
480000,15,258039,0.600000,1.000000,0.736206,1.000000,0.000000,0,0.000000,479995.000000,1.000000,1065325881741.000000,6708981.000000
481000,0,258576,0.600000,1.000000,0.631645,1.000000,0.000000,1,430500.000000,481000.000000,1.000000,1069766147156.000000,6205778.000000
481000,1,258573,0.600000,1.000000,0.521343,1.000000,0.000000,0,0.000000,480985.000000,1.000000,1069766147156.000000,6205778.000000
481000,2,258565,0.600000,1.000000,0.661697,1.000000,0.000000,0,0.000000,480873.000000,1.000000,1069766147156.000000,6205778.000000
481000,3,258573,0.600000,1.000000,0.608844,1.000000,0.000000,0,0.000000,480993.000000,1.000000,1069766147156.000000,6205778.000000
481000,4,258574,0.600000,1.000000,0.636148,1.000000,0.000000,0,0.000000,480969.000000,1.000000,1069766147156.000000,6205778.000000
481000,5,258576,0.600000,1.000000,0.675162,1.000000,0.000000,0,0.000000,480997.000000,1.000000,1069766147156.000000,6205778.000000
481000,6,258576,0.600000,1.000000,0.633783,1.000000,0.000000,0,0.000000,480998.000000,1.000000,1069766147156.000000,6205778.000000
481000,7,258573,0.600000,1.000000,0.660459,1.000000,0.000000,0,0.000000,480890.000000,1.000000,1069766147156.000000,6205778.000000
481000,8,258574,0.600000,1.000000,0.738236,1.000000,0.000000,0,0.000000,480807.000000,1.000000,1069766147156.000000,6205778.000000
481000,9,258575,0.600000,1.000000,0.685595,1.000000,0.000000,0,0.000000,480837.000000,1.000000,1069766147156.000000,6205778.000000
481000,10,258576,0.600000,1.000000,0.697975,1.000000,0.000000,0,0.000000,480984.000000,1.000000,1069766147156.000000,6205778.000000
481000,11,258575,0.600000,1.000000,0.678264,1.000000,0.000000,0,0.000000,480900.000000,1.000000,1069766147156.000000,6205778.000000
481000,12,258576,0.600000,1.000000,0.692323,1.000000,0.000000,0,0.000000,480834.000000,1.000000,1069766147156.000000,6205778.000000
481000,13,258575,0.600000,1.000000,0.532744,1.000000,0.000000,0,0.000000,480970.000000,1.000000,1069766147156.000000,6205778.000000
481000,14,258569,0.600000,1.000000,0.554124,1.000000,0.000000,0,0.000000,480933.000000,1.000000,1069766147156.000000,6205778.000000
481000,15,258574,0.600000,1.000000,0.590151,1.000000,0.000000,0,0.000000,480959.000000,1.000000,1069766147156.000000,6205778.000000
482000,0,259112,0.600000,1.000000,0.729728,1.000000,0.000000,0,0.000000,481992.000000,1.000000,1074192327266.000000,6218558.000000
482000,1,259102,0.600000,1.000000,0.670510,1.000000,0.000000,0,0.000000,481830.000000,1.000000,1074192327266.000000,6218558.000000
482000,2,259112,0.600000,1.000000,0.641540,1.000000,0.000000,0,0.000000,481998.000000,1.000000,1074192327266.000000,6218558.000000
482000,3,259105,0.600000,1.000000,0.654319,1.000000,0.000000,0,0.000000,481908.000000,1.000000,1074192327266.000000,6218558.000000
482000,4,259107,0.600000,1.000000,0.551266,1.000000,0.000000,0,0.000000,481961.000000,1.000000,1074192327266.000000,6218558.000000
482000,5,259110,0.600000,1.000000,0.564826,1.000000,0.000000,0,0.000000,481978.000000,1.000000,1074192327266.000000,6218558.000000
482000,6,259106,0.600000,1.000000,0.616718,1.000000,0.000000,0,0.000000,481692.000000,1.000000,1074192327266.000000,6218558.000000
482000,7,259104,0.600000,1.000000,0.634213,1.000000,0.000000,0,0.000000,481714.000000,1.000000,1074192327266.000000,6218558.000000
482000,8,259112,0.600000,1.000000,0.737591,1.000000,0.000000,1,431892.000000,482000.000000,1.000000,1074192327266.000000,6218558.000000
482000,9,259110,0.600000,1.000000,0.701416,1.000000,0.000000,0,0.000000,481984.000000,1.000000,1074192327266.000000,6218558.000000
482000,10,259111,0.600000,1.000000,0.628194,1.000000,0.000000,0,0.000000,481994.000000,1.000000,1074192327266.000000,6218558.000000
482000,11,259111,0.600000,1.000000,0.566178,1.000000,0.000000,0,0.000000,481948.000000,1.000000,1074192327266.000000,6218558.000000
482000,12,259109,0.600000,1.000000,0.703640,1.000000,0.000000,0,0.000000,481856.000000,1.000000,1074192327266.000000,6218558.000000
482000,13,259112,0.600000,1.000000,0.744435,1.000000,0.000000,0,0.000000,481997.000000,1.000000,1074192327266.000000,6218558.000000
482000,14,259101,0.600000,1.000000,0.507081,1.000000,0.000000,0,0.000000,481882.000000,1.000000,1074192327266.000000,6218558.000000
482000,15,259106,0.600000,1.000000,0.466186,1.000000,0.000000,0,0.000000,481829.000000,1.000000,1074192327266.000000,6218558.000000
483000,0,259658,0.600000,1.000000,0.615196,1.000000,0.000000,0,0.000000,482841.000000,1.000000,1078762663750.000000,6231824.000000
483000,1,259658,0.600000,1.000000,0.522004,1.000000,0.000000,0,0.000000,482727.000000,1.000000,1078762663750.000000,6231824.000000
483000,2,259661,0.600000,1.000000,0.588951,1.000000,0.000000,0,0.000000,482984.000000,1.000000,1078762663750.000000,6231824.000000
483000,3,259662,0.600000,1.000000,0.614076,1.000000,0.000000,0,0.000000,482945.000000,1.000000,1078762663750.000000,6231824.000000
483000,4,259660,0.600000,1.000000,0.724311,1.000000,0.000000,0,0.000000,482971.000000,1.000000,1078762663750.000000,6231824.000000
483000,5,259657,0.600000,1.000000,0.691964,1.000000,0.000000,0,0.000000,482784.000000,1.000000,1078762663750.000000,6231824.000000
483000,6,259657,0.600000,1.000000,0.547846,1.000000,0.000000,0,0.000000,482814.000000,1.000000,1078762663750.000000,6231824.000000
483000,7,259659,0.600000,1.000000,0.689983,1.000000,0.000000,0,0.000000,482948.000000,1.000000,1078762663750.000000,6231824.000000
483000,8,259659,0.600000,1.000000,0.618398,1.000000,0.000000,0,0.000000,482863.000000,1.000000,1078762663750.000000,6231824.000000
483000,9,259662,0.600000,1.000000,0.724175,1.000000,0.000000,0,0.000000,482993.000000,1.000000,1078762663750.000000,6231824.000000
483000,10,259663,0.600000,1.000000,0.692686,1.000000,0.000000,0,0.000000,482998.000000,1.000000,1078762663750.000000,6231824.000000
483000,11,259663,0.600000,1.000000,0.692143,1.000000,0.000000,1,433330.000000,483000.000000,1.000000,1078762663750.000000,6231824.000000
483000,12,259638,0.600000,1.000000,0.617120,1.000000,0.000000,0,0.000000,482596.000000,1.000000,1078762663750.000000,6231824.000000
483000,13,259663,0.600000,1.000000,0.766498,1.000000,0.000000,0,0.000000,482999.000000,1.000000,1078762663750.000000,6231824.000000
483000,14,259661,0.600000,1.000000,0.687358,1.000000,0.000000,0,0.000000,482983.000000,1.000000,1078762663750.000000,6231824.000000
483000,15,259659,0.600000,1.000000,0.707648,1.000000,0.000000,0,0.000000,482970.000000,1.000000,1078762663750.000000,6231824.000000
484000,0,260209,0.600000,1.000000,0.749215,1.000000,0.000000,1,433164.000000,484000.000000,1.000000,1083291181073.000000,7285724.000000
484000,1,260201,0.600000,1.000000,0.668264,1.000000,0.000000,0,0.000000,483958.000000,1.000000,1083291181073.000000,7285724.000000
484000,2,260207,0.600000,1.000000,0.694469,1.000000,0.000000,0,0.000000,483973.000000,1.000000,1083291181073.000000,7285724.000000
484000,3,260207,0.600000,1.000000,0.813632,1.000000,0.000000,0,0.000000,483994.000000,1.000000,1083291181073.000000,7285724.000000
484000,4,260202,0.600000,1.000000,0.636305,1.000000,0.000000,0,0.000000,483990.000000,1.000000,1083291181073.000000,7285724.000000
484000,5,260206,0.600000,1.000000,0.726282,1.000000,0.000000,0,0.000000,483980.000000,1.000000,1083291181073.000000,7285724.000000
484000,6,260194,0.600000,1.000000,0.754694,1.000000,0.000000,0,0.000000,483784.000000,1.000000,1083291181073.000000,7285724.000000
484000,7,260209,0.600000,1.000000,0.737470,1.000000,0.000000,0,0.000000,483963.000000,1.000000,1083291181073.000000,7285724.000000
484000,8,260207,0.600000,1.000000,0.787032,1.000000,0.000000,0,0.000000,483998.000000,1.000000,1083291181073.000000,7285724.000000
484000,9,260202,0.600000,1.000000,0.499168,1.000000,0.000000,0,0.000000,483982.000000,1.000000,1083291181073.000000,7285724.000000
484000,10,260206,0.600000,1.000000,0.636462,1.000000,0.000000,0,0.000000,483971.000000,1.000000,1083291181073.000000,7285724.000000
484000,11,260203,0.600000,1.000000,0.614231,1.000000,0.000000,0,0.000000,483961.000000,1.000000,1083291181073.000000,7285724.000000
484000,12,260208,0.600000,1.000000,0.747860,1.000000,0.000000,0,0.000000,483992.000000,1.000000,1083291181073.000000,7285724.000000
484000,13,260187,0.600000,1.000000,0.548979,1.000000,0.000000,0,0.000000,483596.000000,1.000000,1083291181073.000000,7285724.000000
484000,14,260201,0.600000,1.000000,0.526169,1.000000,0.000000,0,0.000000,483972.000000,1.000000,1083291181073.000000,7285724.000000
484000,15,260202,0.600000,1.000000,0.628404,1.000000,0.000000,0,0.000000,483921.000000,1.000000,1083291181073.000000,7285724.000000
485000,0,260748,0.600000,1.000000,0.733548,1.000000,0.000000,0,0.000000,484985.000000,1.000000,1087815624522.000000,3650447.000000
485000,1,260751,0.600000,1.000000,0.749068,1.000000,0.000000,0,0.000000,484999.000000,1.000000,1087815624522.000000,3650447.000000
485000,2,260747,0.600000,1.000000,0.630014,1.000000,0.000000,0,0.000000,484657.000000,1.000000,1087815624522.000000,3650447.000000
485000,3,260743,0.600000,1.000000,0.649011,1.000000,0.000000,0,0.000000,484966.000000,1.000000,1087815624522.000000,3650447.000000
485000,4,260739,0.600000,1.000000,0.700591,1.000000,0.000000,0,0.000000,484909.000000,1.000000,1087815624522.000000,3650447.000000
485000,5,260745,0.600000,1.000000,0.710886,1.000000,0.000000,0,0.000000,484790.000000,1.000000,1087815624522.000000,3650447.000000
485000,6,260746,0.600000,1.000000,0.672124,1.000000,0.000000,0,0.000000,484915.000000,1.000000,1087815624522.000000,3650447.000000
485000,7,260743,0.600000,1.000000,0.431864,1.000000,0.000000,0,0.000000,484927.000000,1.000000,1087815624522.000000,3650447.000000
485000,8,260751,0.600000,1.000000,0.746105,1.000000,0.000000,1,434598.000000,485000.000000,1.000000,1087815624522.000000,3650447.000000
485000,9,260737,0.600000,1.000000,0.682631,1.000000,0.000000,0,0.000000,484794.000000,1.000000,1087815624522.000000,3650447.000000
485000,10,260745,0.600000,1.000000,0.505027,1.000000,0.000000,0,0.000000,484970.000000,1.000000,1087815624522.000000,3650447.000000
485000,11,260748,0.600000,1.000000,0.655915,1.000000,0.000000,0,0.000000,484973.000000,1.000000,1087815624522.000000,3650447.000000
485000,12,260750,0.600000,1.000000,0.615120,1.000000,0.000000,0,0.000000,484996.000000,1.000000,1087815624522.000000,3650447.000000
485000,13,260744,0.600000,1.000000,0.544297,1.000000,0.000000,0,0.000000,484871.000000,1.000000,1087815624522.000000,3650447.000000
485000,14,260752,0.600000,1.000000,0.653359,1.000000,0.000000,0,0.000000,484991.000000,1.000000,1087815624522.000000,3650447.000000
485000,15,260747,0.600000,1.000000,0.560531,1.000000,0.000000,0,0.000000,484942.000000,1.000000,1087815624522.000000,3650447.000000
486000,0,261292,0.600000,1.000000,0.604508,1.000000,0.000000,0,0.000000,485807.000000,1.000000,1092406458624.000000,5225908.000000
486000,1,261297,0.600000,1.000000,0.667710,1.000000,0.000000,0,0.000000,485943.000000,1.000000,1092406458624.000000,5225908.000000
486000,2,261294,0.600000,1.000000,0.546151,1.000000,0.000000,0,0.000000,485980.000000,1.000000,1092406458624.000000,5225908.000000
486000,3,261295,0.600000,1.000000,0.666240,1.000000,0.000000,0,0.000000,485974.000000,1.000000,1092406458624.000000,5225908.000000
486000,4,261298,0.600000,1.000000,0.598158,1.000000,0.000000,0,0.000000,485937.000000,1.000000,1092406458624.000000,5225908.000000
486000,5,261300,0.600000,1.000000,0.624695,1.000000,0.000000,0,0.000000,485997.000000,1.000000,1092406458624.000000,5225908.000000
486000,6,261290,0.600000,1.000000,0.606283,1.000000,0.000000,0,0.000000,485593.000000,1.000000,1092406458624.000000,5225908.000000
486000,7,261296,0.600000,1.000000,0.666125,1.000000,0.000000,0,0.000000,485910.000000,1.000000,1092406458624.000000,5225908.000000
486000,8,261289,0.600000,1.000000,0.546748,1.000000,0.000000,0,0.000000,485913.000000,1.000000,1092406458624.000000,5225908.000000
486000,9,261301,0.600000,1.000000,0.719212,1.000000,0.000000,0,0.000000,485998.000000,1.000000,1092406458624.000000,5225908.000000
486000,10,261301,0.600000,1.000000,0.661794,1.000000,0.000000,0,0.000000,485986.000000,1.000000,1092406458624.000000,5225908.000000
486000,11,261293,0.600000,1.000000,0.683083,1.000000,0.000000,0,0.000000,485765.000000,1.000000,1092406458624.000000,5225908.000000
486000,12,261299,0.600000,1.000000,0.637718,1.000000,0.000000,0,0.000000,485995.000000,1.000000,1092406458624.000000,5225908.000000
486000,13,261299,0.600000,1.000000,0.803936,1.000000,0.000000,0,0.000000,485999.000000,1.000000,1092406458624.000000,5225908.000000
486000,14,261300,0.600000,1.000000,0.770921,1.000000,0.000000,1,435236.000000,486000.000000,1.000000,1092406458624.000000,5225908.000000
486000,15,261286,0.600000,1.000000,0.674681,1.000000,0.000000,0,0.000000,485838.000000,1.000000,1092406458624.000000,5225908.000000
487000,0,261837,0.600000,1.000000,0.642791,1.000000,0.000000,0,0.000000,486910.000000,1.000000,1096927359914.000000,4189388.000000
487000,1,261830,0.600000,1.000000,0.532376,1.000000,0.000000,0,0.000000,486972.000000,1.000000,1096927359914.000000,4189388.000000
487000,2,261836,0.600000,1.000000,0.785177,1.000000,0.000000,0,0.000000,486998.000000,1.000000,1096927359914.000000,4189388.000000
487000,3,261839,0.600000,1.000000,0.709988,1.000000,0.000000,0,0.000000,486999.000000,1.000000,1096927359914.000000,4189388.000000
487000,4,261838,0.600000,1.000000,0.658160,1.000000,0.000000,0,0.000000,486995.000000,1.000000,1096927359914.000000,4189388.000000
487000,5,261837,0.600000,1.000000,0.743456,1.000000,0.000000,0,0.000000,486872.000000,1.000000,1096927359914.000000,4189388.000000
487000,6,261837,0.600000,1.000000,0.716465,1.000000,0.000000,0,0.000000,486964.000000,1.000000,1096927359914.000000,4189388.000000
487000,7,261822,0.600000,1.000000,0.594499,1.000000,0.000000,0,0.000000,486905.000000,1.000000,1096927359914.000000,4189388.000000
487000,8,261838,0.600000,1.000000,0.702549,1.000000,0.000000,0,0.000000,486928.000000,1.000000,1096927359914.000000,4189388.000000
487000,9,261838,0.600000,1.000000,0.601898,1.000000,0.000000,0,0.000000,486993.000000,1.000000,1096927359914.000000,4189388.000000
487000,10,261836,0.600000,1.000000,0.629984,1.000000,0.000000,0,0.000000,486953.000000,1.000000,1096927359914.000000,4189388.000000
487000,11,261837,0.600000,1.000000,0.679210,1.000000,0.000000,0,0.000000,486986.000000,1.000000,1096927359914.000000,4189388.000000
487000,12,261835,0.600000,1.000000,0.608270,1.000000,0.000000,0,0.000000,486977.000000,1.000000,1096927359914.000000,4189388.000000
487000,13,261836,0.600000,1.000000,0.765689,1.000000,0.000000,0,0.000000,486994.000000,1.000000,1096927359914.000000,4189388.000000
487000,14,261838,0.600000,1.000000,0.606191,1.000000,0.000000,0,0.000000,486997.000000,1.000000,1096927359914.000000,4189388.000000
487000,15,261838,0.600000,1.000000,0.725687,1.000000,0.000000,1,435975.000000,487000.000000,1.000000,1096927359914.000000,4189388.000000
488000,0,262372,0.600000,1.000000,0.745902,1.000000,0.000000,0,0.000000,487713.000000,1.000000,1101491181232.000000,4198084.000000
488000,1,262380,0.600000,1.000000,0.670541,1.000000,0.000000,0,0.000000,487979.000000,1.000000,1101491181232.000000,4198084.000000
488000,2,262385,0.600000,1.000000,0.696511,1.000000,0.000000,1,436785.000000,488000.000000,1.000000,1101491181232.000000,4198084.000000
488000,3,262378,0.600000,1.000000,0.651474,1.000000,0.000000,0,0.000000,487889.000000,1.000000,1101491181232.000000,4198084.000000
488000,4,262385,0.600000,1.000000,0.740165,1.000000,0.000000,0,0.000000,487994.000000,1.000000,1101491181232.000000,4198084.000000
488000,5,262378,0.600000,1.000000,0.653567,1.000000,0.000000,0,0.000000,487830.000000,1.000000,1101491181232.000000,4198084.000000
488000,6,262384,0.600000,1.000000,0.680272,1.000000,0.000000,0,0.000000,487999.000000,1.000000,1101491181232.000000,4198084.000000
488000,7,262385,0.600000,1.000000,0.623727,1.000000,0.000000,0,0.000000,487996.000000,1.000000,1101491181232.000000,4198084.000000
488000,8,262380,0.600000,1.000000,0.718011,1.000000,0.000000,0,0.000000,487948.000000,1.000000,1101491181232.000000,4198084.000000
488000,9,262382,0.600000,1.000000,0.590310,1.000000,0.000000,0,0.000000,487960.000000,1.000000,1101491181232.000000,4198084.000000
488000,10,262374,0.600000,1.000000,0.660810,1.000000,0.000000,0,0.000000,487825.000000,1.000000,1101491181232.000000,4198084.000000
488000,11,262381,0.600000,1.000000,0.733903,1.000000,0.000000,0,0.000000,487990.000000,1.000000,1101491181232.000000,4198084.000000
488000,12,262384,0.600000,1.000000,0.887761,1.000000,0.000000,0,0.000000,487998.000000,1.000000,1101491181232.000000,4198084.000000
488000,13,262376,0.600000,1.000000,0.753918,1.000000,0.000000,0,0.000000,487643.000000,1.000000,1101491181232.000000,4198084.000000
488000,14,262384,0.600000,1.000000,0.570054,1.000000,0.000000,0,0.000000,487971.000000,1.000000,1101491181232.000000,4198084.000000
488000,15,262370,0.600000,1.000000,0.666920,1.000000,0.000000,0,0.000000,487791.000000,1.000000,1101491181232.000000,4198084.000000
489000,0,262921,0.600000,1.000000,0.701148,1.000000,0.000000,0,0.000000,488995.000000,1.000000,1106039761855.000000,4732571.000000
489000,1,262925,0.600000,1.000000,0.558143,1.000000,0.000000,1,438189.000000,489000.000000,1.000000,1106039761855.000000,4732571.000000
489000,2,262921,0.600000,1.000000,0.548800,1.000000,0.000000,0,0.000000,488977.000000,1.000000,1106039761855.000000,4732571.000000
489000,3,262925,0.600000,1.000000,0.766200,1.000000,0.000000,0,0.000000,488999.000000,1.000000,1106039761855.000000,4732571.000000
489000,4,262920,0.600000,1.000000,0.622447,1.000000,0.000000,0,0.000000,488982.000000,1.000000,1106039761855.000000,4732571.000000
489000,5,262918,0.600000,1.000000,0.548605,1.000000,0.000000,0,0.000000,488581.000000,1.000000,1106039761855.000000,4732571.000000
489000,6,262915,0.600000,1.000000,0.446559,1.000000,0.000000,0,0.000000,488944.000000,1.000000,1106039761855.000000,4732571.000000
489000,7,262924,0.600000,1.000000,0.726401,1.000000,0.000000,0,0.000000,488788.000000,1.000000,1106039761855.000000,4732571.000000
489000,8,262924,0.600000,1.000000,0.638177,1.000000,0.000000,0,0.000000,488698.000000,1.000000,1106039761855.000000,4732571.000000
489000,9,262922,0.600000,1.000000,0.685935,1.000000,0.000000,0,0.000000,488812.000000,1.000000,1106039761855.000000,4732571.000000
489000,10,262922,0.600000,1.000000,0.672219,1.000000,0.000000,0,0.000000,488988.000000,1.000000,1106039761855.000000,4732571.000000
489000,11,262924,0.600000,1.000000,0.619061,1.000000,0.000000,0,0.000000,488992.000000,1.000000,1106039761855.000000,4732571.000000
489000,12,262914,0.600000,1.000000,0.698489,1.000000,0.000000,0,0.000000,488711.000000,1.000000,1106039761855.000000,4732571.000000
489000,13,262920,0.600000,1.000000,0.762270,1.000000,0.000000,0,0.000000,488896.000000,1.000000,1106039761855.000000,4732571.000000
489000,14,262921,0.600000,1.000000,0.565522,1.000000,0.000000,0,0.000000,488853.000000,1.000000,1106039761855.000000,4732571.000000
489000,15,262921,0.600000,1.000000,0.613488,1.000000,0.000000,0,0.000000,488971.000000,1.000000,1106039761855.000000,4732571.000000
490000,0,263461,0.600000,1.000000,0.613406,1.000000,0.000000,0,0.000000,489980.000000,1.000000,1110619846218.000000,6323114.000000
490000,1,263470,0.600000,1.000000,0.714447,1.000000,0.000000,0,0.000000,489994.000000,1.000000,1110619846218.000000,6323114.000000
490000,2,263467,0.600000,1.000000,0.705128,1.000000,0.000000,0,0.000000,489988.000000,1.000000,1110619846218.000000,6323114.000000
490000,3,263465,0.600000,1.000000,0.807453,1.000000,0.000000,0,0.000000,489951.000000,1.000000,1110619846218.000000,6323114.000000
490000,4,263465,0.600000,1.000000,0.593531,1.000000,0.000000,0,0.000000,489956.000000,1.000000,1110619846218.000000,6323114.000000
490000,5,263463,0.600000,1.000000,0.710131,1.000000,0.000000,0,0.000000,489986.000000,1.000000,1110619846218.000000,6323114.000000
490000,6,263468,0.600000,1.000000,0.701867,1.000000,0.000000,0,0.000000,489966.000000,1.000000,1110619846218.000000,6323114.000000
490000,7,263466,0.600000,1.000000,0.687036,1.000000,0.000000,0,0.000000,489819.000000,1.000000,1110619846218.000000,6323114.000000
490000,8,263460,0.600000,1.000000,0.605193,1.000000,0.000000,0,0.000000,489773.000000,1.000000,1110619846218.000000,6323114.000000
490000,9,263466,0.600000,1.000000,0.692072,1.000000,0.000000,0,0.000000,489967.000000,1.000000,1110619846218.000000,6323114.000000
490000,10,263462,0.600000,1.000000,0.739449,1.000000,0.000000,0,0.000000,489873.000000,1.000000,1110619846218.000000,6323114.000000
490000,11,263468,0.600000,1.000000,0.741911,1.000000,0.000000,0,0.000000,489997.000000,1.000000,1110619846218.000000,6323114.000000
490000,12,263472,0.600000,1.000000,0.748856,1.000000,0.000000,1,438254.000000,490000.000000,1.000000,1110619846218.000000,6323114.000000
490000,13,263471,0.600000,1.000000,0.687449,1.000000,0.000000,0,0.000000,489993.000000,1.000000,1110619846218.000000,6323114.000000
490000,14,263448,0.600000,1.000000,0.631834,1.000000,0.000000,0,0.000000,489647.000000,1.000000,1110619846218.000000,6323114.000000
490000,15,263466,0.600000,1.000000,0.742087,1.000000,0.000000,0,0.000000,489992.000000,1.000000,1110619846218.000000,6323114.000000
491000,0,263999,0.600000,1.000000,0.634167,1.000000,0.000000,0,0.000000,490781.000000,1.000000,1115131776314.000000,5279984.000000
491000,1,264002,0.600000,1.000000,0.812619,1.000000,0.000000,0,0.000000,490999.000000,1.000000,1115131776314.000000,5279984.000000
491000,2,264000,0.600000,1.000000,0.869252,1.000000,0.000000,0,0.000000,490802.000000,1.000000,1115131776314.000000,5279984.000000
491000,3,263985,0.600000,1.000000,0.708861,1.000000,0.000000,0,0.000000,490884.000000,1.000000,1115131776314.000000,5279984.000000
491000,4,263998,0.600000,1.000000,0.630732,1.000000,0.000000,0,0.000000,490849.000000,1.000000,1115131776314.000000,5279984.000000
491000,5,264003,0.600000,1.000000,0.630138,1.000000,0.000000,1,439779.000000,491000.000000,1.000000,1115131776314.000000,5279984.000000
491000,6,264003,0.600000,1.000000,0.715039,1.000000,0.000000,0,0.000000,490998.000000,1.000000,1115131776314.000000,5279984.000000
491000,7,264003,0.600000,1.000000,0.744219,1.000000,0.000000,0,0.000000,490888.000000,1.000000,1115131776314.000000,5279984.000000
491000,8,263999,0.600000,1.000000,0.519462,1.000000,0.000000,0,0.000000,490961.000000,1.000000,1115131776314.000000,5279984.000000
491000,9,263999,0.600000,1.000000,0.743001,1.000000,0.000000,0,0.000000,490994.000000,1.000000,1115131776314.000000,5279984.000000
491000,10,264003,0.600000,1.000000,0.622638,1.000000,0.000000,0,0.000000,490942.000000,1.000000,1115131776314.000000,5279984.000000
491000,11,264001,0.600000,1.000000,0.715568,1.000000,0.000000,0,0.000000,490496.000000,1.000000,1115131776314.000000,5279984.000000
491000,12,264001,0.600000,1.000000,0.742839,1.000000,0.000000,0,0.000000,490995.000000,1.000000,1115131776314.000000,5279984.000000
491000,13,264000,0.600000,1.000000,0.616969,1.000000,0.000000,0,0.000000,490970.000000,1.000000,1115131776314.000000,5279984.000000
491000,14,263994,0.600000,1.000000,0.505995,1.000000,0.000000,0,0.000000,490909.000000,1.000000,1115131776314.000000,5279984.000000
491000,15,264002,0.600000,1.000000,0.660864,1.000000,0.000000,0,0.000000,490996.000000,1.000000,1115131776314.000000,5279984.000000
492000,0,264545,0.600000,1.000000,0.685043,1.000000,0.000000,0,0.000000,491679.000000,1.000000,1119767663487.000000,2116396.000000
492000,1,264542,0.600000,1.000000,0.611599,1.000000,0.000000,0,0.000000,491700.000000,1.000000,1119767663487.000000,2116396.000000
492000,2,264551,0.600000,1.000000,0.698990,1.000000,0.000000,0,0.000000,491970.000000,1.000000,1119767663487.000000,2116396.000000
492000,3,264549,0.600000,1.000000,0.576953,1.000000,0.000000,0,0.000000,491974.000000,1.000000,1119767663487.000000,2116396.000000
492000,4,264548,0.600000,1.000000,0.709199,1.000000,0.000000,0,0.000000,491996.000000,1.000000,1119767663487.000000,2116396.000000
492000,5,264544,0.600000,1.000000,0.647144,1.000000,0.000000,0,0.000000,491863.000000,1.000000,1119767663487.000000,2116396.000000
492000,6,264546,0.600000,1.000000,0.545818,1.000000,0.000000,0,0.000000,491976.000000,1.000000,1119767663487.000000,2116396.000000
492000,7,264545,0.600000,1.000000,0.592298,1.000000,0.000000,0,0.000000,491977.000000,1.000000,1119767663487.000000,2116396.000000
492000,8,264550,0.600000,1.000000,0.686058,1.000000,0.000000,0,0.000000,491943.000000,1.000000,1119767663487.000000,2116396.000000
492000,9,264550,0.600000,1.000000,0.724905,1.000000,0.000000,1,441570.000000,492000.000000,1.000000,1119767663487.000000,2116396.000000
492000,10,264549,0.600000,1.000000,0.681241,1.000000,0.000000,0,0.000000,491963.000000,1.000000,1119767663487.000000,2116396.000000
492000,11,264548,0.600000,1.000000,0.531453,1.000000,0.000000,0,0.000000,491994.000000,1.000000,1119767663487.000000,2116396.000000
492000,12,264551,0.600000,1.000000,0.660805,1.000000,0.000000,0,0.000000,491945.000000,1.000000,1119767663487.000000,2116396.000000
492000,13,264548,0.600000,1.000000,0.625477,1.000000,0.000000,0,0.000000,491987.000000,1.000000,1119767663487.000000,2116396.000000
492000,14,264548,0.600000,1.000000,0.724178,1.000000,0.000000,0,0.000000,491968.000000,1.000000,1119767663487.000000,2116396.000000
492000,15,264549,0.600000,1.000000,0.713433,1.000000,0.000000,0,0.000000,491992.000000,1.000000,1119767663487.000000,2116396.000000
493000,0,265081,0.600000,1.000000,0.657329,1.000000,0.000000,0,0.000000,492949.000000,1.000000,1124294407582.000000,5301664.000000
493000,1,265086,0.600000,1.000000,0.614498,1.000000,0.000000,0,0.000000,492961.000000,1.000000,1124294407582.000000,5301664.000000
493000,2,265084,0.600000,1.000000,0.662895,1.000000,0.000000,0,0.000000,492995.000000,1.000000,1124294407582.000000,5301664.000000
493000,3,265085,0.600000,1.000000,0.791106,1.000000,0.000000,0,0.000000,492999.000000,1.000000,1124294407582.000000,5301664.000000
493000,4,265085,0.600000,1.000000,0.710724,1.000000,0.000000,0,0.000000,492998.000000,1.000000,1124294407582.000000,5301664.000000
493000,5,265084,0.600000,1.000000,0.594040,1.000000,0.000000,0,0.000000,492946.000000,1.000000,1124294407582.000000,5301664.000000
493000,6,265083,0.600000,1.000000,0.700097,1.000000,0.000000,0,0.000000,492970.000000,1.000000,1124294407582.000000,5301664.000000
493000,7,265079,0.600000,1.000000,0.617129,1.000000,0.000000,0,0.000000,492973.000000,1.000000,1124294407582.000000,5301664.000000
493000,8,265069,0.600000,1.000000,0.554691,1.000000,0.000000,0,0.000000,492806.000000,1.000000,1124294407582.000000,5301664.000000
493000,9,265077,0.600000,1.000000,0.672017,1.000000,0.000000,0,0.000000,492620.000000,1.000000,1124294407582.000000,5301664.000000
493000,10,265085,0.600000,1.000000,0.638042,1.000000,0.000000,0,0.000000,492899.000000,1.000000,1124294407582.000000,5301664.000000
493000,11,265076,0.600000,1.000000,0.539320,1.000000,0.000000,0,0.000000,492945.000000,1.000000,1124294407582.000000,5301664.000000
493000,12,265087,0.600000,1.000000,0.690556,1.000000,0.000000,1,440818.000000,493000.000000,1.000000,1124294407582.000000,5301664.000000
493000,13,265084,0.600000,1.000000,0.614809,1.000000,0.000000,0,0.000000,492987.000000,1.000000,1124294407582.000000,5301664.000000
493000,14,265084,0.600000,1.000000,0.671549,1.000000,0.000000,0,0.000000,492997.000000,1.000000,1124294407582.000000,5301664.000000
493000,15,265081,0.600000,1.000000,0.662075,1.000000,0.000000,0,0.000000,492963.000000,1.000000,1124294407582.000000,5301664.000000
494000,0,265610,0.600000,1.000000,0.679372,1.000000,0.000000,0,0.000000,493887.000000,1.000000,1128787253756.000000,3718561.000000
494000,1,265615,0.600000,1.000000,0.779400,1.000000,0.000000,0,0.000000,493999.000000,1.000000,1128787253756.000000,3718561.000000
494000,2,265615,0.600000,1.000000,0.787993,1.000000,0.000000,0,0.000000,493997.000000,1.000000,1128787253756.000000,3718561.000000
494000,3,265616,0.600000,1.000000,0.593077,1.000000,0.000000,0,0.000000,493996.000000,1.000000,1128787253756.000000,3718561.000000
494000,4,265598,0.600000,1.000000,0.643663,1.000000,0.000000,0,0.000000,493600.000000,1.000000,1128787253756.000000,3718561.000000
494000,5,265612,0.600000,1.000000,0.533546,1.000000,0.000000,0,0.000000,493939.000000,1.000000,1128787253756.000000,3718561.000000
494000,6,265593,0.600000,1.000000,0.606053,1.000000,0.000000,0,0.000000,493113.000000,1.000000,1128787253756.000000,3718561.000000
494000,7,265614,0.600000,1.000000,0.704151,1.000000,0.000000,0,0.000000,493834.000000,1.000000,1128787253756.000000,3718561.000000
494000,8,265614,0.600000,1.000000,0.639902,1.000000,0.000000,0,0.000000,493825.000000,1.000000,1128787253756.000000,3718561.000000
494000,9,265615,0.600000,1.000000,0.719751,1.000000,0.000000,1,443334.000000,494000.000000,1.000000,1128787253756.000000,3718561.000000
494000,10,265612,0.600000,1.000000,0.624521,1.000000,0.000000,0,0.000000,493982.000000,1.000000,1128787253756.000000,3718561.000000
494000,11,265610,0.600000,1.000000,0.591977,1.000000,0.000000,0,0.000000,493890.000000,1.000000,1128787253756.000000,3718561.000000
494000,12,265615,0.600000,1.000000,0.720778,1.000000,0.000000,0,0.000000,493971.000000,1.000000,1128787253756.000000,3718561.000000
494000,13,265615,0.600000,1.000000,0.647384,1.000000,0.000000,0,0.000000,493991.000000,1.000000,1128787253756.000000,3718561.000000
494000,14,265611,0.600000,1.000000,0.532522,1.000000,0.000000,0,0.000000,493960.000000,1.000000,1128787253756.000000,3718561.000000
494000,15,265611,0.600000,1.000000,0.687777,1.000000,0.000000,0,0.000000,493835.000000,1.000000,1128787253756.000000,3718561.000000
495000,0,266152,0.600000,1.000000,0.562884,1.000000,0.000000,0,0.000000,494945.000000,1.000000,1133393919921.000000,5855327.000000
495000,1,266155,0.600000,1.000000,0.728388,1.000000,0.000000,0,0.000000,494997.000000,1.000000,1133393919921.000000,5855327.000000
495000,2,266151,0.600000,1.000000,0.568348,1.000000,0.000000,0,0.000000,494953.000000,1.000000,1133393919921.000000,5855327.000000
495000,3,266152,0.600000,1.000000,0.646080,1.000000,0.000000,0,0.000000,494940.000000,1.000000,1133393919921.000000,5855327.000000
495000,4,266154,0.600000,1.000000,0.592868,1.000000,0.000000,0,0.000000,494968.000000,1.000000,1133393919921.000000,5855327.000000
495000,5,266154,0.600000,1.000000,0.672787,1.000000,0.000000,0,0.000000,494995.000000,1.000000,1133393919921.000000,5855327.000000
495000,6,266149,0.600000,1.000000,0.566709,1.000000,0.000000,0,0.000000,494919.000000,1.000000,1133393919921.000000,5855327.000000
495000,7,266149,0.600000,1.000000,0.585823,1.000000,0.000000,0,0.000000,494987.000000,1.000000,1133393919921.000000,5855327.000000
495000,8,266145,0.600000,1.000000,0.758839,1.000000,0.000000,0,0.000000,494745.000000,1.000000,1133393919921.000000,5855327.000000
495000,9,266155,0.600000,1.000000,0.746449,1.000000,0.000000,0,0.000000,494999.000000,1.000000,1133393919921.000000,5855327.000000
495000,10,266155,0.600000,1.000000,0.705356,1.000000,0.000000,1,442602.000000,495000.000000,1.000000,1133393919921.000000,5855327.000000
495000,11,266154,0.600000,1.000000,0.638584,1.000000,0.000000,0,0.000000,494981.000000,1.000000,1133393919921.000000,5855327.000000
495000,12,266154,0.600000,1.000000,0.644152,1.000000,0.000000,0,0.000000,494967.000000,1.000000,1133393919921.000000,5855327.000000
495000,13,266151,0.600000,1.000000,0.604360,1.000000,0.000000,0,0.000000,494892.000000,1.000000,1133393919921.000000,5855327.000000
495000,14,266153,0.600000,1.000000,0.534135,1.000000,0.000000,0,0.000000,494954.000000,1.000000,1133393919921.000000,5855327.000000
495000,15,266156,0.600000,1.000000,0.638231,1.000000,0.000000,0,0.000000,494985.000000,1.000000,1133393919921.000000,5855327.000000
496000,0,266687,0.600000,1.000000,0.687703,1.000000,0.000000,0,0.000000,495997.000000,1.000000,1137923560618.000000,4800295.000000
496000,1,266684,0.600000,1.000000,0.619901,1.000000,0.000000,0,0.000000,495810.000000,1.000000,1137923560618.000000,4800295.000000
496000,2,266688,0.600000,1.000000,0.594140,1.000000,0.000000,1,443927.000000,496000.000000,1.000000,1137923560618.000000,4800295.000000
496000,3,266682,0.600000,1.000000,0.588741,1.000000,0.000000,0,0.000000,495958.000000,1.000000,1137923560618.000000,4800295.000000
496000,4,266687,0.600000,1.000000,0.629241,1.000000,0.000000,0,0.000000,495956.000000,1.000000,1137923560618.000000,4800295.000000
496000,5,266671,0.600000,1.000000,0.602419,1.000000,0.000000,0,0.000000,495629.000000,1.000000,1137923560618.000000,4800295.000000
496000,6,266687,0.600000,1.000000,0.585820,1.000000,0.000000,0,0.000000,495978.000000,1.000000,1137923560618.000000,4800295.000000
496000,7,266686,0.600000,1.000000,0.703618,1.000000,0.000000,0,0.000000,495993.000000,1.000000,1137923560618.000000,4800295.000000
496000,8,266687,0.600000,1.000000,0.695948,1.000000,0.000000,0,0.000000,495998.000000,1.000000,1137923560618.000000,4800295.000000
496000,9,266687,0.600000,1.000000,0.718996,1.000000,0.000000,0,0.000000,495999.000000,1.000000,1137923560618.000000,4800295.000000
496000,10,266683,0.600000,1.000000,0.628500,1.000000,0.000000,0,0.000000,495976.000000,1.000000,1137923560618.000000,4800295.000000
496000,11,266684,0.600000,1.000000,0.596740,1.000000,0.000000,0,0.000000,495969.000000,1.000000,1137923560618.000000,4800295.000000
496000,12,266683,0.600000,1.000000,0.570209,1.000000,0.000000,0,0.000000,495983.000000,1.000000,1137923560618.000000,4800295.000000
496000,13,266672,0.600000,1.000000,0.580371,1.000000,0.000000,0,0.000000,495784.000000,1.000000,1137923560618.000000,4800295.000000
496000,14,266687,0.600000,1.000000,0.588704,1.000000,0.000000,0,0.000000,495932.000000,1.000000,1137923560618.000000,4800295.000000
496000,15,266685,0.600000,1.000000,0.542978,1.000000,0.000000,0,0.000000,495940.000000,1.000000,1137923560618.000000,4800295.000000
497000,0,267227,0.600000,1.000000,0.672268,1.000000,0.000000,0,0.000000,496668.000000,1.000000,1142572863924.000000,2672253.000000
497000,1,267228,0.600000,1.000000,0.607980,1.000000,0.000000,0,0.000000,496976.000000,1.000000,1142572863924.000000,2672253.000000
497000,2,267229,0.600000,1.000000,0.668540,1.000000,0.000000,0,0.000000,496964.000000,1.000000,1142572863924.000000,2672253.000000
497000,3,267227,0.600000,1.000000,0.726200,1.000000,0.000000,0,0.000000,496896.000000,1.000000,1142572863924.000000,2672253.000000
497000,4,267231,0.600000,1.000000,0.611794,1.000000,0.000000,0,0.000000,496998.000000,1.000000,1142572863924.000000,2672253.000000
497000,5,267230,0.600000,1.000000,0.722512,1.000000,0.000000,0,0.000000,496975.000000,1.000000,1142572863924.000000,2672253.000000
497000,6,267229,0.600000,1.000000,0.743317,1.000000,0.000000,0,0.000000,496994.000000,1.000000,1142572863924.000000,2672253.000000
497000,7,267231,0.600000,1.000000,0.693924,1.000000,0.000000,0,0.000000,496999.000000,1.000000,1142572863924.000000,2672253.000000
497000,8,267223,0.600000,1.000000,0.583073,1.000000,0.000000,0,0.000000,496959.000000,1.000000,1142572863924.000000,2672253.000000
497000,9,267231,0.600000,1.000000,0.747569,1.000000,0.000000,0,0.000000,496707.000000,1.000000,1142572863924.000000,2672253.000000
497000,10,267231,0.600000,1.000000,0.657955,1.000000,0.000000,1,444324.000000,497000.000000,1.000000,1142572863924.000000,2672253.000000
497000,11,267227,0.600000,1.000000,0.546834,1.000000,0.000000,0,0.000000,496954.000000,1.000000,1142572863924.000000,2672253.000000
497000,12,267231,0.600000,1.000000,0.602466,1.000000,0.000000,0,0.000000,496972.000000,1.000000,1142572863924.000000,2672253.000000
497000,13,267224,0.600000,1.000000,0.578400,1.000000,0.000000,0,0.000000,495784.000000,1.000000,1142572863924.000000,2672253.000000
497000,14,267230,0.600000,1.000000,0.614678,1.000000,0.000000,0,0.000000,496970.000000,1.000000,1142572863924.000000,2672253.000000
497000,15,267219,0.600000,1.000000,0.591738,1.000000,0.000000,0,0.000000,496835.000000,1.000000,1142572863924.000000,2672253.000000
498000,0,267757,0.600000,1.000000,0.792974,1.000000,0.000000,0,0.000000,497989.000000,1.000000,1147087053646.000000,4819599.000000
498000,1,267758,0.600000,1.000000,0.825046,1.000000,0.000000,1,446218.000000,498000.000000,1.000000,1147087053646.000000,4819599.000000
498000,2,267757,0.600000,1.000000,0.653826,1.000000,0.000000,0,0.000000,497991.000000,1.000000,1147087053646.000000,4819599.000000
498000,3,267753,0.600000,1.000000,0.540648,1.000000,0.000000,0,0.000000,497959.000000,1.000000,1147087053646.000000,4819599.000000
498000,4,267757,0.600000,1.000000,0.661582,1.000000,0.000000,0,0.000000,497943.000000,1.000000,1147087053646.000000,4819599.000000
498000,5,267748,0.600000,1.000000,0.539843,1.000000,0.000000,0,0.000000,497926.000000,1.000000,1147087053646.000000,4819599.000000
498000,6,267759,0.600000,1.000000,0.704549,1.000000,0.000000,0,0.000000,497996.000000,1.000000,1147087053646.000000,4819599.000000
498000,7,267747,0.600000,1.000000,0.549973,1.000000,0.000000,0,0.000000,497909.000000,1.000000,1147087053646.000000,4819599.000000
498000,8,267756,0.600000,1.000000,0.660143,1.000000,0.000000,0,0.000000,497961.000000,1.000000,1147087053646.000000,4819599.000000
498000,9,267755,0.600000,1.000000,0.668048,1.000000,0.000000,0,0.000000,497964.000000,1.000000,1147087053646.000000,4819599.000000
498000,10,267754,0.600000,1.000000,0.535583,1.000000,0.000000,0,0.000000,497948.000000,1.000000,1147087053646.000000,4819599.000000
498000,11,267756,0.600000,1.000000,0.712081,1.000000,0.000000,0,0.000000,497935.000000,1.000000,1147087053646.000000,4819599.000000
498000,12,267758,0.600000,1.000000,0.738013,1.000000,0.000000,0,0.000000,497999.000000,1.000000,1147087053646.000000,4819599.000000
498000,13,267757,0.600000,1.000000,0.763844,1.000000,0.000000,0,0.000000,497846.000000,1.000000,1147087053646.000000,4819599.000000
498000,14,267759,0.600000,1.000000,0.734958,1.000000,0.000000,0,0.000000,497993.000000,1.000000,1147087053646.000000,4819599.000000
498000,15,267755,0.600000,1.000000,0.667288,1.000000,0.000000,0,0.000000,497975.000000,1.000000,1147087053646.000000,4819599.000000
499000,0,268294,0.600000,1.000000,0.695969,1.000000,0.000000,0,0.000000,498996.000000,1.000000,1151678824890.000000,4829169.000000
499000,1,268294,0.600000,1.000000,0.681049,1.000000,0.000000,0,0.000000,498994.000000,1.000000,1151678824890.000000,4829169.000000
499000,2,268287,0.600000,1.000000,0.645597,1.000000,0.000000,0,0.000000,498911.000000,1.000000,1151678824890.000000,4829169.000000
499000,3,268289,0.600000,1.000000,0.621337,1.000000,0.000000,0,0.000000,498950.000000,1.000000,1151678824890.000000,4829169.000000
499000,4,268292,0.600000,1.000000,0.599759,1.000000,0.000000,0,0.000000,498960.000000,1.000000,1151678824890.000000,4829169.000000
499000,5,268289,0.600000,1.000000,0.463078,1.000000,0.000000,0,0.000000,498974.000000,1.000000,1151678824890.000000,4829169.000000
499000,6,268276,0.600000,1.000000,0.549513,1.000000,0.000000,0,0.000000,498496.000000,1.000000,1151678824890.000000,4829169.000000
499000,7,268294,0.600000,1.000000,0.732051,1.000000,0.000000,0,0.000000,498992.000000,1.000000,1151678824890.000000,4829169.000000
499000,8,268290,0.600000,1.000000,0.713180,1.000000,0.000000,0,0.000000,498662.000000,1.000000,1151678824890.000000,4829169.000000
499000,9,268293,0.600000,1.000000,0.807151,1.000000,0.000000,0,0.000000,498998.000000,1.000000,1151678824890.000000,4829169.000000
499000,10,268292,0.600000,1.000000,0.640351,1.000000,0.000000,0,0.000000,498985.000000,1.000000,1151678824890.000000,4829169.000000
499000,11,268294,0.600000,1.000000,0.651246,1.000000,0.000000,0,0.000000,498984.000000,1.000000,1151678824890.000000,4829169.000000
499000,12,268295,0.600000,1.000000,0.801233,1.000000,0.000000,1,446207.000000,499000.000000,1.000000,1151678824890.000000,4829169.000000
499000,13,268293,0.600000,1.000000,0.614325,1.000000,0.000000,0,0.000000,498986.000000,1.000000,1151678824890.000000,4829169.000000
499000,14,268288,0.600000,1.000000,0.589808,1.000000,0.000000,0,0.000000,498952.000000,1.000000,1151678824890.000000,4829169.000000
499000,15,268292,0.600000,1.000000,0.674674,1.000000,0.000000,0,0.000000,498990.000000,1.000000,1151678824890.000000,4829169.000000
500000,0,268816,0.600000,1.000000,0.621524,1.000000,0.000000,0,0.000000,499883.000000,1.000000,1156213637517.000000,4301080.000000
500000,1,268817,0.600000,1.000000,0.680783,1.000000,0.000000,0,0.000000,499778.000000,1.000000,1156213637517.000000,4301080.000000
500000,2,268820,0.600000,1.000000,0.696712,1.000000,0.000000,0,0.000000,499976.000000,1.000000,1156213637517.000000,4301080.000000
500000,3,268820,0.600000,1.000000,0.650800,1.000000,0.000000,1,448901.000000,500000.000000,1.000000,1156213637517.000000,4301080.000000
500000,4,268818,0.600000,1.000000,0.598542,1.000000,0.000000,0,0.000000,499980.000000,1.000000,1156213637517.000000,4301080.000000
500000,5,268820,0.600000,1.000000,0.682635,1.000000,0.000000,0,0.000000,499916.000000,1.000000,1156213637517.000000,4301080.000000
500000,6,268819,0.600000,1.000000,0.675968,1.000000,0.000000,0,0.000000,499995.000000,1.000000,1156213637517.000000,4301080.000000
500000,7,268814,0.600000,1.000000,0.578504,1.000000,0.000000,0,0.000000,499775.000000,1.000000,1156213637517.000000,4301080.000000
500000,8,268819,0.600000,1.000000,0.726453,1.000000,0.000000,0,0.000000,499996.000000,1.000000,1156213637517.000000,4301080.000000
500000,9,268813,0.600000,1.000000,0.645476,1.000000,0.000000,0,0.000000,499816.000000,1.000000,1156213637517.000000,4301080.000000
500000,10,268820,0.600000,1.000000,0.606315,1.000000,0.000000,0,0.000000,499943.000000,1.000000,1156213637517.000000,4301080.000000
500000,11,268820,0.600000,1.000000,0.716392,1.000000,0.000000,0,0.000000,499992.000000,1.000000,1156213637517.000000,4301080.000000
500000,12,268820,0.600000,1.000000,0.668038,1.000000,0.000000,0,0.000000,499999.000000,1.000000,1156213637517.000000,4301080.000000
500000,13,268820,0.600000,1.000000,0.701742,1.000000,0.000000,0,0.000000,499987.000000,1.000000,1156213637517.000000,4301080.000000
500000,14,268820,0.600000,1.000000,0.623601,1.000000,0.000000,0,0.000000,499990.000000,1.000000,1156213637517.000000,4301080.000000
500000,15,268819,0.600000,1.000000,0.619105,1.000000,0.000000,0,0.000000,499834.000000,1.000000,1156213637517.000000,4301080.000000
501000,0,269376,0.600000,1.000000,0.663071,1.000000,0.000000,0,0.000000,500996.000000,1.000000,1160985238995.000000,2154990.000000
501000,1,269365,0.600000,1.000000,0.593806,1.000000,0.000000,0,0.000000,500820.000000,1.000000,1160985238995.000000,2154990.000000
501000,2,269367,0.600000,1.000000,0.758971,1.000000,0.000000,0,0.000000,500604.000000,1.000000,1160985238995.000000,2154990.000000
501000,3,269374,0.600000,1.000000,0.770513,1.000000,0.000000,0,0.000000,500986.000000,1.000000,1160985238995.000000,2154990.000000
501000,4,269373,0.600000,1.000000,0.585146,1.000000,0.000000,0,0.000000,500980.000000,1.000000,1160985238995.000000,2154990.000000
501000,5,269371,0.600000,1.000000,0.655210,1.000000,0.000000,0,0.000000,500899.000000,1.000000,1160985238995.000000,2154990.000000
501000,6,269374,0.600000,1.000000,0.806015,1.000000,0.000000,0,0.000000,500743.000000,1.000000,1160985238995.000000,2154990.000000
501000,7,269373,0.600000,1.000000,0.500797,1.000000,0.000000,0,0.000000,500951.000000,1.000000,1160985238995.000000,2154990.000000
501000,8,269371,0.600000,1.000000,0.609275,1.000000,0.000000,0,0.000000,500919.000000,1.000000,1160985238995.000000,2154990.000000
501000,9,269374,0.600000,1.000000,0.638735,1.000000,0.000000,0,0.000000,500938.000000,1.000000,1160985238995.000000,2154990.000000
501000,10,269369,0.600000,1.000000,0.579197,1.000000,0.000000,0,0.000000,500985.000000,1.000000,1160985238995.000000,2154990.000000
501000,11,269375,0.600000,1.000000,0.658372,1.000000,0.000000,0,0.000000,500997.000000,1.000000,1160985238995.000000,2154990.000000
501000,12,269375,0.600000,1.000000,0.708613,1.000000,0.000000,0,0.000000,500995.000000,1.000000,1160985238995.000000,2154990.000000
501000,13,269375,0.600000,1.000000,0.770135,1.000000,0.000000,1,449645.000000,501000.000000,1.000000,1160985238995.000000,2154990.000000
501000,14,269374,0.600000,1.000000,0.561425,1.000000,0.000000,0,0.000000,500942.000000,1.000000,1160985238995.000000,2154990.000000
501000,15,269375,0.600000,1.000000,0.660120,1.000000,0.000000,0,0.000000,500912.000000,1.000000,1160985238995.000000,2154990.000000
502000,0,269924,0.600000,1.000000,0.740140,1.000000,0.000000,0,0.000000,501994.000000,1.000000,1165708362893.000000,5398414.000000
502000,1,269919,0.600000,1.000000,0.601229,1.000000,0.000000,0,0.000000,501961.000000,1.000000,1165708362893.000000,5398414.000000
502000,2,269919,0.600000,1.000000,0.539564,1.000000,0.000000,0,0.000000,501949.000000,1.000000,1165708362893.000000,5398414.000000
502000,3,269922,0.600000,1.000000,0.706201,1.000000,0.000000,0,0.000000,501833.000000,1.000000,1165708362893.000000,5398414.000000
502000,4,269914,0.600000,1.000000,0.510662,1.000000,0.000000,0,0.000000,501945.000000,1.000000,1165708362893.000000,5398414.000000
502000,5,269919,0.600000,1.000000,0.618911,1.000000,0.000000,0,0.000000,501958.000000,1.000000,1165708362893.000000,5398414.000000
502000,6,269922,0.600000,1.000000,0.674701,1.000000,0.000000,0,0.000000,501972.000000,1.000000,1165708362893.000000,5398414.000000
502000,7,269916,0.600000,1.000000,0.573255,1.000000,0.000000,0,0.000000,501936.000000,1.000000,1165708362893.000000,5398414.000000
502000,8,269922,0.600000,1.000000,0.676357,1.000000,0.000000,0,0.000000,501976.000000,1.000000,1165708362893.000000,5398414.000000
502000,9,269924,0.600000,1.000000,0.649371,1.000000,0.000000,0,0.000000,501982.000000,1.000000,1165708362893.000000,5398414.000000
502000,10,269923,0.600000,1.000000,0.569982,1.000000,0.000000,0,0.000000,501996.000000,1.000000,1165708362893.000000,5398414.000000
502000,11,269922,0.600000,1.000000,0.619262,1.000000,0.000000,0,0.000000,501923.000000,1.000000,1165708362893.000000,5398414.000000
502000,12,269906,0.600000,1.000000,0.597501,1.000000,0.000000,0,0.000000,501880.000000,1.000000,1165708362893.000000,5398414.000000
502000,13,269923,0.600000,1.000000,0.609877,1.000000,0.000000,0,0.000000,501997.000000,1.000000,1165708362893.000000,5398414.000000
502000,14,269920,0.600000,1.000000,0.594239,1.000000,0.000000,0,0.000000,501885.000000,1.000000,1165708362893.000000,5398414.000000
502000,15,269924,0.600000,1.000000,0.790585,1.000000,0.000000,1,449554.000000,502000.000000,1.000000,1165708362893.000000,5398414.000000
503000,0,270447,0.600000,1.000000,0.580766,1.000000,0.000000,0,0.000000,502830.000000,1.000000,1170272308837.000000,2704501.000000
503000,1,270450,0.600000,1.000000,0.654977,1.000000,0.000000,0,0.000000,502998.000000,1.000000,1170272308837.000000,2704501.000000
503000,2,270449,0.600000,1.000000,0.603515,1.000000,0.000000,0,0.000000,502974.000000,1.000000,1170272308837.000000,2704501.000000
503000,3,270442,0.600000,1.000000,0.572477,1.000000,0.000000,0,0.000000,502895.000000,1.000000,1170272308837.000000,2704501.000000
503000,4,270438,0.600000,1.000000,0.618309,1.000000,0.000000,0,0.000000,502870.000000,1.000000,1170272308837.000000,2704501.000000
503000,5,270450,0.600000,1.000000,0.614004,1.000000,0.000000,0,0.000000,502909.000000,1.000000,1170272308837.000000,2704501.000000
503000,6,270451,0.600000,1.000000,0.608450,1.000000,0.000000,0,0.000000,502972.000000,1.000000,1170272308837.000000,2704501.000000
503000,7,270445,0.600000,1.000000,0.529086,1.000000,0.000000,0,0.000000,502946.000000,1.000000,1170272308837.000000,2704501.000000
503000,8,270441,0.600000,1.000000,0.559889,1.000000,0.000000,0,0.000000,502827.000000,1.000000,1170272308837.000000,2704501.000000
503000,9,270450,0.600000,1.000000,0.688998,1.000000,0.000000,0,0.000000,502999.000000,1.000000,1170272308837.000000,2704501.000000
503000,10,270449,0.600000,1.000000,0.685783,1.000000,0.000000,0,0.000000,502931.000000,1.000000,1170272308837.000000,2704501.000000
503000,11,270449,0.600000,1.000000,0.579188,1.000000,0.000000,0,0.000000,502948.000000,1.000000,1170272308837.000000,2704501.000000
503000,12,270449,0.600000,1.000000,0.752177,1.000000,0.000000,0,0.000000,502988.000000,1.000000,1170272308837.000000,2704501.000000
503000,13,270452,0.600000,1.000000,0.560335,1.000000,0.000000,0,0.000000,502966.000000,1.000000,1170272308837.000000,2704501.000000
503000,14,270451,0.600000,1.000000,0.698017,1.000000,0.000000,1,450568.000000,503000.000000,1.000000,1170272308837.000000,2704501.000000
503000,15,270452,0.600000,1.000000,0.666739,1.000000,0.000000,0,0.000000,502996.000000,1.000000,1170272308837.000000,2704501.000000
504000,0,270980,0.600000,1.000000,0.628455,1.000000,0.000000,0,0.000000,503975.000000,1.000000,1174924840020.000000,5961695.000000
504000,1,270989,0.600000,1.000000,0.739064,1.000000,0.000000,1,451540.000000,504000.000000,1.000000,1174924840020.000000,5961695.000000
504000,2,270982,0.600000,1.000000,0.648475,1.000000,0.000000,0,0.000000,503965.000000,1.000000,1174924840020.000000,5961695.000000
504000,3,270970,0.600000,1.000000,0.530451,1.000000,0.000000,0,0.000000,503779.000000,1.000000,1174924840020.000000,5961695.000000
504000,4,270986,0.600000,1.000000,0.639903,1.000000,0.000000,0,0.000000,503991.000000,1.000000,1174924840020.000000,5961695.000000
504000,5,270988,0.600000,1.000000,0.641029,1.000000,0.000000,0,0.000000,503992.000000,1.000000,1174924840020.000000,5961695.000000
504000,6,270981,0.600000,1.000000,0.582936,1.000000,0.000000,0,0.000000,503966.000000,1.000000,1174924840020.000000,5961695.000000
504000,7,270986,0.600000,1.000000,0.652369,1.000000,0.000000,0,0.000000,503981.000000,1.000000,1174924840020.000000,5961695.000000
504000,8,270984,0.600000,1.000000,0.604102,1.000000,0.000000,0,0.000000,503936.000000,1.000000,1174924840020.000000,5961695.000000
504000,9,270987,0.600000,1.000000,0.712741,1.000000,0.000000,0,0.000000,503998.000000,1.000000,1174924840020.000000,5961695.000000
504000,10,270985,0.600000,1.000000,0.668809,1.000000,0.000000,0,0.000000,503949.000000,1.000000,1174924840020.000000,5961695.000000
504000,11,270987,0.600000,1.000000,0.676063,1.000000,0.000000,0,0.000000,503990.000000,1.000000,1174924840020.000000,5961695.000000
504000,12,270987,0.600000,1.000000,0.673378,1.000000,0.000000,0,0.000000,503983.000000,1.000000,1174924840020.000000,5961695.000000
504000,13,270990,0.600000,1.000000,0.663631,1.000000,0.000000,0,0.000000,503997.000000,1.000000,1174924840020.000000,5961695.000000
504000,14,270989,0.600000,1.000000,0.805655,1.000000,0.000000,0,0.000000,503994.000000,1.000000,1174924840020.000000,5961695.000000
504000,15,270987,0.600000,1.000000,0.745200,1.000000,0.000000,0,0.000000,503980.000000,1.000000,1174924840020.000000,5961695.000000
505000,0,271537,0.600000,1.000000,0.683983,1.000000,0.000000,0,0.000000,504990.000000,1.000000,1179681635616.000000,2715315.000000
505000,1,271534,0.600000,1.000000,0.673545,1.000000,0.000000,0,0.000000,504964.000000,1.000000,1179681635616.000000,2715315.000000
505000,2,271533,0.600000,1.000000,0.659939,1.000000,0.000000,0,0.000000,504988.000000,1.000000,1179681635616.000000,2715315.000000
505000,3,271531,0.600000,1.000000,0.696269,1.000000,0.000000,0,0.000000,504836.000000,1.000000,1179681635616.000000,2715315.000000
505000,4,271537,0.600000,1.000000,0.718223,1.000000,0.000000,0,0.000000,504993.000000,1.000000,1179681635616.000000,2715315.000000
505000,5,271526,0.600000,1.000000,0.580453,1.000000,0.000000,0,0.000000,504915.000000,1.000000,1179681635616.000000,2715315.000000
505000,6,271537,0.600000,1.000000,0.749307,1.000000,0.000000,0,0.000000,504999.000000,1.000000,1179681635616.000000,2715315.000000
505000,7,271533,0.600000,1.000000,0.659547,1.000000,0.000000,0,0.000000,504950.000000,1.000000,1179681635616.000000,2715315.000000
505000,8,271528,0.600000,1.000000,0.649006,1.000000,0.000000,0,0.000000,504903.000000,1.000000,1179681635616.000000,2715315.000000
505000,9,271522,0.600000,1.000000,0.679408,1.000000,0.000000,0,0.000000,504756.000000,1.000000,1179681635616.000000,2715315.000000
505000,10,271537,0.600000,1.000000,0.575016,1.000000,0.000000,1,451526.000000,505000.000000,1.000000,1179681635616.000000,2715315.000000
505000,11,271534,0.600000,1.000000,0.658878,1.000000,0.000000,0,0.000000,504970.000000,1.000000,1179681635616.000000,2715315.000000
505000,12,271536,0.600000,1.000000,0.716910,1.000000,0.000000,0,0.000000,504998.000000,1.000000,1179681635616.000000,2715315.000000
505000,13,271536,0.600000,1.000000,0.643192,1.000000,0.000000,0,0.000000,504995.000000,1.000000,1179681635616.000000,2715315.000000
505000,14,271528,0.600000,1.000000,0.681008,1.000000,0.000000,0,0.000000,504931.000000,1.000000,1179681635616.000000,2715315.000000
505000,15,271537,0.600000,1.000000,0.645796,1.000000,0.000000,0,0.000000,504976.000000,1.000000,1179681635616.000000,2715315.000000
506000,0,272064,0.600000,1.000000,0.675004,1.000000,0.000000,0,0.000000,505997.000000,1.000000,1184269018401.000000,2720617.000000
506000,1,272062,0.600000,1.000000,0.592542,1.000000,0.000000,0,0.000000,505984.000000,1.000000,1184269018401.000000,2720617.000000
506000,2,272059,0.600000,1.000000,0.698946,1.000000,0.000000,0,0.000000,505985.000000,1.000000,1184269018401.000000,2720617.000000
506000,3,272063,0.600000,1.000000,0.634437,1.000000,0.000000,0,0.000000,505990.000000,1.000000,1184269018401.000000,2720617.000000
506000,4,272052,0.600000,1.000000,0.499482,1.000000,0.000000,0,0.000000,505869.000000,1.000000,1184269018401.000000,2720617.000000
506000,5,272063,0.600000,1.000000,0.728602,1.000000,0.000000,0,0.000000,505963.000000,1.000000,1184269018401.000000,2720617.000000
506000,6,272064,0.600000,1.000000,0.743434,1.000000,0.000000,0,0.000000,505999.000000,1.000000,1184269018401.000000,2720617.000000
506000,7,272059,0.600000,1.000000,0.579548,1.000000,0.000000,0,0.000000,505914.000000,1.000000,1184269018401.000000,2720617.000000
506000,8,272061,0.600000,1.000000,0.595597,1.000000,0.000000,0,0.000000,505587.000000,1.000000,1184269018401.000000,2720617.000000
506000,9,272052,0.600000,1.000000,0.545587,1.000000,0.000000,0,0.000000,505933.000000,1.000000,1184269018401.000000,2720617.000000
506000,10,272061,0.600000,1.000000,0.632557,1.000000,0.000000,0,0.000000,505278.000000,1.000000,1184269018401.000000,2720617.000000
506000,11,272059,0.600000,1.000000,0.693204,1.000000,0.000000,0,0.000000,505910.000000,1.000000,1184269018401.000000,2720617.000000
506000,12,272061,0.600000,1.000000,0.594974,1.000000,0.000000,0,0.000000,505989.000000,1.000000,1184269018401.000000,2720617.000000
506000,13,272060,0.600000,1.000000,0.662457,1.000000,0.000000,0,0.000000,505668.000000,1.000000,1184269018401.000000,2720617.000000
506000,14,272062,0.600000,1.000000,0.697912,1.000000,0.000000,0,0.000000,505996.000000,1.000000,1184269018401.000000,2720617.000000
506000,15,272063,0.600000,1.000000,0.793031,1.000000,0.000000,1,453192.000000,506000.000000,1.000000,1184269018401.000000,2720617.000000
507000,0,272602,0.600000,1.000000,0.727356,1.000000,0.000000,0,0.000000,506988.000000,1.000000,1188953623492.000000,4361554.000000
507000,1,272598,0.600000,1.000000,0.667026,1.000000,0.000000,0,0.000000,506921.000000,1.000000,1188953623492.000000,4361554.000000
507000,2,272597,0.600000,1.000000,0.622376,1.000000,0.000000,0,0.000000,506968.000000,1.000000,1188953623492.000000,4361554.000000
507000,3,272599,0.600000,1.000000,0.683072,1.000000,0.000000,0,0.000000,506973.000000,1.000000,1188953623492.000000,4361554.000000
507000,4,272601,0.600000,1.000000,0.736132,1.000000,0.000000,1,454636.000000,507000.000000,1.000000,1188953623492.000000,4361554.000000
507000,5,272588,0.600000,1.000000,0.591894,1.000000,0.000000,0,0.000000,506867.000000,1.000000,1188953623492.000000,4361554.000000
507000,6,272600,0.600000,1.000000,0.652925,1.000000,0.000000,0,0.000000,506991.000000,1.000000,1188953623492.000000,4361554.000000
507000,7,272601,0.600000,1.000000,0.694439,1.000000,0.000000,0,0.000000,506998.000000,1.000000,1188953623492.000000,4361554.000000
507000,8,272591,0.600000,1.000000,0.583638,1.000000,0.000000,0,0.000000,506779.000000,1.000000,1188953623492.000000,4361554.000000
507000,9,272599,0.600000,1.000000,0.674179,1.000000,0.000000,0,0.000000,506897.000000,1.000000,1188953623492.000000,4361554.000000
507000,10,272597,0.600000,1.000000,0.639254,1.000000,0.000000,0,0.000000,506984.000000,1.000000,1188953623492.000000,4361554.000000
507000,11,272600,0.600000,1.000000,0.601780,1.000000,0.000000,0,0.000000,506989.000000,1.000000,1188953623492.000000,4361554.000000
507000,12,272600,0.600000,1.000000,0.732395,1.000000,0.000000,0,0.000000,506999.000000,1.000000,1188953623492.000000,4361554.000000
507000,13,272600,0.600000,1.000000,0.669098,1.000000,0.000000,0,0.000000,506990.000000,1.000000,1188953623492.000000,4361554.000000
507000,14,272594,0.600000,1.000000,0.606238,1.000000,0.000000,0,0.000000,506812.000000,1.000000,1188953623492.000000,4361554.000000
507000,15,272599,0.600000,1.000000,0.755575,1.000000,0.000000,0,0.000000,506997.000000,1.000000,1188953623492.000000,4361554.000000
508000,0,273130,0.600000,1.000000,0.688991,1.000000,0.000000,0,0.000000,507950.000000,1.000000,1193593941721.000000,6555100.000000
508000,1,273124,0.600000,1.000000,0.522642,1.000000,0.000000,0,0.000000,507771.000000,1.000000,1193593941721.000000,6555100.000000
508000,2,273132,0.600000,1.000000,0.689995,1.000000,0.000000,0,0.000000,507996.000000,1.000000,1193593941721.000000,6555100.000000
508000,3,273125,0.600000,1.000000,0.604803,1.000000,0.000000,0,0.000000,507877.000000,1.000000,1193593941721.000000,6555100.000000
508000,4,273132,0.600000,1.000000,0.691464,1.000000,0.000000,0,0.000000,507997.000000,1.000000,1193593941721.000000,6555100.000000
508000,5,273132,0.600000,1.000000,0.676352,1.000000,0.000000,1,454878.000000,508000.000000,1.000000,1193593941721.000000,6555100.000000
508000,6,273132,0.600000,1.000000,0.706950,1.000000,0.000000,0,0.000000,507999.000000,1.000000,1193593941721.000000,6555100.000000
508000,7,273131,0.600000,1.000000,0.682483,1.000000,0.000000,0,0.000000,507987.000000,1.000000,1193593941721.000000,6555100.000000
508000,8,273130,0.600000,1.000000,0.567189,1.000000,0.000000,0,0.000000,507984.000000,1.000000,1193593941721.000000,6555100.000000
508000,9,273126,0.600000,1.000000,0.696246,1.000000,0.000000,0,0.000000,507951.000000,1.000000,1193593941721.000000,6555100.000000
508000,10,273121,0.600000,1.000000,0.549191,1.000000,0.000000,0,0.000000,507533.000000,1.000000,1193593941721.000000,6555100.000000
508000,11,273130,0.600000,1.000000,0.638489,1.000000,0.000000,0,0.000000,507938.000000,1.000000,1193593941721.000000,6555100.000000
508000,12,273131,0.600000,1.000000,0.735180,1.000000,0.000000,0,0.000000,507897.000000,1.000000,1193593941721.000000,6555100.000000
508000,13,273130,0.600000,1.000000,0.686963,1.000000,0.000000,0,0.000000,507981.000000,1.000000,1193593941721.000000,6555100.000000
508000,14,273132,0.600000,1.000000,0.631501,1.000000,0.000000,0,0.000000,507995.000000,1.000000,1193593941721.000000,6555100.000000
508000,15,273131,0.600000,1.000000,0.725010,1.000000,0.000000,0,0.000000,507989.000000,1.000000,1193593941721.000000,6555100.000000
509000,0,273664,0.600000,1.000000,0.576865,1.000000,0.000000,0,0.000000,508952.000000,1.000000,1198285989034.000000,6567978.000000
509000,1,273665,0.600000,1.000000,0.560939,1.000000,0.000000,0,0.000000,508928.000000,1.000000,1198285989034.000000,6567978.000000
509000,2,273668,0.600000,1.000000,0.655250,1.000000,0.000000,0,0.000000,508975.000000,1.000000,1198285989034.000000,6567978.000000
509000,3,273659,0.600000,1.000000,0.770852,1.000000,0.000000,0,0.000000,508410.000000,1.000000,1198285989034.000000,6567978.000000
509000,4,273669,0.600000,1.000000,0.645460,1.000000,0.000000,0,0.000000,508977.000000,1.000000,1198285989034.000000,6567978.000000
509000,5,273666,0.600000,1.000000,0.673799,1.000000,0.000000,0,0.000000,508989.000000,1.000000,1198285989034.000000,6567978.000000
509000,6,273669,0.600000,1.000000,0.647851,1.000000,0.000000,0,0.000000,508963.000000,1.000000,1198285989034.000000,6567978.000000
509000,7,273668,0.600000,1.000000,0.837086,1.000000,0.000000,1,456888.000000,509000.000000,1.000000,1198285989034.000000,6567978.000000
509000,8,273665,0.600000,1.000000,0.630082,1.000000,0.000000,0,0.000000,508934.000000,1.000000,1198285989034.000000,6567978.000000
509000,9,273661,0.600000,1.000000,0.566706,1.000000,0.000000,0,0.000000,508972.000000,1.000000,1198285989034.000000,6567978.000000
509000,10,273665,0.600000,1.000000,0.794754,1.000000,0.000000,0,0.000000,507533.000000,1.000000,1198285989034.000000,6567978.000000
509000,11,273663,0.600000,1.000000,0.661613,1.000000,0.000000,0,0.000000,508984.000000,1.000000,1198285989034.000000,6567978.000000
509000,12,273669,0.600000,1.000000,0.653283,1.000000,0.000000,0,0.000000,508997.000000,1.000000,1198285989034.000000,6567978.000000
509000,13,273668,0.600000,1.000000,0.689495,1.000000,0.000000,0,0.000000,508992.000000,1.000000,1198285989034.000000,6567978.000000
509000,14,273666,0.600000,1.000000,0.593543,1.000000,0.000000,0,0.000000,508988.000000,1.000000,1198285989034.000000,6567978.000000
509000,15,273665,0.600000,1.000000,0.737862,1.000000,0.000000,0,0.000000,508995.000000,1.000000,1198285989034.000000,6567978.000000
510000,0,274205,0.600000,1.000000,0.639220,1.000000,0.000000,0,0.000000,509982.000000,1.000000,1203017402900.000000,5484104.000000
510000,1,274205,0.600000,1.000000,0.663918,1.000000,0.000000,0,0.000000,509967.000000,1.000000,1203017402900.000000,5484104.000000
510000,2,274202,0.600000,1.000000,0.608251,1.000000,0.000000,0,0.000000,509986.000000,1.000000,1203017402900.000000,5484104.000000
510000,3,274204,0.600000,1.000000,0.736211,1.000000,0.000000,0,0.000000,509699.000000,1.000000,1203017402900.000000,5484104.000000
510000,4,274206,0.600000,1.000000,0.610470,1.000000,0.000000,0,0.000000,509970.000000,1.000000,1203017402900.000000,5484104.000000
510000,5,274207,0.600000,1.000000,0.664990,1.000000,0.000000,0,0.000000,509998.000000,1.000000,1203017402900.000000,5484104.000000
510000,6,274208,0.600000,1.000000,0.610510,1.000000,0.000000,0,0.000000,509995.000000,1.000000,1203017402900.000000,5484104.000000
510000,7,274206,0.600000,1.000000,0.691050,1.000000,0.000000,0,0.000000,509991.000000,1.000000,1203017402900.000000,5484104.000000
510000,8,274206,0.600000,1.000000,0.791758,1.000000,0.000000,0,0.000000,509999.000000,1.000000,1203017402900.000000,5484104.000000
510000,9,274203,0.600000,1.000000,0.431335,1.000000,0.000000,0,0.000000,509975.000000,1.000000,1203017402900.000000,5484104.000000
510000,10,274207,0.600000,1.000000,0.715652,1.000000,0.000000,0,0.000000,509996.000000,1.000000,1203017402900.000000,5484104.000000
510000,11,274207,0.600000,1.000000,0.632144,1.000000,0.000000,1,457625.000000,510000.000000,1.000000,1203017402900.000000,5484104.000000
510000,12,274206,0.600000,1.000000,0.713713,1.000000,0.000000,0,0.000000,509987.000000,1.000000,1203017402900.000000,5484104.000000
510000,13,274204,0.600000,1.000000,0.510008,1.000000,0.000000,0,0.000000,509990.000000,1.000000,1203017402900.000000,5484104.000000
510000,14,274205,0.600000,1.000000,0.635676,1.000000,0.000000,0,0.000000,509931.000000,1.000000,1203017402900.000000,5484104.000000
510000,15,274205,0.600000,1.000000,0.640888,1.000000,0.000000,0,0.000000,509980.000000,1.000000,1203017402900.000000,5484104.000000
511000,0,274744,0.600000,1.000000,0.682321,1.000000,0.000000,0,0.000000,510948.000000,1.000000,1207721873580.000000,5494850.000000
511000,1,274732,0.600000,1.000000,0.646397,1.000000,0.000000,0,0.000000,510743.000000,1.000000,1207721873580.000000,5494850.000000
511000,2,274742,0.600000,1.000000,0.773963,1.000000,0.000000,0,0.000000,510997.000000,1.000000,1207721873580.000000,5494850.000000
511000,3,274741,0.600000,1.000000,0.618646,1.000000,0.000000,0,0.000000,510946.000000,1.000000,1207721873580.000000,5494850.000000
511000,4,274746,0.600000,1.000000,0.788231,1.000000,0.000000,0,0.000000,510954.000000,1.000000,1207721873580.000000,5494850.000000
511000,5,274746,0.600000,1.000000,0.688194,1.000000,0.000000,1,457511.000000,511000.000000,1.000000,1207721873580.000000,5494850.000000
511000,6,274736,0.600000,1.000000,0.766100,1.000000,0.000000,0,0.000000,510618.000000,1.000000,1207721873580.000000,5494850.000000
511000,7,274744,0.600000,1.000000,0.808752,1.000000,0.000000,0,0.000000,510998.000000,1.000000,1207721873580.000000,5494850.000000
511000,8,274734,0.600000,1.000000,0.615851,1.000000,0.000000,0,0.000000,510641.000000,1.000000,1207721873580.000000,5494850.000000
511000,9,274737,0.600000,1.000000,0.576227,1.000000,0.000000,0,0.000000,510955.000000,1.000000,1207721873580.000000,5494850.000000
511000,10,274741,0.600000,1.000000,0.580392,1.000000,0.000000,0,0.000000,510981.000000,1.000000,1207721873580.000000,5494850.000000
511000,11,274745,0.600000,1.000000,0.705810,1.000000,0.000000,0,0.000000,510965.000000,1.000000,1207721873580.000000,5494850.000000
511000,12,274742,0.600000,1.000000,0.634468,1.000000,0.000000,0,0.000000,510978.000000,1.000000,1207721873580.000000,5494850.000000
511000,13,274738,0.600000,1.000000,0.655208,1.000000,0.000000,0,0.000000,510870.000000,1.000000,1207721873580.000000,5494850.000000
511000,14,274744,0.600000,1.000000,0.627514,1.000000,0.000000,0,0.000000,510989.000000,1.000000,1207721873580.000000,5494850.000000
511000,15,274744,0.600000,1.000000,0.678561,1.000000,0.000000,0,0.000000,510991.000000,1.000000,1207721873580.000000,5494850.000000
512000,0,275270,0.600000,1.000000,0.587708,1.000000,0.000000,0,0.000000,511980.000000,1.000000,1212370009695.000000,4954843.000000
512000,1,275270,0.600000,1.000000,0.649462,1.000000,0.000000,0,0.000000,511968.000000,1.000000,1212370009695.000000,4954843.000000
512000,2,275262,0.600000,1.000000,0.519300,1.000000,0.000000,0,0.000000,511619.000000,1.000000,1212370009695.000000,4954843.000000
512000,3,275273,0.600000,1.000000,0.688372,1.000000,0.000000,0,0.000000,511992.000000,1.000000,1212370009695.000000,4954843.000000
512000,4,275272,0.600000,1.000000,0.642598,1.000000,0.000000,0,0.000000,511988.000000,1.000000,1212370009695.000000,4954843.000000
512000,5,275274,0.600000,1.000000,0.754913,1.000000,0.000000,0,0.000000,511998.000000,1.000000,1212370009695.000000,4954843.000000
512000,6,275268,0.600000,1.000000,0.610398,1.000000,0.000000,0,0.000000,511929.000000,1.000000,1212370009695.000000,4954843.000000
512000,7,275266,0.600000,1.000000,0.575688,1.000000,0.000000,0,0.000000,511791.000000,1.000000,1212370009695.000000,4954843.000000
512000,8,275271,0.600000,1.000000,0.579552,1.000000,0.000000,0,0.000000,511843.000000,1.000000,1212370009695.000000,4954843.000000
512000,9,275274,0.600000,1.000000,0.573331,1.000000,0.000000,0,0.000000,511905.000000,1.000000,1212370009695.000000,4954843.000000
512000,10,275262,0.600000,1.000000,0.647478,1.000000,0.000000,0,0.000000,511902.000000,1.000000,1212370009695.000000,4954843.000000
512000,11,275274,0.600000,1.000000,0.788740,1.000000,0.000000,0,0.000000,511997.000000,1.000000,1212370009695.000000,4954843.000000
512000,12,275261,0.600000,1.000000,0.510626,1.000000,0.000000,0,0.000000,511884.000000,1.000000,1212370009695.000000,4954843.000000
512000,13,275274,0.600000,1.000000,0.744903,1.000000,0.000000,1,459464.000000,512000.000000,1.000000,1212370009695.000000,4954843.000000
512000,14,275268,0.600000,1.000000,0.665992,1.000000,0.000000,0,0.000000,511986.000000,1.000000,1212370009695.000000,4954843.000000
512000,15,275268,0.600000,1.000000,0.767024,1.000000,0.000000,0,0.000000,511775.000000,1.000000,1212370009695.000000,4954843.000000
513000,0,275811,0.600000,1.000000,0.653570,1.000000,0.000000,0,0.000000,512983.000000,1.000000,1217100988142.000000,5516092.000000
513000,1,275811,0.600000,1.000000,0.884607,1.000000,0.000000,1,459669.000000,513000.000000,1.000000,1217100988142.000000,5516092.000000
513000,2,275803,0.600000,1.000000,0.639327,1.000000,0.000000,0,0.000000,512940.000000,1.000000,1217100988142.000000,5516092.000000
513000,3,275800,0.600000,1.000000,0.577539,1.000000,0.000000,0,0.000000,512918.000000,1.000000,1217100988142.000000,5516092.000000
513000,4,275808,0.600000,1.000000,0.657188,1.000000,0.000000,0,0.000000,512889.000000,1.000000,1217100988142.000000,5516092.000000
513000,5,275799,0.600000,1.000000,0.633247,1.000000,0.000000,0,0.000000,512931.000000,1.000000,1217100988142.000000,5516092.000000
513000,6,275801,0.600000,1.000000,0.598689,1.000000,0.000000,0,0.000000,512956.000000,1.000000,1217100988142.000000,5516092.000000
513000,7,275804,0.600000,1.000000,0.566238,1.000000,0.000000,0,0.000000,512972.000000,1.000000,1217100988142.000000,5516092.000000
513000,8,275808,0.600000,1.000000,0.607112,1.000000,0.000000,0,0.000000,512775.000000,1.000000,1217100988142.000000,5516092.000000
513000,9,275812,0.600000,1.000000,0.821573,1.000000,0.000000,0,0.000000,512998.000000,1.000000,1217100988142.000000,5516092.000000
513000,10,275811,0.600000,1.000000,0.677936,1.000000,0.000000,0,0.000000,512993.000000,1.000000,1217100988142.000000,5516092.000000
513000,11,275810,0.600000,1.000000,0.765080,1.000000,0.000000,0,0.000000,512944.000000,1.000000,1217100988142.000000,5516092.000000
513000,12,275812,0.600000,1.000000,0.774694,1.000000,0.000000,0,0.000000,512975.000000,1.000000,1217100988142.000000,5516092.000000
513000,13,275802,0.600000,1.000000,0.589244,1.000000,0.000000,0,0.000000,512068.000000,1.000000,1217100988142.000000,5516092.000000
513000,14,275804,0.600000,1.000000,0.671474,1.000000,0.000000,0,0.000000,512952.000000,1.000000,1217100988142.000000,5516092.000000
513000,15,275796,0.600000,1.000000,0.606271,1.000000,0.000000,0,0.000000,512817.000000,1.000000,1217100988142.000000,5516092.000000
514000,0,276340,0.600000,1.000000,0.676567,1.000000,0.000000,0,0.000000,513997.000000,1.000000,1221786463888.000000,2763357.000000
514000,1,276340,0.600000,1.000000,0.718911,1.000000,0.000000,0,0.000000,513991.000000,1.000000,1221786463888.000000,2763357.000000
514000,2,276327,0.600000,1.000000,0.598278,1.000000,0.000000,0,0.000000,513736.000000,1.000000,1221786463888.000000,2763357.000000
514000,3,276335,0.600000,1.000000,0.569441,1.000000,0.000000,0,0.000000,513883.000000,1.000000,1221786463888.000000,2763357.000000
514000,4,276339,0.600000,1.000000,0.749295,1.000000,0.000000,0,0.000000,513999.000000,1.000000,1221786463888.000000,2763357.000000
514000,5,276336,0.600000,1.000000,0.616602,1.000000,0.000000,0,0.000000,513958.000000,1.000000,1221786463888.000000,2763357.000000
514000,6,276339,0.600000,1.000000,0.647157,1.000000,0.000000,0,0.000000,513796.000000,1.000000,1221786463888.000000,2763357.000000
514000,7,276334,0.600000,1.000000,0.609877,1.000000,0.000000,0,0.000000,513872.000000,1.000000,1221786463888.000000,2763357.000000
514000,8,276332,0.600000,1.000000,0.630694,1.000000,0.000000,0,0.000000,513983.000000,1.000000,1221786463888.000000,2763357.000000
514000,9,276332,0.600000,1.000000,0.511792,1.000000,0.000000,0,0.000000,513939.000000,1.000000,1221786463888.000000,2763357.000000
514000,10,276340,0.600000,1.000000,0.743310,1.000000,0.000000,0,0.000000,513988.000000,1.000000,1221786463888.000000,2763357.000000
514000,11,276334,0.600000,1.000000,0.620877,1.000000,0.000000,0,0.000000,513967.000000,1.000000,1221786463888.000000,2763357.000000
514000,12,276339,0.600000,1.000000,0.775823,1.000000,0.000000,0,0.000000,513995.000000,1.000000,1221786463888.000000,2763357.000000
514000,13,276339,0.600000,1.000000,0.745659,1.000000,0.000000,1,461383.000000,514000.000000,1.000000,1221786463888.000000,2763357.000000
514000,14,276337,0.600000,1.000000,0.537735,1.000000,0.000000,0,0.000000,513831.000000,1.000000,1221786463888.000000,2763357.000000
514000,15,276335,0.600000,1.000000,0.642331,1.000000,0.000000,0,0.000000,513854.000000,1.000000,1221786463888.000000,2763357.000000
515000,0,276870,0.600000,1.000000,0.626717,1.000000,0.000000,0,0.000000,514970.000000,1.000000,1226581169025.000000,6091319.000000
515000,1,276881,0.600000,1.000000,0.723657,1.000000,0.000000,0,0.000000,514990.000000,1.000000,1226581169025.000000,6091319.000000
515000,2,276875,0.600000,1.000000,0.629061,1.000000,0.000000,0,0.000000,514954.000000,1.000000,1226581169025.000000,6091319.000000
515000,3,276874,0.600000,1.000000,0.734714,1.000000,0.000000,0,0.000000,514766.000000,1.000000,1226581169025.000000,6091319.000000
515000,4,276878,0.600000,1.000000,0.686005,1.000000,0.000000,0,0.000000,514997.000000,1.000000,1226581169025.000000,6091319.000000
515000,5,276876,0.600000,1.000000,0.644575,1.000000,0.000000,0,0.000000,514644.000000,1.000000,1226581169025.000000,6091319.000000
515000,6,276881,0.600000,1.000000,0.672711,1.000000,0.000000,1,461469.000000,515000.000000,1.000000,1226581169025.000000,6091319.000000
515000,7,276875,0.600000,1.000000,0.583465,1.000000,0.000000,0,0.000000,514972.000000,1.000000,1226581169025.000000,6091319.000000
515000,8,276878,0.600000,1.000000,0.683081,1.000000,0.000000,0,0.000000,514984.000000,1.000000,1226581169025.000000,6091319.000000
515000,9,276881,0.600000,1.000000,0.767354,1.000000,0.000000,0,0.000000,514670.000000,1.000000,1226581169025.000000,6091319.000000
515000,10,276877,0.600000,1.000000,0.733630,1.000000,0.000000,0,0.000000,514826.000000,1.000000,1226581169025.000000,6091319.000000
515000,11,276879,0.600000,1.000000,0.711890,1.000000,0.000000,0,0.000000,514998.000000,1.000000,1226581169025.000000,6091319.000000
515000,12,276881,0.600000,1.000000,0.607973,1.000000,0.000000,0,0.000000,514866.000000,1.000000,1226581169025.000000,6091319.000000
515000,13,276880,0.600000,1.000000,0.690481,1.000000,0.000000,0,0.000000,514991.000000,1.000000,1226581169025.000000,6091319.000000
515000,14,276879,0.600000,1.000000,0.698162,1.000000,0.000000,0,0.000000,514956.000000,1.000000,1226581169025.000000,6091319.000000
515000,15,276880,0.600000,1.000000,0.618458,1.000000,0.000000,0,0.000000,514901.000000,1.000000,1226581169025.000000,6091319.000000
516000,0,277419,0.600000,1.000000,0.805986,1.000000,0.000000,1,461994.000000,516000.000000,1.000000,1231355302932.000000,5548318.000000
516000,1,277415,0.600000,1.000000,0.563432,1.000000,0.000000,0,0.000000,515924.000000,1.000000,1231355302932.000000,5548318.000000
516000,2,277420,0.600000,1.000000,0.791169,1.000000,0.000000,0,0.000000,515999.000000,1.000000,1231355302932.000000,5548318.000000
516000,3,277418,0.600000,1.000000,0.654540,1.000000,0.000000,0,0.000000,515990.000000,1.000000,1231355302932.000000,5548318.000000
516000,4,277420,0.600000,1.000000,0.622652,1.000000,0.000000,0,0.000000,515961.000000,1.000000,1231355302932.000000,5548318.000000
516000,5,277419,0.600000,1.000000,0.689782,1.000000,0.000000,0,0.000000,515953.000000,1.000000,1231355302932.000000,5548318.000000
516000,6,277419,0.600000,1.000000,0.752685,1.000000,0.000000,0,0.000000,515998.000000,1.000000,1231355302932.000000,5548318.000000
516000,7,277410,0.600000,1.000000,0.547625,1.000000,0.000000,0,0.000000,515805.000000,1.000000,1231355302932.000000,5548318.000000
516000,8,277419,0.600000,1.000000,0.653710,1.000000,0.000000,0,0.000000,515960.000000,1.000000,1231355302932.000000,5548318.000000
516000,9,277404,0.600000,1.000000,0.819384,1.000000,0.000000,0,0.000000,515391.000000,1.000000,1231355302932.000000,5548318.000000
516000,10,277419,0.600000,1.000000,0.702551,1.000000,0.000000,0,0.000000,515952.000000,1.000000,1231355302932.000000,5548318.000000
516000,11,277420,0.600000,1.000000,0.748258,1.000000,0.000000,0,0.000000,515996.000000,1.000000,1231355302932.000000,5548318.000000
516000,12,277416,0.600000,1.000000,0.691289,1.000000,0.000000,0,0.000000,515994.000000,1.000000,1231355302932.000000,5548318.000000
516000,13,277419,0.600000,1.000000,0.703390,1.000000,0.000000,0,0.000000,515984.000000,1.000000,1231355302932.000000,5548318.000000
516000,14,277414,0.600000,1.000000,0.698436,1.000000,0.000000,0,0.000000,515956.000000,1.000000,1231355302932.000000,5548318.000000
516000,15,277407,0.600000,1.000000,0.762406,1.000000,0.000000,0,0.000000,515696.000000,1.000000,1231355302932.000000,5548318.000000
517000,0,277947,0.600000,1.000000,0.567614,1.000000,0.000000,0,0.000000,516955.000000,1.000000,1236066442309.000000,6114817.000000
517000,1,277946,0.600000,1.000000,0.667029,1.000000,0.000000,0,0.000000,516919.000000,1.000000,1236066442309.000000,6114817.000000
517000,2,277948,0.600000,1.000000,0.809077,1.000000,0.000000,0,0.000000,516997.000000,1.000000,1236066442309.000000,6114817.000000
517000,3,277949,0.600000,1.000000,0.614882,1.000000,0.000000,0,0.000000,516993.000000,1.000000,1236066442309.000000,6114817.000000
517000,4,277950,0.600000,1.000000,0.759234,1.000000,0.000000,0,0.000000,516992.000000,1.000000,1236066442309.000000,6114817.000000
517000,5,277943,0.600000,1.000000,0.691921,1.000000,0.000000,0,0.000000,516843.000000,1.000000,1236066442309.000000,6114817.000000
517000,6,277948,0.600000,1.000000,0.656000,1.000000,0.000000,0,0.000000,516977.000000,1.000000,1236066442309.000000,6114817.000000
517000,7,277947,0.600000,1.000000,0.594377,1.000000,0.000000,0,0.000000,516978.000000,1.000000,1236066442309.000000,6114817.000000
517000,8,277944,0.600000,1.000000,0.647317,1.000000,0.000000,0,0.000000,516965.000000,1.000000,1236066442309.000000,6114817.000000
517000,9,277950,0.600000,1.000000,0.746264,1.000000,0.000000,1,463863.000000,517000.000000,1.000000,1236066442309.000000,6114817.000000
517000,10,277949,0.600000,1.000000,0.582395,1.000000,0.000000,0,0.000000,516983.000000,1.000000,1236066442309.000000,6114817.000000
517000,11,277947,0.600000,1.000000,0.603606,1.000000,0.000000,0,0.000000,516917.000000,1.000000,1236066442309.000000,6114817.000000
517000,12,277949,0.600000,1.000000,0.745563,1.000000,0.000000,0,0.000000,516995.000000,1.000000,1236066442309.000000,6114817.000000
517000,13,277945,0.600000,1.000000,0.757338,1.000000,0.000000,0,0.000000,516748.000000,1.000000,1236066442309.000000,6114817.000000
517000,14,277943,0.600000,1.000000,0.473160,1.000000,0.000000,0,0.000000,516920.000000,1.000000,1236066442309.000000,6114817.000000
517000,15,277936,0.600000,1.000000,0.537760,1.000000,0.000000,0,0.000000,516899.000000,1.000000,1236066442309.000000,6114817.000000
518000,0,278473,0.600000,1.000000,0.586877,1.000000,0.000000,0,0.000000,517882.000000,1.000000,1240852298420.000000,3898715.000000
518000,1,278484,0.600000,1.000000,0.583756,1.000000,0.000000,0,0.000000,517975.000000,1.000000,1240852298420.000000,3898715.000000
518000,2,278486,0.600000,1.000000,0.609811,1.000000,0.000000,0,0.000000,517983.000000,1.000000,1240852298420.000000,3898715.000000
518000,3,278482,0.600000,1.000000,0.549243,1.000000,0.000000,0,0.000000,517887.000000,1.000000,1240852298420.000000,3898715.000000
518000,4,278488,0.600000,1.000000,0.708888,1.000000,0.000000,0,0.000000,517987.000000,1.000000,1240852298420.000000,3898715.000000
518000,5,278487,0.600000,1.000000,0.803241,1.000000,0.000000,1,463716.000000,518000.000000,1.000000,1240852298420.000000,3898715.000000
518000,6,278479,0.600000,1.000000,0.408093,1.000000,0.000000,0,0.000000,517956.000000,1.000000,1240852298420.000000,3898715.000000
518000,7,278487,0.600000,1.000000,0.725290,1.000000,0.000000,0,0.000000,517992.000000,1.000000,1240852298420.000000,3898715.000000
518000,8,278487,0.600000,1.000000,0.760400,1.000000,0.000000,0,0.000000,517996.000000,1.000000,1240852298420.000000,3898715.000000
518000,9,278488,0.600000,1.000000,0.697623,1.000000,0.000000,0,0.000000,517997.000000,1.000000,1240852298420.000000,3898715.000000
518000,10,278479,0.600000,1.000000,0.614817,1.000000,0.000000,0,0.000000,517905.000000,1.000000,1240852298420.000000,3898715.000000
518000,11,278483,0.600000,1.000000,0.688911,1.000000,0.000000,0,0.000000,517907.000000,1.000000,1240852298420.000000,3898715.000000
518000,12,278485,0.600000,1.000000,0.703918,1.000000,0.000000,0,0.000000,517950.000000,1.000000,1240852298420.000000,3898715.000000
518000,13,278488,0.600000,1.000000,0.729497,1.000000,0.000000,0,0.000000,517925.000000,1.000000,1240852298420.000000,3898715.000000
518000,14,278484,0.600000,1.000000,0.622698,1.000000,0.000000,0,0.000000,517973.000000,1.000000,1240852298420.000000,3898715.000000
518000,15,278482,0.600000,1.000000,0.786812,1.000000,0.000000,0,0.000000,517671.000000,1.000000,1240852298420.000000,3898715.000000
519000,0,279026,0.600000,1.000000,0.652020,1.000000,0.000000,0,0.000000,518997.000000,1.000000,1245658562575.000000,3906289.000000
519000,1,279026,0.600000,1.000000,0.768303,1.000000,0.000000,0,0.000000,518994.000000,1.000000,1245658562575.000000,3906289.000000
519000,2,279020,0.600000,1.000000,0.578701,1.000000,0.000000,0,0.000000,518946.000000,1.000000,1245658562575.000000,3906289.000000
519000,3,279019,0.600000,1.000000,0.680020,1.000000,0.000000,0,0.000000,518576.000000,1.000000,1245658562575.000000,3906289.000000
519000,4,279021,0.600000,1.000000,0.558027,1.000000,0.000000,0,0.000000,518956.000000,1.000000,1245658562575.000000,3906289.000000
519000,5,279023,0.600000,1.000000,0.609847,1.000000,0.000000,0,0.000000,518986.000000,1.000000,1245658562575.000000,3906289.000000
519000,6,279026,0.600000,1.000000,0.602261,1.000000,0.000000,0,0.000000,518992.000000,1.000000,1245658562575.000000,3906289.000000
519000,7,279026,0.600000,1.000000,0.662365,1.000000,0.000000,0,0.000000,518977.000000,1.000000,1245658562575.000000,3906289.000000
519000,8,279026,0.600000,1.000000,0.662640,1.000000,0.000000,0,0.000000,518973.000000,1.000000,1245658562575.000000,3906289.000000
519000,9,279016,0.600000,1.000000,0.603794,1.000000,0.000000,0,0.000000,518906.000000,1.000000,1245658562575.000000,3906289.000000
519000,10,279025,0.600000,1.000000,0.788049,1.000000,0.000000,0,0.000000,518999.000000,1.000000,1245658562575.000000,3906289.000000
519000,11,279024,0.600000,1.000000,0.664018,1.000000,0.000000,0,0.000000,518951.000000,1.000000,1245658562575.000000,3906289.000000
519000,12,279009,0.600000,1.000000,0.519559,1.000000,0.000000,0,0.000000,518759.000000,1.000000,1245658562575.000000,3906289.000000
519000,13,279025,0.600000,1.000000,0.668973,1.000000,0.000000,0,0.000000,518983.000000,1.000000,1245658562575.000000,3906289.000000
519000,14,279025,0.600000,1.000000,0.655615,1.000000,0.000000,0,0.000000,518998.000000,1.000000,1245658562575.000000,3906289.000000
519000,15,279026,0.600000,1.000000,0.734415,1.000000,0.000000,1,464947.000000,519000.000000,1.000000,1245658562575.000000,3906289.000000
520000,0,279552,0.600000,1.000000,0.666058,1.000000,0.000000,0,0.000000,519960.000000,1.000000,1250412613812.000000,5591100.000000
520000,1,279556,0.600000,1.000000,0.638874,1.000000,0.000000,0,0.000000,519994.000000,1.000000,1250412613812.000000,5591100.000000
520000,2,279556,0.600000,1.000000,0.601507,1.000000,0.000000,0,0.000000,519995.000000,1.000000,1250412613812.000000,5591100.000000
520000,3,279556,0.600000,1.000000,0.556139,1.000000,0.000000,0,0.000000,519981.000000,1.000000,1250412613812.000000,5591100.000000
520000,4,279555,0.600000,1.000000,0.789964,1.000000,0.000000,0,0.000000,519999.000000,1.000000,1250412613812.000000,5591100.000000
520000,5,279558,0.600000,1.000000,0.577688,1.000000,0.000000,0,0.000000,519710.000000,1.000000,1250412613812.000000,5591100.000000
520000,6,279556,0.600000,1.000000,0.697097,1.000000,0.000000,0,0.000000,519858.000000,1.000000,1250412613812.000000,5591100.000000
520000,7,279554,0.600000,1.000000,0.642715,1.000000,0.000000,0,0.000000,519916.000000,1.000000,1250412613812.000000,5591100.000000
520000,8,279557,0.600000,1.000000,0.715775,1.000000,0.000000,1,466428.000000,520000.000000,1.000000,1250412613812.000000,5591100.000000
520000,9,279551,0.600000,1.000000,0.525378,1.000000,0.000000,0,0.000000,519943.000000,1.000000,1250412613812.000000,5591100.000000
520000,10,279551,0.600000,1.000000,0.643533,1.000000,0.000000,0,0.000000,519936.000000,1.000000,1250412613812.000000,5591100.000000
520000,11,279555,0.600000,1.000000,0.593019,1.000000,0.000000,0,0.000000,519986.000000,1.000000,1250412613812.000000,5591100.000000
520000,12,279554,0.600000,1.000000,0.659880,1.000000,0.000000,0,0.000000,519982.000000,1.000000,1250412613812.000000,5591100.000000
520000,13,279557,0.600000,1.000000,0.676134,1.000000,0.000000,0,0.000000,519977.000000,1.000000,1250412613812.000000,5591100.000000
520000,14,279553,0.600000,1.000000,0.651867,1.000000,0.000000,0,0.000000,519990.000000,1.000000,1250412613812.000000,5591100.000000
520000,15,279553,0.600000,1.000000,0.603388,1.000000,0.000000,0,0.000000,519988.000000,1.000000,1250412613812.000000,5591100.000000
521000,0,280078,0.600000,1.000000,0.585793,1.000000,0.000000,0,0.000000,520939.000000,1.000000,1255156114188.000000,4481374.000000
521000,1,280085,0.600000,1.000000,0.632890,1.000000,0.000000,0,0.000000,520984.000000,1.000000,1255156114188.000000,4481374.000000
521000,2,280079,0.600000,1.000000,0.678476,1.000000,0.000000,0,0.000000,520899.000000,1.000000,1255156114188.000000,4481374.000000
521000,3,280086,0.600000,1.000000,0.572624,1.000000,0.000000,0,0.000000,520982.000000,1.000000,1255156114188.000000,4481374.000000
521000,4,280089,0.600000,1.000000,0.669896,1.000000,0.000000,1,466970.000000,521000.000000,1.000000,1255156114188.000000,4481374.000000
521000,5,280075,0.600000,1.000000,0.657593,1.000000,0.000000,0,0.000000,520476.000000,1.000000,1255156114188.000000,4481374.000000
521000,6,280085,0.600000,1.000000,0.628753,1.000000,0.000000,0,0.000000,520975.000000,1.000000,1255156114188.000000,4481374.000000
521000,7,280079,0.600000,1.000000,0.637591,1.000000,0.000000,0,0.000000,520237.000000,1.000000,1255156114188.000000,4481374.000000
521000,8,280083,0.600000,1.000000,0.703124,1.000000,0.000000,0,0.000000,520962.000000,1.000000,1255156114188.000000,4481374.000000
521000,9,280088,0.600000,1.000000,0.726411,1.000000,0.000000,0,0.000000,520993.000000,1.000000,1255156114188.000000,4481374.000000
521000,10,280088,0.600000,1.000000,0.651637,1.000000,0.000000,0,0.000000,520978.000000,1.000000,1255156114188.000000,4481374.000000
521000,11,280089,0.600000,1.000000,0.681920,1.000000,0.000000,0,0.000000,520999.000000,1.000000,1255156114188.000000,4481374.000000
521000,12,280085,0.600000,1.000000,0.720442,1.000000,0.000000,0,0.000000,520931.000000,1.000000,1255156114188.000000,4481374.000000
521000,13,280087,0.600000,1.000000,0.656813,1.000000,0.000000,0,0.000000,520940.000000,1.000000,1255156114188.000000,4481374.000000
521000,14,280087,0.600000,1.000000,0.704299,1.000000,0.000000,0,0.000000,520991.000000,1.000000,1255156114188.000000,4481374.000000
521000,15,280087,0.600000,1.000000,0.748846,1.000000,0.000000,0,0.000000,520986.000000,1.000000,1255156114188.000000,4481374.000000
522000,0,280622,0.600000,1.000000,0.666055,1.000000,0.000000,1,467347.000000,522000.000000,1.000000,1259934972647.000000,2244962.000000
522000,1,280615,0.600000,1.000000,0.783554,1.000000,0.000000,0,0.000000,521908.000000,1.000000,1259934972647.000000,2244962.000000
522000,2,280621,0.600000,1.000000,0.774071,1.000000,0.000000,0,0.000000,521998.000000,1.000000,1259934972647.000000,2244962.000000
522000,3,280617,0.600000,1.000000,0.588121,1.000000,0.000000,0,0.000000,521950.000000,1.000000,1259934972647.000000,2244962.000000
522000,4,280620,0.600000,1.000000,0.778802,1.000000,0.000000,0,0.000000,521996.000000,1.000000,1259934972647.000000,2244962.000000
522000,5,280622,0.600000,1.000000,0.793408,1.000000,0.000000,0,0.000000,521999.000000,1.000000,1259934972647.000000,2244962.000000
522000,6,280618,0.600000,1.000000,0.626025,1.000000,0.000000,0,0.000000,521988.000000,1.000000,1259934972647.000000,2244962.000000
522000,7,280618,0.600000,1.000000,0.589649,1.000000,0.000000,0,0.000000,521942.000000,1.000000,1259934972647.000000,2244962.000000
522000,8,280619,0.600000,1.000000,0.786186,1.000000,0.000000,0,0.000000,521560.000000,1.000000,1259934972647.000000,2244962.000000
522000,9,280617,0.600000,1.000000,0.689525,1.000000,0.000000,0,0.000000,521962.000000,1.000000,1259934972647.000000,2244962.000000
522000,10,280603,0.600000,1.000000,0.418688,1.000000,0.000000,0,0.000000,521899.000000,1.000000,1259934972647.000000,2244962.000000
522000,11,280614,0.600000,1.000000,0.602210,1.000000,0.000000,0,0.000000,521925.000000,1.000000,1259934972647.000000,2244962.000000
522000,12,280620,0.600000,1.000000,0.719087,1.000000,0.000000,0,0.000000,521975.000000,1.000000,1259934972647.000000,2244962.000000
522000,13,280616,0.600000,1.000000,0.606853,1.000000,0.000000,0,0.000000,521974.000000,1.000000,1259934972647.000000,2244962.000000
522000,14,280622,0.600000,1.000000,0.705652,1.000000,0.000000,0,0.000000,521997.000000,1.000000,1259934972647.000000,2244962.000000
522000,15,280609,0.600000,1.000000,0.746051,1.000000,0.000000,0,0.000000,521904.000000,1.000000,1259934972647.000000,2244962.000000
523000,0,281152,0.600000,1.000000,0.687793,1.000000,0.000000,0,0.000000,522635.000000,1.000000,1264752150730.000000,3936135.000000
523000,1,281156,0.600000,1.000000,0.718330,1.000000,0.000000,0,0.000000,522998.000000,1.000000,1264752150730.000000,3936135.000000
523000,2,281152,0.600000,1.000000,0.602743,1.000000,0.000000,0,0.000000,522820.000000,1.000000,1264752150730.000000,3936135.000000
523000,3,281151,0.600000,1.000000,0.595907,1.000000,0.000000,0,0.000000,522963.000000,1.000000,1264752150730.000000,3936135.000000
523000,4,281156,0.600000,1.000000,0.687036,1.000000,0.000000,0,0.000000,522996.000000,1.000000,1264752150730.000000,3936135.000000
523000,5,281154,0.600000,1.000000,0.648947,1.000000,0.000000,0,0.000000,522972.000000,1.000000,1264752150730.000000,3936135.000000
523000,6,281157,0.600000,1.000000,0.661663,1.000000,0.000000,1,468625.000000,523000.000000,1.000000,1264752150730.000000,3936135.000000
523000,7,281156,0.600000,1.000000,0.671736,1.000000,0.000000,0,0.000000,522960.000000,1.000000,1264752150730.000000,3936135.000000
523000,8,281149,0.600000,1.000000,0.587899,1.000000,0.000000,0,0.000000,522957.000000,1.000000,1264752150730.000000,3936135.000000
523000,9,281156,0.600000,1.000000,0.653163,1.000000,0.000000,0,0.000000,522986.000000,1.000000,1264752150730.000000,3936135.000000
523000,10,281152,0.600000,1.000000,0.562724,1.000000,0.000000,0,0.000000,522772.000000,1.000000,1264752150730.000000,3936135.000000
523000,11,281149,0.600000,1.000000,0.528933,1.000000,0.000000,0,0.000000,522942.000000,1.000000,1264752150730.000000,3936135.000000
523000,12,281144,0.600000,1.000000,0.548903,1.000000,0.000000,0,0.000000,522432.000000,1.000000,1264752150730.000000,3936135.000000
523000,13,281156,0.600000,1.000000,0.698729,1.000000,0.000000,0,0.000000,522999.000000,1.000000,1264752150730.000000,3936135.000000
523000,14,281153,0.600000,1.000000,0.517941,1.000000,0.000000,0,0.000000,522958.000000,1.000000,1264752150730.000000,3936135.000000
523000,15,281155,0.600000,1.000000,0.757160,1.000000,0.000000,0,0.000000,522989.000000,1.000000,1264752150730.000000,3936135.000000
524000,0,281681,0.600000,1.000000,0.769234,1.000000,0.000000,0,0.000000,523999.000000,1.000000,1269483311382.000000,5633600.000000
524000,1,281671,0.600000,1.000000,0.630885,1.000000,0.000000,0,0.000000,523888.000000,1.000000,1269483311382.000000,5633600.000000
524000,2,281679,0.600000,1.000000,0.594573,1.000000,0.000000,0,0.000000,523961.000000,1.000000,1269483311382.000000,5633600.000000
524000,3,281671,0.600000,1.000000,0.472993,1.000000,0.000000,0,0.000000,523858.000000,1.000000,1269483311382.000000,5633600.000000
524000,4,281684,0.600000,1.000000,0.621797,1.000000,0.000000,0,0.000000,523997.000000,1.000000,1269483311382.000000,5633600.000000
524000,5,281678,0.600000,1.000000,0.556919,1.000000,0.000000,0,0.000000,523965.000000,1.000000,1269483311382.000000,5633600.000000
524000,6,281682,0.600000,1.000000,0.655387,1.000000,0.000000,0,0.000000,523996.000000,1.000000,1269483311382.000000,5633600.000000
524000,7,281682,0.600000,1.000000,0.745393,1.000000,0.000000,0,0.000000,523821.000000,1.000000,1269483311382.000000,5633600.000000
524000,8,281681,0.600000,1.000000,0.732958,1.000000,0.000000,0,0.000000,523998.000000,1.000000,1269483311382.000000,5633600.000000
524000,9,281680,0.600000,1.000000,0.670579,1.000000,0.000000,0,0.000000,523989.000000,1.000000,1269483311382.000000,5633600.000000
524000,10,281677,0.600000,1.000000,0.526217,1.000000,0.000000,0,0.000000,523905.000000,1.000000,1269483311382.000000,5633600.000000
524000,11,281680,0.600000,1.000000,0.587649,1.000000,0.000000,0,0.000000,523992.000000,1.000000,1269483311382.000000,5633600.000000
524000,12,281673,0.600000,1.000000,0.524536,1.000000,0.000000,0,0.000000,523933.000000,1.000000,1269483311382.000000,5633600.000000
524000,13,281681,0.600000,1.000000,0.628648,1.000000,0.000000,0,0.000000,523944.000000,1.000000,1269483311382.000000,5633600.000000
524000,14,281683,0.600000,1.000000,0.675573,1.000000,0.000000,1,469422.000000,524000.000000,1.000000,1269483311382.000000,5633600.000000
524000,15,281671,0.600000,1.000000,0.702964,1.000000,0.000000,0,0.000000,523448.000000,1.000000,1269483311382.000000,5633600.000000
525000,0,282211,0.600000,1.000000,0.778550,1.000000,0.000000,0,0.000000,524995.000000,1.000000,1274280874614.000000,5079785.000000
525000,1,282210,0.600000,1.000000,0.638262,1.000000,0.000000,0,0.000000,524932.000000,1.000000,1274280874614.000000,5079785.000000
525000,2,282202,0.600000,1.000000,0.497710,1.000000,0.000000,0,0.000000,524944.000000,1.000000,1274280874614.000000,5079785.000000
525000,3,282210,0.600000,1.000000,0.636041,1.000000,0.000000,0,0.000000,524984.000000,1.000000,1274280874614.000000,5079785.000000
525000,4,282213,0.600000,1.000000,0.674729,1.000000,0.000000,0,0.000000,524998.000000,1.000000,1274280874614.000000,5079785.000000
525000,5,282210,0.600000,1.000000,0.660800,1.000000,0.000000,0,0.000000,524983.000000,1.000000,1274280874614.000000,5079785.000000
525000,6,282209,0.600000,1.000000,0.591026,1.000000,0.000000,0,0.000000,524971.000000,1.000000,1274280874614.000000,5079785.000000
525000,7,282213,0.600000,1.000000,0.717312,1.000000,0.000000,1,471282.000000,525000.000000,1.000000,1274280874614.000000,5079785.000000
525000,8,282209,0.600000,1.000000,0.647903,1.000000,0.000000,0,0.000000,524933.000000,1.000000,1274280874614.000000,5079785.000000
525000,9,282214,0.600000,1.000000,0.702878,1.000000,0.000000,0,0.000000,524999.000000,1.000000,1274280874614.000000,5079785.000000
525000,10,282212,0.600000,1.000000,0.632050,1.000000,0.000000,0,0.000000,524988.000000,1.000000,1274280874614.000000,5079785.000000
525000,11,282212,0.600000,1.000000,0.694659,1.000000,0.000000,0,0.000000,524994.000000,1.000000,1274280874614.000000,5079785.000000
525000,12,282210,0.600000,1.000000,0.530134,1.000000,0.000000,0,0.000000,524963.000000,1.000000,1274280874614.000000,5079785.000000
525000,13,282210,0.600000,1.000000,0.653806,1.000000,0.000000,0,0.000000,524976.000000,1.000000,1274280874614.000000,5079785.000000
525000,14,282214,0.600000,1.000000,0.655291,1.000000,0.000000,0,0.000000,524961.000000,1.000000,1274280874614.000000,5079785.000000
525000,15,282203,0.600000,1.000000,0.617300,1.000000,0.000000,0,0.000000,524636.000000,1.000000,1274280874614.000000,5079785.000000
526000,0,282748,0.600000,1.000000,0.655958,1.000000,0.000000,0,0.000000,525962.000000,1.000000,1279175703312.000000,7351549.000000
526000,1,282755,0.600000,1.000000,0.616153,1.000000,0.000000,0,0.000000,525984.000000,1.000000,1279175703312.000000,7351549.000000
526000,2,282741,0.600000,1.000000,0.510814,1.000000,0.000000,0,0.000000,525302.000000,1.000000,1279175703312.000000,7351549.000000
526000,3,282747,0.600000,1.000000,0.756140,1.000000,0.000000,0,0.000000,525812.000000,1.000000,1279175703312.000000,7351549.000000
526000,4,282752,0.600000,1.000000,0.718128,1.000000,0.000000,0,0.000000,525983.000000,1.000000,1279175703312.000000,7351549.000000
526000,5,282752,0.600000,1.000000,0.682899,1.000000,0.000000,0,0.000000,525956.000000,1.000000,1279175703312.000000,7351549.000000
526000,6,282757,0.600000,1.000000,0.683956,1.000000,0.000000,0,0.000000,525990.000000,1.000000,1279175703312.000000,7351549.000000
526000,7,282755,0.600000,1.000000,0.743341,1.000000,0.000000,0,0.000000,525996.000000,1.000000,1279175703312.000000,7351549.000000
526000,8,282750,0.600000,1.000000,0.803168,1.000000,0.000000,0,0.000000,525376.000000,1.000000,1279175703312.000000,7351549.000000
526000,9,282754,0.600000,1.000000,0.714953,1.000000,0.000000,0,0.000000,525997.000000,1.000000,1279175703312.000000,7351549.000000
526000,10,282756,0.600000,1.000000,0.724765,1.000000,0.000000,0,0.000000,525998.000000,1.000000,1279175703312.000000,7351549.000000
526000,11,282747,0.600000,1.000000,0.529314,1.000000,0.000000,0,0.000000,525980.000000,1.000000,1279175703312.000000,7351549.000000
526000,12,282753,0.600000,1.000000,0.634581,1.000000,0.000000,0,0.000000,525928.000000,1.000000,1279175703312.000000,7351549.000000
526000,13,282751,0.600000,1.000000,0.678842,1.000000,0.000000,0,0.000000,525979.000000,1.000000,1279175703312.000000,7351549.000000
526000,14,282756,0.600000,1.000000,0.778680,1.000000,0.000000,1,471141.000000,526000.000000,1.000000,1279175703312.000000,7351549.000000
526000,15,282752,0.600000,1.000000,0.707711,1.000000,0.000000,0,0.000000,525974.000000,1.000000,1279175703312.000000,7351549.000000
527000,0,283279,0.600000,1.000000,0.700308,1.000000,0.000000,0,0.000000,526993.000000,1.000000,1283938272246.000000,3399334.000000
527000,1,283282,0.600000,1.000000,0.655636,1.000000,0.000000,0,0.000000,526988.000000,1.000000,1283938272246.000000,3399334.000000
527000,2,283281,0.600000,1.000000,0.741836,1.000000,0.000000,1,471777.000000,527000.000000,1.000000,1283938272246.000000,3399334.000000
527000,3,283279,0.600000,1.000000,0.769463,1.000000,0.000000,0,0.000000,526999.000000,1.000000,1283938272246.000000,3399334.000000
527000,4,283275,0.600000,1.000000,0.589627,1.000000,0.000000,0,0.000000,526982.000000,1.000000,1283938272246.000000,3399334.000000
527000,5,283272,0.600000,1.000000,0.561403,1.000000,0.000000,0,0.000000,526836.000000,1.000000,1283938272246.000000,3399334.000000
527000,6,283279,0.600000,1.000000,0.747059,1.000000,0.000000,0,0.000000,526845.000000,1.000000,1283938272246.000000,3399334.000000
527000,7,283279,0.600000,1.000000,0.645335,1.000000,0.000000,0,0.000000,526870.000000,1.000000,1283938272246.000000,3399334.000000
527000,8,283279,0.600000,1.000000,0.642970,1.000000,0.000000,0,0.000000,526996.000000,1.000000,1283938272246.000000,3399334.000000
527000,9,283277,0.600000,1.000000,0.586201,1.000000,0.000000,0,0.000000,526992.000000,1.000000,1283938272246.000000,3399334.000000
527000,10,283271,0.600000,1.000000,0.752069,1.000000,0.000000,0,0.000000,526684.000000,1.000000,1283938272246.000000,3399334.000000
527000,11,283275,0.600000,1.000000,0.735483,1.000000,0.000000,0,0.000000,526989.000000,1.000000,1283938272246.000000,3399334.000000
527000,12,283280,0.600000,1.000000,0.702294,1.000000,0.000000,0,0.000000,526998.000000,1.000000,1283938272246.000000,3399334.000000
527000,13,283276,0.600000,1.000000,0.538867,1.000000,0.000000,0,0.000000,526984.000000,1.000000,1283938272246.000000,3399334.000000
527000,14,283276,0.600000,1.000000,0.618624,1.000000,0.000000,0,0.000000,526981.000000,1.000000,1283938272246.000000,3399334.000000
527000,15,283280,0.600000,1.000000,0.587684,1.000000,0.000000,0,0.000000,526991.000000,1.000000,1283938272246.000000,3399334.000000
528000,0,283813,0.600000,1.000000,0.643387,1.000000,0.000000,0,0.000000,527818.000000,1.000000,1288866354972.000000,5108745.000000
528000,1,283823,0.600000,1.000000,0.553998,1.000000,0.000000,0,0.000000,527993.000000,1.000000,1288866354972.000000,5108745.000000
528000,2,283819,0.600000,1.000000,0.556883,1.000000,0.000000,0,0.000000,527974.000000,1.000000,1288866354972.000000,5108745.000000
528000,3,283823,0.600000,1.000000,0.712961,1.000000,0.000000,0,0.000000,527896.000000,1.000000,1288866354972.000000,5108745.000000
528000,4,283822,0.600000,1.000000,0.667666,1.000000,0.000000,0,0.000000,527931.000000,1.000000,1288866354972.000000,5108745.000000
528000,5,283824,0.600000,1.000000,0.666306,1.000000,0.000000,0,0.000000,527999.000000,1.000000,1288866354972.000000,5108745.000000
528000,6,283821,0.600000,1.000000,0.735800,1.000000,0.000000,0,0.000000,527994.000000,1.000000,1288866354972.000000,5108745.000000
528000,7,283821,0.600000,1.000000,0.627810,1.000000,0.000000,0,0.000000,527960.000000,1.000000,1288866354972.000000,5108745.000000
528000,8,283823,0.600000,1.000000,0.636841,1.000000,0.000000,0,0.000000,527991.000000,1.000000,1288866354972.000000,5108745.000000
528000,9,283823,0.600000,1.000000,0.758853,1.000000,0.000000,1,473585.000000,528000.000000,1.000000,1288866354972.000000,5108745.000000
528000,10,283815,0.600000,1.000000,0.597058,1.000000,0.000000,0,0.000000,527938.000000,1.000000,1288866354972.000000,5108745.000000
528000,11,283822,0.600000,1.000000,0.531165,1.000000,0.000000,0,0.000000,527959.000000,1.000000,1288866354972.000000,5108745.000000
528000,12,283819,0.600000,1.000000,0.665532,1.000000,0.000000,0,0.000000,527922.000000,1.000000,1288866354972.000000,5108745.000000
528000,13,283823,0.600000,1.000000,0.634190,1.000000,0.000000,0,0.000000,527937.000000,1.000000,1288866354972.000000,5108745.000000
528000,14,283823,0.600000,1.000000,0.722896,1.000000,0.000000,0,0.000000,527958.000000,1.000000,1288866354972.000000,5108745.000000
528000,15,283816,0.600000,1.000000,0.703854,1.000000,0.000000,0,0.000000,527804.000000,1.000000,1288866354972.000000,5108745.000000
529000,0,284353,0.600000,1.000000,0.662931,1.000000,0.000000,0,0.000000,528985.000000,1.000000,1293668524030.000000,5687022.000000
529000,1,284354,0.600000,1.000000,0.767252,1.000000,0.000000,0,0.000000,528999.000000,1.000000,1293668524030.000000,5687022.000000
529000,2,284355,0.600000,1.000000,0.752242,1.000000,0.000000,1,473533.000000,529000.000000,1.000000,1293668524030.000000,5687022.000000
529000,3,284347,0.600000,1.000000,0.615272,1.000000,0.000000,0,0.000000,528970.000000,1.000000,1293668524030.000000,5687022.000000
529000,4,284355,0.600000,1.000000,0.818547,1.000000,0.000000,0,0.000000,528256.000000,1.000000,1293668524030.000000,5687022.000000
529000,5,284348,0.600000,1.000000,0.621196,1.000000,0.000000,0,0.000000,528955.000000,1.000000,1293668524030.000000,5687022.000000
529000,6,284345,0.600000,1.000000,0.582844,1.000000,0.000000,0,0.000000,528946.000000,1.000000,1293668524030.000000,5687022.000000
529000,7,284350,0.600000,1.000000,0.770670,1.000000,0.000000,0,0.000000,528994.000000,1.000000,1293668524030.000000,5687022.000000
529000,8,284349,0.600000,1.000000,0.660538,1.000000,0.000000,0,0.000000,528942.000000,1.000000,1293668524030.000000,5687022.000000
529000,9,284349,0.600000,1.000000,0.647977,1.000000,0.000000,0,0.000000,528936.000000,1.000000,1293668524030.000000,5687022.000000
529000,10,284352,0.600000,1.000000,0.681750,1.000000,0.000000,0,0.000000,528961.000000,1.000000,1293668524030.000000,5687022.000000
529000,11,284333,0.600000,1.000000,0.593741,1.000000,0.000000,0,0.000000,528695.000000,1.000000,1293668524030.000000,5687022.000000
529000,12,284353,0.600000,1.000000,0.753161,1.000000,0.000000,0,0.000000,528990.000000,1.000000,1293668524030.000000,5687022.000000
529000,13,284349,0.600000,1.000000,0.602917,1.000000,0.000000,0,0.000000,528947.000000,1.000000,1293668524030.000000,5687022.000000
529000,14,284336,0.600000,1.000000,0.483014,1.000000,0.000000,0,0.000000,528945.000000,1.000000,1293668524030.000000,5687022.000000
529000,15,284354,0.600000,1.000000,0.718413,1.000000,0.000000,0,0.000000,528995.000000,1.000000,1293668524030.000000,5687022.000000
530000,0,284853,0.600000,1.000000,0.506662,1.000000,0.000000,0,0.000000,529277.000000,1.000000,1298463099481.000000,6267279.000000
530000,1,284867,0.600000,1.000000,0.650763,1.000000,0.000000,0,0.000000,529709.000000,1.000000,1298463099481.000000,6267279.000000
530000,2,284878,0.600000,1.000000,0.612355,1.000000,0.000000,0,0.000000,529928.000000,1.000000,1298463099481.000000,6267279.000000
530000,3,284878,0.600000,1.000000,0.705408,1.000000,0.000000,0,0.000000,529984.000000,1.000000,1298463099481.000000,6267279.000000
530000,4,284878,0.600000,1.000000,0.752440,1.000000,0.000000,0,0.000000,529771.000000,1.000000,1298463099481.000000,6267279.000000
530000,5,284880,0.600000,1.000000,0.599456,1.000000,0.000000,1,474620.000000,530000.000000,1.000000,1298463099481.000000,6267279.000000
530000,6,284870,0.600000,1.000000,0.560226,1.000000,0.000000,0,0.000000,529785.000000,1.000000,1298463099481.000000,6267279.000000
530000,7,284879,0.600000,1.000000,0.797365,1.000000,0.000000,0,0.000000,529999.000000,1.000000,1298463099481.000000,6267279.000000
530000,8,284880,0.600000,1.000000,0.712713,1.000000,0.000000,0,0.000000,529997.000000,1.000000,1298463099481.000000,6267279.000000
530000,9,284874,0.600000,1.000000,0.697958,1.000000,0.000000,0,0.000000,529940.000000,1.000000,1298463099481.000000,6267279.000000
530000,10,284880,0.600000,1.000000,0.662433,1.000000,0.000000,0,0.000000,529995.000000,1.000000,1298463099481.000000,6267279.000000
530000,11,284876,0.600000,1.000000,0.584031,1.000000,0.000000,0,0.000000,529973.000000,1.000000,1298463099481.000000,6267279.000000
530000,12,284878,0.600000,1.000000,0.620332,1.000000,0.000000,0,0.000000,529975.000000,1.000000,1298463099481.000000,6267279.000000
530000,13,284879,0.600000,1.000000,0.670287,1.000000,0.000000,0,0.000000,529985.000000,1.000000,1298463099481.000000,6267279.000000
530000,14,284877,0.600000,1.000000,0.682551,1.000000,0.000000,0,0.000000,529969.000000,1.000000,1298463099481.000000,6267279.000000
530000,15,284878,0.600000,1.000000,0.671767,1.000000,0.000000,0,0.000000,529981.000000,1.000000,1298463099481.000000,6267279.000000
531000,0,285408,0.600000,1.000000,0.705728,1.000000,0.000000,0,0.000000,530978.000000,1.000000,1303309353199.000000,6278923.000000
531000,1,285407,0.600000,1.000000,0.670289,1.000000,0.000000,0,0.000000,530990.000000,1.000000,1303309353199.000000,6278923.000000
531000,2,285407,0.600000,1.000000,0.726025,1.000000,0.000000,0,0.000000,530660.000000,1.000000,1303309353199.000000,6278923.000000
531000,3,285409,0.600000,1.000000,0.574579,1.000000,0.000000,0,0.000000,530972.000000,1.000000,1303309353199.000000,6278923.000000
531000,4,285402,0.600000,1.000000,0.474325,1.000000,0.000000,0,0.000000,530963.000000,1.000000,1303309353199.000000,6278923.000000
531000,5,285409,0.600000,1.000000,0.722832,1.000000,0.000000,0,0.000000,530959.000000,1.000000,1303309353199.000000,6278923.000000
531000,6,285409,0.600000,1.000000,0.646702,1.000000,0.000000,0,0.000000,530981.000000,1.000000,1303309353199.000000,6278923.000000
531000,7,285409,0.600000,1.000000,0.595859,1.000000,0.000000,0,0.000000,530994.000000,1.000000,1303309353199.000000,6278923.000000
531000,8,285407,0.600000,1.000000,0.702585,1.000000,0.000000,0,0.000000,530989.000000,1.000000,1303309353199.000000,6278923.000000
531000,9,285398,0.600000,1.000000,0.553171,1.000000,0.000000,0,0.000000,530966.000000,1.000000,1303309353199.000000,6278923.000000
531000,10,285403,0.600000,1.000000,0.577553,1.000000,0.000000,0,0.000000,530899.000000,1.000000,1303309353199.000000,6278923.000000
531000,11,285407,0.600000,1.000000,0.587416,1.000000,0.000000,0,0.000000,530991.000000,1.000000,1303309353199.000000,6278923.000000
531000,12,285408,0.600000,1.000000,0.773374,1.000000,0.000000,1,474744.000000,531000.000000,1.000000,1303309353199.000000,6278923.000000
531000,13,285407,0.600000,1.000000,0.701250,1.000000,0.000000,0,0.000000,530984.000000,1.000000,1303309353199.000000,6278923.000000
531000,14,285406,0.600000,1.000000,0.667684,1.000000,0.000000,0,0.000000,530945.000000,1.000000,1303309353199.000000,6278923.000000
531000,15,285407,0.600000,1.000000,0.667678,1.000000,0.000000,0,0.000000,530983.000000,1.000000,1303309353199.000000,6278923.000000
532000,0,285951,0.600000,1.000000,0.659629,1.000000,0.000000,0,0.000000,531904.000000,1.000000,1308252705497.000000,6862752.000000
532000,1,285951,0.600000,1.000000,0.660604,1.000000,0.000000,0,0.000000,531995.000000,1.000000,1308252705497.000000,6862752.000000
532000,2,285948,0.600000,1.000000,0.641357,1.000000,0.000000,0,0.000000,531921.000000,1.000000,1308252705497.000000,6862752.000000
532000,3,285924,0.600000,1.000000,0.638895,1.000000,0.000000,0,0.000000,531620.000000,1.000000,1308252705497.000000,6862752.000000
532000,4,285950,0.600000,1.000000,0.792983,1.000000,0.000000,0,0.000000,531997.000000,1.000000,1308252705497.000000,6862752.000000
532000,5,285946,0.600000,1.000000,0.614500,1.000000,0.000000,0,0.000000,531960.000000,1.000000,1308252705497.000000,6862752.000000
532000,6,285951,0.600000,1.000000,0.652588,1.000000,0.000000,0,0.000000,531993.000000,1.000000,1308252705497.000000,6862752.000000
532000,7,285950,0.600000,1.000000,0.667122,1.000000,0.000000,0,0.000000,531982.000000,1.000000,1308252705497.000000,6862752.000000
532000,8,285952,0.600000,1.000000,0.738768,1.000000,0.000000,0,0.000000,531992.000000,1.000000,1308252705497.000000,6862752.000000
532000,9,285952,0.600000,1.000000,0.720345,1.000000,0.000000,0,0.000000,531991.000000,1.000000,1308252705497.000000,6862752.000000
532000,10,285934,0.600000,1.000000,0.539297,1.000000,0.000000,0,0.000000,531910.000000,1.000000,1308252705497.000000,6862752.000000
532000,11,285945,0.600000,1.000000,0.571271,1.000000,0.000000,0,0.000000,531946.000000,1.000000,1308252705497.000000,6862752.000000
532000,12,285948,0.600000,1.000000,0.632249,1.000000,0.000000,0,0.000000,531907.000000,1.000000,1308252705497.000000,6862752.000000
532000,13,285951,0.600000,1.000000,0.637065,1.000000,0.000000,0,0.000000,531955.000000,1.000000,1308252705497.000000,6862752.000000
532000,14,285952,0.600000,1.000000,0.746071,1.000000,0.000000,1,476508.000000,532000.000000,1.000000,1308252705497.000000,6862752.000000
532000,15,285950,0.600000,1.000000,0.728582,1.000000,0.000000,0,0.000000,531966.000000,1.000000,1308252705497.000000,6862752.000000
533000,0,286481,0.600000,1.000000,0.706499,1.000000,0.000000,0,0.000000,532580.000000,1.000000,1313242657232.000000,4583882.000000
533000,1,286494,0.600000,1.000000,0.706295,1.000000,0.000000,0,0.000000,532999.000000,1.000000,1313242657232.000000,4583882.000000
533000,2,286492,0.600000,1.000000,0.579305,1.000000,0.000000,0,0.000000,532982.000000,1.000000,1313242657232.000000,4583882.000000
533000,3,286494,0.600000,1.000000,0.535504,1.000000,0.000000,0,0.000000,532984.000000,1.000000,1313242657232.000000,4583882.000000
533000,4,286491,0.600000,1.000000,0.613413,1.000000,0.000000,0,0.000000,532987.000000,1.000000,1313242657232.000000,4583882.000000
533000,5,286495,0.600000,1.000000,0.658985,1.000000,0.000000,0,0.000000,532992.000000,1.000000,1313242657232.000000,4583882.000000
533000,6,286492,0.600000,1.000000,0.655712,1.000000,0.000000,0,0.000000,532931.000000,1.000000,1313242657232.000000,4583882.000000
533000,7,286494,0.600000,1.000000,0.693024,1.000000,0.000000,0,0.000000,532975.000000,1.000000,1313242657232.000000,4583882.000000
533000,8,286493,0.600000,1.000000,0.590001,1.000000,0.000000,0,0.000000,532971.000000,1.000000,1313242657232.000000,4583882.000000
533000,9,286494,0.600000,1.000000,0.689691,1.000000,0.000000,0,0.000000,532991.000000,1.000000,1313242657232.000000,4583882.000000
533000,10,286493,0.600000,1.000000,0.723443,1.000000,0.000000,0,0.000000,532972.000000,1.000000,1313242657232.000000,4583882.000000
533000,11,286495,0.600000,1.000000,0.576585,1.000000,0.000000,1,478117.000000,533000.000000,1.000000,1313242657232.000000,4583882.000000
533000,12,286490,0.600000,1.000000,0.609714,1.000000,0.000000,0,0.000000,532918.000000,1.000000,1313242657232.000000,4583882.000000
533000,13,286493,0.600000,1.000000,0.847646,1.000000,0.000000,0,0.000000,532998.000000,1.000000,1313242657232.000000,4583882.000000
533000,14,286495,0.600000,1.000000,0.747487,1.000000,0.000000,0,0.000000,532979.000000,1.000000,1313242657232.000000,4583882.000000
533000,15,286486,0.600000,1.000000,0.547803,1.000000,0.000000,0,0.000000,532716.000000,1.000000,1313242657232.000000,4583882.000000
534000,0,287030,0.600000,1.000000,0.812698,1.000000,0.000000,0,0.000000,533993.000000,1.000000,1318141646836.000000,4018363.000000
534000,1,287023,0.600000,1.000000,0.623610,1.000000,0.000000,0,0.000000,533815.000000,1.000000,1318141646836.000000,4018363.000000
534000,2,287028,0.600000,1.000000,0.810357,1.000000,0.000000,0,0.000000,533997.000000,1.000000,1318141646836.000000,4018363.000000
534000,3,287026,0.600000,1.000000,0.617459,1.000000,0.000000,0,0.000000,533941.000000,1.000000,1318141646836.000000,4018363.000000
534000,4,287024,0.600000,1.000000,0.642033,1.000000,0.000000,0,0.000000,533316.000000,1.000000,1318141646836.000000,4018363.000000
534000,5,287025,0.600000,1.000000,0.641802,1.000000,0.000000,0,0.000000,533845.000000,1.000000,1318141646836.000000,4018363.000000
534000,6,287029,0.600000,1.000000,0.660057,1.000000,0.000000,0,0.000000,533996.000000,1.000000,1318141646836.000000,4018363.000000
534000,7,287023,0.600000,1.000000,0.560026,1.000000,0.000000,0,0.000000,533942.000000,1.000000,1318141646836.000000,4018363.000000
534000,8,287029,0.600000,1.000000,0.760572,1.000000,0.000000,0,0.000000,533994.000000,1.000000,1318141646836.000000,4018363.000000
534000,9,287022,0.600000,1.000000,0.557518,1.000000,0.000000,0,0.000000,533965.000000,1.000000,1318141646836.000000,4018363.000000
534000,10,287025,0.600000,1.000000,0.686410,1.000000,0.000000,0,0.000000,533974.000000,1.000000,1318141646836.000000,4018363.000000
534000,11,287021,0.600000,1.000000,0.630472,1.000000,0.000000,0,0.000000,533892.000000,1.000000,1318141646836.000000,4018363.000000
534000,12,287030,0.600000,1.000000,0.739654,1.000000,0.000000,1,477433.000000,534000.000000,1.000000,1318141646836.000000,4018363.000000
534000,13,287025,0.600000,1.000000,0.594805,1.000000,0.000000,0,0.000000,533952.000000,1.000000,1318141646836.000000,4018363.000000
534000,14,287028,0.600000,1.000000,0.662881,1.000000,0.000000,0,0.000000,533998.000000,1.000000,1318141646836.000000,4018363.000000
534000,15,287026,0.600000,1.000000,0.594475,1.000000,0.000000,0,0.000000,533915.000000,1.000000,1318141646836.000000,4018363.000000
535000,0,287572,0.600000,1.000000,0.744124,1.000000,0.000000,0,0.000000,534999.000000,1.000000,1323124524016.000000,5176249.000000
535000,1,287571,0.600000,1.000000,0.660372,1.000000,0.000000,0,0.000000,534986.000000,1.000000,1323124524016.000000,5176249.000000
535000,2,287570,0.600000,1.000000,0.617148,1.000000,0.000000,0,0.000000,534978.000000,1.000000,1323124524016.000000,5176249.000000
535000,3,287571,0.600000,1.000000,0.631669,1.000000,0.000000,0,0.000000,534989.000000,1.000000,1323124524016.000000,5176249.000000
535000,4,287569,0.600000,1.000000,0.682845,1.000000,0.000000,0,0.000000,534981.000000,1.000000,1323124524016.000000,5176249.000000
535000,5,287568,0.600000,1.000000,0.713430,1.000000,0.000000,0,0.000000,534972.000000,1.000000,1323124524016.000000,5176249.000000
535000,6,287571,0.600000,1.000000,0.718330,1.000000,0.000000,0,0.000000,534974.000000,1.000000,1323124524016.000000,5176249.000000
535000,7,287560,0.600000,1.000000,0.562486,1.000000,0.000000,0,0.000000,534960.000000,1.000000,1323124524016.000000,5176249.000000
535000,8,287572,0.600000,1.000000,0.680831,1.000000,0.000000,0,0.000000,534997.000000,1.000000,1323124524016.000000,5176249.000000
535000,9,287558,0.600000,1.000000,0.742217,1.000000,0.000000,0,0.000000,534894.000000,1.000000,1323124524016.000000,5176249.000000
535000,10,287564,0.600000,1.000000,0.603228,1.000000,0.000000,0,0.000000,534959.000000,1.000000,1323124524016.000000,5176249.000000
535000,11,287571,0.600000,1.000000,0.735976,1.000000,0.000000,0,0.000000,534991.000000,1.000000,1323124524016.000000,5176249.000000
535000,12,287565,0.600000,1.000000,0.489303,1.000000,0.000000,0,0.000000,534915.000000,1.000000,1323124524016.000000,5176249.000000
535000,13,287569,0.600000,1.000000,0.806610,1.000000,0.000000,0,0.000000,534993.000000,1.000000,1323124524016.000000,5176249.000000
535000,14,287563,0.600000,1.000000,0.612139,1.000000,0.000000,0,0.000000,534966.000000,1.000000,1323124524016.000000,5176249.000000
535000,15,287572,0.600000,1.000000,0.677661,1.000000,0.000000,1,479140.000000,535000.000000,1.000000,1323124524016.000000,5176249.000000
536000,0,288111,0.600000,1.000000,0.705305,1.000000,0.000000,0,0.000000,535962.000000,1.000000,1328084533724.000000,6338353.000000
536000,1,288103,0.600000,1.000000,0.660924,1.000000,0.000000,0,0.000000,535931.000000,1.000000,1328084533724.000000,6338353.000000
536000,2,288113,0.600000,1.000000,0.821650,1.000000,0.000000,0,0.000000,535998.000000,1.000000,1328084533724.000000,6338353.000000
536000,3,288098,0.600000,1.000000,0.573761,1.000000,0.000000,0,0.000000,535757.000000,1.000000,1328084533724.000000,6338353.000000
536000,4,288108,0.600000,1.000000,0.655974,1.000000,0.000000,0,0.000000,535914.000000,1.000000,1328084533724.000000,6338353.000000
536000,5,288093,0.600000,1.000000,0.576807,1.000000,0.000000,0,0.000000,535854.000000,1.000000,1328084533724.000000,6338353.000000
536000,6,288112,0.600000,1.000000,0.679618,1.000000,0.000000,0,0.000000,535999.000000,1.000000,1328084533724.000000,6338353.000000
536000,7,288109,0.600000,1.000000,0.568712,1.000000,0.000000,0,0.000000,535987.000000,1.000000,1328084533724.000000,6338353.000000
536000,8,288109,0.600000,1.000000,0.668812,1.000000,0.000000,0,0.000000,535974.000000,1.000000,1328084533724.000000,6338353.000000
536000,9,288110,0.600000,1.000000,0.733228,1.000000,0.000000,0,0.000000,535985.000000,1.000000,1328084533724.000000,6338353.000000
536000,10,288112,0.600000,1.000000,0.679213,1.000000,0.000000,0,0.000000,535978.000000,1.000000,1328084533724.000000,6338353.000000
536000,11,288108,0.600000,1.000000,0.521074,1.000000,0.000000,0,0.000000,535968.000000,1.000000,1328084533724.000000,6338353.000000
536000,12,288092,0.600000,1.000000,0.467550,1.000000,0.000000,0,0.000000,535947.000000,1.000000,1328084533724.000000,6338353.000000
536000,13,288106,0.600000,1.000000,0.608266,1.000000,0.000000,0,0.000000,535955.000000,1.000000,1328084533724.000000,6338353.000000
536000,14,288113,0.600000,1.000000,0.678821,1.000000,0.000000,1,480100.000000,536000.000000,1.000000,1328084533724.000000,6338353.000000
536000,15,288105,0.600000,1.000000,0.691768,1.000000,0.000000,0,0.000000,535951.000000,1.000000,1328084533724.000000,6338353.000000
537000,0,288654,0.600000,1.000000,0.603361,1.000000,0.000000,1,480763.000000,537000.000000,1.000000,1333110396924.000000,4041087.000000
537000,1,288649,0.600000,1.000000,0.521643,1.000000,0.000000,0,0.000000,536835.000000,1.000000,1333110396924.000000,4041087.000000
537000,2,288651,0.600000,1.000000,0.729019,1.000000,0.000000,0,0.000000,536996.000000,1.000000,1333110396924.000000,4041087.000000
537000,3,288652,0.600000,1.000000,0.682964,1.000000,0.000000,0,0.000000,536998.000000,1.000000,1333110396924.000000,4041087.000000
537000,4,288645,0.600000,1.000000,0.631848,1.000000,0.000000,0,0.000000,536914.000000,1.000000,1333110396924.000000,4041087.000000
537000,5,288653,0.600000,1.000000,0.594288,1.000000,0.000000,0,0.000000,536966.000000,1.000000,1333110396924.000000,4041087.000000
537000,6,288653,0.600000,1.000000,0.681951,1.000000,0.000000,0,0.000000,536999.000000,1.000000,1333110396924.000000,4041087.000000
537000,7,288650,0.600000,1.000000,0.688117,1.000000,0.000000,0,0.000000,536830.000000,1.000000,1333110396924.000000,4041087.000000
537000,8,288654,0.600000,1.000000,0.556084,1.000000,0.000000,0,0.000000,536973.000000,1.000000,1333110396924.000000,4041087.000000
537000,9,288652,0.600000,1.000000,0.610151,1.000000,0.000000,0,0.000000,536993.000000,1.000000,1333110396924.000000,4041087.000000
537000,10,288653,0.600000,1.000000,0.600144,1.000000,0.000000,0,0.000000,536994.000000,1.000000,1333110396924.000000,4041087.000000
537000,11,288652,0.600000,1.000000,0.646941,1.000000,0.000000,0,0.000000,536984.000000,1.000000,1333110396924.000000,4041087.000000
537000,12,288649,0.600000,1.000000,0.623545,1.000000,0.000000,0,0.000000,536905.000000,1.000000,1333110396924.000000,4041087.000000
537000,13,288650,0.600000,1.000000,0.703099,1.000000,0.000000,0,0.000000,536958.000000,1.000000,1333110396924.000000,4041087.000000
537000,14,288653,0.600000,1.000000,0.603412,1.000000,0.000000,0,0.000000,536971.000000,1.000000,1333110396924.000000,4041087.000000
537000,15,288646,0.600000,1.000000,0.527396,1.000000,0.000000,0,0.000000,536588.000000,1.000000,1333110396924.000000,4041087.000000
538000,0,289177,0.600000,1.000000,0.624594,1.000000,0.000000,0,0.000000,537878.000000,1.000000,1338057838498.000000,4626988.000000
538000,1,289189,0.600000,1.000000,0.704586,1.000000,0.000000,0,0.000000,537999.000000,1.000000,1338057838498.000000,4626988.000000
538000,2,289187,0.600000,1.000000,0.764313,1.000000,0.000000,0,0.000000,537993.000000,1.000000,1338057838498.000000,4626988.000000
538000,3,289188,0.600000,1.000000,0.727303,1.000000,0.000000,0,0.000000,537908.000000,1.000000,1338057838498.000000,4626988.000000
538000,4,289189,0.600000,1.000000,0.627226,1.000000,0.000000,0,0.000000,537990.000000,1.000000,1338057838498.000000,4626988.000000
538000,5,289186,0.600000,1.000000,0.586647,1.000000,0.000000,0,0.000000,537896.000000,1.000000,1338057838498.000000,4626988.000000
538000,6,289179,0.600000,1.000000,0.645309,1.000000,0.000000,0,0.000000,537875.000000,1.000000,1338057838498.000000,4626988.000000
538000,7,289189,0.600000,1.000000,0.727180,1.000000,0.000000,0,0.000000,537844.000000,1.000000,1338057838498.000000,4626988.000000
538000,8,289185,0.600000,1.000000,0.664315,1.000000,0.000000,0,0.000000,537842.000000,1.000000,1338057838498.000000,4626988.000000
538000,9,289184,0.600000,1.000000,0.624051,1.000000,0.000000,0,0.000000,537938.000000,1.000000,1338057838498.000000,4626988.000000
538000,10,289191,0.600000,1.000000,0.705100,1.000000,0.000000,1,481368.000000,538000.000000,1.000000,1338057838498.000000,4626988.000000
538000,11,289188,0.600000,1.000000,0.743603,1.000000,0.000000,0,0.000000,537997.000000,1.000000,1338057838498.000000,4626988.000000
538000,12,289189,0.600000,1.000000,0.743218,1.000000,0.000000,0,0.000000,537998.000000,1.000000,1338057838498.000000,4626988.000000
538000,13,289183,0.600000,1.000000,0.588421,1.000000,0.000000,0,0.000000,537980.000000,1.000000,1338057838498.000000,4626988.000000
538000,14,289186,0.600000,1.000000,0.686758,1.000000,0.000000,0,0.000000,537978.000000,1.000000,1338057838498.000000,4626988.000000
538000,15,289188,0.600000,1.000000,0.571018,1.000000,0.000000,0,0.000000,537767.000000,1.000000,1338057838498.000000,4626988.000000
539000,0,289733,0.600000,1.000000,0.767517,1.000000,0.000000,0,0.000000,538972.000000,1.000000,1343090931008.000000,4056219.000000
539000,1,289729,0.600000,1.000000,0.596807,1.000000,0.000000,0,0.000000,538969.000000,1.000000,1343090931008.000000,4056219.000000
539000,2,289728,0.600000,1.000000,0.641402,1.000000,0.000000,0,0.000000,538988.000000,1.000000,1343090931008.000000,4056219.000000
539000,3,289729,0.600000,1.000000,0.659101,1.000000,0.000000,0,0.000000,538963.000000,1.000000,1343090931008.000000,4056219.000000
539000,4,289729,0.600000,1.000000,0.555737,1.000000,0.000000,0,0.000000,538943.000000,1.000000,1343090931008.000000,4056219.000000
539000,5,289730,0.600000,1.000000,0.650227,1.000000,0.000000,0,0.000000,538970.000000,1.000000,1343090931008.000000,4056219.000000
539000,6,289733,0.600000,1.000000,0.756284,1.000000,0.000000,0,0.000000,538991.000000,1.000000,1343090931008.000000,4056219.000000
539000,7,289731,0.600000,1.000000,0.772549,1.000000,0.000000,0,0.000000,538989.000000,1.000000,1343090931008.000000,4056219.000000
539000,8,289730,0.600000,1.000000,0.686965,1.000000,0.000000,0,0.000000,538987.000000,1.000000,1343090931008.000000,4056219.000000
539000,9,289729,0.600000,1.000000,0.534832,1.000000,0.000000,0,0.000000,538884.000000,1.000000,1343090931008.000000,4056219.000000
539000,10,289733,0.600000,1.000000,0.685258,1.000000,0.000000,0,0.000000,538982.000000,1.000000,1343090931008.000000,4056219.000000
539000,11,289733,0.600000,1.000000,0.623433,1.000000,0.000000,0,0.000000,538993.000000,1.000000,1343090931008.000000,4056219.000000
539000,12,289733,0.600000,1.000000,0.797853,1.000000,0.000000,1,481985.000000,539000.000000,1.000000,1343090931008.000000,4056219.000000
539000,13,289721,0.600000,1.000000,0.603319,1.000000,0.000000,0,0.000000,538842.000000,1.000000,1343090931008.000000,4056219.000000
539000,14,289718,0.600000,1.000000,0.598478,1.000000,0.000000,0,0.000000,538858.000000,1.000000,1343090931008.000000,4056219.000000
539000,15,289733,0.600000,1.000000,0.726535,1.000000,0.000000,0,0.000000,538995.000000,1.000000,1343090931008.000000,4056219.000000
540000,0,290262,0.600000,1.000000,0.639152,1.000000,0.000000,0,0.000000,539958.000000,1.000000,1348055098995.000000,5224763.000000
540000,1,290266,0.600000,1.000000,0.643384,1.000000,0.000000,0,0.000000,539916.000000,1.000000,1348055098995.000000,5224763.000000
540000,2,290263,0.600000,1.000000,0.598956,1.000000,0.000000,0,0.000000,539978.000000,1.000000,1348055098995.000000,5224763.000000
540000,3,290268,0.600000,1.000000,0.608260,1.000000,0.000000,0,0.000000,539996.000000,1.000000,1348055098995.000000,5224763.000000
540000,4,290262,0.600000,1.000000,0.568770,1.000000,0.000000,0,0.000000,539922.000000,1.000000,1348055098995.000000,5224763.000000
540000,5,290268,0.600000,1.000000,0.719124,1.000000,0.000000,0,0.000000,539998.000000,1.000000,1348055098995.000000,5224763.000000
540000,6,290264,0.600000,1.000000,0.622739,1.000000,0.000000,0,0.000000,539988.000000,1.000000,1348055098995.000000,5224763.000000
540000,7,290261,0.600000,1.000000,0.598611,1.000000,0.000000,0,0.000000,539923.000000,1.000000,1348055098995.000000,5224763.000000
540000,8,290259,0.600000,1.000000,0.510254,1.000000,0.000000,0,0.000000,539891.000000,1.000000,1348055098995.000000,5224763.000000
540000,9,290268,0.600000,1.000000,0.736014,1.000000,0.000000,1,484487.000000,540000.000000,1.000000,1348055098995.000000,5224763.000000
540000,10,290267,0.600000,1.000000,0.727123,1.000000,0.000000,0,0.000000,539989.000000,1.000000,1348055098995.000000,5224763.000000
540000,11,290265,0.600000,1.000000,0.549572,1.000000,0.000000,0,0.000000,539972.000000,1.000000,1348055098995.000000,5224763.000000
540000,12,290266,0.600000,1.000000,0.685253,1.000000,0.000000,0,0.000000,539995.000000,1.000000,1348055098995.000000,5224763.000000
540000,13,290258,0.600000,1.000000,0.529243,1.000000,0.000000,0,0.000000,539928.000000,1.000000,1348055098995.000000,5224763.000000
540000,14,290267,0.600000,1.000000,0.641919,1.000000,0.000000,0,0.000000,539868.000000,1.000000,1348055098995.000000,5224763.000000
540000,15,290267,0.600000,1.000000,0.523596,1.000000,0.000000,0,0.000000,539896.000000,1.000000,1348055098995.000000,5224763.000000
541000,0,290789,0.600000,1.000000,0.767915,1.000000,0.000000,1,484326.000000,541000.000000,1.000000,1352902801828.000000,5815728.000000
541000,1,290776,0.600000,1.000000,0.604132,1.000000,0.000000,0,0.000000,540919.000000,1.000000,1352902801828.000000,5815728.000000
541000,2,290790,0.600000,1.000000,0.749444,1.000000,0.000000,0,0.000000,540999.000000,1.000000,1352902801828.000000,5815728.000000
541000,3,290787,0.600000,1.000000,0.604751,1.000000,0.000000,0,0.000000,540989.000000,1.000000,1352902801828.000000,5815728.000000
541000,4,290778,0.600000,1.000000,0.721225,1.000000,0.000000,0,0.000000,540555.000000,1.000000,1352902801828.000000,5815728.000000
541000,5,290785,0.600000,1.000000,0.657307,1.000000,0.000000,0,0.000000,540965.000000,1.000000,1352902801828.000000,5815728.000000
541000,6,290787,0.600000,1.000000,0.587667,1.000000,0.000000,0,0.000000,540962.000000,1.000000,1352902801828.000000,5815728.000000
541000,7,290786,0.600000,1.000000,0.735517,1.000000,0.000000,0,0.000000,540994.000000,1.000000,1352902801828.000000,5815728.000000
541000,8,290783,0.600000,1.000000,0.575197,1.000000,0.000000,0,0.000000,540942.000000,1.000000,1352902801828.000000,5815728.000000
541000,9,290785,0.600000,1.000000,0.597738,1.000000,0.000000,0,0.000000,540811.000000,1.000000,1352902801828.000000,5815728.000000
541000,10,290786,0.600000,1.000000,0.620575,1.000000,0.000000,0,0.000000,540897.000000,1.000000,1352902801828.000000,5815728.000000
541000,11,290790,0.600000,1.000000,0.738106,1.000000,0.000000,0,0.000000,540992.000000,1.000000,1352902801828.000000,5815728.000000
541000,12,290788,0.600000,1.000000,0.673610,1.000000,0.000000,0,0.000000,540957.000000,1.000000,1352902801828.000000,5815728.000000
541000,13,290789,0.600000,1.000000,0.676738,1.000000,0.000000,0,0.000000,540996.000000,1.000000,1352902801828.000000,5815728.000000
541000,14,290788,0.600000,1.000000,0.612577,1.000000,0.000000,0,0.000000,540997.000000,1.000000,1352902801828.000000,5815728.000000
541000,15,290787,0.600000,1.000000,0.677358,1.000000,0.000000,0,0.000000,540953.000000,1.000000,1352902801828.000000,5815728.000000
542000,0,291318,0.600000,1.000000,0.722158,1.000000,0.000000,0,0.000000,541745.000000,1.000000,1357872817688.000000,6991668.000000
542000,1,291318,0.600000,1.000000,0.632907,1.000000,0.000000,0,0.000000,541968.000000,1.000000,1357872817688.000000,6991668.000000
542000,2,291311,0.600000,1.000000,0.474583,1.000000,0.000000,0,0.000000,541861.000000,1.000000,1357872817688.000000,6991668.000000
542000,3,291307,0.600000,1.000000,0.633991,1.000000,0.000000,0,0.000000,541548.000000,1.000000,1357872817688.000000,6991668.000000
542000,4,291320,0.600000,1.000000,0.501154,1.000000,0.000000,0,0.000000,541950.000000,1.000000,1357872817688.000000,6991668.000000
542000,5,291322,0.600000,1.000000,0.640146,1.000000,0.000000,0,0.000000,541995.000000,1.000000,1357872817688.000000,6991668.000000
542000,6,291321,0.600000,1.000000,0.774731,1.000000,0.000000,0,0.000000,541888.000000,1.000000,1357872817688.000000,6991668.000000
542000,7,291323,0.600000,1.000000,0.711997,1.000000,0.000000,0,0.000000,541983.000000,1.000000,1357872817688.000000,6991668.000000
542000,8,291326,0.600000,1.000000,0.746597,1.000000,0.000000,0,0.000000,541993.000000,1.000000,1357872817688.000000,6991668.000000
542000,9,291318,0.600000,1.000000,0.660311,1.000000,0.000000,0,0.000000,541885.000000,1.000000,1357872817688.000000,6991668.000000
542000,10,291323,0.600000,1.000000,0.583158,1.000000,0.000000,0,0.000000,541949.000000,1.000000,1357872817688.000000,6991668.000000
542000,11,291326,0.600000,1.000000,0.853203,1.000000,0.000000,1,486021.000000,542000.000000,1.000000,1357872817688.000000,6991668.000000
542000,12,291315,0.600000,1.000000,0.477001,1.000000,0.000000,0,0.000000,541942.000000,1.000000,1357872817688.000000,6991668.000000
542000,13,291319,0.600000,1.000000,0.684784,1.000000,0.000000,0,0.000000,541985.000000,1.000000,1357872817688.000000,6991668.000000
542000,14,291320,0.600000,1.000000,0.559776,1.000000,0.000000,0,0.000000,541989.000000,1.000000,1357872817688.000000,6991668.000000
542000,15,291325,0.600000,1.000000,0.721653,1.000000,0.000000,0,0.000000,541988.000000,1.000000,1357872817688.000000,6991668.000000
543000,0,291869,0.600000,1.000000,0.789781,1.000000,0.000000,0,0.000000,542998.000000,1.000000,1362968689172.000000,4086129.000000
543000,1,291863,0.600000,1.000000,0.637260,1.000000,0.000000,0,0.000000,542785.000000,1.000000,1362968689172.000000,4086129.000000
543000,2,291859,0.600000,1.000000,0.559123,1.000000,0.000000,0,0.000000,542908.000000,1.000000,1362968689172.000000,4086129.000000
543000,3,291869,0.600000,1.000000,0.751138,1.000000,0.000000,0,0.000000,542991.000000,1.000000,1362968689172.000000,4086129.000000
543000,4,291869,0.600000,1.000000,0.613314,1.000000,0.000000,0,0.000000,542992.000000,1.000000,1362968689172.000000,4086129.000000
543000,5,291862,0.600000,1.000000,0.572119,1.000000,0.000000,0,0.000000,542959.000000,1.000000,1362968689172.000000,4086129.000000
543000,6,291861,0.600000,1.000000,0.671035,1.000000,0.000000,0,0.000000,542867.000000,1.000000,1362968689172.000000,4086129.000000
543000,7,291867,0.600000,1.000000,0.671434,1.000000,0.000000,0,0.000000,542879.000000,1.000000,1362968689172.000000,4086129.000000
543000,8,291867,0.600000,1.000000,0.666783,1.000000,0.000000,0,0.000000,542983.000000,1.000000,1362968689172.000000,4086129.000000
543000,9,291870,0.600000,1.000000,0.632702,1.000000,0.000000,0,0.000000,542980.000000,1.000000,1362968689172.000000,4086129.000000
543000,10,291859,0.600000,1.000000,0.498587,1.000000,0.000000,0,0.000000,542945.000000,1.000000,1362968689172.000000,4086129.000000
543000,11,291862,0.600000,1.000000,0.786706,1.000000,0.000000,0,0.000000,542806.000000,1.000000,1362968689172.000000,4086129.000000
543000,12,291870,0.600000,1.000000,0.696786,1.000000,0.000000,0,0.000000,542932.000000,1.000000,1362968689172.000000,4086129.000000
543000,13,291863,0.600000,1.000000,0.712934,1.000000,0.000000,0,0.000000,542885.000000,1.000000,1362968689172.000000,4086129.000000
543000,14,291869,0.600000,1.000000,0.678122,1.000000,0.000000,0,0.000000,542917.000000,1.000000,1362968689172.000000,4086129.000000
543000,15,291871,0.600000,1.000000,0.700093,1.000000,0.000000,1,486265.000000,543000.000000,1.000000,1362968689172.000000,4086129.000000
544000,0,292411,0.600000,1.000000,0.487527,1.000000,0.000000,0,0.000000,543564.000000,1.000000,1368066502093.000000,6433033.000000
544000,1,292414,0.600000,1.000000,0.759151,1.000000,0.000000,1,487496.000000,544000.000000,1.000000,1368066502093.000000,6433033.000000
544000,2,292412,0.600000,1.000000,0.552228,1.000000,0.000000,0,0.000000,543994.000000,1.000000,1368066502093.000000,6433033.000000
544000,3,292409,0.600000,1.000000,0.490651,1.000000,0.000000,0,0.000000,543979.000000,1.000000,1368066502093.000000,6433033.000000
544000,4,292412,0.600000,1.000000,0.691141,1.000000,0.000000,0,0.000000,543982.000000,1.000000,1368066502093.000000,6433033.000000
544000,5,292412,0.600000,1.000000,0.653732,1.000000,0.000000,0,0.000000,543991.000000,1.000000,1368066502093.000000,6433033.000000
544000,6,292413,0.600000,1.000000,0.652609,1.000000,0.000000,0,0.000000,543995.000000,1.000000,1368066502093.000000,6433033.000000
544000,7,292409,0.600000,1.000000,0.546661,1.000000,0.000000,0,0.000000,543726.000000,1.000000,1368066502093.000000,6433033.000000
544000,8,292412,0.600000,1.000000,0.639857,1.000000,0.000000,0,0.000000,543990.000000,1.000000,1368066502093.000000,6433033.000000
544000,9,292412,0.600000,1.000000,0.613325,1.000000,0.000000,0,0.000000,543959.000000,1.000000,1368066502093.000000,6433033.000000
544000,10,292411,0.600000,1.000000,0.658062,1.000000,0.000000,0,0.000000,543965.000000,1.000000,1368066502093.000000,6433033.000000
544000,11,292412,0.600000,1.000000,0.656847,1.000000,0.000000,0,0.000000,543992.000000,1.000000,1368066502093.000000,6433033.000000
544000,12,292413,0.600000,1.000000,0.610468,1.000000,0.000000,0,0.000000,543967.000000,1.000000,1368066502093.000000,6433033.000000
544000,13,292399,0.600000,1.000000,0.424113,1.000000,0.000000,0,0.000000,543814.000000,1.000000,1368066502093.000000,6433033.000000
544000,14,292411,0.600000,1.000000,0.516775,1.000000,0.000000,0,0.000000,543715.000000,1.000000,1368066502093.000000,6433033.000000
544000,15,292413,0.600000,1.000000,0.725293,1.000000,0.000000,0,0.000000,543849.000000,1.000000,1368066502093.000000,6433033.000000
545000,0,292939,0.600000,1.000000,0.605190,1.000000,0.000000,0,0.000000,544915.000000,1.000000,1373095906121.000000,4101279.000000
545000,1,292952,0.600000,1.000000,0.654703,1.000000,0.000000,0,0.000000,544985.000000,1.000000,1373095906121.000000,4101279.000000
545000,2,292928,0.600000,1.000000,0.630682,1.000000,0.000000,0,0.000000,544650.000000,1.000000,1373095906121.000000,4101279.000000
545000,3,292938,0.600000,1.000000,0.619491,1.000000,0.000000,0,0.000000,544786.000000,1.000000,1373095906121.000000,4101279.000000
545000,4,292948,0.600000,1.000000,0.696707,1.000000,0.000000,0,0.000000,544961.000000,1.000000,1373095906121.000000,4101279.000000
545000,5,292953,0.600000,1.000000,0.714504,1.000000,0.000000,0,0.000000,544999.000000,1.000000,1373095906121.000000,4101279.000000
545000,6,292953,0.600000,1.000000,0.702377,1.000000,0.000000,0,0.000000,544998.000000,1.000000,1373095906121.000000,4101279.000000
545000,7,292953,0.600000,1.000000,0.676307,1.000000,0.000000,0,0.000000,544646.000000,1.000000,1373095906121.000000,4101279.000000
545000,8,292952,0.600000,1.000000,0.721747,1.000000,0.000000,0,0.000000,544982.000000,1.000000,1373095906121.000000,4101279.000000
545000,9,292952,0.600000,1.000000,0.816426,1.000000,0.000000,0,0.000000,544997.000000,1.000000,1373095906121.000000,4101279.000000
545000,10,292947,0.600000,1.000000,0.537519,1.000000,0.000000,0,0.000000,544957.000000,1.000000,1373095906121.000000,4101279.000000
545000,11,292948,0.600000,1.000000,0.678229,1.000000,0.000000,0,0.000000,544931.000000,1.000000,1373095906121.000000,4101279.000000
545000,12,292948,0.600000,1.000000,0.679214,1.000000,0.000000,0,0.000000,544980.000000,1.000000,1373095906121.000000,4101279.000000
545000,13,292952,0.600000,1.000000,0.588428,1.000000,0.000000,0,0.000000,544990.000000,1.000000,1373095906121.000000,4101279.000000
545000,14,292952,0.600000,1.000000,0.756132,1.000000,0.000000,0,0.000000,544994.000000,1.000000,1373095906121.000000,4101279.000000
545000,15,292952,0.600000,1.000000,0.803451,1.000000,0.000000,1,488124.000000,545000.000000,1.000000,1373095906121.000000,4101279.000000
546000,0,293490,0.600000,1.000000,0.643486,1.000000,0.000000,0,0.000000,545979.000000,1.000000,1378179734070.000000,3521870.000000
546000,1,293488,0.600000,1.000000,0.512198,1.000000,0.000000,0,0.000000,545977.000000,1.000000,1378179734070.000000,3521870.000000
546000,2,293485,0.600000,1.000000,0.658905,1.000000,0.000000,0,0.000000,545855.000000,1.000000,1378179734070.000000,3521870.000000
546000,3,293494,0.600000,1.000000,0.598264,1.000000,0.000000,0,0.000000,545975.000000,1.000000,1378179734070.000000,3521870.000000
546000,4,293490,0.600000,1.000000,0.662031,1.000000,0.000000,0,0.000000,545970.000000,1.000000,1378179734070.000000,3521870.000000
546000,5,293490,0.600000,1.000000,0.687481,1.000000,0.000000,0,0.000000,545990.000000,1.000000,1378179734070.000000,3521870.000000
546000,6,293494,0.600000,1.000000,0.673708,1.000000,0.000000,0,0.000000,545983.000000,1.000000,1378179734070.000000,3521870.000000
546000,7,293485,0.600000,1.000000,0.576274,1.000000,0.000000,0,0.000000,545895.000000,1.000000,1378179734070.000000,3521870.000000
546000,8,293474,0.600000,1.000000,0.646904,1.000000,0.000000,0,0.000000,545435.000000,1.000000,1378179734070.000000,3521870.000000
546000,9,293492,0.600000,1.000000,0.715679,1.000000,0.000000,0,0.000000,545995.000000,1.000000,1378179734070.000000,3521870.000000
546000,10,293491,0.600000,1.000000,0.647834,1.000000,0.000000,0,0.000000,545976.000000,1.000000,1378179734070.000000,3521870.000000
546000,11,293493,0.600000,1.000000,0.682992,1.000000,0.000000,0,0.000000,545997.000000,1.000000,1378179734070.000000,3521870.000000
546000,12,293491,0.600000,1.000000,0.738829,1.000000,0.000000,0,0.000000,545686.000000,1.000000,1378179734070.000000,3521870.000000
546000,13,293494,0.600000,1.000000,0.774139,1.000000,0.000000,1,490060.000000,546000.000000,1.000000,1378179734070.000000,3521870.000000
546000,14,293494,0.600000,1.000000,0.667006,1.000000,0.000000,0,0.000000,545988.000000,1.000000,1378179734070.000000,3521870.000000
546000,15,293491,0.600000,1.000000,0.671128,1.000000,0.000000,0,0.000000,545981.000000,1.000000,1378179734070.000000,3521870.000000
547000,0,294032,0.600000,1.000000,0.639951,1.000000,0.000000,0,0.000000,546996.000000,1.000000,1383236497043.000000,2352250.000000
547000,1,294031,0.600000,1.000000,0.596192,1.000000,0.000000,0,0.000000,546773.000000,1.000000,1383236497043.000000,2352250.000000
547000,2,294032,0.600000,1.000000,0.661474,1.000000,0.000000,0,0.000000,546983.000000,1.000000,1383236497043.000000,2352250.000000
547000,3,294026,0.600000,1.000000,0.619095,1.000000,0.000000,0,0.000000,546954.000000,1.000000,1383236497043.000000,2352250.000000
547000,4,294032,0.600000,1.000000,0.704199,1.000000,0.000000,1,490512.000000,547000.000000,1.000000,1383236497043.000000,2352250.000000
547000,5,294027,0.600000,1.000000,0.585360,1.000000,0.000000,0,0.000000,546703.000000,1.000000,1383236497043.000000,2352250.000000
547000,6,294032,0.600000,1.000000,0.609481,1.000000,0.000000,0,0.000000,546999.000000,1.000000,1383236497043.000000,2352250.000000
547000,7,294007,0.600000,1.000000,0.710706,1.000000,0.000000,0,0.000000,545895.000000,1.000000,1383236497043.000000,2352250.000000
547000,8,294021,0.600000,1.000000,0.724928,1.000000,0.000000,0,0.000000,546897.000000,1.000000,1383236497043.000000,2352250.000000
547000,9,294031,0.600000,1.000000,0.746135,1.000000,0.000000,0,0.000000,546713.000000,1.000000,1383236497043.000000,2352250.000000
547000,10,294031,0.600000,1.000000,0.674903,1.000000,0.000000,0,0.000000,546994.000000,1.000000,1383236497043.000000,2352250.000000
547000,11,294032,0.600000,1.000000,0.605618,1.000000,0.000000,0,0.000000,546995.000000,1.000000,1383236497043.000000,2352250.000000
547000,12,294032,0.600000,1.000000,0.664440,1.000000,0.000000,0,0.000000,546986.000000,1.000000,1383236497043.000000,2352250.000000
547000,13,294032,0.600000,1.000000,0.621837,1.000000,0.000000,0,0.000000,546978.000000,1.000000,1383236497043.000000,2352250.000000
547000,14,294029,0.600000,1.000000,0.609133,1.000000,0.000000,0,0.000000,546987.000000,1.000000,1383236497043.000000,2352250.000000
547000,15,294016,0.600000,1.000000,0.586121,1.000000,0.000000,0,0.000000,546823.000000,1.000000,1383236497043.000000,2352250.000000
548000,0,294553,0.600000,1.000000,0.600626,1.000000,0.000000,0,0.000000,547912.000000,1.000000,1388188230052.000000,5891074.000000
548000,1,294558,0.600000,1.000000,0.536680,1.000000,0.000000,0,0.000000,547960.000000,1.000000,1388188230052.000000,5891074.000000
548000,2,294553,0.600000,1.000000,0.664726,1.000000,0.000000,0,0.000000,547812.000000,1.000000,1388188230052.000000,5891074.000000
548000,3,294555,0.600000,1.000000,0.677367,1.000000,0.000000,0,0.000000,547988.000000,1.000000,1388188230052.000000,5891074.000000
548000,4,294549,0.600000,1.000000,0.552754,1.000000,0.000000,0,0.000000,547731.000000,1.000000,1388188230052.000000,5891074.000000
548000,5,294557,0.600000,1.000000,0.663971,1.000000,0.000000,0,0.000000,547999.000000,1.000000,1388188230052.000000,5891074.000000
548000,6,294554,0.600000,1.000000,0.695877,1.000000,0.000000,0,0.000000,547989.000000,1.000000,1388188230052.000000,5891074.000000
548000,7,294544,0.600000,1.000000,0.505955,1.000000,0.000000,0,0.000000,547940.000000,1.000000,1388188230052.000000,5891074.000000
548000,8,294545,0.600000,1.000000,0.465232,1.000000,0.000000,0,0.000000,547702.000000,1.000000,1388188230052.000000,5891074.000000
548000,9,294553,0.600000,1.000000,0.621038,1.000000,0.000000,0,0.000000,547791.000000,1.000000,1388188230052.000000,5891074.000000
548000,10,294556,0.600000,1.000000,0.660225,1.000000,0.000000,0,0.000000,547862.000000,1.000000,1388188230052.000000,5891074.000000
548000,11,294554,0.600000,1.000000,0.622061,1.000000,0.000000,0,0.000000,547980.000000,1.000000,1388188230052.000000,5891074.000000
548000,12,294556,0.600000,1.000000,0.636428,1.000000,0.000000,0,0.000000,547968.000000,1.000000,1388188230052.000000,5891074.000000
548000,13,294557,0.600000,1.000000,0.756851,1.000000,0.000000,1,491884.000000,548000.000000,1.000000,1388188230052.000000,5891074.000000
548000,14,294556,0.600000,1.000000,0.626590,1.000000,0.000000,0,0.000000,547975.000000,1.000000,1388188230052.000000,5891074.000000
548000,15,294556,0.600000,1.000000,0.757220,1.000000,0.000000,0,0.000000,547998.000000,1.000000,1388188230052.000000,5891074.000000
549000,0,295094,0.600000,1.000000,0.806935,1.000000,0.000000,0,0.000000,548997.000000,1.000000,1393243828472.000000,4131257.000000
549000,1,295092,0.600000,1.000000,0.612244,1.000000,0.000000,0,0.000000,548939.000000,1.000000,1393243828472.000000,4131257.000000
549000,2,295088,0.600000,1.000000,0.587146,1.000000,0.000000,0,0.000000,548951.000000,1.000000,1393243828472.000000,4131257.000000
549000,3,295094,0.600000,1.000000,0.671058,1.000000,0.000000,0,0.000000,548999.000000,1.000000,1393243828472.000000,4131257.000000
549000,4,295094,0.600000,1.000000,0.609594,1.000000,0.000000,0,0.000000,548969.000000,1.000000,1393243828472.000000,4131257.000000
549000,5,295095,0.600000,1.000000,0.658617,1.000000,0.000000,1,491837.000000,549000.000000,1.000000,1393243828472.000000,4131257.000000
549000,6,295090,0.600000,1.000000,0.603083,1.000000,0.000000,0,0.000000,548967.000000,1.000000,1393243828472.000000,4131257.000000
549000,7,295075,0.600000,1.000000,0.588912,1.000000,0.000000,0,0.000000,548807.000000,1.000000,1393243828472.000000,4131257.000000
549000,8,295083,0.600000,1.000000,0.608944,1.000000,0.000000,0,0.000000,548944.000000,1.000000,1393243828472.000000,4131257.000000
549000,9,295090,0.600000,1.000000,0.666053,1.000000,0.000000,0,0.000000,548943.000000,1.000000,1393243828472.000000,4131257.000000
549000,10,295095,0.600000,1.000000,0.761586,1.000000,0.000000,0,0.000000,548988.000000,1.000000,1393243828472.000000,4131257.000000
549000,11,295075,0.600000,1.000000,0.636265,1.000000,0.000000,0,0.000000,548835.000000,1.000000,1393243828472.000000,4131257.000000
549000,12,295095,0.600000,1.000000,0.669507,1.000000,0.000000,0,0.000000,548994.000000,1.000000,1393243828472.000000,4131257.000000
549000,13,295094,0.600000,1.000000,0.677643,1.000000,0.000000,0,0.000000,548998.000000,1.000000,1393243828472.000000,4131257.000000
549000,14,295091,0.600000,1.000000,0.454600,1.000000,0.000000,0,0.000000,548978.000000,1.000000,1393243828472.000000,4131257.000000
549000,15,295085,0.600000,1.000000,0.575390,1.000000,0.000000,0,0.000000,548758.000000,1.000000,1393243828472.000000,4131257.000000
550000,0,295629,0.600000,1.000000,0.660715,1.000000,0.000000,0,0.000000,549996.000000,1.000000,1398320440338.000000,4138775.000000
550000,1,295628,0.600000,1.000000,0.795027,1.000000,0.000000,0,0.000000,549994.000000,1.000000,1398320440338.000000,4138775.000000
550000,2,295630,0.600000,1.000000,0.793442,1.000000,0.000000,0,0.000000,549999.000000,1.000000,1398320440338.000000,4138775.000000
550000,3,295628,0.600000,1.000000,0.685730,1.000000,0.000000,0,0.000000,549979.000000,1.000000,1398320440338.000000,4138775.000000
550000,4,295629,0.600000,1.000000,0.677868,1.000000,0.000000,0,0.000000,549973.000000,1.000000,1398320440338.000000,4138775.000000
550000,5,295623,0.600000,1.000000,0.580755,1.000000,0.000000,0,0.000000,549970.000000,1.000000,1398320440338.000000,4138775.000000
550000,6,295630,0.600000,1.000000,0.712068,1.000000,0.000000,0,0.000000,549993.000000,1.000000,1398320440338.000000,4138775.000000
550000,7,295629,0.600000,1.000000,0.654859,1.000000,0.000000,0,0.000000,549983.000000,1.000000,1398320440338.000000,4138775.000000
550000,8,295623,0.600000,1.000000,0.662364,1.000000,0.000000,0,0.000000,549982.000000,1.000000,1398320440338.000000,4138775.000000
550000,9,295630,0.600000,1.000000,0.681280,1.000000,0.000000,0,0.000000,549998.000000,1.000000,1398320440338.000000,4138775.000000
550000,10,295620,0.600000,1.000000,0.593897,1.000000,0.000000,0,0.000000,549883.000000,1.000000,1398320440338.000000,4138775.000000
550000,11,295630,0.600000,1.000000,0.756458,1.000000,0.000000,1,493335.000000,550000.000000,1.000000,1398320440338.000000,4138775.000000
550000,12,295629,0.600000,1.000000,0.619800,1.000000,0.000000,0,0.000000,549886.000000,1.000000,1398320440338.000000,4138775.000000
550000,13,295630,0.600000,1.000000,0.610875,1.000000,0.000000,0,0.000000,549971.000000,1.000000,1398320440338.000000,4138775.000000
550000,14,295618,0.600000,1.000000,0.562831,1.000000,0.000000,0,0.000000,549952.000000,1.000000,1398320440338.000000,4138775.000000
550000,15,295618,0.600000,1.000000,0.545852,1.000000,0.000000,0,0.000000,549931.000000,1.000000,1398320440338.000000,4138775.000000
551000,0,296168,0.600000,1.000000,0.602521,1.000000,0.000000,1,493172.000000,551000.000000,1.000000,1403409838696.000000,5330925.000000
551000,1,296164,0.600000,1.000000,0.594110,1.000000,0.000000,0,0.000000,550978.000000,1.000000,1403409838696.000000,5330925.000000
551000,2,296164,0.600000,1.000000,0.603322,1.000000,0.000000,0,0.000000,550945.000000,1.000000,1403409838696.000000,5330925.000000
551000,3,296167,0.600000,1.000000,0.613591,1.000000,0.000000,0,0.000000,550972.000000,1.000000,1403409838696.000000,5330925.000000
551000,4,296161,0.600000,1.000000,0.616153,1.000000,0.000000,0,0.000000,550865.000000,1.000000,1403409838696.000000,5330925.000000
551000,5,296168,0.600000,1.000000,0.775551,1.000000,0.000000,0,0.000000,550996.000000,1.000000,1403409838696.000000,5330925.000000
551000,6,296164,0.600000,1.000000,0.776124,1.000000,0.000000,0,0.000000,550924.000000,1.000000,1403409838696.000000,5330925.000000
551000,7,296158,0.600000,1.000000,0.673872,1.000000,0.000000,0,0.000000,550693.000000,1.000000,1403409838696.000000,5330925.000000
551000,8,296166,0.600000,1.000000,0.658084,1.000000,0.000000,0,0.000000,550870.000000,1.000000,1403409838696.000000,5330925.000000
551000,9,296166,0.600000,1.000000,0.713789,1.000000,0.000000,0,0.000000,550989.000000,1.000000,1403409838696.000000,5330925.000000
551000,10,296166,0.600000,1.000000,0.538992,1.000000,0.000000,0,0.000000,550990.000000,1.000000,1403409838696.000000,5330925.000000
551000,11,296167,0.600000,1.000000,0.704197,1.000000,0.000000,0,0.000000,550998.000000,1.000000,1403409838696.000000,5330925.000000
551000,12,296150,0.600000,1.000000,0.580360,1.000000,0.000000,0,0.000000,550841.000000,1.000000,1403409838696.000000,5330925.000000
551000,13,296168,0.600000,1.000000,0.684548,1.000000,0.000000,0,0.000000,550997.000000,1.000000,1403409838696.000000,5330925.000000
551000,14,296159,0.600000,1.000000,0.529362,1.000000,0.000000,0,0.000000,550967.000000,1.000000,1403409838696.000000,5330925.000000
551000,15,296168,0.600000,1.000000,0.593984,1.000000,0.000000,0,0.000000,550992.000000,1.000000,1403409838696.000000,5330925.000000
552000,0,296705,0.600000,1.000000,0.595558,1.000000,0.000000,0,0.000000,551973.000000,1.000000,1408570196386.000000,7120992.000000
552000,1,296710,0.600000,1.000000,0.673512,1.000000,0.000000,0,0.000000,551872.000000,1.000000,1408570196386.000000,7120992.000000
552000,2,296713,0.600000,1.000000,0.760058,1.000000,0.000000,0,0.000000,551999.000000,1.000000,1408570196386.000000,7120992.000000
552000,3,296706,0.600000,1.000000,0.689758,1.000000,0.000000,0,0.000000,551816.000000,1.000000,1408570196386.000000,7120992.000000
552000,4,296709,0.600000,1.000000,0.705634,1.000000,0.000000,0,0.000000,551983.000000,1.000000,1408570196386.000000,7120992.000000
552000,5,296703,0.600000,1.000000,0.564701,1.000000,0.000000,0,0.000000,551290.000000,1.000000,1408570196386.000000,7120992.000000
552000,6,296712,0.600000,1.000000,0.761616,1.000000,0.000000,0,0.000000,551998.000000,1.000000,1408570196386.000000,7120992.000000
552000,7,296701,0.600000,1.000000,0.654351,1.000000,0.000000,0,0.000000,551844.000000,1.000000,1408570196386.000000,7120992.000000
552000,8,296706,0.600000,1.000000,0.548970,1.000000,0.000000,0,0.000000,551953.000000,1.000000,1408570196386.000000,7120992.000000
552000,9,296710,0.600000,1.000000,0.760693,1.000000,0.000000,0,0.000000,551994.000000,1.000000,1408570196386.000000,7120992.000000
552000,10,296712,0.600000,1.000000,0.760869,1.000000,0.000000,1,493866.000000,552000.000000,1.000000,1408570196386.000000,7120992.000000
552000,11,296708,0.600000,1.000000,0.727744,1.000000,0.000000,0,0.000000,551980.000000,1.000000,1408570196386.000000,7120992.000000
552000,12,296710,0.600000,1.000000,0.661295,1.000000,0.000000,0,0.000000,551988.000000,1.000000,1408570196386.000000,7120992.000000
552000,13,296707,0.600000,1.000000,0.756274,1.000000,0.000000,0,0.000000,551987.000000,1.000000,1408570196386.000000,7120992.000000
552000,14,296708,0.600000,1.000000,0.586475,1.000000,0.000000,0,0.000000,551961.000000,1.000000,1408570196386.000000,7120992.000000
552000,15,296708,0.600000,1.000000,0.597481,1.000000,0.000000,0,0.000000,551491.000000,1.000000,1408570196386.000000,7120992.000000
553000,0,297242,0.600000,1.000000,0.564347,1.000000,0.000000,0,0.000000,552823.000000,1.000000,1413682952350.000000,1783455.000000
553000,1,297247,0.600000,1.000000,0.703257,1.000000,0.000000,0,0.000000,552985.000000,1.000000,1413682952350.000000,1783455.000000
553000,2,297248,0.600000,1.000000,0.666924,1.000000,0.000000,0,0.000000,552984.000000,1.000000,1413682952350.000000,1783455.000000
553000,3,297246,0.600000,1.000000,0.760095,1.000000,0.000000,0,0.000000,552991.000000,1.000000,1413682952350.000000,1783455.000000
553000,4,297246,0.600000,1.000000,0.722189,1.000000,0.000000,0,0.000000,552995.000000,1.000000,1413682952350.000000,1783455.000000
553000,5,297248,0.600000,1.000000,0.758860,1.000000,0.000000,0,0.000000,552997.000000,1.000000,1413682952350.000000,1783455.000000
553000,6,297244,0.600000,1.000000,0.618960,1.000000,0.000000,0,0.000000,552968.000000,1.000000,1413682952350.000000,1783455.000000
553000,7,297248,0.600000,1.000000,0.723720,1.000000,0.000000,0,0.000000,552613.000000,1.000000,1413682952350.000000,1783455.000000
553000,8,297244,0.600000,1.000000,0.657118,1.000000,0.000000,0,0.000000,552960.000000,1.000000,1413682952350.000000,1783455.000000
553000,9,297246,0.600000,1.000000,0.559387,1.000000,0.000000,0,0.000000,552975.000000,1.000000,1413682952350.000000,1783455.000000
553000,10,297249,0.600000,1.000000,0.608069,1.000000,0.000000,0,0.000000,552986.000000,1.000000,1413682952350.000000,1783455.000000
553000,11,297249,0.600000,1.000000,0.745493,1.000000,0.000000,1,496074.000000,553000.000000,1.000000,1413682952350.000000,1783455.000000
553000,12,297247,0.600000,1.000000,0.623026,1.000000,0.000000,0,0.000000,552992.000000,1.000000,1413682952350.000000,1783455.000000
553000,13,297245,0.600000,1.000000,0.670658,1.000000,0.000000,0,0.000000,552994.000000,1.000000,1413682952350.000000,1783455.000000
553000,14,297247,0.600000,1.000000,0.558575,1.000000,0.000000,0,0.000000,552981.000000,1.000000,1413682952350.000000,1783455.000000
553000,15,297240,0.600000,1.000000,0.438206,1.000000,0.000000,0,0.000000,552939.000000,1.000000,1413682952350.000000,1783455.000000
554000,0,297781,0.600000,1.000000,0.755196,1.000000,0.000000,1,495917.000000,554000.000000,1.000000,1418713850555.000000,5955500.000000
554000,1,297773,0.600000,1.000000,0.563623,1.000000,0.000000,0,0.000000,553963.000000,1.000000,1418713850555.000000,5955500.000000
554000,2,297773,0.600000,1.000000,0.470680,1.000000,0.000000,0,0.000000,553940.000000,1.000000,1418713850555.000000,5955500.000000
554000,3,297771,0.600000,1.000000,0.607654,1.000000,0.000000,0,0.000000,553901.000000,1.000000,1418713850555.000000,5955500.000000
554000,4,297780,0.600000,1.000000,0.702780,1.000000,0.000000,0,0.000000,553995.000000,1.000000,1418713850555.000000,5955500.000000
554000,5,297776,0.600000,1.000000,0.679041,1.000000,0.000000,0,0.000000,553992.000000,1.000000,1418713850555.000000,5955500.000000
554000,6,297781,0.600000,1.000000,0.781848,1.000000,0.000000,0,0.000000,553999.000000,1.000000,1418713850555.000000,5955500.000000
554000,7,297767,0.600000,1.000000,0.543076,1.000000,0.000000,0,0.000000,553891.000000,1.000000,1418713850555.000000,5955500.000000
554000,8,297780,0.600000,1.000000,0.634530,1.000000,0.000000,0,0.000000,553996.000000,1.000000,1418713850555.000000,5955500.000000
554000,9,297776,0.600000,1.000000,0.758126,1.000000,0.000000,0,0.000000,553980.000000,1.000000,1418713850555.000000,5955500.000000
554000,10,297760,0.600000,1.000000,0.580352,1.000000,0.000000,0,0.000000,553691.000000,1.000000,1418713850555.000000,5955500.000000
554000,11,297774,0.600000,1.000000,0.610002,1.000000,0.000000,0,0.000000,553982.000000,1.000000,1418713850555.000000,5955500.000000
554000,12,297775,0.600000,1.000000,0.633779,1.000000,0.000000,0,0.000000,553926.000000,1.000000,1418713850555.000000,5955500.000000
554000,13,297778,0.600000,1.000000,0.628193,1.000000,0.000000,0,0.000000,553944.000000,1.000000,1418713850555.000000,5955500.000000
554000,14,297778,0.600000,1.000000,0.676019,1.000000,0.000000,0,0.000000,553973.000000,1.000000,1418713850555.000000,5955500.000000
554000,15,297768,0.600000,1.000000,0.549789,1.000000,0.000000,0,0.000000,553868.000000,1.000000,1418713850555.000000,5955500.000000
555000,0,298308,0.600000,1.000000,0.608752,1.000000,0.000000,0,0.000000,554933.000000,1.000000,1423836016644.000000,5966238.000000
555000,1,298315,0.600000,1.000000,0.769149,1.000000,0.000000,1,497220.000000,555000.000000,1.000000,1423836016644.000000,5966238.000000
555000,2,298305,0.600000,1.000000,0.470274,1.000000,0.000000,0,0.000000,554894.000000,1.000000,1423836016644.000000,5966238.000000
555000,3,298314,0.600000,1.000000,0.606954,1.000000,0.000000,0,0.000000,554974.000000,1.000000,1423836016644.000000,5966238.000000
555000,4,298314,0.600000,1.000000,0.633741,1.000000,0.000000,0,0.000000,554981.000000,1.000000,1423836016644.000000,5966238.000000
555000,5,298313,0.600000,1.000000,0.687535,1.000000,0.000000,0,0.000000,554993.000000,1.000000,1423836016644.000000,5966238.000000
555000,6,298312,0.600000,1.000000,0.597183,1.000000,0.000000,0,0.000000,554985.000000,1.000000,1423836016644.000000,5966238.000000
555000,7,298315,0.600000,1.000000,0.589030,1.000000,0.000000,0,0.000000,554975.000000,1.000000,1423836016644.000000,5966238.000000
555000,8,298311,0.600000,1.000000,0.586271,1.000000,0.000000,0,0.000000,554930.000000,1.000000,1423836016644.000000,5966238.000000
555000,9,298313,0.600000,1.000000,0.728247,1.000000,0.000000,0,0.000000,554891.000000,1.000000,1423836016644.000000,5966238.000000
555000,10,298307,0.600000,1.000000,0.560227,1.000000,0.000000,0,0.000000,554953.000000,1.000000,1423836016644.000000,5966238.000000
555000,11,298311,0.600000,1.000000,0.612338,1.000000,0.000000,0,0.000000,554957.000000,1.000000,1423836016644.000000,5966238.000000
555000,12,298314,0.600000,1.000000,0.749166,1.000000,0.000000,0,0.000000,554997.000000,1.000000,1423836016644.000000,5966238.000000
555000,13,298310,0.600000,1.000000,0.609102,1.000000,0.000000,0,0.000000,554960.000000,1.000000,1423836016644.000000,5966238.000000
555000,14,298312,0.600000,1.000000,0.645805,1.000000,0.000000,0,0.000000,554937.000000,1.000000,1423836016644.000000,5966238.000000
555000,15,298310,0.600000,1.000000,0.589428,1.000000,0.000000,0,0.000000,554778.000000,1.000000,1423836016644.000000,5966238.000000
556000,0,298843,0.600000,1.000000,0.609582,1.000000,0.000000,0,0.000000,555977.000000,1.000000,1428907643969.000000,6574513.000000
556000,1,298845,0.600000,1.000000,0.685762,1.000000,0.000000,1,498108.000000,556000.000000,1.000000,1428907643969.000000,6574513.000000
556000,2,298845,0.600000,1.000000,0.715930,1.000000,0.000000,0,0.000000,555995.000000,1.000000,1428907643969.000000,6574513.000000
556000,3,298845,0.600000,1.000000,0.625364,1.000000,0.000000,0,0.000000,555999.000000,1.000000,1428907643969.000000,6574513.000000
556000,4,298844,0.600000,1.000000,0.720522,1.000000,0.000000,0,0.000000,555989.000000,1.000000,1428907643969.000000,6574513.000000
556000,5,298840,0.600000,1.000000,0.537554,1.000000,0.000000,0,0.000000,555921.000000,1.000000,1428907643969.000000,6574513.000000
556000,6,298840,0.600000,1.000000,0.699895,1.000000,0.000000,0,0.000000,555634.000000,1.000000,1428907643969.000000,6574513.000000
556000,7,298845,0.600000,1.000000,0.671986,1.000000,0.000000,0,0.000000,555997.000000,1.000000,1428907643969.000000,6574513.000000
556000,8,298840,0.600000,1.000000,0.648734,1.000000,0.000000,0,0.000000,555841.000000,1.000000,1428907643969.000000,6574513.000000
556000,9,298843,0.600000,1.000000,0.562365,1.000000,0.000000,0,0.000000,555878.000000,1.000000,1428907643969.000000,6574513.000000
556000,10,298842,0.600000,1.000000,0.615378,1.000000,0.000000,0,0.000000,555990.000000,1.000000,1428907643969.000000,6574513.000000
556000,11,298842,0.600000,1.000000,0.571868,1.000000,0.000000,0,0.000000,555705.000000,1.000000,1428907643969.000000,6574513.000000
556000,12,298835,0.600000,1.000000,0.674684,1.000000,0.000000,0,0.000000,555857.000000,1.000000,1428907643969.000000,6574513.000000
556000,13,298844,0.600000,1.000000,0.725903,1.000000,0.000000,0,0.000000,555994.000000,1.000000,1428907643969.000000,6574513.000000
556000,14,298845,0.600000,1.000000,0.676867,1.000000,0.000000,0,0.000000,555993.000000,1.000000,1428907643969.000000,6574513.000000
556000,15,298839,0.600000,1.000000,0.571551,1.000000,0.000000,0,0.000000,555970.000000,1.000000,1428907643969.000000,6574513.000000
557000,0,299385,0.600000,1.000000,0.671085,1.000000,0.000000,0,0.000000,556956.000000,1.000000,1434084089490.000000,5388865.000000
557000,1,299388,0.600000,1.000000,0.747029,1.000000,0.000000,0,0.000000,556997.000000,1.000000,1434084089490.000000,5388865.000000
557000,2,299386,0.600000,1.000000,0.590526,1.000000,0.000000,0,0.000000,556985.000000,1.000000,1434084089490.000000,5388865.000000
557000,3,299356,0.600000,1.000000,0.543641,1.000000,0.000000,0,0.000000,556037.000000,1.000000,1434084089490.000000,5388865.000000
557000,4,299386,0.600000,1.000000,0.685995,1.000000,0.000000,0,0.000000,556957.000000,1.000000,1434084089490.000000,5388865.000000
557000,5,299383,0.600000,1.000000,0.653892,1.000000,0.000000,0,0.000000,556989.000000,1.000000,1434084089490.000000,5388865.000000
557000,6,299388,0.600000,1.000000,0.667968,1.000000,0.000000,0,0.000000,556953.000000,1.000000,1434084089490.000000,5388865.000000
557000,7,299380,0.600000,1.000000,0.587246,1.000000,0.000000,0,0.000000,556947.000000,1.000000,1434084089490.000000,5388865.000000
557000,8,299385,0.600000,1.000000,0.703911,1.000000,0.000000,0,0.000000,556987.000000,1.000000,1434084089490.000000,5388865.000000
557000,9,299386,0.600000,1.000000,0.586133,1.000000,0.000000,0,0.000000,556927.000000,1.000000,1434084089490.000000,5388865.000000
557000,10,299379,0.600000,1.000000,0.555691,1.000000,0.000000,0,0.000000,556910.000000,1.000000,1434084089490.000000,5388865.000000
557000,11,299388,0.600000,1.000000,0.735592,1.000000,0.000000,0,0.000000,556999.000000,1.000000,1434084089490.000000,5388865.000000
557000,12,299383,0.600000,1.000000,0.716444,1.000000,0.000000,0,0.000000,556970.000000,1.000000,1434084089490.000000,5388865.000000
557000,13,299388,0.600000,1.000000,0.774432,1.000000,0.000000,1,499930.000000,557000.000000,1.000000,1434084089490.000000,5388865.000000
557000,14,299389,0.600000,1.000000,0.655922,1.000000,0.000000,0,0.000000,556990.000000,1.000000,1434084089490.000000,5388865.000000
557000,15,299380,0.600000,1.000000,0.595271,1.000000,0.000000,0,0.000000,556794.000000,1.000000,1434084089490.000000,5388865.000000
558000,0,299928,0.600000,1.000000,0.737324,1.000000,0.000000,1,499405.000000,558000.000000,1.000000,1439262694641.000000,5998452.000000
558000,1,299925,0.600000,1.000000,0.797235,1.000000,0.000000,0,0.000000,557978.000000,1.000000,1439262694641.000000,5998452.000000
558000,2,299927,0.600000,1.000000,0.822987,1.000000,0.000000,0,0.000000,557999.000000,1.000000,1439262694641.000000,5998452.000000
558000,3,299925,0.600000,1.000000,0.606941,1.000000,0.000000,0,0.000000,557994.000000,1.000000,1439262694641.000000,5998452.000000
558000,4,299922,0.600000,1.000000,0.713284,1.000000,0.000000,0,0.000000,557959.000000,1.000000,1439262694641.000000,5998452.000000
558000,5,299923,0.600000,1.000000,0.548515,1.000000,0.000000,0,0.000000,557977.000000,1.000000,1439262694641.000000,5998452.000000
558000,6,299917,0.600000,1.000000,0.693552,1.000000,0.000000,0,0.000000,557726.000000,1.000000,1439262694641.000000,5998452.000000
558000,7,299918,0.600000,1.000000,0.595221,1.000000,0.000000,0,0.000000,557740.000000,1.000000,1439262694641.000000,5998452.000000
558000,8,299919,0.600000,1.000000,0.499106,1.000000,0.000000,0,0.000000,557877.000000,1.000000,1439262694641.000000,5998452.000000
558000,9,299927,0.600000,1.000000,0.754144,1.000000,0.000000,0,0.000000,557928.000000,1.000000,1439262694641.000000,5998452.000000
558000,10,299926,0.600000,1.000000,0.718152,1.000000,0.000000,0,0.000000,557759.000000,1.000000,1439262694641.000000,5998452.000000
558000,11,299923,0.600000,1.000000,0.590547,1.000000,0.000000,0,0.000000,557950.000000,1.000000,1439262694641.000000,5998452.000000
558000,12,299916,0.600000,1.000000,0.530641,1.000000,0.000000,0,0.000000,557821.000000,1.000000,1439262694641.000000,5998452.000000
558000,13,299921,0.600000,1.000000,0.613787,1.000000,0.000000,0,0.000000,557951.000000,1.000000,1439262694641.000000,5998452.000000
558000,14,299926,0.600000,1.000000,0.602542,1.000000,0.000000,0,0.000000,557883.000000,1.000000,1439262694641.000000,5998452.000000
558000,15,299928,0.600000,1.000000,0.744188,1.000000,0.000000,0,0.000000,557987.000000,1.000000,1439262694641.000000,5998452.000000
559000,0,300455,0.600000,1.000000,0.692614,1.000000,0.000000,0,0.000000,558999.000000,1.000000,1444351482625.000000,2403632.000000
559000,1,300454,0.600000,1.000000,0.768379,1.000000,0.000000,0,0.000000,558997.000000,1.000000,1444351482625.000000,2403632.000000
559000,2,300457,0.600000,1.000000,0.688456,1.000000,0.000000,0,0.000000,558998.000000,1.000000,1444351482625.000000,2403632.000000
559000,3,300454,0.600000,1.000000,0.611862,1.000000,0.000000,0,0.000000,558945.000000,1.000000,1444351482625.000000,2403632.000000
559000,4,300452,0.600000,1.000000,0.613126,1.000000,0.000000,0,0.000000,558950.000000,1.000000,1444351482625.000000,2403632.000000
559000,5,300457,0.600000,1.000000,0.666712,1.000000,0.000000,0,0.000000,558977.000000,1.000000,1444351482625.000000,2403632.000000
559000,6,300442,0.600000,1.000000,0.566954,1.000000,0.000000,0,0.000000,557726.000000,1.000000,1444351482625.000000,2403632.000000
559000,7,300450,0.600000,1.000000,0.742223,1.000000,0.000000,0,0.000000,558924.000000,1.000000,1444351482625.000000,2403632.000000
559000,8,300451,0.600000,1.000000,0.682794,1.000000,0.000000,0,0.000000,558986.000000,1.000000,1444351482625.000000,2403632.000000
559000,9,300454,0.600000,1.000000,0.761297,1.000000,0.000000,0,0.000000,558995.000000,1.000000,1444351482625.000000,2403632.000000
559000,10,300454,0.600000,1.000000,0.721403,1.000000,0.000000,0,0.000000,558966.000000,1.000000,1444351482625.000000,2403632.000000
559000,11,300453,0.600000,1.000000,0.623288,1.000000,0.000000,0,0.000000,558989.000000,1.000000,1444351482625.000000,2403632.000000
559000,12,300452,0.600000,1.000000,0.636555,1.000000,0.000000,0,0.000000,558903.000000,1.000000,1444351482625.000000,2403632.000000
559000,13,300452,0.600000,1.000000,0.619681,1.000000,0.000000,0,0.000000,558965.000000,1.000000,1444351482625.000000,2403632.000000
559000,14,300454,0.600000,1.000000,0.646454,1.000000,0.000000,0,0.000000,558877.000000,1.000000,1444351482625.000000,2403632.000000
559000,15,300456,0.600000,1.000000,0.697816,1.000000,0.000000,1,500790.000000,559000.000000,1.000000,1444351482625.000000,2403632.000000
560000,0,300994,0.600000,1.000000,0.671842,1.000000,0.000000,0,0.000000,559984.000000,1.000000,1449527507807.000000,3611878.000000
560000,1,300994,0.600000,1.000000,0.658088,1.000000,0.000000,0,0.000000,559874.000000,1.000000,1449527507807.000000,3611878.000000
560000,2,300994,0.600000,1.000000,0.629479,1.000000,0.000000,0,0.000000,559970.000000,1.000000,1449527507807.000000,3611878.000000
560000,3,300996,0.600000,1.000000,0.736303,1.000000,0.000000,0,0.000000,559995.000000,1.000000,1449527507807.000000,3611878.000000
560000,4,300994,0.600000,1.000000,0.666304,1.000000,0.000000,0,0.000000,559987.000000,1.000000,1449527507807.000000,3611878.000000
560000,5,300993,0.600000,1.000000,0.682628,1.000000,0.000000,0,0.000000,559950.000000,1.000000,1449527507807.000000,3611878.000000
560000,6,300995,0.600000,1.000000,0.740308,1.000000,0.000000,1,501700.000000,560000.000000,1.000000,1449527507807.000000,3611878.000000
560000,7,300985,0.600000,1.000000,0.536018,1.000000,0.000000,0,0.000000,559904.000000,1.000000,1449527507807.000000,3611878.000000
560000,8,300985,0.600000,1.000000,0.585729,1.000000,0.000000,0,0.000000,559652.000000,1.000000,1449527507807.000000,3611878.000000
560000,9,300988,0.600000,1.000000,0.729783,1.000000,0.000000,0,0.000000,559622.000000,1.000000,1449527507807.000000,3611878.000000
560000,10,300994,0.600000,1.000000,0.751848,1.000000,0.000000,0,0.000000,559997.000000,1.000000,1449527507807.000000,3611878.000000
560000,11,300996,0.600000,1.000000,0.641949,1.000000,0.000000,0,0.000000,559993.000000,1.000000,1449527507807.000000,3611878.000000
560000,12,300975,0.600000,1.000000,0.591566,1.000000,0.000000,0,0.000000,559827.000000,1.000000,1449527507807.000000,3611878.000000
560000,13,300990,0.600000,1.000000,0.752578,1.000000,0.000000,0,0.000000,559980.000000,1.000000,1449527507807.000000,3611878.000000
560000,14,300989,0.600000,1.000000,0.742686,1.000000,0.000000,0,0.000000,559969.000000,1.000000,1449527507807.000000,3611878.000000
560000,15,300991,0.600000,1.000000,0.596705,1.000000,0.000000,0,0.000000,559971.000000,1.000000,1449527507807.000000,3611878.000000
561000,0,301534,0.600000,1.000000,0.750184,1.000000,0.000000,0,0.000000,560998.000000,1.000000,1454739927988.000000,4221413.000000
561000,1,301532,0.600000,1.000000,0.647633,1.000000,0.000000,0,0.000000,560936.000000,1.000000,1454739927988.000000,4221413.000000
561000,2,301534,0.600000,1.000000,0.680244,1.000000,0.000000,0,0.000000,560996.000000,1.000000,1454739927988.000000,4221413.000000
561000,3,301526,0.600000,1.000000,0.643971,1.000000,0.000000,0,0.000000,560802.000000,1.000000,1454739927988.000000,4221413.000000
561000,4,301533,0.600000,1.000000,0.732086,1.000000,0.000000,0,0.000000,560983.000000,1.000000,1454739927988.000000,4221413.000000
561000,5,301534,0.600000,1.000000,0.621573,1.000000,0.000000,1,502687.000000,561000.000000,1.000000,1454739927988.000000,4221413.000000
561000,6,301534,0.600000,1.000000,0.689790,1.000000,0.000000,0,0.000000,560982.000000,1.000000,1454739927988.000000,4221413.000000
561000,7,301533,0.600000,1.000000,0.707571,1.000000,0.000000,0,0.000000,560967.000000,1.000000,1454739927988.000000,4221413.000000
561000,8,301533,0.600000,1.000000,0.754389,1.000000,0.000000,0,0.000000,560934.000000,1.000000,1454739927988.000000,4221413.000000
561000,9,301529,0.600000,1.000000,0.690150,1.000000,0.000000,0,0.000000,560575.000000,1.000000,1454739927988.000000,4221413.000000
561000,10,301530,0.600000,1.000000,0.742361,1.000000,0.000000,0,0.000000,560942.000000,1.000000,1454739927988.000000,4221413.000000
561000,11,301529,0.600000,1.000000,0.549375,1.000000,0.000000,0,0.000000,560958.000000,1.000000,1454739927988.000000,4221413.000000
561000,12,301531,0.600000,1.000000,0.697507,1.000000,0.000000,0,0.000000,560987.000000,1.000000,1454739927988.000000,4221413.000000
561000,13,301533,0.600000,1.000000,0.765292,1.000000,0.000000,0,0.000000,560999.000000,1.000000,1454739927988.000000,4221413.000000
561000,14,301533,0.600000,1.000000,0.675544,1.000000,0.000000,0,0.000000,560984.000000,1.000000,1454739927988.000000,4221413.000000
561000,15,301526,0.600000,1.000000,0.542909,1.000000,0.000000,0,0.000000,560206.000000,1.000000,1454739927988.000000,4221413.000000
562000,0,302080,0.600000,1.000000,0.699410,1.000000,0.000000,0,0.000000,561996.000000,1.000000,1460000369049.000000,3624938.000000
562000,1,302080,0.600000,1.000000,0.689460,1.000000,0.000000,0,0.000000,561995.000000,1.000000,1460000369049.000000,3624938.000000
562000,2,302077,0.600000,1.000000,0.596744,1.000000,0.000000,0,0.000000,561978.000000,1.000000,1460000369049.000000,3624938.000000
562000,3,302074,0.600000,1.000000,0.664582,1.000000,0.000000,0,0.000000,561820.000000,1.000000,1460000369049.000000,3624938.000000
562000,4,302079,0.600000,1.000000,0.764424,1.000000,0.000000,0,0.000000,561888.000000,1.000000,1460000369049.000000,3624938.000000
562000,5,302070,0.600000,1.000000,0.610421,1.000000,0.000000,0,0.000000,561662.000000,1.000000,1460000369049.000000,3624938.000000
562000,6,302078,0.600000,1.000000,0.686218,1.000000,0.000000,0,0.000000,561972.000000,1.000000,1460000369049.000000,3624938.000000
562000,7,302079,0.600000,1.000000,0.765485,1.000000,0.000000,1,504839.000000,562000.000000,1.000000,1460000369049.000000,3624938.000000
562000,8,302071,0.600000,1.000000,0.567127,1.000000,0.000000,0,0.000000,561953.000000,1.000000,1460000369049.000000,3624938.000000
562000,9,302074,0.600000,1.000000,0.651060,1.000000,0.000000,0,0.000000,561974.000000,1.000000,1460000369049.000000,3624938.000000
562000,10,302074,0.600000,1.000000,0.594651,1.000000,0.000000,0,0.000000,561968.000000,1.000000,1460000369049.000000,3624938.000000
562000,11,302072,0.600000,1.000000,0.634645,1.000000,0.000000,0,0.000000,561812.000000,1.000000,1460000369049.000000,3624938.000000
562000,12,302079,0.600000,1.000000,0.676390,1.000000,0.000000,0,0.000000,561962.000000,1.000000,1460000369049.000000,3624938.000000
562000,13,302078,0.600000,1.000000,0.716219,1.000000,0.000000,0,0.000000,561738.000000,1.000000,1460000369049.000000,3624938.000000
562000,14,302074,0.600000,1.000000,0.541034,1.000000,0.000000,0,0.000000,561965.000000,1.000000,1460000369049.000000,3624938.000000
562000,15,302080,0.600000,1.000000,0.641086,1.000000,0.000000,0,0.000000,561999.000000,1.000000,1460000369049.000000,3624938.000000
563000,0,302627,0.600000,1.000000,0.806995,1.000000,0.000000,1,503921.000000,563000.000000,1.000000,1465299960991.000000,4236729.000000
563000,1,302627,0.600000,1.000000,0.737663,1.000000,0.000000,0,0.000000,562997.000000,1.000000,1465299960991.000000,4236729.000000
563000,2,302624,0.600000,1.000000,0.608099,1.000000,0.000000,0,0.000000,562866.000000,1.000000,1465299960991.000000,4236729.000000
563000,3,302625,0.600000,1.000000,0.723938,1.000000,0.000000,0,0.000000,562994.000000,1.000000,1465299960991.000000,4236729.000000
563000,4,302626,0.600000,1.000000,0.712771,1.000000,0.000000,0,0.000000,562986.000000,1.000000,1465299960991.000000,4236729.000000
563000,5,302623,0.600000,1.000000,0.454758,1.000000,0.000000,0,0.000000,562926.000000,1.000000,1465299960991.000000,4236729.000000
563000,6,302621,0.600000,1.000000,0.608914,1.000000,0.000000,0,0.000000,562954.000000,1.000000,1465299960991.000000,4236729.000000
563000,7,302626,0.600000,1.000000,0.743298,1.000000,0.000000,0,0.000000,562996.000000,1.000000,1465299960991.000000,4236729.000000
563000,8,302623,0.600000,1.000000,0.746071,1.000000,0.000000,0,0.000000,562844.000000,1.000000,1465299960991.000000,4236729.000000
563000,9,302620,0.600000,1.000000,0.652676,1.000000,0.000000,0,0.000000,562961.000000,1.000000,1465299960991.000000,4236729.000000
563000,10,302626,0.600000,1.000000,0.785743,1.000000,0.000000,0,0.000000,562999.000000,1.000000,1465299960991.000000,4236729.000000
563000,11,302628,0.600000,1.000000,0.768167,1.000000,0.000000,0,0.000000,562998.000000,1.000000,1465299960991.000000,4236729.000000
563000,12,302626,0.600000,1.000000,0.664222,1.000000,0.000000,0,0.000000,562946.000000,1.000000,1465299960991.000000,4236729.000000
563000,13,302624,0.600000,1.000000,0.669126,1.000000,0.000000,0,0.000000,562979.000000,1.000000,1465299960991.000000,4236729.000000
563000,14,302612,0.600000,1.000000,0.629941,1.000000,0.000000,0,0.000000,562634.000000,1.000000,1465299960991.000000,4236729.000000
563000,15,302625,0.600000,1.000000,0.646676,1.000000,0.000000,0,0.000000,562964.000000,1.000000,1465299960991.000000,4236729.000000
564000,0,303156,0.600000,1.000000,0.645574,1.000000,0.000000,0,0.000000,563844.000000,1.000000,1470433925692.000000,3031553.000000
564000,1,303154,0.600000,1.000000,0.715423,1.000000,0.000000,0,0.000000,563998.000000,1.000000,1470433925692.000000,3031553.000000
564000,2,303154,0.600000,1.000000,0.638199,1.000000,0.000000,0,0.000000,563995.000000,1.000000,1470433925692.000000,3031553.000000
564000,3,303154,0.600000,1.000000,0.609988,1.000000,0.000000,0,0.000000,563987.000000,1.000000,1470433925692.000000,3031553.000000
564000,4,303153,0.600000,1.000000,0.684690,1.000000,0.000000,0,0.000000,563970.000000,1.000000,1470433925692.000000,3031553.000000
564000,5,303154,0.600000,1.000000,0.725457,1.000000,0.000000,0,0.000000,563984.000000,1.000000,1470433925692.000000,3031553.000000
564000,6,303155,0.600000,1.000000,0.582423,1.000000,0.000000,0,0.000000,563997.000000,1.000000,1470433925692.000000,3031553.000000
564000,7,303152,0.600000,1.000000,0.526157,1.000000,0.000000,0,0.000000,563958.000000,1.000000,1470433925692.000000,3031553.000000
564000,8,303153,0.600000,1.000000,0.629104,1.000000,0.000000,0,0.000000,563939.000000,1.000000,1470433925692.000000,3031553.000000
564000,9,303149,0.600000,1.000000,0.573453,1.000000,0.000000,0,0.000000,563879.000000,1.000000,1470433925692.000000,3031553.000000
564000,10,303149,0.600000,1.000000,0.595327,1.000000,0.000000,0,0.000000,563443.000000,1.000000,1470433925692.000000,3031553.000000
564000,11,303153,0.600000,1.000000,0.816575,1.000000,0.000000,0,0.000000,563848.000000,1.000000,1470433925692.000000,3031553.000000
564000,12,303153,0.600000,1.000000,0.597864,1.000000,0.000000,0,0.000000,563989.000000,1.000000,1470433925692.000000,3031553.000000
564000,13,303158,0.600000,1.000000,0.722072,1.000000,0.000000,1,506106.000000,564000.000000,1.000000,1470433925692.000000,3031553.000000
564000,14,303155,0.600000,1.000000,0.777644,1.000000,0.000000,0,0.000000,563999.000000,1.000000,1470433925692.000000,3031553.000000
564000,15,303156,0.600000,1.000000,0.671052,1.000000,0.000000,0,0.000000,563971.000000,1.000000,1470433925692.000000,3031553.000000
565000,0,303677,0.600000,1.000000,0.619992,1.000000,0.000000,0,0.000000,564975.000000,1.000000,1475537997621.000000,7895633.000000
565000,1,303682,0.600000,1.000000,0.753242,1.000000,0.000000,0,0.000000,564891.000000,1.000000,1475537997621.000000,7895633.000000
565000,2,303679,0.600000,1.000000,0.614401,1.000000,0.000000,0,0.000000,564980.000000,1.000000,1475537997621.000000,7895633.000000
565000,3,303678,0.600000,1.000000,0.641053,1.000000,0.000000,0,0.000000,564987.000000,1.000000,1475537997621.000000,7895633.000000
565000,4,303683,0.600000,1.000000,0.670198,1.000000,0.000000,1,506678.000000,565000.000000,1.000000,1475537997621.000000,7895633.000000
565000,5,303681,0.600000,1.000000,0.694913,1.000000,0.000000,0,0.000000,564962.000000,1.000000,1475537997621.000000,7895633.000000
565000,6,303676,0.600000,1.000000,0.590051,1.000000,0.000000,0,0.000000,564981.000000,1.000000,1475537997621.000000,7895633.000000
565000,7,303675,0.600000,1.000000,0.598847,1.000000,0.000000,0,0.000000,564720.000000,1.000000,1475537997621.000000,7895633.000000
565000,8,303680,0.600000,1.000000,0.731750,1.000000,0.000000,0,0.000000,564970.000000,1.000000,1475537997621.000000,7895633.000000
565000,9,303673,0.600000,1.000000,0.605648,1.000000,0.000000,0,0.000000,564941.000000,1.000000,1475537997621.000000,7895633.000000
565000,10,303682,0.600000,1.000000,0.722143,1.000000,0.000000,0,0.000000,564994.000000,1.000000,1475537997621.000000,7895633.000000
565000,11,303681,0.600000,1.000000,0.717875,1.000000,0.000000,0,0.000000,564361.000000,1.000000,1475537997621.000000,7895633.000000
565000,12,303683,0.600000,1.000000,0.645831,1.000000,0.000000,0,0.000000,564998.000000,1.000000,1475537997621.000000,7895633.000000
565000,13,303674,0.600000,1.000000,0.666091,1.000000,0.000000,0,0.000000,564862.000000,1.000000,1475537997621.000000,7895633.000000
565000,14,303683,0.600000,1.000000,0.639044,1.000000,0.000000,0,0.000000,564990.000000,1.000000,1475537997621.000000,7895633.000000
565000,15,303682,0.600000,1.000000,0.781202,1.000000,0.000000,0,0.000000,564967.000000,1.000000,1475537997621.000000,7895633.000000
566000,0,304214,0.600000,1.000000,0.614197,1.000000,0.000000,0,0.000000,565411.000000,1.000000,1480738524846.000000,5475849.000000
566000,1,304216,0.600000,1.000000,0.621840,1.000000,0.000000,0,0.000000,565980.000000,1.000000,1480738524846.000000,5475849.000000
566000,2,304213,0.600000,1.000000,0.622172,1.000000,0.000000,0,0.000000,565850.000000,1.000000,1480738524846.000000,5475849.000000
566000,3,304212,0.600000,1.000000,0.692633,1.000000,0.000000,0,0.000000,565982.000000,1.000000,1480738524846.000000,5475849.000000
566000,4,304217,0.600000,1.000000,0.755276,1.000000,0.000000,1,507500.000000,566000.000000,1.000000,1480738524846.000000,5475849.000000
566000,5,304218,0.600000,1.000000,0.752513,1.000000,0.000000,0,0.000000,565999.000000,1.000000,1480738524846.000000,5475849.000000
566000,6,304217,0.600000,1.000000,0.706884,1.000000,0.000000,0,0.000000,565973.000000,1.000000,1480738524846.000000,5475849.000000
566000,7,304215,0.600000,1.000000,0.662349,1.000000,0.000000,0,0.000000,565993.000000,1.000000,1480738524846.000000,5475849.000000
566000,8,304212,0.600000,1.000000,0.680045,1.000000,0.000000,0,0.000000,565941.000000,1.000000,1480738524846.000000,5475849.000000
566000,9,304214,0.600000,1.000000,0.654940,1.000000,0.000000,0,0.000000,565894.000000,1.000000,1480738524846.000000,5475849.000000
566000,10,304210,0.600000,1.000000,0.658986,1.000000,0.000000,0,0.000000,565859.000000,1.000000,1480738524846.000000,5475849.000000
566000,11,304209,0.600000,1.000000,0.677950,1.000000,0.000000,0,0.000000,565558.000000,1.000000,1480738524846.000000,5475849.000000
566000,12,304212,0.600000,1.000000,0.671372,1.000000,0.000000,0,0.000000,565970.000000,1.000000,1480738524846.000000,5475849.000000
566000,13,304214,0.600000,1.000000,0.516279,1.000000,0.000000,0,0.000000,565938.000000,1.000000,1480738524846.000000,5475849.000000
566000,14,304213,0.600000,1.000000,0.641177,1.000000,0.000000,0,0.000000,565990.000000,1.000000,1480738524846.000000,5475849.000000
566000,15,304218,0.600000,1.000000,0.699692,1.000000,0.000000,0,0.000000,565998.000000,1.000000,1480738524846.000000,5475849.000000
567000,0,304758,0.600000,1.000000,0.612111,1.000000,0.000000,1,507550.000000,567000.000000,1.000000,1485987818862.000000,4876022.000000
567000,1,304732,0.600000,1.000000,0.790762,1.000000,0.000000,0,0.000000,566474.000000,1.000000,1485987818862.000000,4876022.000000
567000,2,304757,0.600000,1.000000,0.676380,1.000000,0.000000,0,0.000000,566999.000000,1.000000,1485987818862.000000,4876022.000000
567000,3,304751,0.600000,1.000000,0.473551,1.000000,0.000000,0,0.000000,566946.000000,1.000000,1485987818862.000000,4876022.000000
567000,4,304755,0.600000,1.000000,0.777161,1.000000,0.000000,0,0.000000,566849.000000,1.000000,1485987818862.000000,4876022.000000
567000,5,304757,0.600000,1.000000,0.771983,1.000000,0.000000,0,0.000000,566996.000000,1.000000,1485987818862.000000,4876022.000000
567000,6,304758,0.600000,1.000000,0.757154,1.000000,0.000000,0,0.000000,566991.000000,1.000000,1485987818862.000000,4876022.000000
567000,7,304754,0.600000,1.000000,0.714575,1.000000,0.000000,0,0.000000,566989.000000,1.000000,1485987818862.000000,4876022.000000
567000,8,304751,0.600000,1.000000,0.614815,1.000000,0.000000,0,0.000000,566880.000000,1.000000,1485987818862.000000,4876022.000000
567000,9,304754,0.600000,1.000000,0.660498,1.000000,0.000000,0,0.000000,566959.000000,1.000000,1485987818862.000000,4876022.000000
567000,10,304740,0.600000,1.000000,0.577003,1.000000,0.000000,0,0.000000,566652.000000,1.000000,1485987818862.000000,4876022.000000
567000,11,304757,0.600000,1.000000,0.748541,1.000000,0.000000,0,0.000000,566984.000000,1.000000,1485987818862.000000,4876022.000000
567000,12,304756,0.600000,1.000000,0.650091,1.000000,0.000000,0,0.000000,566994.000000,1.000000,1485987818862.000000,4876022.000000
567000,13,304754,0.600000,1.000000,0.553789,1.000000,0.000000,0,0.000000,566855.000000,1.000000,1485987818862.000000,4876022.000000
567000,14,304756,0.600000,1.000000,0.734161,1.000000,0.000000,0,0.000000,566962.000000,1.000000,1485987818862.000000,4876022.000000
567000,15,304754,0.600000,1.000000,0.568679,1.000000,0.000000,0,0.000000,566976.000000,1.000000,1485987818862.000000,4876022.000000
568000,0,305277,0.600000,1.000000,0.578243,1.000000,0.000000,0,0.000000,567932.000000,1.000000,1491203659328.000000,6105734.000000
568000,1,305289,0.600000,1.000000,0.627614,1.000000,0.000000,0,0.000000,567971.000000,1.000000,1491203659328.000000,6105734.000000
568000,2,305291,0.600000,1.000000,0.739764,1.000000,0.000000,0,0.000000,567999.000000,1.000000,1491203659328.000000,6105734.000000
568000,3,305287,0.600000,1.000000,0.629134,1.000000,0.000000,0,0.000000,567992.000000,1.000000,1491203659328.000000,6105734.000000
568000,4,305289,0.600000,1.000000,0.596059,1.000000,0.000000,0,0.000000,567985.000000,1.000000,1491203659328.000000,6105734.000000
568000,5,305288,0.600000,1.000000,0.693662,1.000000,0.000000,0,0.000000,567989.000000,1.000000,1491203659328.000000,6105734.000000
568000,6,305278,0.600000,1.000000,0.600476,1.000000,0.000000,0,0.000000,567661.000000,1.000000,1491203659328.000000,6105734.000000
568000,7,305289,0.600000,1.000000,0.665709,1.000000,0.000000,0,0.000000,567959.000000,1.000000,1491203659328.000000,6105734.000000
568000,8,305290,0.600000,1.000000,0.673170,1.000000,0.000000,0,0.000000,567984.000000,1.000000,1491203659328.000000,6105734.000000
568000,9,305290,0.600000,1.000000,0.762411,1.000000,0.000000,1,509481.000000,568000.000000,1.000000,1491203659328.000000,6105734.000000
568000,10,305289,0.600000,1.000000,0.665595,1.000000,0.000000,0,0.000000,567982.000000,1.000000,1491203659328.000000,6105734.000000
568000,11,305285,0.600000,1.000000,0.602476,1.000000,0.000000,0,0.000000,567917.000000,1.000000,1491203659328.000000,6105734.000000
568000,12,305289,0.600000,1.000000,0.669266,1.000000,0.000000,0,0.000000,567976.000000,1.000000,1491203659328.000000,6105734.000000
568000,13,305289,0.600000,1.000000,0.699653,1.000000,0.000000,0,0.000000,567998.000000,1.000000,1491203659328.000000,6105734.000000
568000,14,305283,0.600000,1.000000,0.559908,1.000000,0.000000,0,0.000000,567881.000000,1.000000,1491203659328.000000,6105734.000000
568000,15,305291,0.600000,1.000000,0.665063,1.000000,0.000000,0,0.000000,567997.000000,1.000000,1491203659328.000000,6105734.000000
569000,0,305829,0.600000,1.000000,0.805639,1.000000,0.000000,1,509282.000000,569000.000000,1.000000,1496473899884.000000,4893170.000000
569000,1,305829,0.600000,1.000000,0.624737,1.000000,0.000000,0,0.000000,568993.000000,1.000000,1496473899884.000000,4893170.000000
569000,2,305827,0.600000,1.000000,0.724902,1.000000,0.000000,0,0.000000,568981.000000,1.000000,1496473899884.000000,4893170.000000
569000,3,305824,0.600000,1.000000,0.625519,1.000000,0.000000,0,0.000000,568940.000000,1.000000,1496473899884.000000,4893170.000000
569000,4,305828,0.600000,1.000000,0.618645,1.000000,0.000000,0,0.000000,568883.000000,1.000000,1496473899884.000000,4893170.000000
569000,5,305821,0.600000,1.000000,0.534167,1.000000,0.000000,0,0.000000,568969.000000,1.000000,1496473899884.000000,4893170.000000
569000,6,305829,0.600000,1.000000,0.822137,1.000000,0.000000,0,0.000000,568998.000000,1.000000,1496473899884.000000,4893170.000000
569000,7,305826,0.600000,1.000000,0.653667,1.000000,0.000000,0,0.000000,568990.000000,1.000000,1496473899884.000000,4893170.000000
569000,8,305824,0.600000,1.000000,0.642765,1.000000,0.000000,0,0.000000,568967.000000,1.000000,1496473899884.000000,4893170.000000
569000,9,305824,0.600000,1.000000,0.616099,1.000000,0.000000,0,0.000000,568976.000000,1.000000,1496473899884.000000,4893170.000000
569000,10,305819,0.600000,1.000000,0.705045,1.000000,0.000000,0,0.000000,568892.000000,1.000000,1496473899884.000000,4893170.000000
569000,11,305830,0.600000,1.000000,0.541483,1.000000,0.000000,0,0.000000,568997.000000,1.000000,1496473899884.000000,4893170.000000
569000,12,305830,0.600000,1.000000,0.717820,1.000000,0.000000,0,0.000000,568991.000000,1.000000,1496473899884.000000,4893170.000000
569000,13,305828,0.600000,1.000000,0.608504,1.000000,0.000000,0,0.000000,568506.000000,1.000000,1496473899884.000000,4893170.000000
569000,14,305827,0.600000,1.000000,0.591148,1.000000,0.000000,0,0.000000,568900.000000,1.000000,1496473899884.000000,4893170.000000
569000,15,305823,0.600000,1.000000,0.657087,1.000000,0.000000,0,0.000000,568921.000000,1.000000,1496473899884.000000,4893170.000000
570000,0,306354,0.600000,1.000000,0.650806,1.000000,0.000000,0,0.000000,569984.000000,1.000000,1501633957183.000000,3063543.000000
570000,1,306352,0.600000,1.000000,0.587516,1.000000,0.000000,0,0.000000,569991.000000,1.000000,1501633957183.000000,3063543.000000
570000,2,306356,0.600000,1.000000,0.776426,1.000000,0.000000,0,0.000000,569999.000000,1.000000,1501633957183.000000,3063543.000000
570000,3,306347,0.600000,1.000000,0.560409,1.000000,0.000000,0,0.000000,569970.000000,1.000000,1501633957183.000000,3063543.000000
570000,4,306356,0.600000,1.000000,0.657601,1.000000,0.000000,0,0.000000,569988.000000,1.000000,1501633957183.000000,3063543.000000
570000,5,306354,0.600000,1.000000,0.586328,1.000000,0.000000,0,0.000000,569943.000000,1.000000,1501633957183.000000,3063543.000000
570000,6,306351,0.600000,1.000000,0.521044,1.000000,0.000000,0,0.000000,569974.000000,1.000000,1501633957183.000000,3063543.000000
570000,7,306354,0.600000,1.000000,0.609716,1.000000,0.000000,0,0.000000,569857.000000,1.000000,1501633957183.000000,3063543.000000
570000,8,306354,0.600000,1.000000,0.701008,1.000000,0.000000,0,0.000000,569985.000000,1.000000,1501633957183.000000,3063543.000000
570000,9,306356,0.600000,1.000000,0.596018,1.000000,0.000000,0,0.000000,569944.000000,1.000000,1501633957183.000000,3063543.000000
570000,10,306355,0.600000,1.000000,0.781881,1.000000,0.000000,1,510180.000000,570000.000000,1.000000,1501633957183.000000,3063543.000000
570000,11,306356,0.600000,1.000000,0.624289,1.000000,0.000000,0,0.000000,569997.000000,1.000000,1501633957183.000000,3063543.000000
570000,12,306347,0.600000,1.000000,0.558591,1.000000,0.000000,0,0.000000,569928.000000,1.000000,1501633957183.000000,3063543.000000
570000,13,306349,0.600000,1.000000,0.620857,1.000000,0.000000,0,0.000000,569452.000000,1.000000,1501633957183.000000,3063543.000000
570000,14,306355,0.600000,1.000000,0.701004,1.000000,0.000000,0,0.000000,569996.000000,1.000000,1501633957183.000000,3063543.000000
570000,15,306351,0.600000,1.000000,0.665455,1.000000,0.000000,0,0.000000,569992.000000,1.000000,1501633957183.000000,3063543.000000
571000,0,306880,0.600000,1.000000,0.605713,1.000000,0.000000,0,0.000000,570805.000000,1.000000,1506963091395.000000,3068957.000000
571000,1,306899,0.600000,1.000000,0.634899,1.000000,0.000000,0,0.000000,570947.000000,1.000000,1506963091395.000000,3068957.000000
571000,2,306898,0.600000,1.000000,0.629556,1.000000,0.000000,0,0.000000,570982.000000,1.000000,1506963091395.000000,3068957.000000
571000,3,306901,0.600000,1.000000,0.686683,1.000000,0.000000,0,0.000000,570999.000000,1.000000,1506963091395.000000,3068957.000000
571000,4,306897,0.600000,1.000000,0.560101,1.000000,0.000000,0,0.000000,570963.000000,1.000000,1506963091395.000000,3068957.000000
571000,5,306899,0.600000,1.000000,0.702004,1.000000,0.000000,0,0.000000,570851.000000,1.000000,1506963091395.000000,3068957.000000
571000,6,306902,0.600000,1.000000,0.627818,1.000000,0.000000,1,511676.000000,571000.000000,1.000000,1506963091395.000000,3068957.000000
571000,7,306888,0.600000,1.000000,0.508914,1.000000,0.000000,0,0.000000,570918.000000,1.000000,1506963091395.000000,3068957.000000
571000,8,306893,0.600000,1.000000,0.625312,1.000000,0.000000,0,0.000000,570902.000000,1.000000,1506963091395.000000,3068957.000000
571000,9,306898,0.600000,1.000000,0.554395,1.000000,0.000000,0,0.000000,570976.000000,1.000000,1506963091395.000000,3068957.000000
571000,10,306901,0.600000,1.000000,0.746693,1.000000,0.000000,0,0.000000,570998.000000,1.000000,1506963091395.000000,3068957.000000
571000,11,306889,0.600000,1.000000,0.644859,1.000000,0.000000,0,0.000000,570771.000000,1.000000,1506963091395.000000,3068957.000000
571000,12,306894,0.600000,1.000000,0.591232,1.000000,0.000000,0,0.000000,570925.000000,1.000000,1506963091395.000000,3068957.000000
571000,13,306902,0.600000,1.000000,0.628857,1.000000,0.000000,0,0.000000,570992.000000,1.000000,1506963091395.000000,3068957.000000
571000,14,306896,0.600000,1.000000,0.578205,1.000000,0.000000,0,0.000000,570966.000000,1.000000,1506963091395.000000,3068957.000000
571000,15,306900,0.600000,1.000000,0.667604,1.000000,0.000000,0,0.000000,570979.000000,1.000000,1506963091395.000000,3068957.000000
572000,0,307436,0.600000,1.000000,0.544371,1.000000,0.000000,0,0.000000,571981.000000,1.000000,1512292441072.000000,4918986.000000
572000,1,307437,0.600000,1.000000,0.769129,1.000000,0.000000,0,0.000000,571855.000000,1.000000,1512292441072.000000,4918986.000000
572000,2,307440,0.600000,1.000000,0.678622,1.000000,0.000000,1,511862.000000,572000.000000,1.000000,1512292441072.000000,4918986.000000
572000,3,307440,0.600000,1.000000,0.733453,1.000000,0.000000,0,0.000000,571997.000000,1.000000,1512292441072.000000,4918986.000000
572000,4,307435,0.600000,1.000000,0.599682,1.000000,0.000000,0,0.000000,571937.000000,1.000000,1512292441072.000000,4918986.000000
572000,5,307436,0.600000,1.000000,0.650378,1.000000,0.000000,0,0.000000,571778.000000,1.000000,1512292441072.000000,4918986.000000
572000,6,307439,0.600000,1.000000,0.709476,1.000000,0.000000,0,0.000000,571933.000000,1.000000,1512292441072.000000,4918986.000000
572000,7,307439,0.600000,1.000000,0.703898,1.000000,0.000000,0,0.000000,571990.000000,1.000000,1512292441072.000000,4918986.000000
572000,8,307441,0.600000,1.000000,0.641401,1.000000,0.000000,0,0.000000,571955.000000,1.000000,1512292441072.000000,4918986.000000
572000,9,307439,0.600000,1.000000,0.726693,1.000000,0.000000,0,0.000000,571995.000000,1.000000,1512292441072.000000,4918986.000000
572000,10,307440,0.600000,1.000000,0.760302,1.000000,0.000000,0,0.000000,571952.000000,1.000000,1512292441072.000000,4918986.000000
572000,11,307440,0.600000,1.000000,0.650657,1.000000,0.000000,0,0.000000,571998.000000,1.000000,1512292441072.000000,4918986.000000
572000,12,307439,0.600000,1.000000,0.638394,1.000000,0.000000,0,0.000000,571987.000000,1.000000,1512292441072.000000,4918986.000000
572000,13,307440,0.600000,1.000000,0.649968,1.000000,0.000000,0,0.000000,571999.000000,1.000000,1512292441072.000000,4918986.000000
572000,14,307435,0.600000,1.000000,0.667837,1.000000,0.000000,0,0.000000,571885.000000,1.000000,1512292441072.000000,4918986.000000
572000,15,307436,0.600000,1.000000,0.636902,1.000000,0.000000,0,0.000000,571908.000000,1.000000,1512292441072.000000,4918986.000000
573000,0,307985,0.600000,1.000000,0.711161,1.000000,0.000000,0,0.000000,572990.000000,1.000000,1517648445257.000000,3695756.000000
573000,1,307980,0.600000,1.000000,0.681826,1.000000,0.000000,0,0.000000,572570.000000,1.000000,1517648445257.000000,3695756.000000
573000,2,307982,0.600000,1.000000,0.678474,1.000000,0.000000,0,0.000000,572944.000000,1.000000,1517648445257.000000,3695756.000000
573000,3,307977,0.600000,1.000000,0.615695,1.000000,0.000000,0,0.000000,572667.000000,1.000000,1517648445257.000000,3695756.000000
573000,4,307984,0.600000,1.000000,0.710760,1.000000,0.000000,0,0.000000,572996.000000,1.000000,1517648445257.000000,3695756.000000
573000,5,307984,0.600000,1.000000,0.517698,1.000000,0.000000,0,0.000000,572955.000000,1.000000,1517648445257.000000,3695756.000000
573000,6,307976,0.600000,1.000000,0.663514,1.000000,0.000000,0,0.000000,572859.000000,1.000000,1517648445257.000000,3695756.000000
573000,7,307986,0.600000,1.000000,0.710786,1.000000,0.000000,1,514655.000000,573000.000000,1.000000,1517648445257.000000,3695756.000000
573000,8,307975,0.600000,1.000000,0.555156,1.000000,0.000000,0,0.000000,572836.000000,1.000000,1517648445257.000000,3695756.000000
573000,9,307982,0.600000,1.000000,0.693673,1.000000,0.000000,0,0.000000,572947.000000,1.000000,1517648445257.000000,3695756.000000
573000,10,307984,0.600000,1.000000,0.530616,1.000000,0.000000,0,0.000000,572970.000000,1.000000,1517648445257.000000,3695756.000000
573000,11,307984,0.600000,1.000000,0.703297,1.000000,0.000000,0,0.000000,572983.000000,1.000000,1517648445257.000000,3695756.000000
573000,12,307986,0.600000,1.000000,0.657081,1.000000,0.000000,0,0.000000,572997.000000,1.000000,1517648445257.000000,3695756.000000
573000,13,307982,0.600000,1.000000,0.662564,1.000000,0.000000,0,0.000000,572801.000000,1.000000,1517648445257.000000,3695756.000000
573000,14,307983,0.600000,1.000000,0.664936,1.000000,0.000000,0,0.000000,572972.000000,1.000000,1517648445257.000000,3695756.000000
573000,15,307985,0.600000,1.000000,0.705288,1.000000,0.000000,0,0.000000,572999.000000,1.000000,1517648445257.000000,3695756.000000
574000,0,308520,0.600000,1.000000,0.567699,1.000000,0.000000,0,0.000000,573961.000000,1.000000,1522967638665.000000,4319267.000000
574000,1,308522,0.600000,1.000000,0.654606,1.000000,0.000000,0,0.000000,573980.000000,1.000000,1522967638665.000000,4319267.000000
574000,2,308525,0.600000,1.000000,0.645467,1.000000,0.000000,0,0.000000,573982.000000,1.000000,1522967638665.000000,4319267.000000
574000,3,308525,0.600000,1.000000,0.760549,1.000000,0.000000,0,0.000000,573999.000000,1.000000,1522967638665.000000,4319267.000000
574000,4,308520,0.600000,1.000000,0.609270,1.000000,0.000000,0,0.000000,573954.000000,1.000000,1522967638665.000000,4319267.000000
574000,5,308519,0.600000,1.000000,0.549494,1.000000,0.000000,0,0.000000,573675.000000,1.000000,1522967638665.000000,4319267.000000
574000,6,308523,0.600000,1.000000,0.700669,1.000000,0.000000,0,0.000000,573969.000000,1.000000,1522967638665.000000,4319267.000000
574000,7,308523,0.600000,1.000000,0.838317,1.000000,0.000000,0,0.000000,573995.000000,1.000000,1522967638665.000000,4319267.000000
574000,8,308517,0.600000,1.000000,0.623993,1.000000,0.000000,0,0.000000,573701.000000,1.000000,1522967638665.000000,4319267.000000
574000,9,308525,0.600000,1.000000,0.679732,1.000000,0.000000,0,0.000000,573957.000000,1.000000,1522967638665.000000,4319267.000000
574000,10,308508,0.600000,1.000000,0.748222,1.000000,0.000000,0,0.000000,573369.000000,1.000000,1522967638665.000000,4319267.000000
574000,11,308518,0.600000,1.000000,0.573050,1.000000,0.000000,0,0.000000,573938.000000,1.000000,1522967638665.000000,4319267.000000
574000,12,308522,0.600000,1.000000,0.741208,1.000000,0.000000,0,0.000000,573974.000000,1.000000,1522967638665.000000,4319267.000000
574000,13,308526,0.600000,1.000000,0.649029,1.000000,0.000000,0,0.000000,573984.000000,1.000000,1522967638665.000000,4319267.000000
574000,14,308525,0.600000,1.000000,0.699769,1.000000,0.000000,1,513901.000000,574000.000000,1.000000,1522967638665.000000,4319267.000000
574000,15,308525,0.600000,1.000000,0.732499,1.000000,0.000000,0,0.000000,573996.000000,1.000000,1522967638665.000000,4319267.000000
575000,0,309061,0.600000,1.000000,0.573241,1.000000,0.000000,0,0.000000,574993.000000,1.000000,1528277593867.000000,2472472.000000
575000,1,309058,0.600000,1.000000,0.510750,1.000000,0.000000,0,0.000000,574876.000000,1.000000,1528277593867.000000,2472472.000000
575000,2,309062,0.600000,1.000000,0.663926,1.000000,0.000000,1,514597.000000,575000.000000,1.000000,1528277593867.000000,2472472.000000
575000,3,309061,0.600000,1.000000,0.691288,1.000000,0.000000,0,0.000000,574976.000000,1.000000,1528277593867.000000,2472472.000000
575000,4,309061,0.600000,1.000000,0.622974,1.000000,0.000000,0,0.000000,574761.000000,1.000000,1528277593867.000000,2472472.000000
575000,5,309062,0.600000,1.000000,0.684967,1.000000,0.000000,0,0.000000,574995.000000,1.000000,1528277593867.000000,2472472.000000
575000,6,309060,0.600000,1.000000,0.725602,1.000000,0.000000,0,0.000000,574992.000000,1.000000,1528277593867.000000,2472472.000000
575000,7,309039,0.600000,1.000000,0.594791,1.000000,0.000000,0,0.000000,574671.000000,1.000000,1528277593867.000000,2472472.000000
575000,8,309058,0.600000,1.000000,0.689215,1.000000,0.000000,0,0.000000,574941.000000,1.000000,1528277593867.000000,2472472.000000
575000,9,309061,0.600000,1.000000,0.507491,1.000000,0.000000,0,0.000000,574958.000000,1.000000,1528277593867.000000,2472472.000000
575000,10,309062,0.600000,1.000000,0.613914,1.000000,0.000000,0,0.000000,574994.000000,1.000000,1528277593867.000000,2472472.000000
575000,11,309063,0.600000,1.000000,0.612373,1.000000,0.000000,0,0.000000,574996.000000,1.000000,1528277593867.000000,2472472.000000
575000,12,309062,0.600000,1.000000,0.806086,1.000000,0.000000,0,0.000000,574998.000000,1.000000,1528277593867.000000,2472472.000000
575000,13,309061,0.600000,1.000000,0.608312,1.000000,0.000000,0,0.000000,574986.000000,1.000000,1528277593867.000000,2472472.000000
575000,14,309052,0.600000,1.000000,0.519260,1.000000,0.000000,0,0.000000,574726.000000,1.000000,1528277593867.000000,2472472.000000
575000,15,309058,0.600000,1.000000,0.693713,1.000000,0.000000,0,0.000000,574791.000000,1.000000,1528277593867.000000,2472472.000000
576000,0,309607,0.600000,1.000000,0.628210,1.000000,0.000000,0,0.000000,575965.000000,1.000000,1533679762063.000000,4334465.000000
576000,1,309607,0.600000,1.000000,0.683415,1.000000,0.000000,0,0.000000,575987.000000,1.000000,1533679762063.000000,4334465.000000
576000,2,309602,0.600000,1.000000,0.683799,1.000000,0.000000,0,0.000000,575791.000000,1.000000,1533679762063.000000,4334465.000000
576000,3,309607,0.600000,1.000000,0.542007,1.000000,0.000000,0,0.000000,575986.000000,1.000000,1533679762063.000000,4334465.000000
576000,4,309606,0.600000,1.000000,0.701515,1.000000,0.000000,1,516363.000000,576000.000000,1.000000,1533679762063.000000,4334465.000000
576000,5,309607,0.600000,1.000000,0.672308,1.000000,0.000000,0,0.000000,575995.000000,1.000000,1533679762063.000000,4334465.000000
576000,6,309607,0.600000,1.000000,0.693408,1.000000,0.000000,0,0.000000,575993.000000,1.000000,1533679762063.000000,4334465.000000
576000,7,309606,0.600000,1.000000,0.747390,1.000000,0.000000,0,0.000000,575999.000000,1.000000,1533679762063.000000,4334465.000000
576000,8,309607,0.600000,1.000000,0.683196,1.000000,0.000000,0,0.000000,575990.000000,1.000000,1533679762063.000000,4334465.000000
576000,9,309599,0.600000,1.000000,0.755145,1.000000,0.000000,0,0.000000,575519.000000,1.000000,1533679762063.000000,4334465.000000
576000,10,309604,0.600000,1.000000,0.632547,1.000000,0.000000,0,0.000000,575989.000000,1.000000,1533679762063.000000,4334465.000000
576000,11,309605,0.600000,1.000000,0.734449,1.000000,0.000000,0,0.000000,575997.000000,1.000000,1533679762063.000000,4334465.000000
576000,12,309601,0.600000,1.000000,0.614430,1.000000,0.000000,0,0.000000,575912.000000,1.000000,1533679762063.000000,4334465.000000
576000,13,309601,0.600000,1.000000,0.655652,1.000000,0.000000,0,0.000000,575868.000000,1.000000,1533679762063.000000,4334465.000000
576000,14,309600,0.600000,1.000000,0.581572,1.000000,0.000000,0,0.000000,575896.000000,1.000000,1533679762063.000000,4334465.000000
576000,15,309607,0.600000,1.000000,0.579156,1.000000,0.000000,0,0.000000,575976.000000,1.000000,1533679762063.000000,4334465.000000
577000,0,310151,0.600000,1.000000,0.783470,1.000000,0.000000,0,0.000000,576993.000000,1.000000,1539044939844.000000,3101481.000000
577000,1,310150,0.600000,1.000000,0.677506,1.000000,0.000000,0,0.000000,576983.000000,1.000000,1539044939844.000000,3101481.000000
577000,2,310134,0.600000,1.000000,0.686918,1.000000,0.000000,0,0.000000,576797.000000,1.000000,1539044939844.000000,3101481.000000
577000,3,310135,0.600000,1.000000,0.625748,1.000000,0.000000,0,0.000000,576794.000000,1.000000,1539044939844.000000,3101481.000000
577000,4,310137,0.600000,1.000000,0.669202,1.000000,0.000000,0,0.000000,576820.000000,1.000000,1539044939844.000000,3101481.000000
577000,5,310148,0.600000,1.000000,0.620541,1.000000,0.000000,0,0.000000,576979.000000,1.000000,1539044939844.000000,3101481.000000
577000,6,310148,0.600000,1.000000,0.587206,1.000000,0.000000,0,0.000000,576991.000000,1.000000,1539044939844.000000,3101481.000000
577000,7,310143,0.600000,1.000000,0.668308,1.000000,0.000000,0,0.000000,576898.000000,1.000000,1539044939844.000000,3101481.000000
577000,8,310152,0.600000,1.000000,0.802755,1.000000,0.000000,0,0.000000,576999.000000,1.000000,1539044939844.000000,3101481.000000
577000,9,310146,0.600000,1.000000,0.603502,1.000000,0.000000,0,0.000000,576881.000000,1.000000,1539044939844.000000,3101481.000000
577000,10,310149,0.600000,1.000000,0.699434,1.000000,0.000000,0,0.000000,576988.000000,1.000000,1539044939844.000000,3101481.000000
577000,11,310145,0.600000,1.000000,0.673849,1.000000,0.000000,0,0.000000,576967.000000,1.000000,1539044939844.000000,3101481.000000
577000,12,310148,0.600000,1.000000,0.667678,1.000000,0.000000,0,0.000000,576955.000000,1.000000,1539044939844.000000,3101481.000000
577000,13,310141,0.600000,1.000000,0.683918,1.000000,0.000000,0,0.000000,576940.000000,1.000000,1539044939844.000000,3101481.000000
577000,14,310152,0.600000,1.000000,0.804603,1.000000,0.000000,1,516686.000000,577000.000000,1.000000,1539044939844.000000,3101481.000000
577000,15,310151,0.600000,1.000000,0.694940,1.000000,0.000000,0,0.000000,576973.000000,1.000000,1539044939844.000000,3101481.000000
578000,0,310672,0.600000,1.000000,0.596232,1.000000,0.000000,0,0.000000,577428.000000,1.000000,1544362319029.000000,3728168.000000
578000,1,310676,0.600000,1.000000,0.594456,1.000000,0.000000,0,0.000000,577618.000000,1.000000,1544362319029.000000,3728168.000000
578000,2,310684,0.600000,1.000000,0.700062,1.000000,0.000000,0,0.000000,577998.000000,1.000000,1544362319029.000000,3728168.000000
578000,3,310682,0.600000,1.000000,0.668967,1.000000,0.000000,0,0.000000,577980.000000,1.000000,1544362319029.000000,3728168.000000
578000,4,310684,0.600000,1.000000,0.744355,1.000000,0.000000,0,0.000000,577999.000000,1.000000,1544362319029.000000,3728168.000000
578000,5,310679,0.600000,1.000000,0.638400,1.000000,0.000000,0,0.000000,577518.000000,1.000000,1544362319029.000000,3728168.000000
578000,6,310679,0.600000,1.000000,0.500665,1.000000,0.000000,0,0.000000,577934.000000,1.000000,1544362319029.000000,3728168.000000
578000,7,310678,0.600000,1.000000,0.679548,1.000000,0.000000,0,0.000000,577911.000000,1.000000,1544362319029.000000,3728168.000000
578000,8,310685,0.600000,1.000000,0.640175,1.000000,0.000000,0,0.000000,577997.000000,1.000000,1544362319029.000000,3728168.000000
578000,9,310685,0.600000,1.000000,0.694897,1.000000,0.000000,0,0.000000,577978.000000,1.000000,1544362319029.000000,3728168.000000
578000,10,310682,0.600000,1.000000,0.561315,1.000000,0.000000,0,0.000000,577938.000000,1.000000,1544362319029.000000,3728168.000000
578000,11,310683,0.600000,1.000000,0.584520,1.000000,0.000000,0,0.000000,577996.000000,1.000000,1544362319029.000000,3728168.000000
578000,12,310681,0.600000,1.000000,0.527165,1.000000,0.000000,0,0.000000,577987.000000,1.000000,1544362319029.000000,3728168.000000
578000,13,310685,0.600000,1.000000,0.698368,1.000000,0.000000,1,518565.000000,578000.000000,1.000000,1544362319029.000000,3728168.000000
578000,14,310677,0.600000,1.000000,0.653811,1.000000,0.000000,0,0.000000,577894.000000,1.000000,1544362319029.000000,3728168.000000
578000,15,310683,0.600000,1.000000,0.713105,1.000000,0.000000,0,0.000000,577989.000000,1.000000,1544362319029.000000,3728168.000000
579000,0,311215,0.600000,1.000000,0.698610,1.000000,0.000000,0,0.000000,578877.000000,1.000000,1549705052076.000000,4979446.000000
579000,1,311217,0.600000,1.000000,0.627183,1.000000,0.000000,0,0.000000,578982.000000,1.000000,1549705052076.000000,4979446.000000
579000,2,311217,0.600000,1.000000,0.620753,1.000000,0.000000,0,0.000000,578965.000000,1.000000,1549705052076.000000,4979446.000000
579000,3,311221,0.600000,1.000000,0.790769,1.000000,0.000000,0,0.000000,578996.000000,1.000000,1549705052076.000000,4979446.000000
579000,4,311221,0.600000,1.000000,0.696566,1.000000,0.000000,0,0.000000,578964.000000,1.000000,1549705052076.000000,4979446.000000
579000,5,311220,0.600000,1.000000,0.643159,1.000000,0.000000,0,0.000000,578991.000000,1.000000,1549705052076.000000,4979446.000000
579000,6,311223,0.600000,1.000000,0.618055,1.000000,0.000000,0,0.000000,578999.000000,1.000000,1549705052076.000000,4979446.000000
579000,7,311222,0.600000,1.000000,0.687238,1.000000,0.000000,1,520036.000000,579000.000000,1.000000,1549705052076.000000,4979446.000000
579000,8,311215,0.600000,1.000000,0.579216,1.000000,0.000000,0,0.000000,578777.000000,1.000000,1549705052076.000000,4979446.000000
579000,9,311217,0.600000,1.000000,0.693483,1.000000,0.000000,0,0.000000,578903.000000,1.000000,1549705052076.000000,4979446.000000
579000,10,311217,0.600000,1.000000,0.647809,1.000000,0.000000,0,0.000000,578920.000000,1.000000,1549705052076.000000,4979446.000000
579000,11,311221,0.600000,1.000000,0.702344,1.000000,0.000000,0,0.000000,578986.000000,1.000000,1549705052076.000000,4979446.000000
579000,12,311197,0.600000,1.000000,0.669277,1.000000,0.000000,0,0.000000,578029.000000,1.000000,1549705052076.000000,4979446.000000
579000,13,311222,0.600000,1.000000,0.677732,1.000000,0.000000,0,0.000000,578995.000000,1.000000,1549705052076.000000,4979446.000000
579000,14,311221,0.600000,1.000000,0.672556,1.000000,0.000000,0,0.000000,578998.000000,1.000000,1549705052076.000000,4979446.000000
579000,15,311220,0.600000,1.000000,0.731360,1.000000,0.000000,0,0.000000,578963.000000,1.000000,1549705052076.000000,4979446.000000
580000,0,311753,0.600000,1.000000,0.683192,1.000000,0.000000,0,0.000000,579971.000000,1.000000,1555042669254.000000,3117531.000000
580000,1,311754,0.600000,1.000000,0.676082,1.000000,0.000000,0,0.000000,579979.000000,1.000000,1555042669254.000000,3117531.000000
580000,2,311757,0.600000,1.000000,0.600724,1.000000,0.000000,0,0.000000,579999.000000,1.000000,1555042669254.000000,3117531.000000
580000,3,311751,0.600000,1.000000,0.634139,1.000000,0.000000,0,0.000000,579975.000000,1.000000,1555042669254.000000,3117531.000000
580000,4,311750,0.600000,1.000000,0.601838,1.000000,0.000000,0,0.000000,579932.000000,1.000000,1555042669254.000000,3117531.000000
580000,5,311755,0.600000,1.000000,0.672605,1.000000,0.000000,0,0.000000,579982.000000,1.000000,1555042669254.000000,3117531.000000
580000,6,311752,0.600000,1.000000,0.752965,1.000000,0.000000,0,0.000000,579950.000000,1.000000,1555042669254.000000,3117531.000000
580000,7,311754,0.600000,1.000000,0.630909,1.000000,0.000000,0,0.000000,579943.000000,1.000000,1555042669254.000000,3117531.000000
580000,8,311754,0.600000,1.000000,0.623060,1.000000,0.000000,0,0.000000,579917.000000,1.000000,1555042669254.000000,3117531.000000
580000,9,311750,0.600000,1.000000,0.690121,1.000000,0.000000,0,0.000000,579896.000000,1.000000,1555042669254.000000,3117531.000000
580000,10,311755,0.600000,1.000000,0.687615,1.000000,0.000000,0,0.000000,579962.000000,1.000000,1555042669254.000000,3117531.000000
580000,11,311752,0.600000,1.000000,0.668334,1.000000,0.000000,0,0.000000,579922.000000,1.000000,1555042669254.000000,3117531.000000
580000,12,311754,0.600000,1.000000,0.758651,1.000000,0.000000,0,0.000000,579986.000000,1.000000,1555042669254.000000,3117531.000000
580000,13,311751,0.600000,1.000000,0.599824,1.000000,0.000000,0,0.000000,579976.000000,1.000000,1555042669254.000000,3117531.000000
580000,14,311756,0.600000,1.000000,0.693181,1.000000,0.000000,1,519360.000000,580000.000000,1.000000,1555042669254.000000,3117531.000000
580000,15,311756,0.600000,1.000000,0.651574,1.000000,0.000000,0,0.000000,579997.000000,1.000000,1555042669254.000000,3117531.000000
581000,0,312289,0.600000,1.000000,0.646984,1.000000,0.000000,0,0.000000,580670.000000,1.000000,1560378845899.000000,4372031.000000
581000,1,312290,0.600000,1.000000,0.674552,1.000000,0.000000,0,0.000000,580975.000000,1.000000,1560378845899.000000,4372031.000000
581000,2,312290,0.600000,1.000000,0.680714,1.000000,0.000000,0,0.000000,580668.000000,1.000000,1560378845899.000000,4372031.000000
581000,3,312289,0.600000,1.000000,0.633456,1.000000,0.000000,0,0.000000,580927.000000,1.000000,1560378845899.000000,4372031.000000
581000,4,312291,0.600000,1.000000,0.722686,1.000000,0.000000,0,0.000000,580997.000000,1.000000,1560378845899.000000,4372031.000000
581000,5,312283,0.600000,1.000000,0.588104,1.000000,0.000000,0,0.000000,580960.000000,1.000000,1560378845899.000000,4372031.000000
581000,6,312291,0.600000,1.000000,0.758990,1.000000,0.000000,0,0.000000,580991.000000,1.000000,1560378845899.000000,4372031.000000
581000,7,312293,0.600000,1.000000,0.767167,1.000000,0.000000,1,521845.000000,581000.000000,1.000000,1560378845899.000000,4372031.000000
581000,8,312290,0.600000,1.000000,0.758447,1.000000,0.000000,0,0.000000,580925.000000,1.000000,1560378845899.000000,4372031.000000
581000,9,312292,0.600000,1.000000,0.616485,1.000000,0.000000,0,0.000000,580947.000000,1.000000,1560378845899.000000,4372031.000000
581000,10,312289,0.600000,1.000000,0.563255,1.000000,0.000000,0,0.000000,580968.000000,1.000000,1560378845899.000000,4372031.000000
581000,11,312277,0.600000,1.000000,0.572134,1.000000,0.000000,0,0.000000,580863.000000,1.000000,1560378845899.000000,4372031.000000
581000,12,312291,0.600000,1.000000,0.750176,1.000000,0.000000,0,0.000000,580999.000000,1.000000,1560378845899.000000,4372031.000000
581000,13,312290,0.600000,1.000000,0.656746,1.000000,0.000000,0,0.000000,580998.000000,1.000000,1560378845899.000000,4372031.000000
581000,14,312271,0.600000,1.000000,0.541184,1.000000,0.000000,0,0.000000,580784.000000,1.000000,1560378845899.000000,4372031.000000
581000,15,312289,0.600000,1.000000,0.700999,1.000000,0.000000,0,0.000000,580983.000000,1.000000,1560378845899.000000,4372031.000000
582000,0,312832,0.600000,1.000000,0.707605,1.000000,0.000000,0,0.000000,581996.000000,1.000000,1565787978240.000000,5005242.000000
582000,1,312829,0.600000,1.000000,0.594372,1.000000,0.000000,0,0.000000,581961.000000,1.000000,1565787978240.000000,5005242.000000
582000,2,312815,0.600000,1.000000,0.502849,1.000000,0.000000,0,0.000000,581928.000000,1.000000,1565787978240.000000,5005242.000000
582000,3,312832,0.600000,1.000000,0.751341,1.000000,0.000000,0,0.000000,581995.000000,1.000000,1565787978240.000000,5005242.000000
582000,4,312832,0.600000,1.000000,0.801612,1.000000,0.000000,0,0.000000,581999.000000,1.000000,1565787978240.000000,5005242.000000
582000,5,312832,0.600000,1.000000,0.755037,1.000000,0.000000,0,0.000000,581986.000000,1.000000,1565787978240.000000,5005242.000000
582000,6,312833,0.600000,1.000000,0.744556,1.000000,0.000000,1,521333.000000,582000.000000,1.000000,1565787978240.000000,5005242.000000
582000,7,312825,0.600000,1.000000,0.669810,1.000000,0.000000,0,0.000000,581862.000000,1.000000,1565787978240.000000,5005242.000000
582000,8,312831,0.600000,1.000000,0.755607,1.000000,0.000000,0,0.000000,581497.000000,1.000000,1565787978240.000000,5005242.000000
582000,9,312826,0.600000,1.000000,0.715625,1.000000,0.000000,0,0.000000,581942.000000,1.000000,1565787978240.000000,5005242.000000
582000,10,312829,0.600000,1.000000,0.804096,1.000000,0.000000,0,0.000000,581951.000000,1.000000,1565787978240.000000,5005242.000000
582000,11,312824,0.600000,1.000000,0.583860,1.000000,0.000000,0,0.000000,581940.000000,1.000000,1565787978240.000000,5005242.000000
582000,12,312831,0.600000,1.000000,0.706264,1.000000,0.000000,0,0.000000,581993.000000,1.000000,1565787978240.000000,5005242.000000
582000,13,312833,0.600000,1.000000,0.729080,1.000000,0.000000,0,0.000000,581992.000000,1.000000,1565787978240.000000,5005242.000000
582000,14,312826,0.600000,1.000000,0.560556,1.000000,0.000000,0,0.000000,581093.000000,1.000000,1565787978240.000000,5005242.000000
582000,15,312828,0.600000,1.000000,0.584127,1.000000,0.000000,0,0.000000,581930.000000,1.000000,1565787978240.000000,5005242.000000
583000,0,313371,0.600000,1.000000,0.736711,1.000000,0.000000,0,0.000000,582995.000000,1.000000,1571208976761.000000,5013908.000000
583000,1,313368,0.600000,1.000000,0.712522,1.000000,0.000000,0,0.000000,582972.000000,1.000000,1571208976761.000000,5013908.000000
583000,2,313371,0.600000,1.000000,0.685420,1.000000,0.000000,0,0.000000,582985.000000,1.000000,1571208976761.000000,5013908.000000
583000,3,313371,0.600000,1.000000,0.682416,1.000000,0.000000,0,0.000000,582994.000000,1.000000,1571208976761.000000,5013908.000000
583000,4,313370,0.600000,1.000000,0.754801,1.000000,0.000000,1,522265.000000,583000.000000,1.000000,1571208976761.000000,5013908.000000
583000,5,313369,0.600000,1.000000,0.657113,1.000000,0.000000,0,0.000000,582856.000000,1.000000,1571208976761.000000,5013908.000000
583000,6,313370,0.600000,1.000000,0.690470,1.000000,0.000000,0,0.000000,582982.000000,1.000000,1571208976761.000000,5013908.000000
583000,7,313370,0.600000,1.000000,0.653641,1.000000,0.000000,0,0.000000,582707.000000,1.000000,1571208976761.000000,5013908.000000
583000,8,313370,0.600000,1.000000,0.553501,1.000000,0.000000,0,0.000000,582944.000000,1.000000,1571208976761.000000,5013908.000000
583000,9,313369,0.600000,1.000000,0.617610,1.000000,0.000000,0,0.000000,582991.000000,1.000000,1571208976761.000000,5013908.000000
583000,10,313363,0.600000,1.000000,0.578796,1.000000,0.000000,0,0.000000,582925.000000,1.000000,1571208976761.000000,5013908.000000
583000,11,313371,0.600000,1.000000,0.587317,1.000000,0.000000,0,0.000000,582999.000000,1.000000,1571208976761.000000,5013908.000000
583000,12,313370,0.600000,1.000000,0.810922,1.000000,0.000000,0,0.000000,582905.000000,1.000000,1571208976761.000000,5013908.000000
583000,13,313370,0.600000,1.000000,0.575202,1.000000,0.000000,0,0.000000,582874.000000,1.000000,1571208976761.000000,5013908.000000
583000,14,313371,0.600000,1.000000,0.694755,1.000000,0.000000,0,0.000000,582940.000000,1.000000,1571208976761.000000,5013908.000000
583000,15,313371,0.600000,1.000000,0.554650,1.000000,0.000000,0,0.000000,582983.000000,1.000000,1571208976761.000000,5013908.000000
584000,0,313894,0.600000,1.000000,0.648310,1.000000,0.000000,0,0.000000,583495.000000,1.000000,1576491181210.000000,2511162.000000
584000,1,313893,0.600000,1.000000,0.573851,1.000000,0.000000,0,0.000000,583847.000000,1.000000,1576491181210.000000,2511162.000000
584000,2,313896,0.600000,1.000000,0.614225,1.000000,0.000000,0,0.000000,583880.000000,1.000000,1576491181210.000000,2511162.000000
584000,3,313892,0.600000,1.000000,0.564060,1.000000,0.000000,0,0.000000,583974.000000,1.000000,1576491181210.000000,2511162.000000
584000,4,313899,0.600000,1.000000,0.760626,1.000000,0.000000,0,0.000000,583997.000000,1.000000,1576491181210.000000,2511162.000000
584000,5,313893,0.600000,1.000000,0.646750,1.000000,0.000000,0,0.000000,583962.000000,1.000000,1576491181210.000000,2511162.000000
584000,6,313899,0.600000,1.000000,0.762427,1.000000,0.000000,0,0.000000,583990.000000,1.000000,1576491181210.000000,2511162.000000
584000,7,313893,0.600000,1.000000,0.667917,1.000000,0.000000,0,0.000000,583831.000000,1.000000,1576491181210.000000,2511162.000000
584000,8,313891,0.600000,1.000000,0.461703,1.000000,0.000000,0,0.000000,583949.000000,1.000000,1576491181210.000000,2511162.000000
584000,9,313901,0.600000,1.000000,0.614750,1.000000,0.000000,1,523846.000000,584000.000000,1.000000,1576491181210.000000,2511162.000000
584000,10,313899,0.600000,1.000000,0.690457,1.000000,0.000000,0,0.000000,583999.000000,1.000000,1576491181210.000000,2511162.000000
584000,11,313894,0.600000,1.000000,0.689467,1.000000,0.000000,0,0.000000,583844.000000,1.000000,1576491181210.000000,2511162.000000
584000,12,313900,0.600000,1.000000,0.673081,1.000000,0.000000,0,0.000000,583998.000000,1.000000,1576491181210.000000,2511162.000000
584000,13,313897,0.600000,1.000000,0.640364,1.000000,0.000000,0,0.000000,583969.000000,1.000000,1576491181210.000000,2511162.000000
584000,14,313896,0.600000,1.000000,0.595890,1.000000,0.000000,0,0.000000,583961.000000,1.000000,1576491181210.000000,2511162.000000
584000,15,313899,0.600000,1.000000,0.605117,1.000000,0.000000,0,0.000000,583991.000000,1.000000,1576491181210.000000,2511162.000000
585000,0,314435,0.600000,1.000000,0.666159,1.000000,0.000000,0,0.000000,584934.000000,1.000000,1581915567747.000000,3773238.000000
585000,1,314435,0.600000,1.000000,0.579857,1.000000,0.000000,0,0.000000,584966.000000,1.000000,1581915567747.000000,3773238.000000
585000,2,314436,0.600000,1.000000,0.608809,1.000000,0.000000,0,0.000000,584914.000000,1.000000,1581915567747.000000,3773238.000000
585000,3,314438,0.600000,1.000000,0.692410,1.000000,0.000000,0,0.000000,584990.000000,1.000000,1581915567747.000000,3773238.000000
585000,4,314438,0.600000,1.000000,0.747777,1.000000,0.000000,0,0.000000,584999.000000,1.000000,1581915567747.000000,3773238.000000
585000,5,314439,0.600000,1.000000,0.600398,1.000000,0.000000,0,0.000000,584989.000000,1.000000,1581915567747.000000,3773238.000000
585000,6,314434,0.600000,1.000000,0.520626,1.000000,0.000000,0,0.000000,584823.000000,1.000000,1581915567747.000000,3773238.000000
585000,7,314439,0.600000,1.000000,0.613817,1.000000,0.000000,0,0.000000,584984.000000,1.000000,1581915567747.000000,3773238.000000
585000,8,314438,0.600000,1.000000,0.758238,1.000000,0.000000,0,0.000000,584994.000000,1.000000,1581915567747.000000,3773238.000000
585000,9,314435,0.600000,1.000000,0.610965,1.000000,0.000000,0,0.000000,584809.000000,1.000000,1581915567747.000000,3773238.000000
585000,10,314428,0.600000,1.000000,0.694662,1.000000,0.000000,0,0.000000,584900.000000,1.000000,1581915567747.000000,3773238.000000
585000,11,314438,0.600000,1.000000,0.773729,1.000000,0.000000,0,0.000000,584997.000000,1.000000,1581915567747.000000,3773238.000000
585000,12,314439,0.600000,1.000000,0.648386,1.000000,0.000000,1,523737.000000,585000.000000,1.000000,1581915567747.000000,3773238.000000
585000,13,314438,0.600000,1.000000,0.614551,1.000000,0.000000,0,0.000000,584988.000000,1.000000,1581915567747.000000,3773238.000000
585000,14,314422,0.600000,1.000000,0.524332,1.000000,0.000000,0,0.000000,584781.000000,1.000000,1581915567747.000000,3773238.000000
585000,15,314437,0.600000,1.000000,0.863998,1.000000,0.000000,0,0.000000,584993.000000,1.000000,1581915567747.000000,3773238.000000
586000,0,314979,0.600000,1.000000,0.561632,1.000000,0.000000,0,0.000000,585898.000000,1.000000,1587398406798.000000,5039664.000000
586000,1,314982,0.600000,1.000000,0.813002,1.000000,0.000000,0,0.000000,585998.000000,1.000000,1587398406798.000000,5039664.000000
586000,2,314975,0.600000,1.000000,0.541580,1.000000,0.000000,0,0.000000,585839.000000,1.000000,1587398406798.000000,5039664.000000
586000,3,314983,0.600000,1.000000,0.696873,1.000000,0.000000,0,0.000000,585993.000000,1.000000,1587398406798.000000,5039664.000000
586000,4,314983,0.600000,1.000000,0.646139,1.000000,0.000000,0,0.000000,585999.000000,1.000000,1587398406798.000000,5039664.000000
586000,5,314983,0.600000,1.000000,0.770653,1.000000,0.000000,0,0.000000,585990.000000,1.000000,1587398406798.000000,5039664.000000
586000,6,314983,0.600000,1.000000,0.697444,1.000000,0.000000,0,0.000000,585994.000000,1.000000,1587398406798.000000,5039664.000000
586000,7,314979,0.600000,1.000000,0.538532,1.000000,0.000000,0,0.000000,585978.000000,1.000000,1587398406798.000000,5039664.000000
586000,8,314978,0.600000,1.000000,0.510824,1.000000,0.000000,0,0.000000,585948.000000,1.000000,1587398406798.000000,5039664.000000
586000,9,314982,0.600000,1.000000,0.582915,1.000000,0.000000,0,0.000000,585991.000000,1.000000,1587398406798.000000,5039664.000000
586000,10,314983,0.600000,1.000000,0.604058,1.000000,0.000000,0,0.000000,585975.000000,1.000000,1587398406798.000000,5039664.000000
586000,11,314980,0.600000,1.000000,0.676659,1.000000,0.000000,0,0.000000,585952.000000,1.000000,1587398406798.000000,5039664.000000
586000,12,314963,0.600000,1.000000,0.624807,1.000000,0.000000,0,0.000000,585741.000000,1.000000,1587398406798.000000,5039664.000000
586000,13,314984,0.600000,1.000000,0.575345,1.000000,0.000000,1,525709.000000,586000.000000,1.000000,1587398406798.000000,5039664.000000
586000,14,314980,0.600000,1.000000,0.772171,1.000000,0.000000,0,0.000000,585987.000000,1.000000,1587398406798.000000,5039664.000000
586000,15,314983,0.600000,1.000000,0.606341,1.000000,0.000000,0,0.000000,585758.000000,1.000000,1587398406798.000000,5039664.000000
587000,0,315519,0.600000,1.000000,0.650012,1.000000,0.000000,0,0.000000,586998.000000,1.000000,1592803647209.000000,6941329.000000
587000,1,315515,0.600000,1.000000,0.662852,1.000000,0.000000,0,0.000000,586910.000000,1.000000,1592803647209.000000,6941329.000000
587000,2,315518,0.600000,1.000000,0.660066,1.000000,0.000000,0,0.000000,586995.000000,1.000000,1592803647209.000000,6941329.000000
587000,3,315519,0.600000,1.000000,0.601518,1.000000,0.000000,0,0.000000,586997.000000,1.000000,1592803647209.000000,6941329.000000
587000,4,315508,0.600000,1.000000,0.560184,1.000000,0.000000,0,0.000000,586821.000000,1.000000,1592803647209.000000,6941329.000000
587000,5,315513,0.600000,1.000000,0.676358,1.000000,0.000000,0,0.000000,586962.000000,1.000000,1592803647209.000000,6941329.000000
587000,6,315517,0.600000,1.000000,0.581700,1.000000,0.000000,0,0.000000,586992.000000,1.000000,1592803647209.000000,6941329.000000
587000,7,315518,0.600000,1.000000,0.719051,1.000000,0.000000,0,0.000000,586994.000000,1.000000,1592803647209.000000,6941329.000000
587000,8,315519,0.600000,1.000000,0.812068,1.000000,0.000000,0,0.000000,586999.000000,1.000000,1592803647209.000000,6941329.000000
587000,9,315515,0.600000,1.000000,0.755261,1.000000,0.000000,0,0.000000,586872.000000,1.000000,1592803647209.000000,6941329.000000
587000,10,315512,0.600000,1.000000,0.636711,1.000000,0.000000,0,0.000000,586889.000000,1.000000,1592803647209.000000,6941329.000000
587000,11,315517,0.600000,1.000000,0.589641,1.000000,0.000000,0,0.000000,586976.000000,1.000000,1592803647209.000000,6941329.000000
587000,12,315508,0.600000,1.000000,0.576500,1.000000,0.000000,0,0.000000,586375.000000,1.000000,1592803647209.000000,6941329.000000
587000,13,315518,0.600000,1.000000,0.629478,1.000000,0.000000,0,0.000000,586988.000000,1.000000,1592803647209.000000,6941329.000000
587000,14,315519,0.600000,1.000000,0.711502,1.000000,0.000000,1,525796.000000,587000.000000,1.000000,1592803647209.000000,6941329.000000
587000,15,315518,0.600000,1.000000,0.644563,1.000000,0.000000,0,0.000000,586983.000000,1.000000,1592803647209.000000,6941329.000000
588000,0,316047,0.600000,1.000000,0.607652,1.000000,0.000000,0,0.000000,587985.000000,1.000000,1598178884848.000000,5688863.000000
588000,1,316032,0.600000,1.000000,0.608347,1.000000,0.000000,0,0.000000,587799.000000,1.000000,1598178884848.000000,5688863.000000
588000,2,316049,0.600000,1.000000,0.651058,1.000000,0.000000,0,0.000000,587341.000000,1.000000,1598178884848.000000,5688863.000000
588000,3,316049,0.600000,1.000000,0.661424,1.000000,0.000000,0,0.000000,587993.000000,1.000000,1598178884848.000000,5688863.000000
588000,4,316051,0.600000,1.000000,0.664828,1.000000,0.000000,0,0.000000,587970.000000,1.000000,1598178884848.000000,5688863.000000
588000,5,316044,0.600000,1.000000,0.499912,1.000000,0.000000,0,0.000000,587963.000000,1.000000,1598178884848.000000,5688863.000000
588000,6,316048,0.600000,1.000000,0.644416,1.000000,0.000000,0,0.000000,587769.000000,1.000000,1598178884848.000000,5688863.000000
588000,7,316051,0.600000,1.000000,0.715604,1.000000,0.000000,1,528195.000000,588000.000000,1.000000,1598178884848.000000,5688863.000000
588000,8,316050,0.600000,1.000000,0.699285,1.000000,0.000000,0,0.000000,587918.000000,1.000000,1598178884848.000000,5688863.000000
588000,9,316051,0.600000,1.000000,0.584616,1.000000,0.000000,0,0.000000,587992.000000,1.000000,1598178884848.000000,5688863.000000
588000,10,316043,0.600000,1.000000,0.614006,1.000000,0.000000,0,0.000000,587938.000000,1.000000,1598178884848.000000,5688863.000000
588000,11,316051,0.600000,1.000000,0.731645,1.000000,0.000000,0,0.000000,587998.000000,1.000000,1598178884848.000000,5688863.000000
588000,12,316050,0.600000,1.000000,0.631320,1.000000,0.000000,0,0.000000,587945.000000,1.000000,1598178884848.000000,5688863.000000
588000,13,316052,0.600000,1.000000,0.710012,1.000000,0.000000,0,0.000000,587999.000000,1.000000,1598178884848.000000,5688863.000000
588000,14,316046,0.600000,1.000000,0.540167,1.000000,0.000000,0,0.000000,587957.000000,1.000000,1598178884848.000000,5688863.000000
588000,15,316050,0.600000,1.000000,0.655628,1.000000,0.000000,0,0.000000,587994.000000,1.000000,1598178884848.000000,5688863.000000
589000,0,316585,0.600000,1.000000,0.713680,1.000000,0.000000,0,0.000000,588717.000000,1.000000,1603696776254.000000,7598230.000000
589000,1,316595,0.600000,1.000000,0.608861,1.000000,0.000000,0,0.000000,588995.000000,1.000000,1603696776254.000000,7598230.000000
589000,2,316582,0.600000,1.000000,0.641729,1.000000,0.000000,0,0.000000,588707.000000,1.000000,1603696776254.000000,7598230.000000
589000,3,316593,0.600000,1.000000,0.613764,1.000000,0.000000,0,0.000000,588757.000000,1.000000,1603696776254.000000,7598230.000000
589000,4,316592,0.600000,1.000000,0.532366,1.000000,0.000000,0,0.000000,588984.000000,1.000000,1603696776254.000000,7598230.000000
589000,5,316593,0.600000,1.000000,0.717162,1.000000,0.000000,0,0.000000,588980.000000,1.000000,1603696776254.000000,7598230.000000
589000,6,316594,0.600000,1.000000,0.679253,1.000000,0.000000,0,0.000000,588991.000000,1.000000,1603696776254.000000,7598230.000000
589000,7,316596,0.600000,1.000000,0.593568,1.000000,0.000000,0,0.000000,588915.000000,1.000000,1603696776254.000000,7598230.000000
589000,8,316596,0.600000,1.000000,0.608204,1.000000,0.000000,0,0.000000,588936.000000,1.000000,1603696776254.000000,7598230.000000
589000,9,316594,0.600000,1.000000,0.711342,1.000000,0.000000,0,0.000000,588996.000000,1.000000,1603696776254.000000,7598230.000000
589000,10,316594,0.600000,1.000000,0.643660,1.000000,0.000000,0,0.000000,588992.000000,1.000000,1603696776254.000000,7598230.000000
589000,11,316595,0.600000,1.000000,0.627530,1.000000,0.000000,0,0.000000,588998.000000,1.000000,1603696776254.000000,7598230.000000
589000,12,316593,0.600000,1.000000,0.527798,1.000000,0.000000,0,0.000000,588892.000000,1.000000,1603696776254.000000,7598230.000000
589000,13,316598,0.600000,1.000000,0.692629,1.000000,0.000000,1,528294.000000,589000.000000,1.000000,1603696776254.000000,7598230.000000
589000,14,316594,0.600000,1.000000,0.604910,1.000000,0.000000,0,0.000000,588993.000000,1.000000,1603696776254.000000,7598230.000000
589000,15,316592,0.600000,1.000000,0.690728,1.000000,0.000000,0,0.000000,588985.000000,1.000000,1603696776254.000000,7598230.000000
590000,0,317134,0.600000,1.000000,0.659865,1.000000,0.000000,0,0.000000,589963.000000,1.000000,1609156944612.000000,2537058.000000
590000,1,317134,0.600000,1.000000,0.700163,1.000000,0.000000,0,0.000000,589956.000000,1.000000,1609156944612.000000,2537058.000000
590000,2,317135,0.600000,1.000000,0.804307,1.000000,0.000000,1,528340.000000,590000.000000,1.000000,1609156944612.000000,2537058.000000
590000,3,317135,0.600000,1.000000,0.803004,1.000000,0.000000,0,0.000000,589996.000000,1.000000,1609156944612.000000,2537058.000000
590000,4,317126,0.600000,1.000000,0.568327,1.000000,0.000000,0,0.000000,589962.000000,1.000000,1609156944612.000000,2537058.000000
590000,5,317131,0.600000,1.000000,0.582169,1.000000,0.000000,0,0.000000,589976.000000,1.000000,1609156944612.000000,2537058.000000
590000,6,317116,0.600000,1.000000,0.616264,1.000000,0.000000,0,0.000000,589670.000000,1.000000,1609156944612.000000,2537058.000000
590000,7,317135,0.600000,1.000000,0.693299,1.000000,0.000000,0,0.000000,589995.000000,1.000000,1609156944612.000000,2537058.000000
590000,8,317136,0.600000,1.000000,0.754202,1.000000,0.000000,0,0.000000,589883.000000,1.000000,1609156944612.000000,2537058.000000
590000,9,317136,0.600000,1.000000,0.656559,1.000000,0.000000,0,0.000000,589997.000000,1.000000,1609156944612.000000,2537058.000000
590000,10,317130,0.600000,1.000000,0.632735,1.000000,0.000000,0,0.000000,589955.000000,1.000000,1609156944612.000000,2537058.000000
590000,11,317135,0.600000,1.000000,0.734255,1.000000,0.000000,0,0.000000,589999.000000,1.000000,1609156944612.000000,2537058.000000
590000,12,317135,0.600000,1.000000,0.643412,1.000000,0.000000,0,0.000000,589966.000000,1.000000,1609156944612.000000,2537058.000000
590000,13,317133,0.600000,1.000000,0.705072,1.000000,0.000000,0,0.000000,589982.000000,1.000000,1609156944612.000000,2537058.000000
590000,14,317126,0.600000,1.000000,0.622388,1.000000,0.000000,0,0.000000,589789.000000,1.000000,1609156944612.000000,2537058.000000
590000,15,317125,0.600000,1.000000,0.680540,1.000000,0.000000,0,0.000000,589348.000000,1.000000,1609156944612.000000,2537058.000000
591000,0,317674,0.600000,1.000000,0.752658,1.000000,0.000000,0,0.000000,590990.000000,1.000000,1614623850994.000000,5718089.000000
591000,1,317668,0.600000,1.000000,0.579914,1.000000,0.000000,0,0.000000,590974.000000,1.000000,1614623850994.000000,5718089.000000
591000,2,317673,0.600000,1.000000,0.741094,1.000000,0.000000,0,0.000000,590985.000000,1.000000,1614623850994.000000,5718089.000000
591000,3,317672,0.600000,1.000000,0.664832,1.000000,0.000000,0,0.000000,590973.000000,1.000000,1614623850994.000000,5718089.000000
591000,4,317669,0.600000,1.000000,0.753749,1.000000,0.000000,0,0.000000,590994.000000,1.000000,1614623850994.000000,5718089.000000
591000,5,317668,0.600000,1.000000,0.570613,1.000000,0.000000,0,0.000000,590869.000000,1.000000,1614623850994.000000,5718089.000000
591000,6,317673,0.600000,1.000000,0.730665,1.000000,0.000000,0,0.000000,590999.000000,1.000000,1614623850994.000000,5718089.000000
591000,7,317674,0.600000,1.000000,0.852444,1.000000,0.000000,1,530882.000000,591000.000000,1.000000,1614623850994.000000,5718089.000000
591000,8,317672,0.600000,1.000000,0.644760,1.000000,0.000000,0,0.000000,590980.000000,1.000000,1614623850994.000000,5718089.000000
591000,9,317672,0.600000,1.000000,0.609463,1.000000,0.000000,0,0.000000,590979.000000,1.000000,1614623850994.000000,5718089.000000
591000,10,317668,0.600000,1.000000,0.588753,1.000000,0.000000,0,0.000000,590970.000000,1.000000,1614623850994.000000,5718089.000000
591000,11,317668,0.600000,1.000000,0.664874,1.000000,0.000000,0,0.000000,590862.000000,1.000000,1614623850994.000000,5718089.000000
591000,12,317671,0.600000,1.000000,0.648275,1.000000,0.000000,0,0.000000,590967.000000,1.000000,1614623850994.000000,5718089.000000
591000,13,317647,0.600000,1.000000,0.578954,1.000000,0.000000,0,0.000000,590464.000000,1.000000,1614623850994.000000,5718089.000000
591000,14,317675,0.600000,1.000000,0.753982,1.000000,0.000000,0,0.000000,590997.000000,1.000000,1614623850994.000000,5718089.000000
591000,15,317670,0.600000,1.000000,0.600625,1.000000,0.000000,0,0.000000,590877.000000,1.000000,1614623850994.000000,5718089.000000
592000,0,318205,0.600000,1.000000,0.619567,1.000000,0.000000,0,0.000000,591981.000000,1.000000,1620076480429.000000,3818442.000000
592000,1,318194,0.600000,1.000000,0.536415,1.000000,0.000000,0,0.000000,591836.000000,1.000000,1620076480429.000000,3818442.000000
592000,2,318207,0.600000,1.000000,0.744421,1.000000,0.000000,0,0.000000,591994.000000,1.000000,1620076480429.000000,3818442.000000
592000,3,318200,0.600000,1.000000,0.540873,1.000000,0.000000,0,0.000000,591886.000000,1.000000,1620076480429.000000,3818442.000000
592000,4,318208,0.600000,1.000000,0.600888,1.000000,0.000000,0,0.000000,591943.000000,1.000000,1620076480429.000000,3818442.000000
592000,5,318209,0.600000,1.000000,0.723607,1.000000,0.000000,0,0.000000,591998.000000,1.000000,1620076480429.000000,3818442.000000
592000,6,318209,0.600000,1.000000,0.663400,1.000000,0.000000,0,0.000000,591979.000000,1.000000,1620076480429.000000,3818442.000000
592000,7,318206,0.600000,1.000000,0.598369,1.000000,0.000000,0,0.000000,591961.000000,1.000000,1620076480429.000000,3818442.000000
592000,8,318210,0.600000,1.000000,0.744365,1.000000,0.000000,1,530754.000000,592000.000000,1.000000,1620076480429.000000,3818442.000000
592000,9,318203,0.600000,1.000000,0.510716,1.000000,0.000000,0,0.000000,591947.000000,1.000000,1620076480429.000000,3818442.000000
592000,10,318200,0.600000,1.000000,0.471584,1.000000,0.000000,0,0.000000,591861.000000,1.000000,1620076480429.000000,3818442.000000
592000,11,318209,0.600000,1.000000,0.676448,1.000000,0.000000,0,0.000000,591934.000000,1.000000,1620076480429.000000,3818442.000000
592000,12,318201,0.600000,1.000000,0.510499,1.000000,0.000000,0,0.000000,591916.000000,1.000000,1620076480429.000000,3818442.000000
592000,13,318209,0.600000,1.000000,0.649044,1.000000,0.000000,0,0.000000,591992.000000,1.000000,1620076480429.000000,3818442.000000
592000,14,318211,0.600000,1.000000,0.694304,1.000000,0.000000,0,0.000000,591995.000000,1.000000,1620076480429.000000,3818442.000000
592000,15,318208,0.600000,1.000000,0.740167,1.000000,0.000000,0,0.000000,591799.000000,1.000000,1620076480429.000000,3818442.000000
593000,0,318734,0.600000,1.000000,0.752246,1.000000,0.000000,1,531256.000000,593000.000000,1.000000,1625425468929.000000,5737153.000000
593000,1,318733,0.600000,1.000000,0.648303,1.000000,0.000000,0,0.000000,592979.000000,1.000000,1625425468929.000000,5737153.000000
593000,2,318734,0.600000,1.000000,0.668011,1.000000,0.000000,0,0.000000,592999.000000,1.000000,1625425468929.000000,5737153.000000
593000,3,318729,0.600000,1.000000,0.552365,1.000000,0.000000,0,0.000000,592960.000000,1.000000,1625425468929.000000,5737153.000000
593000,4,318731,0.600000,1.000000,0.648373,1.000000,0.000000,0,0.000000,592962.000000,1.000000,1625425468929.000000,5737153.000000
593000,5,318732,0.600000,1.000000,0.720460,1.000000,0.000000,0,0.000000,592996.000000,1.000000,1625425468929.000000,5737153.000000
593000,6,318730,0.600000,1.000000,0.690235,1.000000,0.000000,0,0.000000,592974.000000,1.000000,1625425468929.000000,5737153.000000
593000,7,318732,0.600000,1.000000,0.529928,1.000000,0.000000,0,0.000000,592970.000000,1.000000,1625425468929.000000,5737153.000000
593000,8,318732,0.600000,1.000000,0.611347,1.000000,0.000000,0,0.000000,592969.000000,1.000000,1625425468929.000000,5737153.000000
593000,9,318727,0.600000,1.000000,0.643138,1.000000,0.000000,0,0.000000,592839.000000,1.000000,1625425468929.000000,5737153.000000
593000,10,318731,0.600000,1.000000,0.711751,1.000000,0.000000,0,0.000000,592989.000000,1.000000,1625425468929.000000,5737153.000000
593000,11,318733,0.600000,1.000000,0.665170,1.000000,0.000000,0,0.000000,592993.000000,1.000000,1625425468929.000000,5737153.000000
593000,12,318733,0.600000,1.000000,0.680713,1.000000,0.000000,0,0.000000,592985.000000,1.000000,1625425468929.000000,5737153.000000
593000,13,318730,0.600000,1.000000,0.509660,1.000000,0.000000,0,0.000000,592932.000000,1.000000,1625425468929.000000,5737153.000000
593000,14,318731,0.600000,1.000000,0.701141,1.000000,0.000000,0,0.000000,592994.000000,1.000000,1625425468929.000000,5737153.000000
593000,15,318715,0.600000,1.000000,0.666524,1.000000,0.000000,0,0.000000,592538.000000,1.000000,1625425468929.000000,5737153.000000
594000,0,319269,0.600000,1.000000,0.595144,1.000000,0.000000,0,0.000000,593997.000000,1.000000,1630898207127.000000,7023793.000000
594000,1,319270,0.600000,1.000000,0.694244,1.000000,0.000000,0,0.000000,593990.000000,1.000000,1630898207127.000000,7023793.000000
594000,2,319266,0.600000,1.000000,0.613435,1.000000,0.000000,0,0.000000,593978.000000,1.000000,1630898207127.000000,7023793.000000
594000,3,319269,0.600000,1.000000,0.610533,1.000000,0.000000,0,0.000000,593956.000000,1.000000,1630898207127.000000,7023793.000000
594000,4,319269,0.600000,1.000000,0.598828,1.000000,0.000000,0,0.000000,593930.000000,1.000000,1630898207127.000000,7023793.000000
594000,5,319261,0.600000,1.000000,0.796671,1.000000,0.000000,0,0.000000,593755.000000,1.000000,1630898207127.000000,7023793.000000
594000,6,319270,0.600000,1.000000,0.671639,1.000000,0.000000,0,0.000000,593443.000000,1.000000,1630898207127.000000,7023793.000000
594000,7,319258,0.600000,1.000000,0.518444,1.000000,0.000000,0,0.000000,593768.000000,1.000000,1630898207127.000000,7023793.000000
594000,8,319269,0.600000,1.000000,0.697423,1.000000,0.000000,0,0.000000,593999.000000,1.000000,1630898207127.000000,7023793.000000
594000,9,319262,0.600000,1.000000,0.621571,1.000000,0.000000,0,0.000000,593891.000000,1.000000,1630898207127.000000,7023793.000000
594000,10,319269,0.600000,1.000000,0.665211,1.000000,0.000000,0,0.000000,593987.000000,1.000000,1630898207127.000000,7023793.000000
594000,11,319270,0.600000,1.000000,0.790539,1.000000,0.000000,1,533039.000000,594000.000000,1.000000,1630898207127.000000,7023793.000000
594000,12,319268,0.600000,1.000000,0.592262,1.000000,0.000000,0,0.000000,593939.000000,1.000000,1630898207127.000000,7023793.000000
594000,13,319268,0.600000,1.000000,0.570292,1.000000,0.000000,0,0.000000,593985.000000,1.000000,1630898207127.000000,7023793.000000
594000,14,319260,0.600000,1.000000,0.529896,1.000000,0.000000,0,0.000000,593961.000000,1.000000,1630898207127.000000,7023793.000000
594000,15,319267,0.600000,1.000000,0.712147,1.000000,0.000000,0,0.000000,593986.000000,1.000000,1630898207127.000000,7023793.000000
595000,0,319808,0.600000,1.000000,0.637872,1.000000,0.000000,0,0.000000,594977.000000,1.000000,1636406367058.000000,5116902.000000
595000,1,319802,0.600000,1.000000,0.647919,1.000000,0.000000,0,0.000000,594917.000000,1.000000,1636406367058.000000,5116902.000000
595000,2,319808,0.600000,1.000000,0.645432,1.000000,0.000000,0,0.000000,594998.000000,1.000000,1636406367058.000000,5116902.000000
595000,3,319803,0.600000,1.000000,0.661023,1.000000,0.000000,0,0.000000,594907.000000,1.000000,1636406367058.000000,5116902.000000
595000,4,319809,0.600000,1.000000,0.655179,1.000000,0.000000,0,0.000000,594991.000000,1.000000,1636406367058.000000,5116902.000000
595000,5,319809,0.600000,1.000000,0.760405,1.000000,0.000000,0,0.000000,594985.000000,1.000000,1636406367058.000000,5116902.000000
595000,6,319806,0.600000,1.000000,0.608947,1.000000,0.000000,0,0.000000,594968.000000,1.000000,1636406367058.000000,5116902.000000
595000,7,319799,0.600000,1.000000,0.627388,1.000000,0.000000,0,0.000000,594887.000000,1.000000,1636406367058.000000,5116902.000000
595000,8,319809,0.600000,1.000000,0.693630,1.000000,0.000000,0,0.000000,594992.000000,1.000000,1636406367058.000000,5116902.000000
595000,9,319808,0.600000,1.000000,0.739732,1.000000,0.000000,0,0.000000,594995.000000,1.000000,1636406367058.000000,5116902.000000
595000,10,319805,0.600000,1.000000,0.679932,1.000000,0.000000,0,0.000000,594812.000000,1.000000,1636406367058.000000,5116902.000000
595000,11,319801,0.600000,1.000000,0.597447,1.000000,0.000000,0,0.000000,594568.000000,1.000000,1636406367058.000000,5116902.000000
595000,12,319801,0.600000,1.000000,0.558697,1.000000,0.000000,0,0.000000,594916.000000,1.000000,1636406367058.000000,5116902.000000
595000,13,319809,0.600000,1.000000,0.615277,1.000000,0.000000,0,0.000000,594941.000000,1.000000,1636406367058.000000,5116902.000000
595000,14,319808,0.600000,1.000000,0.776040,1.000000,0.000000,1,532717.000000,595000.000000,1.000000,1636406367058.000000,5116902.000000
595000,15,319799,0.600000,1.000000,0.682312,1.000000,0.000000,0,0.000000,594850.000000,1.000000,1636406367058.000000,5116902.000000
596000,0,320347,0.600000,1.000000,0.633104,1.000000,0.000000,0,0.000000,595938.000000,1.000000,1642007103309.000000,7688420.000000
596000,1,320354,0.600000,1.000000,0.640152,1.000000,0.000000,0,0.000000,595958.000000,1.000000,1642007103309.000000,7688420.000000
596000,2,320354,0.600000,1.000000,0.682288,1.000000,0.000000,0,0.000000,595993.000000,1.000000,1642007103309.000000,7688420.000000
596000,3,320349,0.600000,1.000000,0.577908,1.000000,0.000000,0,0.000000,595948.000000,1.000000,1642007103309.000000,7688420.000000
596000,4,320354,0.600000,1.000000,0.745992,1.000000,0.000000,0,0.000000,595985.000000,1.000000,1642007103309.000000,7688420.000000
596000,5,320349,0.600000,1.000000,0.595325,1.000000,0.000000,0,0.000000,595915.000000,1.000000,1642007103309.000000,7688420.000000
596000,6,320353,0.600000,1.000000,0.614995,1.000000,0.000000,0,0.000000,595995.000000,1.000000,1642007103309.000000,7688420.000000
596000,7,320355,0.600000,1.000000,0.657740,1.000000,0.000000,1,535374.000000,596000.000000,1.000000,1642007103309.000000,7688420.000000
596000,8,320355,0.600000,1.000000,0.785194,1.000000,0.000000,0,0.000000,595874.000000,1.000000,1642007103309.000000,7688420.000000
596000,9,320354,0.600000,1.000000,0.686427,1.000000,0.000000,0,0.000000,595944.000000,1.000000,1642007103309.000000,7688420.000000
596000,10,320351,0.600000,1.000000,0.693389,1.000000,0.000000,0,0.000000,595914.000000,1.000000,1642007103309.000000,7688420.000000
596000,11,320353,0.600000,1.000000,0.746569,1.000000,0.000000,0,0.000000,595997.000000,1.000000,1642007103309.000000,7688420.000000
596000,12,320354,0.600000,1.000000,0.705023,1.000000,0.000000,0,0.000000,595999.000000,1.000000,1642007103309.000000,7688420.000000
596000,13,320347,0.600000,1.000000,0.636747,1.000000,0.000000,0,0.000000,595968.000000,1.000000,1642007103309.000000,7688420.000000
596000,14,320356,0.600000,1.000000,0.618288,1.000000,0.000000,0,0.000000,595998.000000,1.000000,1642007103309.000000,7688420.000000
596000,15,320348,0.600000,1.000000,0.582075,1.000000,0.000000,0,0.000000,595906.000000,1.000000,1642007103309.000000,7688420.000000
597000,0,320893,0.600000,1.000000,0.666866,1.000000,0.000000,0,0.000000,596991.000000,1.000000,1647544885873.000000,4492497.000000
597000,1,320896,0.600000,1.000000,0.705656,1.000000,0.000000,0,0.000000,596995.000000,1.000000,1647544885873.000000,4492497.000000
597000,2,320894,0.600000,1.000000,0.685584,1.000000,0.000000,0,0.000000,596746.000000,1.000000,1647544885873.000000,4492497.000000
597000,3,320876,0.600000,1.000000,0.566197,1.000000,0.000000,0,0.000000,596758.000000,1.000000,1647544885873.000000,4492497.000000
597000,4,320892,0.600000,1.000000,0.627849,1.000000,0.000000,0,0.000000,596983.000000,1.000000,1647544885873.000000,4492497.000000
597000,5,320894,0.600000,1.000000,0.597253,1.000000,0.000000,0,0.000000,596967.000000,1.000000,1647544885873.000000,4492497.000000
597000,6,320883,0.600000,1.000000,0.812426,1.000000,0.000000,0,0.000000,596765.000000,1.000000,1647544885873.000000,4492497.000000
597000,7,320896,0.600000,1.000000,0.726216,1.000000,0.000000,0,0.000000,596996.000000,1.000000,1647544885873.000000,4492497.000000
597000,8,320895,0.600000,1.000000,0.696941,1.000000,0.000000,0,0.000000,596994.000000,1.000000,1647544885873.000000,4492497.000000
597000,9,320890,0.600000,1.000000,0.591925,1.000000,0.000000,0,0.000000,596952.000000,1.000000,1647544885873.000000,4492497.000000
597000,10,320896,0.600000,1.000000,0.787918,1.000000,0.000000,0,0.000000,596984.000000,1.000000,1647544885873.000000,4492497.000000
597000,11,320888,0.600000,1.000000,0.578915,1.000000,0.000000,0,0.000000,596731.000000,1.000000,1647544885873.000000,4492497.000000
597000,12,320883,0.600000,1.000000,0.546933,1.000000,0.000000,0,0.000000,596407.000000,1.000000,1647544885873.000000,4492497.000000
597000,13,320897,0.600000,1.000000,0.816692,1.000000,0.000000,1,535561.000000,597000.000000,1.000000,1647544885873.000000,4492497.000000
597000,14,320898,0.600000,1.000000,0.680575,1.000000,0.000000,0,0.000000,596997.000000,1.000000,1647544885873.000000,4492497.000000
597000,15,320898,0.600000,1.000000,0.752752,1.000000,0.000000,0,0.000000,596998.000000,1.000000,1647544885873.000000,4492497.000000
598000,0,321434,0.600000,1.000000,0.680709,1.000000,0.000000,0,0.000000,597998.000000,1.000000,1653102275829.000000,7071497.000000
598000,1,321434,0.600000,1.000000,0.520245,1.000000,0.000000,0,0.000000,597977.000000,1.000000,1653102275829.000000,7071497.000000
598000,2,321428,0.600000,1.000000,0.607279,1.000000,0.000000,0,0.000000,597904.000000,1.000000,1653102275829.000000,7071497.000000
598000,3,321429,0.600000,1.000000,0.623483,1.000000,0.000000,0,0.000000,597914.000000,1.000000,1653102275829.000000,7071497.000000
598000,4,321431,0.600000,1.000000,0.583915,1.000000,0.000000,0,0.000000,597943.000000,1.000000,1653102275829.000000,7071497.000000
598000,5,321434,0.600000,1.000000,0.694053,1.000000,0.000000,0,0.000000,597994.000000,1.000000,1653102275829.000000,7071497.000000
598000,6,321431,0.600000,1.000000,0.575743,1.000000,0.000000,0,0.000000,597976.000000,1.000000,1653102275829.000000,7071497.000000
598000,7,321433,0.600000,1.000000,0.567756,1.000000,0.000000,0,0.000000,597946.000000,1.000000,1653102275829.000000,7071497.000000
598000,8,321435,0.600000,1.000000,0.626605,1.000000,0.000000,0,0.000000,597999.000000,1.000000,1653102275829.000000,7071497.000000
598000,9,321433,0.600000,1.000000,0.587733,1.000000,0.000000,0,0.000000,597969.000000,1.000000,1653102275829.000000,7071497.000000
598000,10,321435,0.600000,1.000000,0.628570,1.000000,0.000000,0,0.000000,597993.000000,1.000000,1653102275829.000000,7071497.000000
598000,11,321431,0.600000,1.000000,0.688841,1.000000,0.000000,0,0.000000,597874.000000,1.000000,1653102275829.000000,7071497.000000
598000,12,321434,0.600000,1.000000,0.623241,1.000000,0.000000,0,0.000000,597995.000000,1.000000,1653102275829.000000,7071497.000000
598000,13,321434,0.600000,1.000000,0.698528,1.000000,0.000000,1,536433.000000,598000.000000,1.000000,1653102275829.000000,7071497.000000
598000,14,321433,0.600000,1.000000,0.661770,1.000000,0.000000,0,0.000000,597992.000000,1.000000,1653102275829.000000,7071497.000000
598000,15,321432,0.600000,1.000000,0.668888,1.000000,0.000000,0,0.000000,597955.000000,1.000000,1653102275829.000000,7071497.000000
599000,0,321974,0.600000,1.000000,0.737699,1.000000,0.000000,1,536460.000000,599000.000000,1.000000,1658640046284.000000,9015128.000000
599000,1,321972,0.600000,1.000000,0.590091,1.000000,0.000000,0,0.000000,598992.000000,1.000000,1658640046284.000000,9015128.000000
599000,2,321975,0.600000,1.000000,0.607250,1.000000,0.000000,0,0.000000,598999.000000,1.000000,1658640046284.000000,9015128.000000
599000,3,321971,0.600000,1.000000,0.681209,1.000000,0.000000,0,0.000000,598991.000000,1.000000,1658640046284.000000,9015128.000000
599000,4,321970,0.600000,1.000000,0.633253,1.000000,0.000000,0,0.000000,598821.000000,1.000000,1658640046284.000000,9015128.000000
599000,5,321969,0.600000,1.000000,0.575438,1.000000,0.000000,0,0.000000,598920.000000,1.000000,1658640046284.000000,9015128.000000
599000,6,321968,0.600000,1.000000,0.704799,1.000000,0.000000,0,0.000000,598843.000000,1.000000,1658640046284.000000,9015128.000000
599000,7,321971,0.600000,1.000000,0.599378,1.000000,0.000000,0,0.000000,598950.000000,1.000000,1658640046284.000000,9015128.000000
599000,8,321974,0.600000,1.000000,0.622380,1.000000,0.000000,0,0.000000,598909.000000,1.000000,1658640046284.000000,9015128.000000
599000,9,321973,0.600000,1.000000,0.746166,1.000000,0.000000,0,0.000000,598996.000000,1.000000,1658640046284.000000,9015128.000000
599000,10,321974,0.600000,1.000000,0.716631,1.000000,0.000000,0,0.000000,598994.000000,1.000000,1658640046284.000000,9015128.000000
599000,11,321965,0.600000,1.000000,0.715940,1.000000,0.000000,0,0.000000,598739.000000,1.000000,1658640046284.000000,9015128.000000
599000,12,321971,0.600000,1.000000,0.601511,1.000000,0.000000,0,0.000000,598971.000000,1.000000,1658640046284.000000,9015128.000000
599000,13,321955,0.600000,1.000000,0.454893,1.000000,0.000000,0,0.000000,598766.000000,1.000000,1658640046284.000000,9015128.000000
599000,14,321974,0.600000,1.000000,0.583580,1.000000,0.000000,0,0.000000,598927.000000,1.000000,1658640046284.000000,9015128.000000
599000,15,321972,0.600000,1.000000,0.628793,1.000000,0.000000,0,0.000000,598931.000000,1.000000,1658640046284.000000,9015128.000000
600000,0,322515,0.600000,1.000000,0.675342,1.000000,0.000000,0,0.000000,599988.000000,1.000000,1664203202158.000000,7095235.000000
600000,1,322501,0.600000,1.000000,0.629855,1.000000,0.000000,0,0.000000,599761.000000,1.000000,1664203202158.000000,7095235.000000
600000,2,322513,0.600000,1.000000,0.660889,1.000000,0.000000,0,0.000000,599951.000000,1.000000,1664203202158.000000,7095235.000000
600000,3,322511,0.600000,1.000000,0.623308,1.000000,0.000000,0,0.000000,599969.000000,1.000000,1664203202158.000000,7095235.000000
600000,4,322494,0.600000,1.000000,0.532337,1.000000,0.000000,0,0.000000,599795.000000,1.000000,1664203202158.000000,7095235.000000
600000,5,322506,0.600000,1.000000,0.589780,1.000000,0.000000,0,0.000000,599838.000000,1.000000,1664203202158.000000,7095235.000000
600000,6,322513,0.600000,1.000000,0.626665,1.000000,0.000000,0,0.000000,599987.000000,1.000000,1664203202158.000000,7095235.000000
600000,7,322516,0.600000,1.000000,0.765971,1.000000,0.000000,0,0.000000,599995.000000,1.000000,1664203202158.000000,7095235.000000
600000,8,322515,0.600000,1.000000,0.717124,1.000000,0.000000,0,0.000000,599999.000000,1.000000,1664203202158.000000,7095235.000000
600000,9,322505,0.600000,1.000000,0.571297,1.000000,0.000000,0,0.000000,599791.000000,1.000000,1664203202158.000000,7095235.000000
600000,10,322511,0.600000,1.000000,0.643767,1.000000,0.000000,0,0.000000,599936.000000,1.000000,1664203202158.000000,7095235.000000
600000,11,322507,0.600000,1.000000,0.604110,1.000000,0.000000,0,0.000000,599960.000000,1.000000,1664203202158.000000,7095235.000000
600000,12,322516,0.600000,1.000000,0.727276,1.000000,0.000000,1,537184.000000,600000.000000,1.000000,1664203202158.000000,7095235.000000
600000,13,322512,0.600000,1.000000,0.535801,1.000000,0.000000,0,0.000000,599906.000000,1.000000,1664203202158.000000,7095235.000000
600000,14,322510,0.600000,1.000000,0.595140,1.000000,0.000000,0,0.000000,599847.000000,1.000000,1664203202158.000000,7095235.000000
600000,15,322515,0.600000,1.000000,0.617235,1.000000,0.000000,0,0.000000,599961.000000,1.000000,1664203202158.000000,7095235.000000
601000,0,323042,0.600000,1.000000,0.661871,1.000000,0.000000,0,0.000000,600958.000000,1.000000,1669678758118.000000,5168558.000000
601000,1,323039,0.600000,1.000000,0.549918,1.000000,0.000000,0,0.000000,600955.000000,1.000000,1669678758118.000000,5168558.000000
601000,2,323040,0.600000,1.000000,0.613398,1.000000,0.000000,0,0.000000,600884.000000,1.000000,1669678758118.000000,5168558.000000
601000,3,323042,0.600000,1.000000,0.575606,1.000000,0.000000,0,0.000000,600959.000000,1.000000,1669678758118.000000,5168558.000000
601000,4,323045,0.600000,1.000000,0.549468,1.000000,0.000000,0,0.000000,600984.000000,1.000000,1669678758118.000000,5168558.000000
601000,5,323042,0.600000,1.000000,0.676925,1.000000,0.000000,0,0.000000,600970.000000,1.000000,1669678758118.000000,5168558.000000
601000,6,323044,0.600000,1.000000,0.637554,1.000000,0.000000,0,0.000000,600998.000000,1.000000,1669678758118.000000,5168558.000000
601000,7,323036,0.600000,1.000000,0.597534,1.000000,0.000000,0,0.000000,600903.000000,1.000000,1669678758118.000000,5168558.000000
601000,8,323044,0.600000,1.000000,0.670800,1.000000,0.000000,1,538667.000000,601000.000000,1.000000,1669678758118.000000,5168558.000000
601000,9,323044,0.600000,1.000000,0.749403,1.000000,0.000000,0,0.000000,600999.000000,1.000000,1669678758118.000000,5168558.000000
601000,10,323043,0.600000,1.000000,0.745518,1.000000,0.000000,0,0.000000,600994.000000,1.000000,1669678758118.000000,5168558.000000
601000,11,323041,0.600000,1.000000,0.589435,1.000000,0.000000,0,0.000000,600956.000000,1.000000,1669678758118.000000,5168558.000000
601000,12,323032,0.600000,1.000000,0.535266,1.000000,0.000000,0,0.000000,600252.000000,1.000000,1669678758118.000000,5168558.000000
601000,13,323043,0.600000,1.000000,0.606435,1.000000,0.000000,0,0.000000,600979.000000,1.000000,1669678758118.000000,5168558.000000
601000,14,323027,0.600000,1.000000,0.573834,1.000000,0.000000,0,0.000000,600719.000000,1.000000,1669678758118.000000,5168558.000000
601000,15,323038,0.600000,1.000000,0.613351,1.000000,0.000000,0,0.000000,600726.000000,1.000000,1669678758118.000000,5168558.000000
602000,0,323580,0.600000,1.000000,0.639303,1.000000,0.000000,0,0.000000,601993.000000,1.000000,1675233199186.000000,3882936.000000
602000,1,323579,0.600000,1.000000,0.673583,1.000000,0.000000,0,0.000000,601979.000000,1.000000,1675233199186.000000,3882936.000000
602000,2,323571,0.600000,1.000000,0.599572,1.000000,0.000000,0,0.000000,601893.000000,1.000000,1675233199186.000000,3882936.000000
602000,3,323577,0.600000,1.000000,0.597138,1.000000,0.000000,0,0.000000,601976.000000,1.000000,1675233199186.000000,3882936.000000
602000,4,323577,0.600000,1.000000,0.601535,1.000000,0.000000,0,0.000000,601982.000000,1.000000,1675233199186.000000,3882936.000000
602000,5,323566,0.600000,1.000000,0.594259,1.000000,0.000000,0,0.000000,601479.000000,1.000000,1675233199186.000000,3882936.000000
602000,6,323580,0.600000,1.000000,0.723649,1.000000,0.000000,0,0.000000,601986.000000,1.000000,1675233199186.000000,3882936.000000
602000,7,323582,0.600000,1.000000,0.622841,1.000000,0.000000,0,0.000000,601997.000000,1.000000,1675233199186.000000,3882936.000000
602000,8,323581,0.600000,1.000000,0.789037,1.000000,0.000000,0,0.000000,601995.000000,1.000000,1675233199186.000000,3882936.000000
602000,9,323581,0.600000,1.000000,0.682220,1.000000,0.000000,1,539805.000000,602000.000000,1.000000,1675233199186.000000,3882936.000000
602000,10,323573,0.600000,1.000000,0.689271,1.000000,0.000000,0,0.000000,601849.000000,1.000000,1675233199186.000000,3882936.000000
602000,11,323578,0.600000,1.000000,0.615962,1.000000,0.000000,0,0.000000,601932.000000,1.000000,1675233199186.000000,3882936.000000
602000,12,323579,0.600000,1.000000,0.607195,1.000000,0.000000,0,0.000000,601992.000000,1.000000,1675233199186.000000,3882936.000000
602000,13,323575,0.600000,1.000000,0.584498,1.000000,0.000000,0,0.000000,601981.000000,1.000000,1675233199186.000000,3882936.000000
602000,14,323582,0.600000,1.000000,0.632208,1.000000,0.000000,0,0.000000,601966.000000,1.000000,1675233199186.000000,3882936.000000
602000,15,323571,0.600000,1.000000,0.713439,1.000000,0.000000,0,0.000000,601875.000000,1.000000,1675233199186.000000,3882936.000000
603000,0,324107,0.600000,1.000000,0.587213,1.000000,0.000000,0,0.000000,602782.000000,1.000000,1680784547309.000000,7130479.000000
603000,1,324107,0.600000,1.000000,0.693221,1.000000,0.000000,0,0.000000,602838.000000,1.000000,1680784547309.000000,7130479.000000
603000,2,324109,0.600000,1.000000,0.648611,1.000000,0.000000,0,0.000000,602948.000000,1.000000,1680784547309.000000,7130479.000000
603000,3,324115,0.600000,1.000000,0.582362,1.000000,0.000000,0,0.000000,602971.000000,1.000000,1680784547309.000000,7130479.000000
603000,4,324110,0.600000,1.000000,0.626532,1.000000,0.000000,0,0.000000,602966.000000,1.000000,1680784547309.000000,7130479.000000
603000,5,324115,0.600000,1.000000,0.773913,1.000000,0.000000,0,0.000000,602973.000000,1.000000,1680784547309.000000,7130479.000000
603000,6,324115,0.600000,1.000000,0.742925,1.000000,0.000000,1,540101.000000,603000.000000,1.000000,1680784547309.000000,7130479.000000
603000,7,324114,0.600000,1.000000,0.697417,1.000000,0.000000,0,0.000000,602985.000000,1.000000,1680784547309.000000,7130479.000000
603000,8,324116,0.600000,1.000000,0.742001,1.000000,0.000000,0,0.000000,602686.000000,1.000000,1680784547309.000000,7130479.000000
603000,9,324114,0.600000,1.000000,0.636602,1.000000,0.000000,0,0.000000,602998.000000,1.000000,1680784547309.000000,7130479.000000
603000,10,324112,0.600000,1.000000,0.624927,1.000000,0.000000,0,0.000000,602956.000000,1.000000,1680784547309.000000,7130479.000000
603000,11,324114,0.600000,1.000000,0.687365,1.000000,0.000000,0,0.000000,602943.000000,1.000000,1680784547309.000000,7130479.000000
603000,12,324115,0.600000,1.000000,0.739729,1.000000,0.000000,0,0.000000,602999.000000,1.000000,1680784547309.000000,7130479.000000
603000,13,324111,0.600000,1.000000,0.643831,1.000000,0.000000,0,0.000000,602987.000000,1.000000,1680784547309.000000,7130479.000000
603000,14,324114,0.600000,1.000000,0.739812,1.000000,0.000000,0,0.000000,602900.000000,1.000000,1680784547309.000000,7130479.000000
603000,15,324115,0.600000,1.000000,0.670364,1.000000,0.000000,0,0.000000,602996.000000,1.000000,1680784547309.000000,7130479.000000
604000,0,324643,0.600000,1.000000,0.635944,1.000000,0.000000,0,0.000000,603983.000000,1.000000,1686313263009.000000,4545059.000000
604000,1,324645,0.600000,1.000000,0.660925,1.000000,0.000000,0,0.000000,603989.000000,1.000000,1686313263009.000000,4545059.000000
604000,2,324641,0.600000,1.000000,0.693127,1.000000,0.000000,0,0.000000,603752.000000,1.000000,1686313263009.000000,4545059.000000
604000,3,324647,0.600000,1.000000,0.612860,1.000000,0.000000,0,0.000000,603987.000000,1.000000,1686313263009.000000,4545059.000000
604000,4,324639,0.600000,1.000000,0.572674,1.000000,0.000000,0,0.000000,603899.000000,1.000000,1686313263009.000000,4545059.000000
604000,5,324646,0.600000,1.000000,0.657631,1.000000,0.000000,0,0.000000,603819.000000,1.000000,1686313263009.000000,4545059.000000
604000,6,324644,0.600000,1.000000,0.647791,1.000000,0.000000,0,0.000000,603954.000000,1.000000,1686313263009.000000,4545059.000000
604000,7,324648,0.600000,1.000000,0.806739,1.000000,0.000000,0,0.000000,603995.000000,1.000000,1686313263009.000000,4545059.000000
604000,8,324648,0.600000,1.000000,0.765936,1.000000,0.000000,0,0.000000,603994.000000,1.000000,1686313263009.000000,4545059.000000
604000,9,324641,0.600000,1.000000,0.579998,1.000000,0.000000,0,0.000000,603926.000000,1.000000,1686313263009.000000,4545059.000000
604000,10,324648,0.600000,1.000000,0.713131,1.000000,0.000000,0,0.000000,603999.000000,1.000000,1686313263009.000000,4545059.000000
604000,11,324648,0.600000,1.000000,0.742291,1.000000,0.000000,1,542070.000000,604000.000000,1.000000,1686313263009.000000,4545059.000000
604000,12,324642,0.600000,1.000000,0.670975,1.000000,0.000000,0,0.000000,603959.000000,1.000000,1686313263009.000000,4545059.000000
604000,13,324649,0.600000,1.000000,0.700555,1.000000,0.000000,0,0.000000,603998.000000,1.000000,1686313263009.000000,4545059.000000
604000,14,324649,0.600000,1.000000,0.679170,1.000000,0.000000,0,0.000000,603967.000000,1.000000,1686313263009.000000,4545059.000000
604000,15,324647,0.600000,1.000000,0.646289,1.000000,0.000000,0,0.000000,603992.000000,1.000000,1686313263009.000000,4545059.000000
605000,0,325184,0.600000,1.000000,0.598920,1.000000,0.000000,0,0.000000,604951.000000,1.000000,1691900484129.000000,3902196.000000
605000,1,325185,0.600000,1.000000,0.670445,1.000000,0.000000,0,0.000000,604993.000000,1.000000,1691900484129.000000,3902196.000000
605000,2,325183,0.600000,1.000000,0.629594,1.000000,0.000000,0,0.000000,604974.000000,1.000000,1691900484129.000000,3902196.000000
605000,3,325186,0.600000,1.000000,0.721970,1.000000,0.000000,0,0.000000,604992.000000,1.000000,1691900484129.000000,3902196.000000
605000,4,325179,0.600000,1.000000,0.594309,1.000000,0.000000,0,0.000000,604969.000000,1.000000,1691900484129.000000,3902196.000000
605000,5,325181,0.600000,1.000000,0.697725,1.000000,0.000000,0,0.000000,604989.000000,1.000000,1691900484129.000000,3902196.000000
605000,6,325185,0.600000,1.000000,0.652030,1.000000,0.000000,0,0.000000,604998.000000,1.000000,1691900484129.000000,3902196.000000
605000,7,325184,0.600000,1.000000,0.729445,1.000000,0.000000,0,0.000000,604999.000000,1.000000,1691900484129.000000,3902196.000000
605000,8,325177,0.600000,1.000000,0.663606,1.000000,0.000000,0,0.000000,604943.000000,1.000000,1691900484129.000000,3902196.000000
605000,9,325183,0.600000,1.000000,0.589971,1.000000,0.000000,0,0.000000,604976.000000,1.000000,1691900484129.000000,3902196.000000
605000,10,325185,0.600000,1.000000,0.690043,1.000000,0.000000,0,0.000000,604997.000000,1.000000,1691900484129.000000,3902196.000000
605000,11,325184,0.600000,1.000000,0.637934,1.000000,0.000000,0,0.000000,604957.000000,1.000000,1691900484129.000000,3902196.000000
605000,12,325176,0.600000,1.000000,0.527629,1.000000,0.000000,0,0.000000,604904.000000,1.000000,1691900484129.000000,3902196.000000
605000,13,325182,0.600000,1.000000,0.721060,1.000000,0.000000,0,0.000000,604991.000000,1.000000,1691900484129.000000,3902196.000000
605000,14,325184,0.600000,1.000000,0.758463,1.000000,0.000000,0,0.000000,604825.000000,1.000000,1691900484129.000000,3902196.000000
605000,15,325185,0.600000,1.000000,0.739285,1.000000,0.000000,1,542264.000000,605000.000000,1.000000,1691900484129.000000,3902196.000000
606000,0,325723,0.600000,1.000000,0.676398,1.000000,0.000000,0,0.000000,605998.000000,1.000000,1697487825995.000000,7817256.000000
606000,1,325722,0.600000,1.000000,0.766691,1.000000,0.000000,0,0.000000,605884.000000,1.000000,1697487825995.000000,7817256.000000
606000,2,325720,0.600000,1.000000,0.587162,1.000000,0.000000,0,0.000000,605985.000000,1.000000,1697487825995.000000,7817256.000000
606000,3,325718,0.600000,1.000000,0.690263,1.000000,0.000000,0,0.000000,605963.000000,1.000000,1697487825995.000000,7817256.000000
606000,4,325724,0.600000,1.000000,0.725219,1.000000,0.000000,0,0.000000,605995.000000,1.000000,1697487825995.000000,7817256.000000
606000,5,325712,0.600000,1.000000,0.636073,1.000000,0.000000,0,0.000000,605693.000000,1.000000,1697487825995.000000,7817256.000000
606000,6,325713,0.600000,1.000000,0.598015,1.000000,0.000000,0,0.000000,605794.000000,1.000000,1697487825995.000000,7817256.000000
606000,7,325723,0.600000,1.000000,0.659959,1.000000,0.000000,0,0.000000,605999.000000,1.000000,1697487825995.000000,7817256.000000
606000,8,325720,0.600000,1.000000,0.585959,1.000000,0.000000,0,0.000000,605953.000000,1.000000,1697487825995.000000,7817256.000000
606000,9,325723,0.600000,1.000000,0.592627,1.000000,0.000000,0,0.000000,605972.000000,1.000000,1697487825995.000000,7817256.000000
606000,10,325719,0.600000,1.000000,0.656486,1.000000,0.000000,0,0.000000,605987.000000,1.000000,1697487825995.000000,7817256.000000
606000,11,325717,0.600000,1.000000,0.638285,1.000000,0.000000,0,0.000000,605657.000000,1.000000,1697487825995.000000,7817256.000000
606000,12,325724,0.600000,1.000000,0.751703,1.000000,0.000000,1,542610.000000,606000.000000,1.000000,1697487825995.000000,7817256.000000
606000,13,325716,0.600000,1.000000,0.650505,1.000000,0.000000,0,0.000000,605772.000000,1.000000,1697487825995.000000,7817256.000000
606000,14,325710,0.600000,1.000000,0.715046,1.000000,0.000000,0,0.000000,605910.000000,1.000000,1697487825995.000000,7817256.000000
606000,15,325723,0.600000,1.000000,0.707031,1.000000,0.000000,0,0.000000,605991.000000,1.000000,1697487825995.000000,7817256.000000
607000,0,326247,0.600000,1.000000,0.654207,1.000000,0.000000,0,0.000000,606960.000000,1.000000,1703011297767.000000,4567505.000000
607000,1,326252,0.600000,1.000000,0.690761,1.000000,0.000000,0,0.000000,606995.000000,1.000000,1703011297767.000000,4567505.000000
607000,2,326244,0.600000,1.000000,0.540783,1.000000,0.000000,0,0.000000,606883.000000,1.000000,1703011297767.000000,4567505.000000
607000,3,326252,0.600000,1.000000,0.580936,1.000000,0.000000,0,0.000000,606982.000000,1.000000,1703011297767.000000,4567505.000000
607000,4,326249,0.600000,1.000000,0.637205,1.000000,0.000000,0,0.000000,606948.000000,1.000000,1703011297767.000000,4567505.000000
607000,5,326251,0.600000,1.000000,0.645987,1.000000,0.000000,0,0.000000,606993.000000,1.000000,1703011297767.000000,4567505.000000
607000,6,326248,0.600000,1.000000,0.633953,1.000000,0.000000,0,0.000000,606986.000000,1.000000,1703011297767.000000,4567505.000000
607000,7,326255,0.600000,1.000000,0.673930,1.000000,0.000000,1,545232.000000,607000.000000,1.000000,1703011297767.000000,4567505.000000
607000,8,326251,0.600000,1.000000,0.714229,1.000000,0.000000,0,0.000000,606991.000000,1.000000,1703011297767.000000,4567505.000000
607000,9,326244,0.600000,1.000000,0.565790,1.000000,0.000000,0,0.000000,606968.000000,1.000000,1703011297767.000000,4567505.000000
607000,10,326242,0.600000,1.000000,0.648207,1.000000,0.000000,0,0.000000,606863.000000,1.000000,1703011297767.000000,4567505.000000
607000,11,326253,0.600000,1.000000,0.771748,1.000000,0.000000,0,0.000000,606448.000000,1.000000,1703011297767.000000,4567505.000000
607000,12,326245,0.600000,1.000000,0.643623,1.000000,0.000000,0,0.000000,606935.000000,1.000000,1703011297767.000000,4567505.000000
607000,13,326246,0.600000,1.000000,0.685804,1.000000,0.000000,0,0.000000,606904.000000,1.000000,1703011297767.000000,4567505.000000
607000,14,326254,0.600000,1.000000,0.801101,1.000000,0.000000,0,0.000000,606999.000000,1.000000,1703011297767.000000,4567505.000000
607000,15,326246,0.600000,1.000000,0.593064,1.000000,0.000000,0,0.000000,606957.000000,1.000000,1703011297767.000000,4567505.000000
608000,0,326784,0.600000,1.000000,0.668863,1.000000,0.000000,0,0.000000,607973.000000,1.000000,1708608443964.000000,9803497.000000
608000,1,326786,0.600000,1.000000,0.732018,1.000000,0.000000,0,0.000000,607999.000000,1.000000,1708608443964.000000,9803497.000000
608000,2,326787,0.600000,1.000000,0.676892,1.000000,0.000000,1,544721.000000,608000.000000,1.000000,1708608443964.000000,9803497.000000
608000,3,326785,0.600000,1.000000,0.610905,1.000000,0.000000,0,0.000000,607910.000000,1.000000,1708608443964.000000,9803497.000000
608000,4,326782,0.600000,1.000000,0.737776,1.000000,0.000000,0,0.000000,607966.000000,1.000000,1708608443964.000000,9803497.000000
608000,5,326781,0.600000,1.000000,0.539802,1.000000,0.000000,0,0.000000,607979.000000,1.000000,1708608443964.000000,9803497.000000
608000,6,326784,0.600000,1.000000,0.634929,1.000000,0.000000,0,0.000000,607739.000000,1.000000,1708608443964.000000,9803497.000000
608000,7,326785,0.600000,1.000000,0.716742,1.000000,0.000000,0,0.000000,607996.000000,1.000000,1708608443964.000000,9803497.000000
608000,8,326785,0.600000,1.000000,0.672528,1.000000,0.000000,0,0.000000,607995.000000,1.000000,1708608443964.000000,9803497.000000
608000,9,326787,0.600000,1.000000,0.654168,1.000000,0.000000,0,0.000000,607986.000000,1.000000,1708608443964.000000,9803497.000000
608000,10,326786,0.600000,1.000000,0.681421,1.000000,0.000000,0,0.000000,607989.000000,1.000000,1708608443964.000000,9803497.000000
608000,11,326786,0.600000,1.000000,0.676696,1.000000,0.000000,0,0.000000,607992.000000,1.000000,1708608443964.000000,9803497.000000
608000,12,326784,0.600000,1.000000,0.686166,1.000000,0.000000,0,0.000000,607974.000000,1.000000,1708608443964.000000,9803497.000000
608000,13,326782,0.600000,1.000000,0.595707,1.000000,0.000000,0,0.000000,607985.000000,1.000000,1708608443964.000000,9803497.000000
608000,14,326785,0.600000,1.000000,0.774648,1.000000,0.000000,0,0.000000,607990.000000,1.000000,1708608443964.000000,9803497.000000
608000,15,326781,0.600000,1.000000,0.600588,1.000000,0.000000,0,0.000000,607946.000000,1.000000,1708608443964.000000,9803497.000000
609000,0,327321,0.600000,1.000000,0.607278,1.000000,0.000000,0,0.000000,608878.000000,1.000000,1714191206631.000000,9164946.000000
609000,1,327307,0.600000,1.000000,0.463459,1.000000,0.000000,0,0.000000,608930.000000,1.000000,1714191206631.000000,9164946.000000
609000,2,327314,0.600000,1.000000,0.657394,1.000000,0.000000,0,0.000000,608799.000000,1.000000,1714191206631.000000,9164946.000000
609000,3,327323,0.600000,1.000000,0.729680,1.000000,0.000000,1,546634.000000,609000.000000,1.000000,1714191206631.000000,9164946.000000
609000,4,327320,0.600000,1.000000,0.593366,1.000000,0.000000,0,0.000000,608984.000000,1.000000,1714191206631.000000,9164946.000000
609000,5,327302,0.600000,1.000000,0.515153,1.000000,0.000000,0,0.000000,608854.000000,1.000000,1714191206631.000000,9164946.000000
609000,6,327321,0.600000,1.000000,0.676723,1.000000,0.000000,0,0.000000,608993.000000,1.000000,1714191206631.000000,9164946.000000
609000,7,327324,0.600000,1.000000,0.722270,1.000000,0.000000,0,0.000000,608998.000000,1.000000,1714191206631.000000,9164946.000000
609000,8,327319,0.600000,1.000000,0.721430,1.000000,0.000000,0,0.000000,608934.000000,1.000000,1714191206631.000000,9164946.000000
609000,9,327319,0.600000,1.000000,0.576292,1.000000,0.000000,0,0.000000,608875.000000,1.000000,1714191206631.000000,9164946.000000
609000,10,327319,0.600000,1.000000,0.757015,1.000000,0.000000,0,0.000000,608996.000000,1.000000,1714191206631.000000,9164946.000000
609000,11,327316,0.600000,1.000000,0.660915,1.000000,0.000000,0,0.000000,608942.000000,1.000000,1714191206631.000000,9164946.000000
609000,12,327324,0.600000,1.000000,0.667381,1.000000,0.000000,0,0.000000,608999.000000,1.000000,1714191206631.000000,9164946.000000
609000,13,327322,0.600000,1.000000,0.650916,1.000000,0.000000,0,0.000000,608977.000000,1.000000,1714191206631.000000,9164946.000000
609000,14,327314,0.600000,1.000000,0.630852,1.000000,0.000000,0,0.000000,608820.000000,1.000000,1714191206631.000000,9164946.000000
609000,15,327320,0.600000,1.000000,0.625006,1.000000,0.000000,0,0.000000,608971.000000,1.000000,1714191206631.000000,9164946.000000
610000,0,327852,0.600000,1.000000,0.557744,1.000000,0.000000,0,0.000000,609866.000000,1.000000,1719819793858.000000,7212743.000000
610000,1,327852,0.600000,1.000000,0.606638,1.000000,0.000000,0,0.000000,609812.000000,1.000000,1719819793858.000000,7212743.000000
610000,2,327852,0.600000,1.000000,0.635464,1.000000,0.000000,0,0.000000,609822.000000,1.000000,1719819793858.000000,7212743.000000
610000,3,327855,0.600000,1.000000,0.736249,1.000000,0.000000,0,0.000000,609980.000000,1.000000,1719819793858.000000,7212743.000000
610000,4,327859,0.600000,1.000000,0.773576,1.000000,0.000000,0,0.000000,609999.000000,1.000000,1719819793858.000000,7212743.000000
610000,5,327852,0.600000,1.000000,0.581376,1.000000,0.000000,0,0.000000,609929.000000,1.000000,1719819793858.000000,7212743.000000
610000,6,327857,0.600000,1.000000,0.793442,1.000000,0.000000,0,0.000000,609801.000000,1.000000,1719819793858.000000,7212743.000000
610000,7,327852,0.600000,1.000000,0.613327,1.000000,0.000000,0,0.000000,609947.000000,1.000000,1719819793858.000000,7212743.000000
610000,8,327858,0.600000,1.000000,0.682094,1.000000,0.000000,0,0.000000,609956.000000,1.000000,1719819793858.000000,7212743.000000
610000,9,327859,0.600000,1.000000,0.801393,1.000000,0.000000,0,0.000000,609998.000000,1.000000,1719819793858.000000,7212743.000000
610000,10,327847,0.600000,1.000000,0.536841,1.000000,0.000000,0,0.000000,609925.000000,1.000000,1719819793858.000000,7212743.000000
610000,11,327858,0.600000,1.000000,0.761233,1.000000,0.000000,0,0.000000,609996.000000,1.000000,1719819793858.000000,7212743.000000
610000,12,327858,0.600000,1.000000,0.724924,1.000000,0.000000,0,0.000000,609991.000000,1.000000,1719819793858.000000,7212743.000000
610000,13,327858,0.600000,1.000000,0.624908,1.000000,0.000000,0,0.000000,609984.000000,1.000000,1719819793858.000000,7212743.000000
610000,14,327846,0.600000,1.000000,0.510694,1.000000,0.000000,0,0.000000,609781.000000,1.000000,1719819793858.000000,7212743.000000
610000,15,327861,0.600000,1.000000,0.681493,1.000000,0.000000,1,546666.000000,610000.000000,1.000000,1719819793858.000000,7212743.000000
611000,0,328400,0.600000,1.000000,0.707186,1.000000,0.000000,0,0.000000,610962.000000,1.000000,1725538392198.000000,9851975.000000
611000,1,328402,0.600000,1.000000,0.637130,1.000000,0.000000,0,0.000000,610979.000000,1.000000,1725538392198.000000,9851975.000000
611000,2,328402,0.600000,1.000000,0.805770,1.000000,0.000000,0,0.000000,610998.000000,1.000000,1725538392198.000000,9851975.000000
611000,3,328400,0.600000,1.000000,0.594370,1.000000,0.000000,0,0.000000,610900.000000,1.000000,1725538392198.000000,9851975.000000
611000,4,328401,0.600000,1.000000,0.702738,1.000000,0.000000,0,0.000000,610977.000000,1.000000,1725538392198.000000,9851975.000000
611000,5,328398,0.600000,1.000000,0.663760,1.000000,0.000000,0,0.000000,610927.000000,1.000000,1725538392198.000000,9851975.000000
611000,6,328403,0.600000,1.000000,0.663680,1.000000,0.000000,1,547265.000000,611000.000000,1.000000,1725538392198.000000,9851975.000000
611000,7,328401,0.600000,1.000000,0.711590,1.000000,0.000000,0,0.000000,610992.000000,1.000000,1725538392198.000000,9851975.000000
611000,8,328402,0.600000,1.000000,0.609688,1.000000,0.000000,0,0.000000,610969.000000,1.000000,1725538392198.000000,9851975.000000
611000,9,328398,0.600000,1.000000,0.625165,1.000000,0.000000,0,0.000000,610935.000000,1.000000,1725538392198.000000,9851975.000000
611000,10,328399,0.600000,1.000000,0.711828,1.000000,0.000000,0,0.000000,610708.000000,1.000000,1725538392198.000000,9851975.000000
611000,11,328388,0.600000,1.000000,0.496577,1.000000,0.000000,0,0.000000,610870.000000,1.000000,1725538392198.000000,9851975.000000
611000,12,328397,0.600000,1.000000,0.699411,1.000000,0.000000,0,0.000000,610970.000000,1.000000,1725538392198.000000,9851975.000000
611000,13,328402,0.600000,1.000000,0.759366,1.000000,0.000000,0,0.000000,610999.000000,1.000000,1725538392198.000000,9851975.000000
611000,14,328397,0.600000,1.000000,0.654850,1.000000,0.000000,0,0.000000,610899.000000,1.000000,1725538392198.000000,9851975.000000
611000,15,328400,0.600000,1.000000,0.702990,1.000000,0.000000,0,0.000000,610975.000000,1.000000,1725538392198.000000,9851975.000000
612000,0,328923,0.600000,1.000000,0.519971,1.000000,0.000000,0,0.000000,611996.000000,1.000000,1731018467355.000000,3947040.000000
612000,1,328919,0.600000,1.000000,0.744621,1.000000,0.000000,0,0.000000,611905.000000,1.000000,1731018467355.000000,3947040.000000
612000,2,328921,0.600000,1.000000,0.738831,1.000000,0.000000,0,0.000000,611671.000000,1.000000,1731018467355.000000,3947040.000000
612000,3,328918,0.600000,1.000000,0.587788,1.000000,0.000000,0,0.000000,611982.000000,1.000000,1731018467355.000000,3947040.000000
612000,4,328922,0.600000,1.000000,0.666672,1.000000,0.000000,0,0.000000,611976.000000,1.000000,1731018467355.000000,3947040.000000
612000,5,328923,0.600000,1.000000,0.640807,1.000000,0.000000,0,0.000000,611995.000000,1.000000,1731018467355.000000,3947040.000000
612000,6,328918,0.600000,1.000000,0.709122,1.000000,0.000000,0,0.000000,611867.000000,1.000000,1731018467355.000000,3947040.000000
612000,7,328918,0.600000,1.000000,0.516048,1.000000,0.000000,0,0.000000,611971.000000,1.000000,1731018467355.000000,3947040.000000
612000,8,328922,0.600000,1.000000,0.720173,1.000000,0.000000,0,0.000000,611997.000000,1.000000,1731018467355.000000,3947040.000000
612000,9,328922,0.600000,1.000000,0.606647,1.000000,0.000000,0,0.000000,611998.000000,1.000000,1731018467355.000000,3947040.000000
612000,10,328924,0.600000,1.000000,0.604660,1.000000,0.000000,1,547659.000000,612000.000000,1.000000,1731018467355.000000,3947040.000000
612000,11,328922,0.600000,1.000000,0.699972,1.000000,0.000000,0,0.000000,611999.000000,1.000000,1731018467355.000000,3947040.000000
612000,12,328919,0.600000,1.000000,0.687521,1.000000,0.000000,0,0.000000,611960.000000,1.000000,1731018467355.000000,3947040.000000
612000,13,328920,0.600000,1.000000,0.723325,1.000000,0.000000,0,0.000000,611992.000000,1.000000,1731018467355.000000,3947040.000000
612000,14,328917,0.600000,1.000000,0.528485,1.000000,0.000000,0,0.000000,611963.000000,1.000000,1731018467355.000000,3947040.000000
612000,15,328919,0.600000,1.000000,0.533183,1.000000,0.000000,0,0.000000,611859.000000,1.000000,1731018467355.000000,3947040.000000
613000,0,329456,0.600000,1.000000,0.532004,1.000000,0.000000,0,0.000000,612959.000000,1.000000,1736666025301.000000,3294549.000000
613000,1,329455,0.600000,1.000000,0.730666,1.000000,0.000000,0,0.000000,612923.000000,1.000000,1736666025301.000000,3294549.000000
613000,2,329459,0.600000,1.000000,0.622172,1.000000,0.000000,0,0.000000,612964.000000,1.000000,1736666025301.000000,3294549.000000
613000,3,329459,0.600000,1.000000,0.602283,1.000000,0.000000,0,0.000000,612982.000000,1.000000,1736666025301.000000,3294549.000000
613000,4,329457,0.600000,1.000000,0.710253,1.000000,0.000000,0,0.000000,612996.000000,1.000000,1736666025301.000000,3294549.000000
613000,5,329451,0.600000,1.000000,0.700152,1.000000,0.000000,0,0.000000,612723.000000,1.000000,1736666025301.000000,3294549.000000
613000,6,329457,0.600000,1.000000,0.516698,1.000000,0.000000,0,0.000000,612973.000000,1.000000,1736666025301.000000,3294549.000000
613000,7,329455,0.600000,1.000000,0.589802,1.000000,0.000000,0,0.000000,612685.000000,1.000000,1736666025301.000000,3294549.000000
613000,8,329459,0.600000,1.000000,0.608673,1.000000,0.000000,0,0.000000,612998.000000,1.000000,1736666025301.000000,3294549.000000
613000,9,329459,0.600000,1.000000,0.609304,1.000000,0.000000,0,0.000000,612966.000000,1.000000,1736666025301.000000,3294549.000000
613000,10,329459,0.600000,1.000000,0.728661,1.000000,0.000000,0,0.000000,612999.000000,1.000000,1736666025301.000000,3294549.000000
613000,11,329458,0.600000,1.000000,0.684267,1.000000,0.000000,0,0.000000,612993.000000,1.000000,1736666025301.000000,3294549.000000
613000,12,329459,0.600000,1.000000,0.627519,1.000000,0.000000,1,548653.000000,613000.000000,1.000000,1736666025301.000000,3294549.000000
613000,13,329451,0.600000,1.000000,0.595433,1.000000,0.000000,0,0.000000,612910.000000,1.000000,1736666025301.000000,3294549.000000
613000,14,329457,0.600000,1.000000,0.588268,1.000000,0.000000,0,0.000000,612983.000000,1.000000,1736666025301.000000,3294549.000000
613000,15,329454,0.600000,1.000000,0.515219,1.000000,0.000000,0,0.000000,612969.000000,1.000000,1736666025301.000000,3294549.000000
614000,0,329987,0.600000,1.000000,0.663951,1.000000,0.000000,0,0.000000,613520.000000,1.000000,1742343240826.000000,2639944.000000
614000,1,330000,0.600000,1.000000,0.705545,1.000000,0.000000,0,0.000000,613933.000000,1.000000,1742343240826.000000,2639944.000000
614000,2,329990,0.600000,1.000000,0.533776,1.000000,0.000000,0,0.000000,613940.000000,1.000000,1742343240826.000000,2639944.000000
614000,3,330000,0.600000,1.000000,0.684356,1.000000,0.000000,1,551096.000000,614000.000000,1.000000,1742343240826.000000,2639944.000000
614000,4,329996,0.600000,1.000000,0.616349,1.000000,0.000000,0,0.000000,613949.000000,1.000000,1742343240826.000000,2639944.000000
614000,5,329999,0.600000,1.000000,0.701386,1.000000,0.000000,0,0.000000,613998.000000,1.000000,1742343240826.000000,2639944.000000
614000,6,329996,0.600000,1.000000,0.670925,1.000000,0.000000,0,0.000000,613994.000000,1.000000,1742343240826.000000,2639944.000000
614000,7,330000,0.600000,1.000000,0.558937,1.000000,0.000000,0,0.000000,613993.000000,1.000000,1742343240826.000000,2639944.000000
614000,8,329989,0.600000,1.000000,0.577552,1.000000,0.000000,0,0.000000,613786.000000,1.000000,1742343240826.000000,2639944.000000
614000,9,329988,0.600000,1.000000,0.496654,1.000000,0.000000,0,0.000000,613897.000000,1.000000,1742343240826.000000,2639944.000000
614000,10,329993,0.600000,1.000000,0.626772,1.000000,0.000000,0,0.000000,613921.000000,1.000000,1742343240826.000000,2639944.000000
614000,11,329990,0.600000,1.000000,0.623629,1.000000,0.000000,0,0.000000,613747.000000,1.000000,1742343240826.000000,2639944.000000
614000,12,330000,0.600000,1.000000,0.814566,1.000000,0.000000,0,0.000000,613997.000000,1.000000,1742343240826.000000,2639944.000000
614000,13,329997,0.600000,1.000000,0.741708,1.000000,0.000000,0,0.000000,613989.000000,1.000000,1742343240826.000000,2639944.000000
614000,14,329990,0.600000,1.000000,0.602693,1.000000,0.000000,0,0.000000,613804.000000,1.000000,1742343240826.000000,2639944.000000
614000,15,329999,0.600000,1.000000,0.673937,1.000000,0.000000,0,0.000000,613990.000000,1.000000,1742343240826.000000,2639944.000000
615000,0,330546,0.600000,1.000000,0.642109,1.000000,0.000000,0,0.000000,614998.000000,1.000000,1748128220500.000000,5949717.000000
615000,1,330542,0.600000,1.000000,0.628207,1.000000,0.000000,0,0.000000,614899.000000,1.000000,1748128220500.000000,5949717.000000
615000,2,330539,0.600000,1.000000,0.534022,1.000000,0.000000,0,0.000000,614969.000000,1.000000,1748128220500.000000,5949717.000000
615000,3,330545,0.600000,1.000000,0.819235,1.000000,0.000000,0,0.000000,614999.000000,1.000000,1748128220500.000000,5949717.000000
615000,4,330540,0.600000,1.000000,0.639976,1.000000,0.000000,0,0.000000,614857.000000,1.000000,1748128220500.000000,5949717.000000
615000,5,330544,0.600000,1.000000,0.597496,1.000000,0.000000,0,0.000000,614968.000000,1.000000,1748128220500.000000,5949717.000000
615000,6,330542,0.600000,1.000000,0.635792,1.000000,0.000000,0,0.000000,614967.000000,1.000000,1748128220500.000000,5949717.000000
615000,7,330545,0.600000,1.000000,0.747814,1.000000,0.000000,0,0.000000,614995.000000,1.000000,1748128220500.000000,5949717.000000
615000,8,330544,0.600000,1.000000,0.741924,1.000000,0.000000,0,0.000000,614973.000000,1.000000,1748128220500.000000,5949717.000000
615000,9,330539,0.600000,1.000000,0.610930,1.000000,0.000000,0,0.000000,614846.000000,1.000000,1748128220500.000000,5949717.000000
615000,10,330545,0.600000,1.000000,0.799809,1.000000,0.000000,1,550297.000000,615000.000000,1.000000,1748128220500.000000,5949717.000000
615000,11,330543,0.600000,1.000000,0.643813,1.000000,0.000000,0,0.000000,614990.000000,1.000000,1748128220500.000000,5949717.000000
615000,12,330535,0.600000,1.000000,0.722031,1.000000,0.000000,0,0.000000,614845.000000,1.000000,1748128220500.000000,5949717.000000
615000,13,330546,0.600000,1.000000,0.716760,1.000000,0.000000,0,0.000000,614986.000000,1.000000,1748128220500.000000,5949717.000000
615000,14,330546,0.600000,1.000000,0.661432,1.000000,0.000000,0,0.000000,614994.000000,1.000000,1748128220500.000000,5949717.000000
615000,15,330531,0.600000,1.000000,0.507740,1.000000,0.000000,0,0.000000,614813.000000,1.000000,1748128220500.000000,5949717.000000
616000,0,331091,0.600000,1.000000,0.653418,1.000000,0.000000,0,0.000000,615988.000000,1.000000,1753918152881.000000,5959615.000000
616000,1,331086,0.600000,1.000000,0.510761,1.000000,0.000000,0,0.000000,615928.000000,1.000000,1753918152881.000000,5959615.000000
616000,2,331091,0.600000,1.000000,0.666721,1.000000,0.000000,0,0.000000,615987.000000,1.000000,1753918152881.000000,5959615.000000
616000,3,331091,0.600000,1.000000,0.674692,1.000000,0.000000,0,0.000000,615996.000000,1.000000,1753918152881.000000,5959615.000000
616000,4,331087,0.600000,1.000000,0.511886,1.000000,0.000000,0,0.000000,615933.000000,1.000000,1753918152881.000000,5959615.000000
616000,5,331090,0.600000,1.000000,0.637514,1.000000,0.000000,0,0.000000,615945.000000,1.000000,1753918152881.000000,5959615.000000
616000,6,331093,0.600000,1.000000,0.708727,1.000000,0.000000,0,0.000000,615994.000000,1.000000,1753918152881.000000,5959615.000000
616000,7,331092,0.600000,1.000000,0.767015,1.000000,0.000000,0,0.000000,615998.000000,1.000000,1753918152881.000000,5959615.000000
616000,8,331087,0.600000,1.000000,0.546358,1.000000,0.000000,0,0.000000,615973.000000,1.000000,1753918152881.000000,5959615.000000
616000,9,331089,0.600000,1.000000,0.681853,1.000000,0.000000,0,0.000000,615893.000000,1.000000,1753918152881.000000,5959615.000000
616000,10,331074,0.600000,1.000000,0.546976,1.000000,0.000000,0,0.000000,615790.000000,1.000000,1753918152881.000000,5959615.000000
616000,11,331088,0.600000,1.000000,0.463277,1.000000,0.000000,0,0.000000,615850.000000,1.000000,1753918152881.000000,5959615.000000
616000,12,331089,0.600000,1.000000,0.534641,1.000000,0.000000,0,0.000000,615871.000000,1.000000,1753918152881.000000,5959615.000000
616000,13,331088,0.600000,1.000000,0.589488,1.000000,0.000000,0,0.000000,615974.000000,1.000000,1753918152881.000000,5959615.000000
616000,14,331093,0.600000,1.000000,0.651993,1.000000,0.000000,1,551513.000000,616000.000000,1.000000,1753918152881.000000,5959615.000000
616000,15,331094,0.600000,1.000000,0.621970,1.000000,0.000000,0,0.000000,615999.000000,1.000000,1753918152881.000000,5959615.000000
617000,0,331640,0.600000,1.000000,0.786906,1.000000,0.000000,1,552498.000000,617000.000000,1.000000,1759718320931.000000,3316373.000000
617000,1,331638,0.600000,1.000000,0.702212,1.000000,0.000000,0,0.000000,616991.000000,1.000000,1759718320931.000000,3316373.000000
617000,2,331640,0.600000,1.000000,0.708066,1.000000,0.000000,0,0.000000,616968.000000,1.000000,1759718320931.000000,3316373.000000
617000,3,331637,0.600000,1.000000,0.701059,1.000000,0.000000,0,0.000000,616989.000000,1.000000,1759718320931.000000,3316373.000000
617000,4,331631,0.600000,1.000000,0.583364,1.000000,0.000000,0,0.000000,616633.000000,1.000000,1759718320931.000000,3316373.000000
617000,5,331639,0.600000,1.000000,0.663474,1.000000,0.000000,0,0.000000,616982.000000,1.000000,1759718320931.000000,3316373.000000
617000,6,331630,0.600000,1.000000,0.639434,1.000000,0.000000,0,0.000000,616924.000000,1.000000,1759718320931.000000,3316373.000000
617000,7,331636,0.600000,1.000000,0.676544,1.000000,0.000000,0,0.000000,616927.000000,1.000000,1759718320931.000000,3316373.000000
617000,8,331640,0.600000,1.000000,0.599817,1.000000,0.000000,0,0.000000,616980.000000,1.000000,1759718320931.000000,3316373.000000
617000,9,331639,0.600000,1.000000,0.658408,1.000000,0.000000,0,0.000000,616995.000000,1.000000,1759718320931.000000,3316373.000000
617000,10,331628,0.600000,1.000000,0.681692,1.000000,0.000000,0,0.000000,616905.000000,1.000000,1759718320931.000000,3316373.000000
617000,11,331633,0.600000,1.000000,0.678300,1.000000,0.000000,0,0.000000,616910.000000,1.000000,1759718320931.000000,3316373.000000
617000,12,331635,0.600000,1.000000,0.707685,1.000000,0.000000,0,0.000000,616522.000000,1.000000,1759718320931.000000,3316373.000000
617000,13,331640,0.600000,1.000000,0.565693,1.000000,0.000000,0,0.000000,616979.000000,1.000000,1759718320931.000000,3316373.000000
617000,14,331630,0.600000,1.000000,0.600212,1.000000,0.000000,0,0.000000,616926.000000,1.000000,1759718320931.000000,3316373.000000
617000,15,331639,0.600000,1.000000,0.705521,1.000000,0.000000,0,0.000000,616997.000000,1.000000,1759718320931.000000,3316373.000000
618000,0,332161,0.600000,1.000000,0.592123,1.000000,0.000000,0,0.000000,617934.000000,1.000000,1765359318773.000000,2657358.000000
618000,1,332162,0.600000,1.000000,0.564967,1.000000,0.000000,0,0.000000,617294.000000,1.000000,1765359318773.000000,2657358.000000
618000,2,332170,0.600000,1.000000,0.597840,1.000000,0.000000,0,0.000000,617991.000000,1.000000,1765359318773.000000,2657358.000000
618000,3,332172,0.600000,1.000000,0.551098,1.000000,0.000000,0,0.000000,617995.000000,1.000000,1765359318773.000000,2657358.000000
618000,4,332164,0.600000,1.000000,0.530310,1.000000,0.000000,0,0.000000,617891.000000,1.000000,1765359318773.000000,2657358.000000
618000,5,332172,0.600000,1.000000,0.665020,1.000000,0.000000,1,553479.000000,618000.000000,1.000000,1765359318773.000000,2657358.000000
618000,6,332171,0.600000,1.000000,0.565889,1.000000,0.000000,0,0.000000,617920.000000,1.000000,1765359318773.000000,2657358.000000
618000,7,332170,0.600000,1.000000,0.757065,1.000000,0.000000,0,0.000000,617998.000000,1.000000,1765359318773.000000,2657358.000000
618000,8,332168,0.600000,1.000000,0.633088,1.000000,0.000000,0,0.000000,617418.000000,1.000000,1765359318773.000000,2657358.000000
618000,9,332168,0.600000,1.000000,0.662117,1.000000,0.000000,0,0.000000,617981.000000,1.000000,1765359318773.000000,2657358.000000
618000,10,332167,0.600000,1.000000,0.619398,1.000000,0.000000,0,0.000000,617975.000000,1.000000,1765359318773.000000,2657358.000000
618000,11,332170,0.600000,1.000000,0.673012,1.000000,0.000000,0,0.000000,617993.000000,1.000000,1765359318773.000000,2657358.000000
618000,12,332161,0.600000,1.000000,0.464560,1.000000,0.000000,0,0.000000,617722.000000,1.000000,1765359318773.000000,2657358.000000
618000,13,332164,0.600000,1.000000,0.687050,1.000000,0.000000,0,0.000000,617836.000000,1.000000,1765359318773.000000,2657358.000000
618000,14,332165,0.600000,1.000000,0.460374,1.000000,0.000000,0,0.000000,617958.000000,1.000000,1765359318773.000000,2657358.000000
618000,15,332168,0.600000,1.000000,0.594764,1.000000,0.000000,0,0.000000,617903.000000,1.000000,1765359318773.000000,2657358.000000
619000,0,332701,0.600000,1.000000,0.727672,1.000000,0.000000,0,0.000000,618964.000000,1.000000,1771008013691.000000,7984790.000000
619000,1,332699,0.600000,1.000000,0.718404,1.000000,0.000000,0,0.000000,618807.000000,1.000000,1771008013691.000000,7984790.000000
619000,2,332705,0.600000,1.000000,0.732234,1.000000,0.000000,1,554681.000000,619000.000000,1.000000,1771008013691.000000,7984790.000000
619000,3,332702,0.600000,1.000000,0.606094,1.000000,0.000000,0,0.000000,618931.000000,1.000000,1771008013691.000000,7984790.000000
619000,4,332696,0.600000,1.000000,0.716762,1.000000,0.000000,0,0.000000,618916.000000,1.000000,1771008013691.000000,7984790.000000
619000,5,332705,0.600000,1.000000,0.754046,1.000000,0.000000,0,0.000000,618998.000000,1.000000,1771008013691.000000,7984790.000000
619000,6,332699,0.600000,1.000000,0.532012,1.000000,0.000000,0,0.000000,618861.000000,1.000000,1771008013691.000000,7984790.000000
619000,7,332700,0.600000,1.000000,0.679211,1.000000,0.000000,0,0.000000,618990.000000,1.000000,1771008013691.000000,7984790.000000
619000,8,332704,0.600000,1.000000,0.763816,1.000000,0.000000,0,0.000000,618996.000000,1.000000,1771008013691.000000,7984790.000000
619000,9,332702,0.600000,1.000000,0.709574,1.000000,0.000000,0,0.000000,618976.000000,1.000000,1771008013691.000000,7984790.000000
619000,10,332687,0.600000,1.000000,0.668932,1.000000,0.000000,0,0.000000,618494.000000,1.000000,1771008013691.000000,7984790.000000
619000,11,332696,0.600000,1.000000,0.578459,1.000000,0.000000,0,0.000000,618865.000000,1.000000,1771008013691.000000,7984790.000000
619000,12,332672,0.600000,1.000000,0.636445,1.000000,0.000000,0,0.000000,618508.000000,1.000000,1771008013691.000000,7984790.000000
619000,13,332696,0.600000,1.000000,0.612490,1.000000,0.000000,0,0.000000,618925.000000,1.000000,1771008013691.000000,7984790.000000
619000,14,332703,0.600000,1.000000,0.753217,1.000000,0.000000,0,0.000000,618997.000000,1.000000,1771008013691.000000,7984790.000000
619000,15,332702,0.600000,1.000000,0.727384,1.000000,0.000000,0,0.000000,618954.000000,1.000000,1771008013691.000000,7984790.000000
620000,0,333249,0.600000,1.000000,0.814444,1.000000,0.000000,1,555046.000000,620000.000000,1.000000,1776847677406.000000,10663860.000000
620000,1,333246,0.600000,1.000000,0.684015,1.000000,0.000000,0,0.000000,619912.000000,1.000000,1776847677406.000000,10663860.000000
620000,2,333246,0.600000,1.000000,0.729024,1.000000,0.000000,0,0.000000,619988.000000,1.000000,1776847677406.000000,10663860.000000
620000,3,333235,0.600000,1.000000,0.577439,1.000000,0.000000,0,0.000000,619911.000000,1.000000,1776847677406.000000,10663860.000000
620000,4,333243,0.600000,1.000000,0.636709,1.000000,0.000000,0,0.000000,619901.000000,1.000000,1776847677406.000000,10663860.000000
620000,5,333248,0.600000,1.000000,0.782032,1.000000,0.000000,0,0.000000,619999.000000,1.000000,1776847677406.000000,10663860.000000
620000,6,333247,0.600000,1.000000,0.755063,1.000000,0.000000,0,0.000000,619998.000000,1.000000,1776847677406.000000,10663860.000000
620000,7,333248,0.600000,1.000000,0.694001,1.000000,0.000000,0,0.000000,619995.000000,1.000000,1776847677406.000000,10663860.000000
620000,8,333249,0.600000,1.000000,0.728462,1.000000,0.000000,0,0.000000,619968.000000,1.000000,1776847677406.000000,10663860.000000
620000,9,333246,0.600000,1.000000,0.711646,1.000000,0.000000,0,0.000000,619990.000000,1.000000,1776847677406.000000,10663860.000000
620000,10,333245,0.600000,1.000000,0.662241,1.000000,0.000000,0,0.000000,619994.000000,1.000000,1776847677406.000000,10663860.000000
620000,11,333247,0.600000,1.000000,0.639656,1.000000,0.000000,0,0.000000,619980.000000,1.000000,1776847677406.000000,10663860.000000
620000,12,333248,0.600000,1.000000,0.709064,1.000000,0.000000,0,0.000000,619964.000000,1.000000,1776847677406.000000,10663860.000000
620000,13,333247,0.600000,1.000000,0.723106,1.000000,0.000000,0,0.000000,619993.000000,1.000000,1776847677406.000000,10663860.000000
620000,14,333247,0.600000,1.000000,0.638791,1.000000,0.000000,0,0.000000,619997.000000,1.000000,1776847677406.000000,10663860.000000
620000,15,333247,0.600000,1.000000,0.701886,1.000000,0.000000,0,0.000000,619974.000000,1.000000,1776847677406.000000,10663860.000000
621000,0,333785,0.600000,1.000000,0.635184,1.000000,0.000000,0,0.000000,620983.000000,1.000000,1782609500808.000000,7343299.000000
621000,1,333781,0.600000,1.000000,0.659411,1.000000,0.000000,0,0.000000,620351.000000,1.000000,1782609500808.000000,7343299.000000
621000,2,333787,0.600000,1.000000,0.760545,1.000000,0.000000,0,0.000000,620998.000000,1.000000,1782609500808.000000,7343299.000000
621000,3,333787,0.600000,1.000000,0.572296,1.000000,0.000000,0,0.000000,620986.000000,1.000000,1782609500808.000000,7343299.000000
621000,4,333787,0.600000,1.000000,0.760896,1.000000,0.000000,0,0.000000,620968.000000,1.000000,1782609500808.000000,7343299.000000
621000,5,333782,0.600000,1.000000,0.599200,1.000000,0.000000,0,0.000000,620944.000000,1.000000,1782609500808.000000,7343299.000000
621000,6,333786,0.600000,1.000000,0.561521,1.000000,0.000000,0,0.000000,620995.000000,1.000000,1782609500808.000000,7343299.000000
621000,7,333788,0.600000,1.000000,0.672710,1.000000,0.000000,0,0.000000,620971.000000,1.000000,1782609500808.000000,7343299.000000
621000,8,333786,0.600000,1.000000,0.648514,1.000000,0.000000,0,0.000000,620987.000000,1.000000,1782609500808.000000,7343299.000000
621000,9,333787,0.600000,1.000000,0.777666,1.000000,0.000000,1,556618.000000,621000.000000,1.000000,1782609500808.000000,7343299.000000
621000,10,333783,0.600000,1.000000,0.606894,1.000000,0.000000,0,0.000000,620928.000000,1.000000,1782609500808.000000,7343299.000000
621000,11,333787,0.600000,1.000000,0.683038,1.000000,0.000000,0,0.000000,620974.000000,1.000000,1782609500808.000000,7343299.000000
621000,12,333788,0.600000,1.000000,0.739947,1.000000,0.000000,0,0.000000,620997.000000,1.000000,1782609500808.000000,7343299.000000
621000,13,333788,0.600000,1.000000,0.707049,1.000000,0.000000,0,0.000000,620973.000000,1.000000,1782609500808.000000,7343299.000000
621000,14,333786,0.600000,1.000000,0.620466,1.000000,0.000000,0,0.000000,620961.000000,1.000000,1782609500808.000000,7343299.000000
621000,15,333788,0.600000,1.000000,0.653664,1.000000,0.000000,0,0.000000,620996.000000,1.000000,1782609500808.000000,7343299.000000
622000,0,334317,0.600000,1.000000,0.564683,1.000000,0.000000,0,0.000000,621814.000000,1.000000,1788355243266.000000,4680543.000000
622000,1,334324,0.600000,1.000000,0.558789,1.000000,0.000000,0,0.000000,621919.000000,1.000000,1788355243266.000000,4680543.000000
622000,2,334331,0.600000,1.000000,0.685091,1.000000,0.000000,0,0.000000,621998.000000,1.000000,1788355243266.000000,4680543.000000
622000,3,334330,0.600000,1.000000,0.710573,1.000000,0.000000,0,0.000000,621982.000000,1.000000,1788355243266.000000,4680543.000000
622000,4,334322,0.600000,1.000000,0.640348,1.000000,0.000000,0,0.000000,621969.000000,1.000000,1788355243266.000000,4680543.000000
622000,5,334329,0.600000,1.000000,0.675770,1.000000,0.000000,0,0.000000,621978.000000,1.000000,1788355243266.000000,4680543.000000
622000,6,334312,0.600000,1.000000,0.650769,1.000000,0.000000,0,0.000000,621668.000000,1.000000,1788355243266.000000,4680543.000000
622000,7,334328,0.600000,1.000000,0.549313,1.000000,0.000000,0,0.000000,621987.000000,1.000000,1788355243266.000000,4680543.000000
622000,8,334309,0.600000,1.000000,0.620973,1.000000,0.000000,0,0.000000,621326.000000,1.000000,1788355243266.000000,4680543.000000
622000,9,334320,0.600000,1.000000,0.563816,1.000000,0.000000,0,0.000000,621977.000000,1.000000,1788355243266.000000,4680543.000000
622000,10,334331,0.600000,1.000000,0.668724,1.000000,0.000000,0,0.000000,621995.000000,1.000000,1788355243266.000000,4680543.000000
622000,11,334316,0.600000,1.000000,0.513968,1.000000,0.000000,0,0.000000,621864.000000,1.000000,1788355243266.000000,4680543.000000
622000,12,334330,0.600000,1.000000,0.783789,1.000000,0.000000,1,556880.000000,622000.000000,1.000000,1788355243266.000000,4680543.000000
622000,13,334330,0.600000,1.000000,0.636491,1.000000,0.000000,0,0.000000,621984.000000,1.000000,1788355243266.000000,4680543.000000
622000,14,334317,0.600000,1.000000,0.617422,1.000000,0.000000,0,0.000000,621792.000000,1.000000,1788355243266.000000,4680543.000000
622000,15,334330,0.600000,1.000000,0.695980,1.000000,0.000000,0,0.000000,621994.000000,1.000000,1788355243266.000000,4680543.000000
623000,0,334862,0.600000,1.000000,0.760476,1.000000,0.000000,0,0.000000,622991.000000,1.000000,1794106880591.000000,3348611.000000
623000,1,334862,0.600000,1.000000,0.600853,1.000000,0.000000,0,0.000000,622992.000000,1.000000,1794106880591.000000,3348611.000000
623000,2,334855,0.600000,1.000000,0.583020,1.000000,0.000000,0,0.000000,622872.000000,1.000000,1794106880591.000000,3348611.000000
623000,3,334859,0.600000,1.000000,0.612652,1.000000,0.000000,0,0.000000,622929.000000,1.000000,1794106880591.000000,3348611.000000
623000,4,334862,0.600000,1.000000,0.691093,1.000000,0.000000,1,557936.000000,623000.000000,1.000000,1794106880591.000000,3348611.000000
623000,5,334862,0.600000,1.000000,0.642684,1.000000,0.000000,0,0.000000,622996.000000,1.000000,1794106880591.000000,3348611.000000
623000,6,334862,0.600000,1.000000,0.649684,1.000000,0.000000,0,0.000000,622994.000000,1.000000,1794106880591.000000,3348611.000000
623000,7,334863,0.600000,1.000000,0.642148,1.000000,0.000000,0,0.000000,622997.000000,1.000000,1794106880591.000000,3348611.000000
623000,8,334862,0.600000,1.000000,0.693924,1.000000,0.000000,0,0.000000,622999.000000,1.000000,1794106880591.000000,3348611.000000
623000,9,334859,0.600000,1.000000,0.730809,1.000000,0.000000,0,0.000000,622789.000000,1.000000,1794106880591.000000,3348611.000000
623000,10,334859,0.600000,1.000000,0.575902,1.000000,0.000000,0,0.000000,622930.000000,1.000000,1794106880591.000000,3348611.000000
623000,11,334862,0.600000,1.000000,0.692324,1.000000,0.000000,0,0.000000,622998.000000,1.000000,1794106880591.000000,3348611.000000
623000,12,334862,0.600000,1.000000,0.546987,1.000000,0.000000,0,0.000000,622934.000000,1.000000,1794106880591.000000,3348611.000000
623000,13,334861,0.600000,1.000000,0.607326,1.000000,0.000000,0,0.000000,622959.000000,1.000000,1794106880591.000000,3348611.000000
623000,14,334860,0.600000,1.000000,0.530021,1.000000,0.000000,0,0.000000,622985.000000,1.000000,1794106880591.000000,3348611.000000
623000,15,334859,0.600000,1.000000,0.507768,1.000000,0.000000,0,0.000000,622967.000000,1.000000,1794106880591.000000,3348611.000000
624000,0,335405,0.600000,1.000000,0.761854,1.000000,0.000000,1,558541.000000,624000.000000,1.000000,1799887876988.000000,3353991.000000
624000,1,335396,0.600000,1.000000,0.485193,1.000000,0.000000,0,0.000000,623923.000000,1.000000,1799887876988.000000,3353991.000000
624000,2,335400,0.600000,1.000000,0.647616,1.000000,0.000000,0,0.000000,623989.000000,1.000000,1799887876988.000000,3353991.000000
624000,3,335395,0.600000,1.000000,0.487277,1.000000,0.000000,0,0.000000,623810.000000,1.000000,1799887876988.000000,3353991.000000
624000,4,335398,0.600000,1.000000,0.618928,1.000000,0.000000,0,0.000000,623966.000000,1.000000,1799887876988.000000,3353991.000000
624000,5,335402,0.600000,1.000000,0.681481,1.000000,0.000000,0,0.000000,623992.000000,1.000000,1799887876988.000000,3353991.000000
624000,6,335403,0.600000,1.000000,0.704574,1.000000,0.000000,0,0.000000,623985.000000,1.000000,1799887876988.000000,3353991.000000
624000,7,335401,0.600000,1.000000,0.703500,1.000000,0.000000,0,0.000000,623909.000000,1.000000,1799887876988.000000,3353991.000000
624000,8,335403,0.600000,1.000000,0.660128,1.000000,0.000000,0,0.000000,623978.000000,1.000000,1799887876988.000000,3353991.000000
624000,9,335402,0.600000,1.000000,0.543152,1.000000,0.000000,0,0.000000,623967.000000,1.000000,1799887876988.000000,3353991.000000
624000,10,335403,0.600000,1.000000,0.698490,1.000000,0.000000,0,0.000000,623994.000000,1.000000,1799887876988.000000,3353991.000000
624000,11,335396,0.600000,1.000000,0.518727,1.000000,0.000000,0,0.000000,623891.000000,1.000000,1799887876988.000000,3353991.000000
624000,12,335404,0.600000,1.000000,0.695225,1.000000,0.000000,0,0.000000,623996.000000,1.000000,1799887876988.000000,3353991.000000
624000,13,335397,0.600000,1.000000,0.574405,1.000000,0.000000,0,0.000000,623733.000000,1.000000,1799887876988.000000,3353991.000000
624000,14,335395,0.600000,1.000000,0.564702,1.000000,0.000000,0,0.000000,623974.000000,1.000000,1799887876988.000000,3353991.000000
624000,15,335396,0.600000,1.000000,0.578365,1.000000,0.000000,0,0.000000,623894.000000,1.000000,1799887876988.000000,3353991.000000
625000,0,335940,0.600000,1.000000,0.691237,1.000000,0.000000,0,0.000000,624956.000000,1.000000,1805671453363.000000,4031270.000000
625000,1,335937,0.600000,1.000000,0.633898,1.000000,0.000000,0,0.000000,624935.000000,1.000000,1805671453363.000000,4031270.000000
625000,2,335942,0.600000,1.000000,0.734595,1.000000,0.000000,1,559949.000000,625000.000000,1.000000,1805671453363.000000,4031270.000000
625000,3,335938,0.600000,1.000000,0.669171,1.000000,0.000000,0,0.000000,624988.000000,1.000000,1805671453363.000000,4031270.000000
625000,4,335938,0.600000,1.000000,0.705886,1.000000,0.000000,0,0.000000,624933.000000,1.000000,1805671453363.000000,4031270.000000
625000,5,335928,0.600000,1.000000,0.658053,1.000000,0.000000,0,0.000000,624667.000000,1.000000,1805671453363.000000,4031270.000000
625000,6,335938,0.600000,1.000000,0.502070,1.000000,0.000000,0,0.000000,624901.000000,1.000000,1805671453363.000000,4031270.000000
625000,7,335933,0.600000,1.000000,0.542964,1.000000,0.000000,0,0.000000,624678.000000,1.000000,1805671453363.000000,4031270.000000
625000,8,335941,0.600000,1.000000,0.555266,1.000000,0.000000,0,0.000000,624965.000000,1.000000,1805671453363.000000,4031270.000000
625000,9,335938,0.600000,1.000000,0.577335,1.000000,0.000000,0,0.000000,624984.000000,1.000000,1805671453363.000000,4031270.000000
625000,10,335933,0.600000,1.000000,0.541349,1.000000,0.000000,0,0.000000,624856.000000,1.000000,1805671453363.000000,4031270.000000
625000,11,335941,0.600000,1.000000,0.664488,1.000000,0.000000,0,0.000000,624987.000000,1.000000,1805671453363.000000,4031270.000000
625000,12,335942,0.600000,1.000000,0.756498,1.000000,0.000000,0,0.000000,624998.000000,1.000000,1805671453363.000000,4031270.000000
625000,13,335941,0.600000,1.000000,0.599723,1.000000,0.000000,0,0.000000,624932.000000,1.000000,1805671453363.000000,4031270.000000
625000,14,335942,0.600000,1.000000,0.750211,1.000000,0.000000,0,0.000000,624999.000000,1.000000,1805671453363.000000,4031270.000000
625000,15,335939,0.600000,1.000000,0.685744,1.000000,0.000000,0,0.000000,624981.000000,1.000000,1805671453363.000000,4031270.000000
626000,0,336482,0.600000,1.000000,0.631424,1.000000,0.000000,0,0.000000,625982.000000,1.000000,1811549773269.000000,5383736.000000
626000,1,336469,0.600000,1.000000,0.693414,1.000000,0.000000,0,0.000000,625752.000000,1.000000,1811549773269.000000,5383736.000000
626000,2,336480,0.600000,1.000000,0.711985,1.000000,0.000000,0,0.000000,625771.000000,1.000000,1811549773269.000000,5383736.000000
626000,3,336480,0.600000,1.000000,0.590012,1.000000,0.000000,0,0.000000,625668.000000,1.000000,1811549773269.000000,5383736.000000
626000,4,336490,0.600000,1.000000,0.800209,1.000000,0.000000,0,0.000000,625828.000000,1.000000,1811549773269.000000,5383736.000000
626000,5,336479,0.600000,1.000000,0.546019,1.000000,0.000000,0,0.000000,625971.000000,1.000000,1811549773269.000000,5383736.000000
626000,6,336489,0.600000,1.000000,0.591149,1.000000,0.000000,0,0.000000,625972.000000,1.000000,1811549773269.000000,5383736.000000
626000,7,336488,0.600000,1.000000,0.726658,1.000000,0.000000,0,0.000000,625976.000000,1.000000,1811549773269.000000,5383736.000000
626000,8,336488,0.600000,1.000000,0.640963,1.000000,0.000000,0,0.000000,625996.000000,1.000000,1811549773269.000000,5383736.000000
626000,9,336487,0.600000,1.000000,0.669106,1.000000,0.000000,0,0.000000,625985.000000,1.000000,1811549773269.000000,5383736.000000
626000,10,336491,0.600000,1.000000,0.814047,1.000000,0.000000,1,560395.000000,626000.000000,1.000000,1811549773269.000000,5383736.000000
626000,11,336485,0.600000,1.000000,0.521070,1.000000,0.000000,0,0.000000,625920.000000,1.000000,1811549773269.000000,5383736.000000
626000,12,336485,0.600000,1.000000,0.617141,1.000000,0.000000,0,0.000000,625984.000000,1.000000,1811549773269.000000,5383736.000000
626000,13,336486,0.600000,1.000000,0.658631,1.000000,0.000000,0,0.000000,625479.000000,1.000000,1811549773269.000000,5383736.000000
626000,14,336487,0.600000,1.000000,0.606484,1.000000,0.000000,0,0.000000,625966.000000,1.000000,1811549773269.000000,5383736.000000
626000,15,336487,0.600000,1.000000,0.744605,1.000000,0.000000,0,0.000000,625991.000000,1.000000,1811549773269.000000,5383736.000000
627000,0,337019,0.600000,1.000000,0.683137,1.000000,0.000000,0,0.000000,626952.000000,1.000000,1817283289106.000000,4718201.000000
627000,1,337020,0.600000,1.000000,0.667625,1.000000,0.000000,0,0.000000,626993.000000,1.000000,1817283289106.000000,4718201.000000
627000,2,337018,0.600000,1.000000,0.782031,1.000000,0.000000,0,0.000000,626973.000000,1.000000,1817283289106.000000,4718201.000000
627000,3,336999,0.600000,1.000000,0.575771,1.000000,0.000000,0,0.000000,626564.000000,1.000000,1817283289106.000000,4718201.000000
627000,4,337018,0.600000,1.000000,0.698024,1.000000,0.000000,0,0.000000,626969.000000,1.000000,1817283289106.000000,4718201.000000
627000,5,337005,0.600000,1.000000,0.586712,1.000000,0.000000,0,0.000000,626712.000000,1.000000,1817283289106.000000,4718201.000000
627000,6,337020,0.600000,1.000000,0.755222,1.000000,0.000000,0,0.000000,626974.000000,1.000000,1817283289106.000000,4718201.000000
627000,7,337007,0.600000,1.000000,0.600426,1.000000,0.000000,0,0.000000,626756.000000,1.000000,1817283289106.000000,4718201.000000
627000,8,337019,0.600000,1.000000,0.672888,1.000000,0.000000,0,0.000000,626985.000000,1.000000,1817283289106.000000,4718201.000000
627000,9,337021,0.600000,1.000000,0.629554,1.000000,0.000000,0,0.000000,626987.000000,1.000000,1817283289106.000000,4718201.000000
627000,10,337021,0.600000,1.000000,0.700351,1.000000,0.000000,0,0.000000,626997.000000,1.000000,1817283289106.000000,4718201.000000
627000,11,337021,0.600000,1.000000,0.868855,1.000000,0.000000,1,562948.000000,627000.000000,1.000000,1817283289106.000000,4718201.000000
627000,12,337021,0.600000,1.000000,0.763525,1.000000,0.000000,0,0.000000,626998.000000,1.000000,1817283289106.000000,4718201.000000
627000,13,337021,0.600000,1.000000,0.654129,1.000000,0.000000,0,0.000000,626996.000000,1.000000,1817283289106.000000,4718201.000000
627000,14,337020,0.600000,1.000000,0.692668,1.000000,0.000000,0,0.000000,626990.000000,1.000000,1817283289106.000000,4718201.000000
627000,15,337016,0.600000,1.000000,0.642067,1.000000,0.000000,0,0.000000,626950.000000,1.000000,1817283289106.000000,4718201.000000
628000,0,337552,0.600000,1.000000,0.546147,1.000000,0.000000,0,0.000000,627962.000000,1.000000,1823110926357.000000,6751134.000000
628000,1,337556,0.600000,1.000000,0.596130,1.000000,0.000000,0,0.000000,627983.000000,1.000000,1823110926357.000000,6751134.000000
628000,2,337560,0.600000,1.000000,0.606235,1.000000,0.000000,0,0.000000,627992.000000,1.000000,1823110926357.000000,6751134.000000
628000,3,337555,0.600000,1.000000,0.643429,1.000000,0.000000,0,0.000000,627929.000000,1.000000,1823110926357.000000,6751134.000000
628000,4,337549,0.600000,1.000000,0.540852,1.000000,0.000000,0,0.000000,627584.000000,1.000000,1823110926357.000000,6751134.000000
628000,5,337555,0.600000,1.000000,0.603606,1.000000,0.000000,0,0.000000,627926.000000,1.000000,1823110926357.000000,6751134.000000
628000,6,337558,0.600000,1.000000,0.688339,1.000000,0.000000,0,0.000000,627988.000000,1.000000,1823110926357.000000,6751134.000000
628000,7,337555,0.600000,1.000000,0.609636,1.000000,0.000000,0,0.000000,627959.000000,1.000000,1823110926357.000000,6751134.000000
628000,8,337557,0.600000,1.000000,0.653095,1.000000,0.000000,0,0.000000,627802.000000,1.000000,1823110926357.000000,6751134.000000
628000,9,337559,0.600000,1.000000,0.795508,1.000000,0.000000,0,0.000000,627997.000000,1.000000,1823110926357.000000,6751134.000000
628000,10,337554,0.600000,1.000000,0.671410,1.000000,0.000000,0,0.000000,627936.000000,1.000000,1823110926357.000000,6751134.000000
628000,11,337561,0.600000,1.000000,0.658193,1.000000,0.000000,1,563783.000000,628000.000000,1.000000,1823110926357.000000,6751134.000000
628000,12,337561,0.600000,1.000000,0.664816,1.000000,0.000000,0,0.000000,627999.000000,1.000000,1823110926357.000000,6751134.000000
628000,13,337558,0.600000,1.000000,0.667213,1.000000,0.000000,0,0.000000,627982.000000,1.000000,1823110926357.000000,6751134.000000
628000,14,337555,0.600000,1.000000,0.853065,1.000000,0.000000,0,0.000000,627924.000000,1.000000,1823110926357.000000,6751134.000000
628000,15,337560,0.600000,1.000000,0.734961,1.000000,0.000000,0,0.000000,627990.000000,1.000000,1823110926357.000000,6751134.000000
629000,0,338100,0.600000,1.000000,0.630430,1.000000,0.000000,0,0.000000,628977.000000,1.000000,1829006722553.000000,6762032.000000
629000,1,338102,0.600000,1.000000,0.580959,1.000000,0.000000,0,0.000000,628982.000000,1.000000,1829006722553.000000,6762032.000000
629000,2,338107,0.600000,1.000000,0.743517,1.000000,0.000000,0,0.000000,628997.000000,1.000000,1829006722553.000000,6762032.000000
629000,3,338104,0.600000,1.000000,0.631938,1.000000,0.000000,0,0.000000,628976.000000,1.000000,1829006722553.000000,6762032.000000
629000,4,338107,0.600000,1.000000,0.707523,1.000000,0.000000,0,0.000000,628994.000000,1.000000,1829006722553.000000,6762032.000000
629000,5,338105,0.600000,1.000000,0.646333,1.000000,0.000000,0,0.000000,628990.000000,1.000000,1829006722553.000000,6762032.000000
629000,6,338107,0.600000,1.000000,0.757650,1.000000,0.000000,1,563516.000000,629000.000000,1.000000,1829006722553.000000,6762032.000000
629000,7,338106,0.600000,1.000000,0.802598,1.000000,0.000000,0,0.000000,628998.000000,1.000000,1829006722553.000000,6762032.000000
629000,8,338103,0.600000,1.000000,0.574623,1.000000,0.000000,0,0.000000,628962.000000,1.000000,1829006722553.000000,6762032.000000
629000,9,338101,0.600000,1.000000,0.496112,1.000000,0.000000,0,0.000000,628984.000000,1.000000,1829006722553.000000,6762032.000000
629000,10,338097,0.600000,1.000000,0.574209,1.000000,0.000000,0,0.000000,628809.000000,1.000000,1829006722553.000000,6762032.000000
629000,11,338102,0.600000,1.000000,0.601425,1.000000,0.000000,0,0.000000,628987.000000,1.000000,1829006722553.000000,6762032.000000
629000,12,338100,0.600000,1.000000,0.586383,1.000000,0.000000,0,0.000000,628884.000000,1.000000,1829006722553.000000,6762032.000000
629000,13,338101,0.600000,1.000000,0.702217,1.000000,0.000000,0,0.000000,628881.000000,1.000000,1829006722553.000000,6762032.000000
629000,14,338090,0.600000,1.000000,0.647823,1.000000,0.000000,0,0.000000,628777.000000,1.000000,1829006722553.000000,6762032.000000
629000,15,338099,0.600000,1.000000,0.649197,1.000000,0.000000,0,0.000000,628983.000000,1.000000,1829006722553.000000,6762032.000000
630000,0,338634,0.600000,1.000000,0.638257,1.000000,0.000000,0,0.000000,629983.000000,1.000000,1834776579929.000000,6772684.000000
630000,1,338636,0.600000,1.000000,0.671009,1.000000,0.000000,0,0.000000,629668.000000,1.000000,1834776579929.000000,6772684.000000
630000,2,338636,0.600000,1.000000,0.730620,1.000000,0.000000,0,0.000000,629899.000000,1.000000,1834776579929.000000,6772684.000000
630000,3,338628,0.600000,1.000000,0.717785,1.000000,0.000000,0,0.000000,629854.000000,1.000000,1834776579929.000000,6772684.000000
630000,4,338636,0.600000,1.000000,0.575165,1.000000,0.000000,0,0.000000,629947.000000,1.000000,1834776579929.000000,6772684.000000
630000,5,338628,0.600000,1.000000,0.624144,1.000000,0.000000,0,0.000000,629909.000000,1.000000,1834776579929.000000,6772684.000000
630000,6,338637,0.600000,1.000000,0.691318,1.000000,0.000000,0,0.000000,629995.000000,1.000000,1834776579929.000000,6772684.000000
630000,7,338635,0.600000,1.000000,0.581810,1.000000,0.000000,0,0.000000,629961.000000,1.000000,1834776579929.000000,6772684.000000
630000,8,338635,0.600000,1.000000,0.723181,1.000000,0.000000,0,0.000000,629994.000000,1.000000,1834776579929.000000,6772684.000000
630000,9,338638,0.600000,1.000000,0.705120,1.000000,0.000000,0,0.000000,629986.000000,1.000000,1834776579929.000000,6772684.000000
630000,10,338636,0.600000,1.000000,0.703994,1.000000,0.000000,0,0.000000,629984.000000,1.000000,1834776579929.000000,6772684.000000
630000,11,338636,0.600000,1.000000,0.730255,1.000000,0.000000,0,0.000000,629998.000000,1.000000,1834776579929.000000,6772684.000000
630000,12,338632,0.600000,1.000000,0.631516,1.000000,0.000000,0,0.000000,629863.000000,1.000000,1834776579929.000000,6772684.000000
630000,13,338637,0.600000,1.000000,0.709441,1.000000,0.000000,0,0.000000,629993.000000,1.000000,1834776579929.000000,6772684.000000
630000,14,338635,0.600000,1.000000,0.582060,1.000000,0.000000,0,0.000000,629946.000000,1.000000,1834776579929.000000,6772684.000000
630000,15,338638,0.600000,1.000000,0.720212,1.000000,0.000000,1,564690.000000,630000.000000,1.000000,1834776579929.000000,6772684.000000
631000,0,339186,0.600000,1.000000,0.638063,1.000000,0.000000,0,0.000000,630994.000000,1.000000,1840697978235.000000,5426942.000000
631000,1,339185,0.600000,1.000000,0.746268,1.000000,0.000000,0,0.000000,630992.000000,1.000000,1840697978235.000000,5426942.000000
631000,2,339187,0.600000,1.000000,0.689792,1.000000,0.000000,0,0.000000,630995.000000,1.000000,1840697978235.000000,5426942.000000
631000,3,339185,0.600000,1.000000,0.778299,1.000000,0.000000,0,0.000000,630697.000000,1.000000,1840697978235.000000,5426942.000000
631000,4,339172,0.600000,1.000000,0.636898,1.000000,0.000000,0,0.000000,630782.000000,1.000000,1840697978235.000000,5426942.000000
631000,5,339182,0.600000,1.000000,0.552171,1.000000,0.000000,0,0.000000,630924.000000,1.000000,1840697978235.000000,5426942.000000
631000,6,339182,0.600000,1.000000,0.628196,1.000000,0.000000,0,0.000000,630755.000000,1.000000,1840697978235.000000,5426942.000000
631000,7,339185,0.600000,1.000000,0.612060,1.000000,0.000000,0,0.000000,630993.000000,1.000000,1840697978235.000000,5426942.000000
631000,8,339186,0.600000,1.000000,0.635596,1.000000,0.000000,0,0.000000,630979.000000,1.000000,1840697978235.000000,5426942.000000
631000,9,339186,0.600000,1.000000,0.708012,1.000000,0.000000,1,565488.000000,631000.000000,1.000000,1840697978235.000000,5426942.000000
631000,10,339152,0.600000,1.000000,0.625835,1.000000,0.000000,0,0.000000,630488.000000,1.000000,1840697978235.000000,5426942.000000
631000,11,339180,0.600000,1.000000,0.604723,1.000000,0.000000,0,0.000000,630949.000000,1.000000,1840697978235.000000,5426942.000000
631000,12,339181,0.600000,1.000000,0.617864,1.000000,0.000000,0,0.000000,630987.000000,1.000000,1840697978235.000000,5426942.000000
631000,13,339181,0.600000,1.000000,0.701395,1.000000,0.000000,0,0.000000,630930.000000,1.000000,1840697978235.000000,5426942.000000
631000,14,339176,0.600000,1.000000,0.652341,1.000000,0.000000,0,0.000000,630751.000000,1.000000,1840697978235.000000,5426942.000000
631000,15,339187,0.600000,1.000000,0.645081,1.000000,0.000000,0,0.000000,630999.000000,1.000000,1840697978235.000000,5426942.000000
632000,0,339717,0.600000,1.000000,0.779253,1.000000,0.000000,0,0.000000,631807.000000,1.000000,1846512050177.000000,6794308.000000
632000,1,339720,0.600000,1.000000,0.520694,1.000000,0.000000,0,0.000000,631981.000000,1.000000,1846512050177.000000,6794308.000000
632000,2,339715,0.600000,1.000000,0.666306,1.000000,0.000000,0,0.000000,631977.000000,1.000000,1846512050177.000000,6794308.000000
632000,3,339716,0.600000,1.000000,0.630277,1.000000,0.000000,0,0.000000,631954.000000,1.000000,1846512050177.000000,6794308.000000
632000,4,339713,0.600000,1.000000,0.581819,1.000000,0.000000,0,0.000000,631629.000000,1.000000,1846512050177.000000,6794308.000000
632000,5,339713,0.600000,1.000000,0.517074,1.000000,0.000000,0,0.000000,631947.000000,1.000000,1846512050177.000000,6794308.000000
632000,6,339717,0.600000,1.000000,0.564023,1.000000,0.000000,0,0.000000,631976.000000,1.000000,1846512050177.000000,6794308.000000
632000,7,339720,0.600000,1.000000,0.683405,1.000000,0.000000,0,0.000000,631941.000000,1.000000,1846512050177.000000,6794308.000000
632000,8,339709,0.600000,1.000000,0.536053,1.000000,0.000000,0,0.000000,631824.000000,1.000000,1846512050177.000000,6794308.000000
632000,9,339706,0.600000,1.000000,0.541626,1.000000,0.000000,0,0.000000,631851.000000,1.000000,1846512050177.000000,6794308.000000
632000,10,339719,0.600000,1.000000,0.751791,1.000000,0.000000,1,565778.000000,632000.000000,1.000000,1846512050177.000000,6794308.000000
632000,11,339718,0.600000,1.000000,0.658123,1.000000,0.000000,0,0.000000,631798.000000,1.000000,1846512050177.000000,6794308.000000
632000,12,339716,0.600000,1.000000,0.498094,1.000000,0.000000,0,0.000000,631937.000000,1.000000,1846512050177.000000,6794308.000000
632000,13,339719,0.600000,1.000000,0.724511,1.000000,0.000000,0,0.000000,631999.000000,1.000000,1846512050177.000000,6794308.000000
632000,14,339719,0.600000,1.000000,0.579597,1.000000,0.000000,0,0.000000,631975.000000,1.000000,1846512050177.000000,6794308.000000
632000,15,339720,0.600000,1.000000,0.713018,1.000000,0.000000,0,0.000000,631998.000000,1.000000,1846512050177.000000,6794308.000000
633000,0,340262,0.600000,1.000000,0.646622,1.000000,0.000000,0,0.000000,632995.000000,1.000000,1852416952101.000000,6124665.000000
633000,1,340251,0.600000,1.000000,0.530997,1.000000,0.000000,0,0.000000,632931.000000,1.000000,1852416952101.000000,6124665.000000
633000,2,340263,0.600000,1.000000,0.638665,1.000000,0.000000,1,567092.000000,633000.000000,1.000000,1852416952101.000000,6124665.000000
633000,3,340253,0.600000,1.000000,0.708715,1.000000,0.000000,0,0.000000,632887.000000,1.000000,1852416952101.000000,6124665.000000
633000,4,340257,0.600000,1.000000,0.525257,1.000000,0.000000,0,0.000000,632972.000000,1.000000,1852416952101.000000,6124665.000000
633000,5,340260,0.600000,1.000000,0.698684,1.000000,0.000000,0,0.000000,632815.000000,1.000000,1852416952101.000000,6124665.000000
633000,6,340259,0.600000,1.000000,0.590502,1.000000,0.000000,0,0.000000,632802.000000,1.000000,1852416952101.000000,6124665.000000
633000,7,340248,0.600000,1.000000,0.598821,1.000000,0.000000,0,0.000000,632085.000000,1.000000,1852416952101.000000,6124665.000000
633000,8,340262,0.600000,1.000000,0.556117,1.000000,0.000000,0,0.000000,632987.000000,1.000000,1852416952101.000000,6124665.000000
633000,9,340262,0.600000,1.000000,0.517620,1.000000,0.000000,0,0.000000,632937.000000,1.000000,1852416952101.000000,6124665.000000
633000,10,340263,0.600000,1.000000,0.638889,1.000000,0.000000,0,0.000000,632999.000000,1.000000,1852416952101.000000,6124665.000000
633000,11,340263,0.600000,1.000000,0.565568,1.000000,0.000000,0,0.000000,632990.000000,1.000000,1852416952101.000000,6124665.000000
633000,12,340258,0.600000,1.000000,0.556430,1.000000,0.000000,0,0.000000,632952.000000,1.000000,1852416952101.000000,6124665.000000
633000,13,340263,0.600000,1.000000,0.633643,1.000000,0.000000,0,0.000000,632998.000000,1.000000,1852416952101.000000,6124665.000000
633000,14,340263,0.600000,1.000000,0.738047,1.000000,0.000000,0,0.000000,632994.000000,1.000000,1852416952101.000000,6124665.000000
633000,15,340254,0.600000,1.000000,0.686719,1.000000,0.000000,0,0.000000,632828.000000,1.000000,1852416952101.000000,6124665.000000
634000,0,340795,0.600000,1.000000,0.630489,1.000000,0.000000,0,0.000000,633970.000000,1.000000,1858287658017.000000,7497521.000000
634000,1,340801,0.600000,1.000000,0.764193,1.000000,0.000000,0,0.000000,633996.000000,1.000000,1858287658017.000000,7497521.000000
634000,2,340804,0.600000,1.000000,0.663634,1.000000,0.000000,0,0.000000,633984.000000,1.000000,1858287658017.000000,7497521.000000
634000,3,340797,0.600000,1.000000,0.586063,1.000000,0.000000,0,0.000000,632887.000000,1.000000,1858287658017.000000,7497521.000000
634000,4,340797,0.600000,1.000000,0.616379,1.000000,0.000000,0,0.000000,633931.000000,1.000000,1858287658017.000000,7497521.000000
634000,5,340804,0.600000,1.000000,0.830811,1.000000,0.000000,1,567863.000000,634000.000000,1.000000,1858287658017.000000,7497521.000000
634000,6,340802,0.600000,1.000000,0.704050,1.000000,0.000000,0,0.000000,633982.000000,1.000000,1858287658017.000000,7497521.000000
634000,7,340791,0.600000,1.000000,0.719455,1.000000,0.000000,0,0.000000,633794.000000,1.000000,1858287658017.000000,7497521.000000
634000,8,340797,0.600000,1.000000,0.506843,1.000000,0.000000,0,0.000000,633856.000000,1.000000,1858287658017.000000,7497521.000000
634000,9,340793,0.600000,1.000000,0.485767,1.000000,0.000000,0,0.000000,633955.000000,1.000000,1858287658017.000000,7497521.000000
634000,10,340796,0.600000,1.000000,0.675673,1.000000,0.000000,0,0.000000,633882.000000,1.000000,1858287658017.000000,7497521.000000
634000,11,340788,0.600000,1.000000,0.503491,1.000000,0.000000,0,0.000000,633854.000000,1.000000,1858287658017.000000,7497521.000000
634000,12,340800,0.600000,1.000000,0.616896,1.000000,0.000000,0,0.000000,633918.000000,1.000000,1858287658017.000000,7497521.000000
634000,13,340798,0.600000,1.000000,0.638295,1.000000,0.000000,0,0.000000,633957.000000,1.000000,1858287658017.000000,7497521.000000
634000,14,340803,0.600000,1.000000,0.714429,1.000000,0.000000,0,0.000000,633998.000000,1.000000,1858287658017.000000,7497521.000000
634000,15,340795,0.600000,1.000000,0.701703,1.000000,0.000000,0,0.000000,633869.000000,1.000000,1858287658017.000000,7497521.000000
635000,0,341348,0.600000,1.000000,0.860782,1.000000,0.000000,1,568222.000000,635000.000000,1.000000,1864217487836.000000,9557466.000000
635000,1,341322,0.600000,1.000000,0.644504,1.000000,0.000000,0,0.000000,634883.000000,1.000000,1864217487836.000000,9557466.000000
635000,2,341339,0.600000,1.000000,0.537018,1.000000,0.000000,0,0.000000,634967.000000,1.000000,1864217487836.000000,9557466.000000
635000,3,341343,0.600000,1.000000,0.693913,1.000000,0.000000,0,0.000000,634907.000000,1.000000,1864217487836.000000,9557466.000000
635000,4,341344,0.600000,1.000000,0.570150,1.000000,0.000000,0,0.000000,634959.000000,1.000000,1864217487836.000000,9557466.000000
635000,5,341343,0.600000,1.000000,0.716131,1.000000,0.000000,0,0.000000,634571.000000,1.000000,1864217487836.000000,9557466.000000
635000,6,341338,0.600000,1.000000,0.622271,1.000000,0.000000,0,0.000000,634752.000000,1.000000,1864217487836.000000,9557466.000000
635000,7,341343,0.600000,1.000000,0.673358,1.000000,0.000000,0,0.000000,634940.000000,1.000000,1864217487836.000000,9557466.000000
635000,8,341344,0.600000,1.000000,0.814385,1.000000,0.000000,0,0.000000,634994.000000,1.000000,1864217487836.000000,9557466.000000
635000,9,341347,0.600000,1.000000,0.674628,1.000000,0.000000,0,0.000000,634997.000000,1.000000,1864217487836.000000,9557466.000000
635000,10,341343,0.600000,1.000000,0.666124,1.000000,0.000000,0,0.000000,634990.000000,1.000000,1864217487836.000000,9557466.000000
635000,11,341328,0.600000,1.000000,0.670478,1.000000,0.000000,0,0.000000,634825.000000,1.000000,1864217487836.000000,9557466.000000
635000,12,341340,0.600000,1.000000,0.525128,1.000000,0.000000,0,0.000000,634943.000000,1.000000,1864217487836.000000,9557466.000000
635000,13,341341,0.600000,1.000000,0.543312,1.000000,0.000000,0,0.000000,634906.000000,1.000000,1864217487836.000000,9557466.000000
635000,14,341346,0.600000,1.000000,0.729945,1.000000,0.000000,0,0.000000,634996.000000,1.000000,1864217487836.000000,9557466.000000
635000,15,341345,0.600000,1.000000,0.734012,1.000000,0.000000,0,0.000000,634964.000000,1.000000,1864217487836.000000,9557466.000000
636000,0,341876,0.600000,1.000000,0.474390,1.000000,0.000000,0,0.000000,635968.000000,1.000000,1870128728394.000000,5470124.000000
636000,1,341884,0.600000,1.000000,0.632238,1.000000,0.000000,0,0.000000,635996.000000,1.000000,1870128728394.000000,5470124.000000
636000,2,341886,0.600000,1.000000,0.647942,1.000000,0.000000,0,0.000000,635957.000000,1.000000,1870128728394.000000,5470124.000000
636000,3,341879,0.600000,1.000000,0.604226,1.000000,0.000000,0,0.000000,635932.000000,1.000000,1870128728394.000000,5470124.000000
636000,4,341876,0.600000,1.000000,0.753199,1.000000,0.000000,0,0.000000,635750.000000,1.000000,1870128728394.000000,5470124.000000
636000,5,341883,0.600000,1.000000,0.666612,1.000000,0.000000,0,0.000000,635990.000000,1.000000,1870128728394.000000,5470124.000000
636000,6,341882,0.600000,1.000000,0.796055,1.000000,0.000000,0,0.000000,635951.000000,1.000000,1870128728394.000000,5470124.000000
636000,7,341881,0.600000,1.000000,0.681189,1.000000,0.000000,0,0.000000,635966.000000,1.000000,1870128728394.000000,5470124.000000
636000,8,341878,0.600000,1.000000,0.672116,1.000000,0.000000,0,0.000000,635962.000000,1.000000,1870128728394.000000,5470124.000000
636000,9,341882,0.600000,1.000000,0.726430,1.000000,0.000000,0,0.000000,635970.000000,1.000000,1870128728394.000000,5470124.000000
636000,10,341881,0.600000,1.000000,0.580238,1.000000,0.000000,0,0.000000,635956.000000,1.000000,1870128728394.000000,5470124.000000
636000,11,341881,0.600000,1.000000,0.673930,1.000000,0.000000,0,0.000000,635989.000000,1.000000,1870128728394.000000,5470124.000000
636000,12,341887,0.600000,1.000000,0.783161,1.000000,0.000000,0,0.000000,635824.000000,1.000000,1870128728394.000000,5470124.000000
636000,13,341886,0.600000,1.000000,0.838155,1.000000,0.000000,0,0.000000,635993.000000,1.000000,1870128728394.000000,5470124.000000
636000,14,341878,0.600000,1.000000,0.531655,1.000000,0.000000,0,0.000000,635908.000000,1.000000,1870128728394.000000,5470124.000000
636000,15,341886,0.600000,1.000000,0.846856,1.000000,0.000000,1,569986.000000,636000.000000,1.000000,1870128728394.000000,5470124.000000
637000,0,342404,0.600000,1.000000,0.572594,1.000000,0.000000,0,0.000000,636942.000000,1.000000,1875889076260.000000,5478510.000000
637000,1,342407,0.600000,1.000000,0.589911,1.000000,0.000000,0,0.000000,636971.000000,1.000000,1875889076260.000000,5478510.000000
637000,2,342409,0.600000,1.000000,0.737345,1.000000,0.000000,0,0.000000,636909.000000,1.000000,1875889076260.000000,5478510.000000
637000,3,342410,0.600000,1.000000,0.623442,1.000000,0.000000,0,0.000000,636996.000000,1.000000,1875889076260.000000,5478510.000000
637000,4,342407,0.600000,1.000000,0.619072,1.000000,0.000000,0,0.000000,636963.000000,1.000000,1875889076260.000000,5478510.000000
637000,5,342408,0.600000,1.000000,0.679977,1.000000,0.000000,0,0.000000,636977.000000,1.000000,1875889076260.000000,5478510.000000
637000,6,342408,0.600000,1.000000,0.695824,1.000000,0.000000,0,0.000000,636984.000000,1.000000,1875889076260.000000,5478510.000000
637000,7,342405,0.600000,1.000000,0.740145,1.000000,0.000000,0,0.000000,636906.000000,1.000000,1875889076260.000000,5478510.000000
637000,8,342408,0.600000,1.000000,0.716099,1.000000,0.000000,0,0.000000,636987.000000,1.000000,1875889076260.000000,5478510.000000
637000,9,342411,0.600000,1.000000,0.715226,1.000000,0.000000,0,0.000000,636997.000000,1.000000,1875889076260.000000,5478510.000000
637000,10,342410,0.600000,1.000000,0.622789,1.000000,0.000000,0,0.000000,636992.000000,1.000000,1875889076260.000000,5478510.000000
637000,11,342409,0.600000,1.000000,0.748531,1.000000,0.000000,0,0.000000,636999.000000,1.000000,1875889076260.000000,5478510.000000
637000,12,342403,0.600000,1.000000,0.665137,1.000000,0.000000,0,0.000000,636915.000000,1.000000,1875889076260.000000,5478510.000000
637000,13,342404,0.600000,1.000000,0.660524,1.000000,0.000000,0,0.000000,636952.000000,1.000000,1875889076260.000000,5478510.000000
637000,14,342411,0.600000,1.000000,0.582381,1.000000,0.000000,1,570460.000000,637000.000000,1.000000,1875889076260.000000,5478510.000000
637000,15,342410,0.600000,1.000000,0.725315,1.000000,0.000000,0,0.000000,636988.000000,1.000000,1875889076260.000000,5478510.000000
638000,0,342940,0.600000,1.000000,0.606601,1.000000,0.000000,0,0.000000,637986.000000,1.000000,1881722068471.000000,7544667.000000
638000,1,342943,0.600000,1.000000,0.709317,1.000000,0.000000,0,0.000000,637991.000000,1.000000,1881722068471.000000,7544667.000000
638000,2,342942,0.600000,1.000000,0.723877,1.000000,0.000000,0,0.000000,637997.000000,1.000000,1881722068471.000000,7544667.000000
638000,3,342929,0.600000,1.000000,0.545949,1.000000,0.000000,0,0.000000,637483.000000,1.000000,1881722068471.000000,7544667.000000
638000,4,342942,0.600000,1.000000,0.607643,1.000000,0.000000,0,0.000000,637975.000000,1.000000,1881722068471.000000,7544667.000000
638000,5,342942,0.600000,1.000000,0.678560,1.000000,0.000000,0,0.000000,637963.000000,1.000000,1881722068471.000000,7544667.000000
638000,6,342942,0.600000,1.000000,0.680996,1.000000,0.000000,0,0.000000,637999.000000,1.000000,1881722068471.000000,7544667.000000
638000,7,342931,0.600000,1.000000,0.567538,1.000000,0.000000,0,0.000000,637814.000000,1.000000,1881722068471.000000,7544667.000000
638000,8,342941,0.600000,1.000000,0.768186,1.000000,0.000000,0,0.000000,637996.000000,1.000000,1881722068471.000000,7544667.000000
638000,9,342943,0.600000,1.000000,0.625065,1.000000,0.000000,0,0.000000,637998.000000,1.000000,1881722068471.000000,7544667.000000
638000,10,342937,0.600000,1.000000,0.761032,1.000000,0.000000,0,0.000000,637651.000000,1.000000,1881722068471.000000,7544667.000000
638000,11,342938,0.600000,1.000000,0.632697,1.000000,0.000000,0,0.000000,637971.000000,1.000000,1881722068471.000000,7544667.000000
638000,12,342939,0.600000,1.000000,0.630702,1.000000,0.000000,0,0.000000,637030.000000,1.000000,1881722068471.000000,7544667.000000
638000,13,342944,0.600000,1.000000,0.628480,1.000000,0.000000,1,572020.000000,638000.000000,1.000000,1881722068471.000000,7544667.000000
638000,14,342940,0.600000,1.000000,0.654050,1.000000,0.000000,0,0.000000,637918.000000,1.000000,1881722068471.000000,7544667.000000
638000,15,342942,0.600000,1.000000,0.574572,1.000000,0.000000,0,0.000000,637882.000000,1.000000,1881722068471.000000,7544667.000000
639000,0,343472,0.600000,1.000000,0.623646,1.000000,0.000000,0,0.000000,638967.000000,1.000000,1887584723368.000000,5495578.000000
639000,1,343473,0.600000,1.000000,0.723342,1.000000,0.000000,0,0.000000,638986.000000,1.000000,1887584723368.000000,5495578.000000
639000,2,343475,0.600000,1.000000,0.591689,1.000000,0.000000,0,0.000000,638936.000000,1.000000,1887584723368.000000,5495578.000000
639000,3,343475,0.600000,1.000000,0.712547,1.000000,0.000000,0,0.000000,638725.000000,1.000000,1887584723368.000000,5495578.000000
639000,4,343471,0.600000,1.000000,0.754468,1.000000,0.000000,0,0.000000,638832.000000,1.000000,1887584723368.000000,5495578.000000
639000,5,343475,0.600000,1.000000,0.620795,1.000000,0.000000,0,0.000000,638989.000000,1.000000,1887584723368.000000,5495578.000000
639000,6,343474,0.600000,1.000000,0.700101,1.000000,0.000000,0,0.000000,638825.000000,1.000000,1887584723368.000000,5495578.000000
639000,7,343475,0.600000,1.000000,0.722022,1.000000,0.000000,0,0.000000,638995.000000,1.000000,1887584723368.000000,5495578.000000
639000,8,343470,0.600000,1.000000,0.485182,1.000000,0.000000,0,0.000000,638958.000000,1.000000,1887584723368.000000,5495578.000000
639000,9,343475,0.600000,1.000000,0.722308,1.000000,0.000000,1,572714.000000,639000.000000,1.000000,1887584723368.000000,5495578.000000
639000,10,343476,0.600000,1.000000,0.616634,1.000000,0.000000,0,0.000000,638991.000000,1.000000,1887584723368.000000,5495578.000000
639000,11,343476,0.600000,1.000000,0.576973,1.000000,0.000000,0,0.000000,638997.000000,1.000000,1887584723368.000000,5495578.000000
639000,12,343465,0.600000,1.000000,0.667824,1.000000,0.000000,0,0.000000,638838.000000,1.000000,1887584723368.000000,5495578.000000
639000,13,343472,0.600000,1.000000,0.615183,1.000000,0.000000,0,0.000000,638976.000000,1.000000,1887584723368.000000,5495578.000000
639000,14,343476,0.600000,1.000000,0.721515,1.000000,0.000000,0,0.000000,638998.000000,1.000000,1887584723368.000000,5495578.000000
639000,15,343476,0.600000,1.000000,0.671399,1.000000,0.000000,0,0.000000,638992.000000,1.000000,1887584723368.000000,5495578.000000
640000,0,344008,0.600000,1.000000,0.725366,1.000000,0.000000,0,0.000000,639956.000000,1.000000,1893469569338.000000,6880214.000000
640000,1,344010,0.600000,1.000000,0.536394,1.000000,0.000000,0,0.000000,639870.000000,1.000000,1893469569338.000000,6880214.000000
640000,2,344006,0.600000,1.000000,0.624821,1.000000,0.000000,0,0.000000,639969.000000,1.000000,1893469569338.000000,6880214.000000
640000,3,344012,0.600000,1.000000,0.595204,1.000000,0.000000,0,0.000000,639991.000000,1.000000,1893469569338.000000,6880214.000000
640000,4,344006,0.600000,1.000000,0.717050,1.000000,0.000000,0,0.000000,639718.000000,1.000000,1893469569338.000000,6880214.000000
640000,5,344013,0.600000,1.000000,0.736506,1.000000,0.000000,0,0.000000,639998.000000,1.000000,1893469569338.000000,6880214.000000
640000,6,344005,0.600000,1.000000,0.549818,1.000000,0.000000,0,0.000000,639974.000000,1.000000,1893469569338.000000,6880214.000000
640000,7,344002,0.600000,1.000000,0.575243,1.000000,0.000000,0,0.000000,639798.000000,1.000000,1893469569338.000000,6880214.000000
640000,8,344005,0.600000,1.000000,0.703000,1.000000,0.000000,0,0.000000,639653.000000,1.000000,1893469569338.000000,6880214.000000
640000,9,344013,0.600000,1.000000,0.706178,1.000000,0.000000,0,0.000000,639994.000000,1.000000,1893469569338.000000,6880214.000000
640000,10,344011,0.600000,1.000000,0.656428,1.000000,0.000000,0,0.000000,639992.000000,1.000000,1893469569338.000000,6880214.000000
640000,11,344012,0.600000,1.000000,0.769782,1.000000,0.000000,1,574525.000000,640000.000000,1.000000,1893469569338.000000,6880214.000000
640000,12,344010,0.600000,1.000000,0.585598,1.000000,0.000000,0,0.000000,639914.000000,1.000000,1893469569338.000000,6880214.000000
640000,13,344011,0.600000,1.000000,0.639286,1.000000,0.000000,0,0.000000,639996.000000,1.000000,1893469569338.000000,6880214.000000
640000,14,344008,0.600000,1.000000,0.580085,1.000000,0.000000,0,0.000000,639960.000000,1.000000,1893469569338.000000,6880214.000000
640000,15,344004,0.600000,1.000000,0.690005,1.000000,0.000000,0,0.000000,639656.000000,1.000000,1893469569338.000000,6880214.000000
641000,0,344557,0.600000,1.000000,0.558338,1.000000,0.000000,0,0.000000,640977.000000,1.000000,1899500705199.000000,7580221.000000
641000,1,344558,0.600000,1.000000,0.619316,1.000000,0.000000,0,0.000000,640976.000000,1.000000,1899500705199.000000,7580221.000000
641000,2,344557,0.600000,1.000000,0.755811,1.000000,0.000000,0,0.000000,640997.000000,1.000000,1899500705199.000000,7580221.000000
641000,3,344553,0.600000,1.000000,0.660655,1.000000,0.000000,0,0.000000,640898.000000,1.000000,1899500705199.000000,7580221.000000
641000,4,344556,0.600000,1.000000,0.587379,1.000000,0.000000,0,0.000000,640951.000000,1.000000,1899500705199.000000,7580221.000000
641000,5,344559,0.600000,1.000000,0.641696,1.000000,0.000000,1,574116.000000,641000.000000,1.000000,1899500705199.000000,7580221.000000
641000,6,344549,0.600000,1.000000,0.509585,1.000000,0.000000,0,0.000000,640918.000000,1.000000,1899500705199.000000,7580221.000000
641000,7,344558,0.600000,1.000000,0.720050,1.000000,0.000000,0,0.000000,640991.000000,1.000000,1899500705199.000000,7580221.000000
641000,8,344555,0.600000,1.000000,0.705961,1.000000,0.000000,0,0.000000,640888.000000,1.000000,1899500705199.000000,7580221.000000
641000,9,344556,0.600000,1.000000,0.573887,1.000000,0.000000,0,0.000000,640786.000000,1.000000,1899500705199.000000,7580221.000000
641000,10,344550,0.600000,1.000000,0.605007,1.000000,0.000000,0,0.000000,640893.000000,1.000000,1899500705199.000000,7580221.000000
641000,11,344557,0.600000,1.000000,0.711297,1.000000,0.000000,0,0.000000,640746.000000,1.000000,1899500705199.000000,7580221.000000
641000,12,344555,0.600000,1.000000,0.591479,1.000000,0.000000,0,0.000000,640932.000000,1.000000,1899500705199.000000,7580221.000000
641000,13,344559,0.600000,1.000000,0.662218,1.000000,0.000000,0,0.000000,640993.000000,1.000000,1899500705199.000000,7580221.000000
641000,14,344559,0.600000,1.000000,0.659239,1.000000,0.000000,0,0.000000,640986.000000,1.000000,1899500705199.000000,7580221.000000
641000,15,344557,0.600000,1.000000,0.751257,1.000000,0.000000,0,0.000000,640999.000000,1.000000,1899500705199.000000,7580221.000000
642000,0,345096,0.600000,1.000000,0.757631,1.000000,0.000000,1,574551.000000,642000.000000,1.000000,1905418576462.000000,6901862.000000
642000,1,345091,0.600000,1.000000,0.632380,1.000000,0.000000,0,0.000000,641974.000000,1.000000,1905418576462.000000,6901862.000000
642000,2,345096,0.600000,1.000000,0.712110,1.000000,0.000000,0,0.000000,641993.000000,1.000000,1905418576462.000000,6901862.000000
642000,3,345092,0.600000,1.000000,0.671802,1.000000,0.000000,0,0.000000,641752.000000,1.000000,1905418576462.000000,6901862.000000
642000,4,345096,0.600000,1.000000,0.819074,1.000000,0.000000,0,0.000000,641999.000000,1.000000,1905418576462.000000,6901862.000000
642000,5,345086,0.600000,1.000000,0.522765,1.000000,0.000000,0,0.000000,641892.000000,1.000000,1905418576462.000000,6901862.000000
642000,6,345095,0.600000,1.000000,0.694826,1.000000,0.000000,0,0.000000,641992.000000,1.000000,1905418576462.000000,6901862.000000
642000,7,345092,0.600000,1.000000,0.542187,1.000000,0.000000,0,0.000000,641986.000000,1.000000,1905418576462.000000,6901862.000000
642000,8,345089,0.600000,1.000000,0.600737,1.000000,0.000000,0,0.000000,641963.000000,1.000000,1905418576462.000000,6901862.000000
642000,9,345097,0.600000,1.000000,0.658501,1.000000,0.000000,0,0.000000,641994.000000,1.000000,1905418576462.000000,6901862.000000
642000,10,345080,0.600000,1.000000,0.576466,1.000000,0.000000,0,0.000000,641794.000000,1.000000,1905418576462.000000,6901862.000000
642000,11,345096,0.600000,1.000000,0.662467,1.000000,0.000000,0,0.000000,641975.000000,1.000000,1905418576462.000000,6901862.000000
642000,12,345095,0.600000,1.000000,0.668340,1.000000,0.000000,0,0.000000,641953.000000,1.000000,1905418576462.000000,6901862.000000
642000,13,345093,0.600000,1.000000,0.782927,1.000000,0.000000,0,0.000000,641988.000000,1.000000,1905418576462.000000,6901862.000000
642000,14,345090,0.600000,1.000000,0.638423,1.000000,0.000000,0,0.000000,641865.000000,1.000000,1905418576462.000000,6901862.000000
642000,15,345092,0.600000,1.000000,0.667600,1.000000,0.000000,0,0.000000,641838.000000,1.000000,1905418576462.000000,6901862.000000
643000,0,345627,0.600000,1.000000,0.532274,1.000000,0.000000,0,0.000000,642973.000000,1.000000,1911336665902.000000,3456219.000000
643000,1,345634,0.600000,1.000000,0.713036,1.000000,0.000000,1,576014.000000,643000.000000,1.000000,1911336665902.000000,3456219.000000
643000,2,345607,0.600000,1.000000,0.685068,1.000000,0.000000,0,0.000000,641993.000000,1.000000,1911336665902.000000,3456219.000000
643000,3,345623,0.600000,1.000000,0.468351,1.000000,0.000000,0,0.000000,642966.000000,1.000000,1911336665902.000000,3456219.000000
643000,4,345629,0.600000,1.000000,0.610133,1.000000,0.000000,0,0.000000,642900.000000,1.000000,1911336665902.000000,3456219.000000
643000,5,345630,0.600000,1.000000,0.701437,1.000000,0.000000,0,0.000000,642960.000000,1.000000,1911336665902.000000,3456219.000000
643000,6,345622,0.600000,1.000000,0.701277,1.000000,0.000000,0,0.000000,642568.000000,1.000000,1911336665902.000000,3456219.000000
643000,7,345630,0.600000,1.000000,0.656894,1.000000,0.000000,0,0.000000,642918.000000,1.000000,1911336665902.000000,3456219.000000
643000,8,345630,0.600000,1.000000,0.560733,1.000000,0.000000,0,0.000000,642951.000000,1.000000,1911336665902.000000,3456219.000000
643000,9,345629,0.600000,1.000000,0.520712,1.000000,0.000000,0,0.000000,642905.000000,1.000000,1911336665902.000000,3456219.000000
643000,10,345632,0.600000,1.000000,0.710675,1.000000,0.000000,0,0.000000,642998.000000,1.000000,1911336665902.000000,3456219.000000
643000,11,345634,0.600000,1.000000,0.688137,1.000000,0.000000,0,0.000000,642996.000000,1.000000,1911336665902.000000,3456219.000000
643000,12,345634,0.600000,1.000000,0.760584,1.000000,0.000000,0,0.000000,642939.000000,1.000000,1911336665902.000000,3456219.000000
643000,13,345618,0.600000,1.000000,0.627431,1.000000,0.000000,0,0.000000,642612.000000,1.000000,1911336665902.000000,3456219.000000
643000,14,345632,0.600000,1.000000,0.692562,1.000000,0.000000,0,0.000000,642991.000000,1.000000,1911336665902.000000,3456219.000000
643000,15,345633,0.600000,1.000000,0.701047,1.000000,0.000000,0,0.000000,642995.000000,1.000000,1911336665902.000000,3456219.000000
644000,0,346166,0.600000,1.000000,0.650340,1.000000,0.000000,0,0.000000,643824.000000,1.000000,1917272238640.000000,6923296.000000
644000,1,346151,0.600000,1.000000,0.429346,1.000000,0.000000,0,0.000000,643921.000000,1.000000,1917272238640.000000,6923296.000000
644000,2,346166,0.600000,1.000000,0.625305,1.000000,0.000000,0,0.000000,643987.000000,1.000000,1917272238640.000000,6923296.000000
644000,3,346167,0.600000,1.000000,0.644578,1.000000,0.000000,0,0.000000,643980.000000,1.000000,1917272238640.000000,6923296.000000
644000,4,346168,0.600000,1.000000,0.765306,1.000000,0.000000,0,0.000000,643999.000000,1.000000,1917272238640.000000,6923296.000000
644000,5,346166,0.600000,1.000000,0.748268,1.000000,0.000000,0,0.000000,643998.000000,1.000000,1917272238640.000000,6923296.000000
644000,6,346159,0.600000,1.000000,0.660156,1.000000,0.000000,0,0.000000,643918.000000,1.000000,1917272238640.000000,6923296.000000
644000,7,346168,0.600000,1.000000,0.596395,1.000000,0.000000,1,578325.000000,644000.000000,1.000000,1917272238640.000000,6923296.000000
644000,8,346167,0.600000,1.000000,0.592013,1.000000,0.000000,0,0.000000,643994.000000,1.000000,1917272238640.000000,6923296.000000
644000,9,346163,0.600000,1.000000,0.584984,1.000000,0.000000,0,0.000000,643927.000000,1.000000,1917272238640.000000,6923296.000000
644000,10,346161,0.600000,1.000000,0.602119,1.000000,0.000000,0,0.000000,643967.000000,1.000000,1917272238640.000000,6923296.000000
644000,11,346162,0.600000,1.000000,0.748758,1.000000,0.000000,0,0.000000,643763.000000,1.000000,1917272238640.000000,6923296.000000
644000,12,346168,0.600000,1.000000,0.634991,1.000000,0.000000,0,0.000000,643992.000000,1.000000,1917272238640.000000,6923296.000000
644000,13,346161,0.600000,1.000000,0.617017,1.000000,0.000000,0,0.000000,642612.000000,1.000000,1917272238640.000000,6923296.000000
644000,14,346164,0.600000,1.000000,0.693696,1.000000,0.000000,0,0.000000,643891.000000,1.000000,1917272238640.000000,6923296.000000
644000,15,346167,0.600000,1.000000,0.517133,1.000000,0.000000,0,0.000000,643904.000000,1.000000,1917272238640.000000,6923296.000000
645000,0,346700,0.600000,1.000000,0.586747,1.000000,0.000000,0,0.000000,644982.000000,1.000000,1923216320569.000000,9707634.000000
645000,1,346695,0.600000,1.000000,0.612032,1.000000,0.000000,0,0.000000,644768.000000,1.000000,1923216320569.000000,9707634.000000
645000,2,346706,0.600000,1.000000,0.772502,1.000000,0.000000,0,0.000000,644999.000000,1.000000,1923216320569.000000,9707634.000000
645000,3,346703,0.600000,1.000000,0.739604,1.000000,0.000000,0,0.000000,644998.000000,1.000000,1923216320569.000000,9707634.000000
645000,4,346697,0.600000,1.000000,0.594925,1.000000,0.000000,0,0.000000,644954.000000,1.000000,1923216320569.000000,9707634.000000
645000,5,346702,0.600000,1.000000,0.564479,1.000000,0.000000,0,0.000000,644837.000000,1.000000,1923216320569.000000,9707634.000000
645000,6,346705,0.600000,1.000000,0.700849,1.000000,0.000000,0,0.000000,644996.000000,1.000000,1923216320569.000000,9707634.000000
645000,7,346704,0.600000,1.000000,0.753087,1.000000,0.000000,0,0.000000,644974.000000,1.000000,1923216320569.000000,9707634.000000
645000,8,346703,0.600000,1.000000,0.749649,1.000000,0.000000,0,0.000000,644997.000000,1.000000,1923216320569.000000,9707634.000000
645000,9,346690,0.600000,1.000000,0.589711,1.000000,0.000000,0,0.000000,644865.000000,1.000000,1923216320569.000000,9707634.000000
645000,10,346701,0.600000,1.000000,0.660198,1.000000,0.000000,0,0.000000,644913.000000,1.000000,1923216320569.000000,9707634.000000
645000,11,346707,0.600000,1.000000,0.713232,1.000000,0.000000,1,578989.000000,645000.000000,1.000000,1923216320569.000000,9707634.000000
645000,12,346698,0.600000,1.000000,0.642616,1.000000,0.000000,0,0.000000,644905.000000,1.000000,1923216320569.000000,9707634.000000
645000,13,346691,0.600000,1.000000,0.550097,1.000000,0.000000,0,0.000000,644519.000000,1.000000,1923216320569.000000,9707634.000000
645000,14,346700,0.600000,1.000000,0.630610,1.000000,0.000000,0,0.000000,644975.000000,1.000000,1923216320569.000000,9707634.000000
645000,15,346701,0.600000,1.000000,0.546768,1.000000,0.000000,0,0.000000,644981.000000,1.000000,1923216320569.000000,9707634.000000
646000,0,347240,0.600000,1.000000,0.624924,1.000000,0.000000,0,0.000000,645973.000000,1.000000,1929218215644.000000,4166886.000000
646000,1,347234,0.600000,1.000000,0.693912,1.000000,0.000000,0,0.000000,645604.000000,1.000000,1929218215644.000000,4166886.000000
646000,2,347235,0.600000,1.000000,0.665200,1.000000,0.000000,0,0.000000,645702.000000,1.000000,1929218215644.000000,4166886.000000
646000,3,347240,0.600000,1.000000,0.582898,1.000000,0.000000,0,0.000000,645942.000000,1.000000,1929218215644.000000,4166886.000000
646000,4,347243,0.600000,1.000000,0.670847,1.000000,0.000000,0,0.000000,645981.000000,1.000000,1929218215644.000000,4166886.000000
646000,5,347236,0.600000,1.000000,0.519880,1.000000,0.000000,0,0.000000,645911.000000,1.000000,1929218215644.000000,4166886.000000
646000,6,347244,0.600000,1.000000,0.602171,1.000000,0.000000,0,0.000000,645989.000000,1.000000,1929218215644.000000,4166886.000000
646000,7,347240,0.600000,1.000000,0.630717,1.000000,0.000000,0,0.000000,645729.000000,1.000000,1929218215644.000000,4166886.000000
646000,8,347245,0.600000,1.000000,0.723232,1.000000,0.000000,1,578888.000000,646000.000000,1.000000,1929218215644.000000,4166886.000000
646000,9,347243,0.600000,1.000000,0.633808,1.000000,0.000000,0,0.000000,645961.000000,1.000000,1929218215644.000000,4166886.000000
646000,10,347232,0.600000,1.000000,0.648251,1.000000,0.000000,0,0.000000,645376.000000,1.000000,1929218215644.000000,4166886.000000
646000,11,347245,0.600000,1.000000,0.804376,1.000000,0.000000,0,0.000000,645999.000000,1.000000,1929218215644.000000,4166886.000000
646000,12,347244,0.600000,1.000000,0.688984,1.000000,0.000000,0,0.000000,645985.000000,1.000000,1929218215644.000000,4166886.000000
646000,13,347245,0.600000,1.000000,0.704411,1.000000,0.000000,0,0.000000,645996.000000,1.000000,1929218215644.000000,4166886.000000
646000,14,347243,0.600000,1.000000,0.666382,1.000000,0.000000,0,0.000000,645986.000000,1.000000,1929218215644.000000,4166886.000000
646000,15,347243,0.600000,1.000000,0.716312,1.000000,0.000000,0,0.000000,645971.000000,1.000000,1929218215644.000000,4166886.000000
647000,0,347778,0.600000,1.000000,0.801132,1.000000,0.000000,0,0.000000,646996.000000,1.000000,1935168252345.000000,5564372.000000
647000,1,347775,0.600000,1.000000,0.601140,1.000000,0.000000,0,0.000000,646958.000000,1.000000,1935168252345.000000,5564372.000000
647000,2,347775,0.600000,1.000000,0.546331,1.000000,0.000000,0,0.000000,646890.000000,1.000000,1935168252345.000000,5564372.000000
647000,3,347777,0.600000,1.000000,0.669909,1.000000,0.000000,0,0.000000,646984.000000,1.000000,1935168252345.000000,5564372.000000
647000,4,347777,0.600000,1.000000,0.681355,1.000000,0.000000,0,0.000000,646899.000000,1.000000,1935168252345.000000,5564372.000000
647000,5,347774,0.600000,1.000000,0.577167,1.000000,0.000000,0,0.000000,646963.000000,1.000000,1935168252345.000000,5564372.000000
647000,6,347778,0.600000,1.000000,0.699163,1.000000,0.000000,0,0.000000,646990.000000,1.000000,1935168252345.000000,5564372.000000
647000,7,347777,0.600000,1.000000,0.642365,1.000000,0.000000,0,0.000000,646978.000000,1.000000,1935168252345.000000,5564372.000000
647000,8,347779,0.600000,1.000000,0.756730,1.000000,0.000000,0,0.000000,646986.000000,1.000000,1935168252345.000000,5564372.000000
647000,9,347771,0.600000,1.000000,0.562622,1.000000,0.000000,0,0.000000,646960.000000,1.000000,1935168252345.000000,5564372.000000
647000,10,347780,0.600000,1.000000,0.690868,1.000000,0.000000,1,579435.000000,647000.000000,1.000000,1935168252345.000000,5564372.000000
647000,11,347780,0.600000,1.000000,0.752630,1.000000,0.000000,0,0.000000,646998.000000,1.000000,1935168252345.000000,5564372.000000
647000,12,347775,0.600000,1.000000,0.646295,1.000000,0.000000,0,0.000000,646952.000000,1.000000,1935168252345.000000,5564372.000000
647000,13,347766,0.600000,1.000000,0.488279,1.000000,0.000000,0,0.000000,646773.000000,1.000000,1935168252345.000000,5564372.000000
647000,14,347775,0.600000,1.000000,0.589925,1.000000,0.000000,0,0.000000,646976.000000,1.000000,1935168252345.000000,5564372.000000
647000,15,347776,0.600000,1.000000,0.699018,1.000000,0.000000,0,0.000000,646961.000000,1.000000,1935168252345.000000,5564372.000000
648000,0,348311,0.600000,1.000000,0.589486,1.000000,0.000000,0,0.000000,647957.000000,1.000000,1941169944769.000000,8359566.000000
648000,1,348319,0.600000,1.000000,0.704032,1.000000,0.000000,0,0.000000,647999.000000,1.000000,1941169944769.000000,8359566.000000
648000,2,348315,0.600000,1.000000,0.596249,1.000000,0.000000,0,0.000000,647909.000000,1.000000,1941169944769.000000,8359566.000000
648000,3,348311,0.600000,1.000000,0.712245,1.000000,0.000000,0,0.000000,647986.000000,1.000000,1941169944769.000000,8359566.000000
648000,4,348307,0.600000,1.000000,0.526207,1.000000,0.000000,0,0.000000,647918.000000,1.000000,1941169944769.000000,8359566.000000
648000,5,348303,0.600000,1.000000,0.649998,1.000000,0.000000,0,0.000000,647652.000000,1.000000,1941169944769.000000,8359566.000000
648000,6,348315,0.600000,1.000000,0.521365,1.000000,0.000000,0,0.000000,647985.000000,1.000000,1941169944769.000000,8359566.000000
648000,7,348315,0.600000,1.000000,0.751033,1.000000,0.000000,0,0.000000,647993.000000,1.000000,1941169944769.000000,8359566.000000
648000,8,348316,0.600000,1.000000,0.578299,1.000000,0.000000,0,0.000000,647983.000000,1.000000,1941169944769.000000,8359566.000000
648000,9,348319,0.600000,1.000000,0.615133,1.000000,0.000000,1,580770.000000,648000.000000,1.000000,1941169944769.000000,8359566.000000
648000,10,348318,0.600000,1.000000,0.733926,1.000000,0.000000,0,0.000000,647980.000000,1.000000,1941169944769.000000,8359566.000000
648000,11,348315,0.600000,1.000000,0.717197,1.000000,0.000000,0,0.000000,647990.000000,1.000000,1941169944769.000000,8359566.000000
648000,12,348319,0.600000,1.000000,0.863261,1.000000,0.000000,0,0.000000,647996.000000,1.000000,1941169944769.000000,8359566.000000
648000,13,348317,0.600000,1.000000,0.655729,1.000000,0.000000,0,0.000000,647760.000000,1.000000,1941169944769.000000,8359566.000000
648000,14,348319,0.600000,1.000000,0.735237,1.000000,0.000000,0,0.000000,647978.000000,1.000000,1941169944769.000000,8359566.000000
648000,15,348316,0.600000,1.000000,0.607106,1.000000,0.000000,0,0.000000,647930.000000,1.000000,1941169944769.000000,8359566.000000
649000,0,348846,0.600000,1.000000,0.718899,1.000000,0.000000,0,0.000000,648998.000000,1.000000,1947050460518.000000,8372226.000000
649000,1,348831,0.600000,1.000000,0.554228,1.000000,0.000000,0,0.000000,648905.000000,1.000000,1947050460518.000000,8372226.000000
649000,2,348844,0.600000,1.000000,0.649580,1.000000,0.000000,0,0.000000,648990.000000,1.000000,1947050460518.000000,8372226.000000
649000,3,348848,0.600000,1.000000,0.750523,1.000000,0.000000,0,0.000000,648999.000000,1.000000,1947050460518.000000,8372226.000000
649000,4,348830,0.600000,1.000000,0.640011,1.000000,0.000000,0,0.000000,648789.000000,1.000000,1947050460518.000000,8372226.000000
649000,5,348841,0.600000,1.000000,0.589007,1.000000,0.000000,0,0.000000,648969.000000,1.000000,1947050460518.000000,8372226.000000
649000,6,348847,0.600000,1.000000,0.629417,1.000000,0.000000,0,0.000000,648953.000000,1.000000,1947050460518.000000,8372226.000000
649000,7,348844,0.600000,1.000000,0.605079,1.000000,0.000000,0,0.000000,648921.000000,1.000000,1947050460518.000000,8372226.000000
649000,8,348836,0.600000,1.000000,0.502207,1.000000,0.000000,0,0.000000,648944.000000,1.000000,1947050460518.000000,8372226.000000
649000,9,348844,0.600000,1.000000,0.692770,1.000000,0.000000,0,0.000000,648975.000000,1.000000,1947050460518.000000,8372226.000000
649000,10,348847,0.600000,1.000000,0.792308,1.000000,0.000000,1,581310.000000,649000.000000,1.000000,1947050460518.000000,8372226.000000
649000,11,348843,0.600000,1.000000,0.600273,1.000000,0.000000,0,0.000000,648981.000000,1.000000,1947050460518.000000,8372226.000000
649000,12,348837,0.600000,1.000000,0.513359,1.000000,0.000000,0,0.000000,648805.000000,1.000000,1947050460518.000000,8372226.000000
649000,13,348846,0.600000,1.000000,0.662065,1.000000,0.000000,0,0.000000,648984.000000,1.000000,1947050460518.000000,8372226.000000
649000,14,348842,0.600000,1.000000,0.617209,1.000000,0.000000,0,0.000000,648950.000000,1.000000,1947050460518.000000,8372226.000000
649000,15,348844,0.600000,1.000000,0.630434,1.000000,0.000000,0,0.000000,648982.000000,1.000000,1947050460518.000000,8372226.000000
650000,0,349379,0.600000,1.000000,0.560069,1.000000,0.000000,0,0.000000,649965.000000,1.000000,1953046079327.000000,4891307.000000
650000,1,349379,0.600000,1.000000,0.637920,1.000000,0.000000,0,0.000000,649932.000000,1.000000,1953046079327.000000,4891307.000000
650000,2,349379,0.600000,1.000000,0.671149,1.000000,0.000000,0,0.000000,649853.000000,1.000000,1953046079327.000000,4891307.000000
650000,3,349377,0.600000,1.000000,0.681348,1.000000,0.000000,0,0.000000,649771.000000,1.000000,1953046079327.000000,4891307.000000
650000,4,349381,0.600000,1.000000,0.652598,1.000000,0.000000,0,0.000000,649995.000000,1.000000,1953046079327.000000,4891307.000000
650000,5,349382,0.600000,1.000000,0.650588,1.000000,0.000000,0,0.000000,649989.000000,1.000000,1953046079327.000000,4891307.000000
650000,6,349381,0.600000,1.000000,0.692834,1.000000,0.000000,0,0.000000,649993.000000,1.000000,1953046079327.000000,4891307.000000
650000,7,349376,0.600000,1.000000,0.638820,1.000000,0.000000,0,0.000000,649868.000000,1.000000,1953046079327.000000,4891307.000000
650000,8,349381,0.600000,1.000000,0.683853,1.000000,0.000000,0,0.000000,649996.000000,1.000000,1953046079327.000000,4891307.000000
650000,9,349380,0.600000,1.000000,0.532228,1.000000,0.000000,0,0.000000,649977.000000,1.000000,1953046079327.000000,4891307.000000
650000,10,349381,0.600000,1.000000,0.708540,1.000000,0.000000,1,582279.000000,650000.000000,1.000000,1953046079327.000000,4891307.000000
650000,11,349381,0.600000,1.000000,0.740189,1.000000,0.000000,0,0.000000,649970.000000,1.000000,1953046079327.000000,4891307.000000
650000,12,349361,0.600000,1.000000,0.721152,1.000000,0.000000,0,0.000000,649573.000000,1.000000,1953046079327.000000,4891307.000000
650000,13,349379,0.600000,1.000000,0.639342,1.000000,0.000000,0,0.000000,649969.000000,1.000000,1953046079327.000000,4891307.000000
650000,14,349382,0.600000,1.000000,0.612228,1.000000,0.000000,0,0.000000,649999.000000,1.000000,1953046079327.000000,4891307.000000
650000,15,349378,0.600000,1.000000,0.622384,1.000000,0.000000,0,0.000000,649611.000000,1.000000,1953046079327.000000,4891307.000000
651000,0,349917,0.600000,1.000000,0.511397,1.000000,0.000000,0,0.000000,650964.000000,1.000000,1959076809195.000000,6298479.000000
651000,1,349908,0.600000,1.000000,0.605021,1.000000,0.000000,0,0.000000,650732.000000,1.000000,1959076809195.000000,6298479.000000
651000,2,349920,0.600000,1.000000,0.612395,1.000000,0.000000,0,0.000000,650961.000000,1.000000,1959076809195.000000,6298479.000000
651000,3,349917,0.600000,1.000000,0.651701,1.000000,0.000000,0,0.000000,650962.000000,1.000000,1959076809195.000000,6298479.000000
651000,4,349923,0.600000,1.000000,0.751537,1.000000,0.000000,0,0.000000,650995.000000,1.000000,1959076809195.000000,6298479.000000
651000,5,349922,0.600000,1.000000,0.665489,1.000000,0.000000,0,0.000000,650945.000000,1.000000,1959076809195.000000,6298479.000000
651000,6,349923,0.600000,1.000000,0.839028,1.000000,0.000000,0,0.000000,650991.000000,1.000000,1959076809195.000000,6298479.000000
651000,7,349916,0.600000,1.000000,0.708648,1.000000,0.000000,0,0.000000,650769.000000,1.000000,1959076809195.000000,6298479.000000
651000,8,349922,0.600000,1.000000,0.770451,1.000000,0.000000,0,0.000000,650993.000000,1.000000,1959076809195.000000,6298479.000000
651000,9,349923,0.600000,1.000000,0.880743,1.000000,0.000000,1,583447.000000,651000.000000,1.000000,1959076809195.000000,6298479.000000
651000,10,349918,0.600000,1.000000,0.692133,1.000000,0.000000,0,0.000000,650933.000000,1.000000,1959076809195.000000,6298479.000000
651000,11,349908,0.600000,1.000000,0.654575,1.000000,0.000000,0,0.000000,650873.000000,1.000000,1959076809195.000000,6298479.000000
651000,12,349917,0.600000,1.000000,0.561940,1.000000,0.000000,0,0.000000,650965.000000,1.000000,1959076809195.000000,6298479.000000
651000,13,349915,0.600000,1.000000,0.548706,1.000000,0.000000,0,0.000000,650917.000000,1.000000,1959076809195.000000,6298479.000000
651000,14,349908,0.600000,1.000000,0.701223,1.000000,0.000000,0,0.000000,650911.000000,1.000000,1959076809195.000000,6298479.000000
651000,15,349924,0.600000,1.000000,0.752385,1.000000,0.000000,0,0.000000,650999.000000,1.000000,1959076809195.000000,6298479.000000
652000,0,350459,0.600000,1.000000,0.676261,1.000000,0.000000,0,0.000000,651956.000000,1.000000,1965096509014.000000,3504533.000000
652000,1,350459,0.600000,1.000000,0.815955,1.000000,0.000000,0,0.000000,651998.000000,1.000000,1965096509014.000000,3504533.000000
652000,2,350458,0.600000,1.000000,0.664156,1.000000,0.000000,0,0.000000,651991.000000,1.000000,1965096509014.000000,3504533.000000
652000,3,350456,0.600000,1.000000,0.642569,1.000000,0.000000,0,0.000000,651884.000000,1.000000,1965096509014.000000,3504533.000000
652000,4,350447,0.600000,1.000000,0.581130,1.000000,0.000000,0,0.000000,651901.000000,1.000000,1965096509014.000000,3504533.000000
652000,5,350454,0.600000,1.000000,0.629624,1.000000,0.000000,0,0.000000,651896.000000,1.000000,1965096509014.000000,3504533.000000
652000,6,350458,0.600000,1.000000,0.824493,1.000000,0.000000,1,584193.000000,652000.000000,1.000000,1965096509014.000000,3504533.000000
652000,7,350453,0.600000,1.000000,0.569914,1.000000,0.000000,0,0.000000,651978.000000,1.000000,1965096509014.000000,3504533.000000
652000,8,350455,0.600000,1.000000,0.567069,1.000000,0.000000,0,0.000000,651968.000000,1.000000,1965096509014.000000,3504533.000000
652000,9,350459,0.600000,1.000000,0.623813,1.000000,0.000000,0,0.000000,651999.000000,1.000000,1965096509014.000000,3504533.000000
652000,10,350456,0.600000,1.000000,0.525997,1.000000,0.000000,0,0.000000,651744.000000,1.000000,1965096509014.000000,3504533.000000
652000,11,350457,0.600000,1.000000,0.630518,1.000000,0.000000,0,0.000000,651790.000000,1.000000,1965096509014.000000,3504533.000000
652000,12,350452,0.600000,1.000000,0.554010,1.000000,0.000000,0,0.000000,651789.000000,1.000000,1965096509014.000000,3504533.000000
652000,13,350453,0.600000,1.000000,0.530894,1.000000,0.000000,0,0.000000,651962.000000,1.000000,1965096509014.000000,3504533.000000
652000,14,350455,0.600000,1.000000,0.534788,1.000000,0.000000,0,0.000000,651953.000000,1.000000,1965096509014.000000,3504533.000000
652000,15,350445,0.600000,1.000000,0.531419,1.000000,0.000000,0,0.000000,651919.000000,1.000000,1965096509014.000000,3504533.000000
653000,0,350991,0.600000,1.000000,0.687978,1.000000,0.000000,0,0.000000,652935.000000,1.000000,1971076304837.000000,8423684.000000
653000,1,350983,0.600000,1.000000,0.500229,1.000000,0.000000,0,0.000000,652972.000000,1.000000,1971076304837.000000,8423684.000000
653000,2,350994,0.600000,1.000000,0.739246,1.000000,0.000000,1,584790.000000,653000.000000,1.000000,1971076304837.000000,8423684.000000
653000,3,350989,0.600000,1.000000,0.610372,1.000000,0.000000,0,0.000000,652976.000000,1.000000,1971076304837.000000,8423684.000000
653000,4,350990,0.600000,1.000000,0.795624,1.000000,0.000000,0,0.000000,652998.000000,1.000000,1971076304837.000000,8423684.000000
653000,5,350991,0.600000,1.000000,0.683290,1.000000,0.000000,0,0.000000,652989.000000,1.000000,1971076304837.000000,8423684.000000
653000,6,350987,0.600000,1.000000,0.646837,1.000000,0.000000,0,0.000000,652946.000000,1.000000,1971076304837.000000,8423684.000000
653000,7,350991,0.600000,1.000000,0.672519,1.000000,0.000000,0,0.000000,652928.000000,1.000000,1971076304837.000000,8423684.000000
653000,8,350977,0.600000,1.000000,0.575801,1.000000,0.000000,0,0.000000,652843.000000,1.000000,1971076304837.000000,8423684.000000
653000,9,350981,0.600000,1.000000,0.578348,1.000000,0.000000,0,0.000000,652805.000000,1.000000,1971076304837.000000,8423684.000000
653000,10,350983,0.600000,1.000000,0.564918,1.000000,0.000000,0,0.000000,652879.000000,1.000000,1971076304837.000000,8423684.000000
653000,11,350993,0.600000,1.000000,0.720894,1.000000,0.000000,0,0.000000,652996.000000,1.000000,1971076304837.000000,8423684.000000
653000,12,350988,0.600000,1.000000,0.681200,1.000000,0.000000,0,0.000000,652983.000000,1.000000,1971076304837.000000,8423684.000000
653000,13,350993,0.600000,1.000000,0.824260,1.000000,0.000000,0,0.000000,652999.000000,1.000000,1971076304837.000000,8423684.000000
653000,14,350983,0.600000,1.000000,0.633621,1.000000,0.000000,0,0.000000,652918.000000,1.000000,1971076304837.000000,8423684.000000
653000,15,350987,0.600000,1.000000,0.530748,1.000000,0.000000,0,0.000000,652977.000000,1.000000,1971076304837.000000,8423684.000000
654000,0,351539,0.600000,1.000000,0.786033,1.000000,0.000000,0,0.000000,653999.000000,1.000000,1977231106008.000000,3515371.000000
654000,1,351532,0.600000,1.000000,0.592242,1.000000,0.000000,0,0.000000,653903.000000,1.000000,1977231106008.000000,3515371.000000
654000,2,351538,0.600000,1.000000,0.697346,1.000000,0.000000,0,0.000000,653926.000000,1.000000,1977231106008.000000,3515371.000000
654000,3,351535,0.600000,1.000000,0.642556,1.000000,0.000000,0,0.000000,653979.000000,1.000000,1977231106008.000000,3515371.000000
654000,4,351525,0.600000,1.000000,0.601107,1.000000,0.000000,0,0.000000,653764.000000,1.000000,1977231106008.000000,3515371.000000
654000,5,351538,0.600000,1.000000,0.729982,1.000000,0.000000,0,0.000000,653996.000000,1.000000,1977231106008.000000,3515371.000000
654000,6,351537,0.600000,1.000000,0.658522,1.000000,0.000000,0,0.000000,653929.000000,1.000000,1977231106008.000000,3515371.000000
654000,7,351533,0.600000,1.000000,0.548445,1.000000,0.000000,0,0.000000,653893.000000,1.000000,1977231106008.000000,3515371.000000
654000,8,351540,0.600000,1.000000,0.771668,1.000000,0.000000,1,586018.000000,654000.000000,1.000000,1977231106008.000000,3515371.000000
654000,9,351532,0.600000,1.000000,0.630691,1.000000,0.000000,0,0.000000,653921.000000,1.000000,1977231106008.000000,3515371.000000
654000,10,351538,0.600000,1.000000,0.715246,1.000000,0.000000,0,0.000000,653950.000000,1.000000,1977231106008.000000,3515371.000000
654000,11,351529,0.600000,1.000000,0.643476,1.000000,0.000000,0,0.000000,653713.000000,1.000000,1977231106008.000000,3515371.000000
654000,12,351538,0.600000,1.000000,0.625717,1.000000,0.000000,0,0.000000,653994.000000,1.000000,1977231106008.000000,3515371.000000
654000,13,351539,0.600000,1.000000,0.815506,1.000000,0.000000,0,0.000000,653993.000000,1.000000,1977231106008.000000,3515371.000000
654000,14,351537,0.600000,1.000000,0.690245,1.000000,0.000000,0,0.000000,653889.000000,1.000000,1977231106008.000000,3515371.000000
654000,15,351532,0.600000,1.000000,0.669646,1.000000,0.000000,0,0.000000,653966.000000,1.000000,1977231106008.000000,3515371.000000
655000,0,352072,0.600000,1.000000,0.742922,1.000000,0.000000,0,0.000000,654974.000000,1.000000,1983222985210.000000,3520683.000000
655000,1,352070,0.600000,1.000000,0.731100,1.000000,0.000000,0,0.000000,654988.000000,1.000000,1983222985210.000000,3520683.000000
655000,2,352066,0.600000,1.000000,0.611476,1.000000,0.000000,0,0.000000,654926.000000,1.000000,1983222985210.000000,3520683.000000
655000,3,352051,0.600000,1.000000,0.639047,1.000000,0.000000,0,0.000000,654579.000000,1.000000,1983222985210.000000,3520683.000000
655000,4,352071,0.600000,1.000000,0.572998,1.000000,0.000000,0,0.000000,654887.000000,1.000000,1983222985210.000000,3520683.000000
655000,5,352069,0.600000,1.000000,0.652520,1.000000,0.000000,0,0.000000,654902.000000,1.000000,1983222985210.000000,3520683.000000
655000,6,352073,0.600000,1.000000,0.691489,1.000000,0.000000,1,586824.000000,655000.000000,1.000000,1983222985210.000000,3520683.000000
655000,7,352070,0.600000,1.000000,0.607253,1.000000,0.000000,0,0.000000,654932.000000,1.000000,1983222985210.000000,3520683.000000
655000,8,352066,0.600000,1.000000,0.657993,1.000000,0.000000,0,0.000000,654962.000000,1.000000,1983222985210.000000,3520683.000000
655000,9,352072,0.600000,1.000000,0.831043,1.000000,0.000000,0,0.000000,654998.000000,1.000000,1983222985210.000000,3520683.000000
655000,10,352068,0.600000,1.000000,0.706619,1.000000,0.000000,0,0.000000,654966.000000,1.000000,1983222985210.000000,3520683.000000
655000,11,352068,0.600000,1.000000,0.570564,1.000000,0.000000,0,0.000000,654947.000000,1.000000,1983222985210.000000,3520683.000000
655000,12,352072,0.600000,1.000000,0.787078,1.000000,0.000000,0,0.000000,654999.000000,1.000000,1983222985210.000000,3520683.000000
655000,13,352069,0.600000,1.000000,0.655335,1.000000,0.000000,0,0.000000,654963.000000,1.000000,1983222985210.000000,3520683.000000
655000,14,352067,0.600000,1.000000,0.675769,1.000000,0.000000,0,0.000000,654845.000000,1.000000,1983222985210.000000,3520683.000000
655000,15,352054,0.600000,1.000000,0.637734,1.000000,0.000000,0,0.000000,654620.000000,1.000000,1983222985210.000000,3520683.000000
656000,0,352601,0.600000,1.000000,0.647892,1.000000,0.000000,0,0.000000,655847.000000,1.000000,1989225339368.000000,7757207.000000
656000,1,352593,0.600000,1.000000,0.578041,1.000000,0.000000,0,0.000000,655891.000000,1.000000,1989225339368.000000,7757207.000000
656000,2,352603,0.600000,1.000000,0.765014,1.000000,0.000000,0,0.000000,655993.000000,1.000000,1989225339368.000000,7757207.000000
656000,3,352599,0.600000,1.000000,0.608949,1.000000,0.000000,0,0.000000,655908.000000,1.000000,1989225339368.000000,7757207.000000
656000,4,352596,0.600000,1.000000,0.620192,1.000000,0.000000,0,0.000000,655768.000000,1.000000,1989225339368.000000,7757207.000000
656000,5,352601,0.600000,1.000000,0.586305,1.000000,0.000000,0,0.000000,655995.000000,1.000000,1989225339368.000000,7757207.000000
656000,6,352600,0.600000,1.000000,0.634155,1.000000,0.000000,0,0.000000,655706.000000,1.000000,1989225339368.000000,7757207.000000
656000,7,352601,0.600000,1.000000,0.485079,1.000000,0.000000,0,0.000000,655889.000000,1.000000,1989225339368.000000,7757207.000000
656000,8,352598,0.600000,1.000000,0.516866,1.000000,0.000000,0,0.000000,655923.000000,1.000000,1989225339368.000000,7757207.000000
656000,9,352603,0.600000,1.000000,0.675170,1.000000,0.000000,0,0.000000,655999.000000,1.000000,1989225339368.000000,7757207.000000
656000,10,352603,0.600000,1.000000,0.606193,1.000000,0.000000,1,587765.000000,656000.000000,1.000000,1989225339368.000000,7757207.000000
656000,11,352593,0.600000,1.000000,0.587521,1.000000,0.000000,0,0.000000,655887.000000,1.000000,1989225339368.000000,7757207.000000
656000,12,352599,0.600000,1.000000,0.684780,1.000000,0.000000,0,0.000000,655963.000000,1.000000,1989225339368.000000,7757207.000000
656000,13,352603,0.600000,1.000000,0.638469,1.000000,0.000000,0,0.000000,655990.000000,1.000000,1989225339368.000000,7757207.000000
656000,14,352600,0.600000,1.000000,0.636050,1.000000,0.000000,0,0.000000,655991.000000,1.000000,1989225339368.000000,7757207.000000
656000,15,352603,0.600000,1.000000,0.654143,1.000000,0.000000,0,0.000000,655994.000000,1.000000,1989225339368.000000,7757207.000000
657000,0,353135,0.600000,1.000000,0.622755,1.000000,0.000000,0,0.000000,656773.000000,1.000000,1995331404058.000000,4943965.000000
657000,1,353133,0.600000,1.000000,0.566702,1.000000,0.000000,0,0.000000,656863.000000,1.000000,1995331404058.000000,4943965.000000
657000,2,353144,0.600000,1.000000,0.633389,1.000000,0.000000,0,0.000000,656910.000000,1.000000,1995331404058.000000,4943965.000000
657000,3,353143,0.600000,1.000000,0.737071,1.000000,0.000000,0,0.000000,656995.000000,1.000000,1995331404058.000000,4943965.000000
657000,4,353139,0.600000,1.000000,0.553147,1.000000,0.000000,0,0.000000,656909.000000,1.000000,1995331404058.000000,4943965.000000
657000,5,353144,0.600000,1.000000,0.712755,1.000000,0.000000,1,588624.000000,657000.000000,1.000000,1995331404058.000000,4943965.000000
657000,6,353141,0.600000,1.000000,0.717981,1.000000,0.000000,0,0.000000,656955.000000,1.000000,1995331404058.000000,4943965.000000
657000,7,353137,0.600000,1.000000,0.659241,1.000000,0.000000,0,0.000000,656779.000000,1.000000,1995331404058.000000,4943965.000000
657000,8,353142,0.600000,1.000000,0.676873,1.000000,0.000000,0,0.000000,656987.000000,1.000000,1995331404058.000000,4943965.000000
657000,9,353144,0.600000,1.000000,0.747175,1.000000,0.000000,0,0.000000,656999.000000,1.000000,1995331404058.000000,4943965.000000
657000,10,353141,0.600000,1.000000,0.766972,1.000000,0.000000,0,0.000000,656979.000000,1.000000,1995331404058.000000,4943965.000000
657000,11,353141,0.600000,1.000000,0.681363,1.000000,0.000000,0,0.000000,656914.000000,1.000000,1995331404058.000000,4943965.000000
657000,12,353143,0.600000,1.000000,0.688578,1.000000,0.000000,0,0.000000,656970.000000,1.000000,1995331404058.000000,4943965.000000
657000,13,353143,0.600000,1.000000,0.682451,1.000000,0.000000,0,0.000000,656972.000000,1.000000,1995331404058.000000,4943965.000000
657000,14,353134,0.600000,1.000000,0.567315,1.000000,0.000000,0,0.000000,656974.000000,1.000000,1995331404058.000000,4943965.000000
657000,15,353144,0.600000,1.000000,0.699485,1.000000,0.000000,0,0.000000,656988.000000,1.000000,1995331404058.000000,4943965.000000
658000,0,353685,0.600000,1.000000,0.616138,1.000000,0.000000,0,0.000000,657930.000000,1.000000,2001485023686.000000,9195781.000000
658000,1,353683,0.600000,1.000000,0.581567,1.000000,0.000000,0,0.000000,657980.000000,1.000000,2001485023686.000000,9195781.000000
658000,2,353689,0.600000,1.000000,0.767001,1.000000,0.000000,1,589368.000000,658000.000000,1.000000,2001485023686.000000,9195781.000000
658000,3,353689,0.600000,1.000000,0.585520,1.000000,0.000000,0,0.000000,657987.000000,1.000000,2001485023686.000000,9195781.000000
658000,4,353683,0.600000,1.000000,0.673516,1.000000,0.000000,0,0.000000,657848.000000,1.000000,2001485023686.000000,9195781.000000
658000,5,353676,0.600000,1.000000,0.519953,1.000000,0.000000,0,0.000000,657813.000000,1.000000,2001485023686.000000,9195781.000000
658000,6,353675,0.600000,1.000000,0.554608,1.000000,0.000000,0,0.000000,657957.000000,1.000000,2001485023686.000000,9195781.000000
658000,7,353686,0.600000,1.000000,0.652236,1.000000,0.000000,0,0.000000,657992.000000,1.000000,2001485023686.000000,9195781.000000
658000,8,353689,0.600000,1.000000,0.810794,1.000000,0.000000,0,0.000000,657999.000000,1.000000,2001485023686.000000,9195781.000000
658000,9,353680,0.600000,1.000000,0.619202,1.000000,0.000000,0,0.000000,657832.000000,1.000000,2001485023686.000000,9195781.000000
658000,10,353683,0.600000,1.000000,0.624276,1.000000,0.000000,0,0.000000,657945.000000,1.000000,2001485023686.000000,9195781.000000
658000,11,353688,0.600000,1.000000,0.729886,1.000000,0.000000,0,0.000000,657998.000000,1.000000,2001485023686.000000,9195781.000000
658000,12,353689,0.600000,1.000000,0.870884,1.000000,0.000000,0,0.000000,657996.000000,1.000000,2001485023686.000000,9195781.000000
658000,13,353687,0.600000,1.000000,0.735574,1.000000,0.000000,0,0.000000,657988.000000,1.000000,2001485023686.000000,9195781.000000
658000,14,353688,0.600000,1.000000,0.663085,1.000000,0.000000,0,0.000000,657917.000000,1.000000,2001485023686.000000,9195781.000000
658000,15,353684,0.600000,1.000000,0.709476,1.000000,0.000000,0,0.000000,657981.000000,1.000000,2001485023686.000000,9195781.000000
659000,0,354218,0.600000,1.000000,0.667255,1.000000,0.000000,0,0.000000,658911.000000,1.000000,2007495093432.000000,7084286.000000
659000,1,354213,0.600000,1.000000,0.595515,1.000000,0.000000,0,0.000000,658940.000000,1.000000,2007495093432.000000,7084286.000000
659000,2,354218,0.600000,1.000000,0.778252,1.000000,0.000000,0,0.000000,658994.000000,1.000000,2007495093432.000000,7084286.000000
659000,3,354216,0.600000,1.000000,0.649114,1.000000,0.000000,0,0.000000,658918.000000,1.000000,2007495093432.000000,7084286.000000
659000,4,354209,0.600000,1.000000,0.550120,1.000000,0.000000,0,0.000000,658961.000000,1.000000,2007495093432.000000,7084286.000000
659000,5,354219,0.600000,1.000000,0.714894,1.000000,0.000000,1,590323.000000,659000.000000,1.000000,2007495093432.000000,7084286.000000
659000,6,354215,0.600000,1.000000,0.707946,1.000000,0.000000,0,0.000000,658973.000000,1.000000,2007495093432.000000,7084286.000000
659000,7,354216,0.600000,1.000000,0.666790,1.000000,0.000000,0,0.000000,658965.000000,1.000000,2007495093432.000000,7084286.000000
659000,8,354216,0.600000,1.000000,0.619634,1.000000,0.000000,0,0.000000,658975.000000,1.000000,2007495093432.000000,7084286.000000
659000,9,354213,0.600000,1.000000,0.673849,1.000000,0.000000,0,0.000000,658988.000000,1.000000,2007495093432.000000,7084286.000000
659000,10,354214,0.600000,1.000000,0.623082,1.000000,0.000000,0,0.000000,658895.000000,1.000000,2007495093432.000000,7084286.000000
659000,11,354215,0.600000,1.000000,0.524953,1.000000,0.000000,0,0.000000,658957.000000,1.000000,2007495093432.000000,7084286.000000
659000,12,354217,0.600000,1.000000,0.752603,1.000000,0.000000,0,0.000000,658999.000000,1.000000,2007495093432.000000,7084286.000000
659000,13,354218,0.600000,1.000000,0.697177,1.000000,0.000000,0,0.000000,658899.000000,1.000000,2007495093432.000000,7084286.000000
659000,14,354211,0.600000,1.000000,0.642990,1.000000,0.000000,0,0.000000,658813.000000,1.000000,2007495093432.000000,7084286.000000
659000,15,354216,0.600000,1.000000,0.780191,1.000000,0.000000,0,0.000000,658825.000000,1.000000,2007495093432.000000,7084286.000000
660000,0,354756,0.600000,1.000000,0.675516,1.000000,0.000000,0,0.000000,659999.000000,1.000000,2013579447242.000000,7095028.000000
660000,1,354750,0.600000,1.000000,0.630271,1.000000,0.000000,0,0.000000,659982.000000,1.000000,2013579447242.000000,7095028.000000
660000,2,354754,0.600000,1.000000,0.687851,1.000000,0.000000,0,0.000000,659985.000000,1.000000,2013579447242.000000,7095028.000000
660000,3,354756,0.600000,1.000000,0.675740,1.000000,0.000000,1,592131.000000,660000.000000,1.000000,2013579447242.000000,7095028.000000
660000,4,354746,0.600000,1.000000,0.576750,1.000000,0.000000,0,0.000000,659861.000000,1.000000,2013579447242.000000,7095028.000000
660000,5,354756,0.600000,1.000000,0.756601,1.000000,0.000000,0,0.000000,659998.000000,1.000000,2013579447242.000000,7095028.000000
660000,6,354754,0.600000,1.000000,0.767670,1.000000,0.000000,0,0.000000,659997.000000,1.000000,2013579447242.000000,7095028.000000
660000,7,354748,0.600000,1.000000,0.632831,1.000000,0.000000,0,0.000000,659923.000000,1.000000,2013579447242.000000,7095028.000000
660000,8,354749,0.600000,1.000000,0.646481,1.000000,0.000000,0,0.000000,659976.000000,1.000000,2013579447242.000000,7095028.000000
660000,9,354745,0.600000,1.000000,0.653797,1.000000,0.000000,0,0.000000,659758.000000,1.000000,2013579447242.000000,7095028.000000
660000,10,354755,0.600000,1.000000,0.603990,1.000000,0.000000,0,0.000000,659990.000000,1.000000,2013579447242.000000,7095028.000000
660000,11,354752,0.600000,1.000000,0.695292,1.000000,0.000000,0,0.000000,659991.000000,1.000000,2013579447242.000000,7095028.000000
660000,12,354749,0.600000,1.000000,0.643300,1.000000,0.000000,0,0.000000,659947.000000,1.000000,2013579447242.000000,7095028.000000
660000,13,354754,0.600000,1.000000,0.735619,1.000000,0.000000,0,0.000000,659996.000000,1.000000,2013579447242.000000,7095028.000000
660000,14,354749,0.600000,1.000000,0.642304,1.000000,0.000000,0,0.000000,659744.000000,1.000000,2013579447242.000000,7095028.000000
660000,15,354753,0.600000,1.000000,0.611204,1.000000,0.000000,0,0.000000,659984.000000,1.000000,2013579447242.000000,7095028.000000
661000,0,355285,0.600000,1.000000,0.643297,1.000000,0.000000,1,591451.000000,661000.000000,1.000000,2019599108094.000000,7105650.000000
661000,1,355274,0.600000,1.000000,0.774416,1.000000,0.000000,0,0.000000,660719.000000,1.000000,2019599108094.000000,7105650.000000
661000,2,355284,0.600000,1.000000,0.782321,1.000000,0.000000,0,0.000000,660999.000000,1.000000,2019599108094.000000,7105650.000000
661000,3,355277,0.600000,1.000000,0.716415,1.000000,0.000000,0,0.000000,660897.000000,1.000000,2019599108094.000000,7105650.000000
661000,4,355276,0.600000,1.000000,0.600653,1.000000,0.000000,0,0.000000,660903.000000,1.000000,2019599108094.000000,7105650.000000
661000,5,355283,0.600000,1.000000,0.628376,1.000000,0.000000,0,0.000000,660974.000000,1.000000,2019599108094.000000,7105650.000000
661000,6,355282,0.600000,1.000000,0.684264,1.000000,0.000000,0,0.000000,660995.000000,1.000000,2019599108094.000000,7105650.000000
661000,7,355285,0.600000,1.000000,0.611825,1.000000,0.000000,0,0.000000,660996.000000,1.000000,2019599108094.000000,7105650.000000
661000,8,355284,0.600000,1.000000,0.693867,1.000000,0.000000,0,0.000000,660936.000000,1.000000,2019599108094.000000,7105650.000000
661000,9,355284,0.600000,1.000000,0.870200,1.000000,0.000000,0,0.000000,660980.000000,1.000000,2019599108094.000000,7105650.000000
661000,10,355280,0.600000,1.000000,0.660344,1.000000,0.000000,0,0.000000,660975.000000,1.000000,2019599108094.000000,7105650.000000
661000,11,355280,0.600000,1.000000,0.720515,1.000000,0.000000,0,0.000000,660961.000000,1.000000,2019599108094.000000,7105650.000000
661000,12,355276,0.600000,1.000000,0.515238,1.000000,0.000000,0,0.000000,660931.000000,1.000000,2019599108094.000000,7105650.000000
661000,13,355285,0.600000,1.000000,0.731631,1.000000,0.000000,0,0.000000,660991.000000,1.000000,2019599108094.000000,7105650.000000
661000,14,355284,0.600000,1.000000,0.678815,1.000000,0.000000,0,0.000000,660981.000000,1.000000,2019599108094.000000,7105650.000000
661000,15,355285,0.600000,1.000000,0.823315,1.000000,0.000000,0,0.000000,660998.000000,1.000000,2019599108094.000000,7105650.000000
662000,0,355831,0.600000,1.000000,0.686326,1.000000,0.000000,0,0.000000,661984.000000,1.000000,2025848362450.000000,6404931.000000
662000,1,355833,0.600000,1.000000,0.704619,1.000000,0.000000,0,0.000000,661916.000000,1.000000,2025848362450.000000,6404931.000000
662000,2,355831,0.600000,1.000000,0.633997,1.000000,0.000000,0,0.000000,661990.000000,1.000000,2025848362450.000000,6404931.000000
662000,3,355834,0.600000,1.000000,0.723117,1.000000,0.000000,0,0.000000,661999.000000,1.000000,2025848362450.000000,6404931.000000
662000,4,355833,0.600000,1.000000,0.714850,1.000000,0.000000,0,0.000000,661989.000000,1.000000,2025848362450.000000,6404931.000000
662000,5,355825,0.600000,1.000000,0.711301,1.000000,0.000000,0,0.000000,661900.000000,1.000000,2025848362450.000000,6404931.000000
662000,6,355829,0.600000,1.000000,0.623312,1.000000,0.000000,0,0.000000,661966.000000,1.000000,2025848362450.000000,6404931.000000
662000,7,355831,0.600000,1.000000,0.577869,1.000000,0.000000,0,0.000000,661982.000000,1.000000,2025848362450.000000,6404931.000000
662000,8,355835,0.600000,1.000000,0.594412,1.000000,0.000000,1,593133.000000,662000.000000,1.000000,2025848362450.000000,6404931.000000
662000,9,355829,0.600000,1.000000,0.587765,1.000000,0.000000,0,0.000000,661971.000000,1.000000,2025848362450.000000,6404931.000000
662000,10,355832,0.600000,1.000000,0.733357,1.000000,0.000000,0,0.000000,661817.000000,1.000000,2025848362450.000000,6404931.000000
662000,11,355832,0.600000,1.000000,0.604948,1.000000,0.000000,0,0.000000,661965.000000,1.000000,2025848362450.000000,6404931.000000
662000,12,355832,0.600000,1.000000,0.643446,1.000000,0.000000,0,0.000000,661977.000000,1.000000,2025848362450.000000,6404931.000000
662000,13,355827,0.600000,1.000000,0.588741,1.000000,0.000000,0,0.000000,661904.000000,1.000000,2025848362450.000000,6404931.000000
662000,14,355832,0.600000,1.000000,0.673786,1.000000,0.000000,0,0.000000,661981.000000,1.000000,2025848362450.000000,6404931.000000
662000,15,355826,0.600000,1.000000,0.601710,1.000000,0.000000,0,0.000000,661859.000000,1.000000,2025848362450.000000,6404931.000000
663000,0,356355,0.600000,1.000000,0.628085,1.000000,0.000000,0,0.000000,662877.000000,1.000000,2031839281610.000000,5701710.000000
663000,1,356349,0.600000,1.000000,0.583507,1.000000,0.000000,0,0.000000,662912.000000,1.000000,2031839281610.000000,5701710.000000
663000,2,356360,0.600000,1.000000,0.584591,1.000000,0.000000,1,593773.000000,663000.000000,1.000000,2031839281610.000000,5701710.000000
663000,3,356360,0.600000,1.000000,0.720856,1.000000,0.000000,0,0.000000,662999.000000,1.000000,2031839281610.000000,5701710.000000
663000,4,356360,0.600000,1.000000,0.615843,1.000000,0.000000,0,0.000000,662982.000000,1.000000,2031839281610.000000,5701710.000000
663000,5,356356,0.600000,1.000000,0.620033,1.000000,0.000000,0,0.000000,662993.000000,1.000000,2031839281610.000000,5701710.000000
663000,6,356358,0.600000,1.000000,0.588217,1.000000,0.000000,0,0.000000,662984.000000,1.000000,2031839281610.000000,5701710.000000
663000,7,356358,0.600000,1.000000,0.699629,1.000000,0.000000,0,0.000000,662997.000000,1.000000,2031839281610.000000,5701710.000000
663000,8,356356,0.600000,1.000000,0.611591,1.000000,0.000000,0,0.000000,662951.000000,1.000000,2031839281610.000000,5701710.000000
663000,9,356357,0.600000,1.000000,0.640316,1.000000,0.000000,0,0.000000,662828.000000,1.000000,2031839281610.000000,5701710.000000
663000,10,356352,0.600000,1.000000,0.651691,1.000000,0.000000,0,0.000000,662904.000000,1.000000,2031839281610.000000,5701710.000000
663000,11,356355,0.600000,1.000000,0.617116,1.000000,0.000000,0,0.000000,662873.000000,1.000000,2031839281610.000000,5701710.000000
663000,12,356358,0.600000,1.000000,0.684145,1.000000,0.000000,0,0.000000,662998.000000,1.000000,2031839281610.000000,5701710.000000
663000,13,356355,0.600000,1.000000,0.754914,1.000000,0.000000,0,0.000000,662734.000000,1.000000,2031839281610.000000,5701710.000000
663000,14,356356,0.600000,1.000000,0.630750,1.000000,0.000000,0,0.000000,662994.000000,1.000000,2031839281610.000000,5701710.000000
663000,15,356359,0.600000,1.000000,0.657413,1.000000,0.000000,0,0.000000,662995.000000,1.000000,2031839281610.000000,5701710.000000
664000,0,356891,0.600000,1.000000,0.731348,1.000000,0.000000,0,0.000000,663512.000000,1.000000,2037981088005.000000,4996493.000000
664000,1,356900,0.600000,1.000000,0.651746,1.000000,0.000000,1,595095.000000,664000.000000,1.000000,2037981088005.000000,4996493.000000
664000,2,356896,0.600000,1.000000,0.588670,1.000000,0.000000,0,0.000000,663974.000000,1.000000,2037981088005.000000,4996493.000000
664000,3,356876,0.600000,1.000000,0.728406,1.000000,0.000000,0,0.000000,663668.000000,1.000000,2037981088005.000000,4996493.000000
664000,4,356900,0.600000,1.000000,0.665031,1.000000,0.000000,0,0.000000,663987.000000,1.000000,2037981088005.000000,4996493.000000
664000,5,356898,0.600000,1.000000,0.610752,1.000000,0.000000,0,0.000000,663934.000000,1.000000,2037981088005.000000,4996493.000000
664000,6,356895,0.600000,1.000000,0.565217,1.000000,0.000000,0,0.000000,663936.000000,1.000000,2037981088005.000000,4996493.000000
664000,7,356900,0.600000,1.000000,0.814352,1.000000,0.000000,0,0.000000,663999.000000,1.000000,2037981088005.000000,4996493.000000
664000,8,356900,0.600000,1.000000,0.725146,1.000000,0.000000,0,0.000000,663997.000000,1.000000,2037981088005.000000,4996493.000000
664000,9,356898,0.600000,1.000000,0.655314,1.000000,0.000000,0,0.000000,663989.000000,1.000000,2037981088005.000000,4996493.000000
664000,10,356890,0.600000,1.000000,0.562253,1.000000,0.000000,0,0.000000,663911.000000,1.000000,2037981088005.000000,4996493.000000
664000,11,356897,0.600000,1.000000,0.700394,1.000000,0.000000,0,0.000000,663977.000000,1.000000,2037981088005.000000,4996493.000000
664000,12,356891,0.600000,1.000000,0.599893,1.000000,0.000000,0,0.000000,663908.000000,1.000000,2037981088005.000000,4996493.000000
664000,13,356897,0.600000,1.000000,0.602298,1.000000,0.000000,0,0.000000,663958.000000,1.000000,2037981088005.000000,4996493.000000
664000,14,356892,0.600000,1.000000,0.818335,1.000000,0.000000,0,0.000000,663988.000000,1.000000,2037981088005.000000,4996493.000000
664000,15,356894,0.600000,1.000000,0.607356,1.000000,0.000000,0,0.000000,663959.000000,1.000000,2037981088005.000000,4996493.000000
665000,0,357434,0.600000,1.000000,0.690083,1.000000,0.000000,0,0.000000,664998.000000,1.000000,2044108571979.000000,6433735.000000
665000,1,357431,0.600000,1.000000,0.563359,1.000000,0.000000,0,0.000000,664983.000000,1.000000,2044108571979.000000,6433735.000000
665000,2,357433,0.600000,1.000000,0.550460,1.000000,0.000000,0,0.000000,664965.000000,1.000000,2044108571979.000000,6433735.000000
665000,3,357433,0.600000,1.000000,0.675873,1.000000,0.000000,0,0.000000,664984.000000,1.000000,2044108571979.000000,6433735.000000
665000,4,357415,0.600000,1.000000,0.514011,1.000000,0.000000,0,0.000000,664467.000000,1.000000,2044108571979.000000,6433735.000000
665000,5,357434,0.600000,1.000000,0.734394,1.000000,0.000000,0,0.000000,664919.000000,1.000000,2044108571979.000000,6433735.000000
665000,6,357425,0.600000,1.000000,0.636450,1.000000,0.000000,0,0.000000,664798.000000,1.000000,2044108571979.000000,6433735.000000
665000,7,357434,0.600000,1.000000,0.728253,1.000000,0.000000,0,0.000000,664986.000000,1.000000,2044108571979.000000,6433735.000000
665000,8,357428,0.600000,1.000000,0.763916,1.000000,0.000000,0,0.000000,664736.000000,1.000000,2044108571979.000000,6433735.000000
665000,9,357435,0.600000,1.000000,0.641535,1.000000,0.000000,0,0.000000,664990.000000,1.000000,2044108571979.000000,6433735.000000
665000,10,357431,0.600000,1.000000,0.525130,1.000000,0.000000,0,0.000000,664976.000000,1.000000,2044108571979.000000,6433735.000000
665000,11,357434,0.600000,1.000000,0.723033,1.000000,0.000000,1,596723.000000,665000.000000,1.000000,2044108571979.000000,6433735.000000
665000,12,357434,0.600000,1.000000,0.655640,1.000000,0.000000,0,0.000000,664997.000000,1.000000,2044108571979.000000,6433735.000000
665000,13,357428,0.600000,1.000000,0.761127,1.000000,0.000000,0,0.000000,664878.000000,1.000000,2044108571979.000000,6433735.000000
665000,14,357430,0.600000,1.000000,0.673310,1.000000,0.000000,0,0.000000,664770.000000,1.000000,2044108571979.000000,6433735.000000
665000,15,357434,0.600000,1.000000,0.643552,1.000000,0.000000,0,0.000000,664999.000000,1.000000,2044108571979.000000,6433735.000000
666000,0,357969,0.600000,1.000000,0.825864,1.000000,0.000000,0,0.000000,665999.000000,1.000000,2050226639487.000000,5727466.000000
666000,1,357968,0.600000,1.000000,0.632861,1.000000,0.000000,0,0.000000,665976.000000,1.000000,2050226639487.000000,5727466.000000
666000,2,357966,0.600000,1.000000,0.613998,1.000000,0.000000,0,0.000000,665973.000000,1.000000,2050226639487.000000,5727466.000000
666000,3,357969,0.600000,1.000000,0.646559,1.000000,0.000000,0,0.000000,665941.000000,1.000000,2050226639487.000000,5727466.000000
666000,4,357969,0.600000,1.000000,0.627834,1.000000,0.000000,0,0.000000,665953.000000,1.000000,2050226639487.000000,5727466.000000
666000,5,357957,0.600000,1.000000,0.570256,1.000000,0.000000,0,0.000000,665610.000000,1.000000,2050226639487.000000,5727466.000000
666000,6,357960,0.600000,1.000000,0.599000,1.000000,0.000000,0,0.000000,665952.000000,1.000000,2050226639487.000000,5727466.000000
666000,7,357960,0.600000,1.000000,0.566983,1.000000,0.000000,0,0.000000,665940.000000,1.000000,2050226639487.000000,5727466.000000
666000,8,357962,0.600000,1.000000,0.645730,1.000000,0.000000,0,0.000000,665967.000000,1.000000,2050226639487.000000,5727466.000000
666000,9,357969,0.600000,1.000000,0.613586,1.000000,0.000000,1,596916.000000,666000.000000,1.000000,2050226639487.000000,5727466.000000
666000,10,357964,0.600000,1.000000,0.667298,1.000000,0.000000,0,0.000000,665955.000000,1.000000,2050226639487.000000,5727466.000000
666000,11,357968,0.600000,1.000000,0.818925,1.000000,0.000000,0,0.000000,665997.000000,1.000000,2050226639487.000000,5727466.000000
666000,12,357964,0.600000,1.000000,0.614424,1.000000,0.000000,0,0.000000,665970.000000,1.000000,2050226639487.000000,5727466.000000
666000,13,357969,0.600000,1.000000,0.670752,1.000000,0.000000,0,0.000000,665985.000000,1.000000,2050226639487.000000,5727466.000000
666000,14,357968,0.600000,1.000000,0.577493,1.000000,0.000000,0,0.000000,665988.000000,1.000000,2050226639487.000000,5727466.000000
666000,15,357963,0.600000,1.000000,0.841988,1.000000,0.000000,0,0.000000,665549.000000,1.000000,2050226639487.000000,5727466.000000
667000,0,358501,0.600000,1.000000,0.706040,1.000000,0.000000,0,0.000000,666985.000000,1.000000,2056373925311.000000,5736016.000000
667000,1,358504,0.600000,1.000000,0.691128,1.000000,0.000000,0,0.000000,666919.000000,1.000000,2056373925311.000000,5736016.000000
667000,2,358505,0.600000,1.000000,0.683727,1.000000,0.000000,0,0.000000,666996.000000,1.000000,2056373925311.000000,5736016.000000
667000,3,358489,0.600000,1.000000,0.635258,1.000000,0.000000,0,0.000000,666845.000000,1.000000,2056373925311.000000,5736016.000000
667000,4,358504,0.600000,1.000000,0.612739,1.000000,0.000000,0,0.000000,666954.000000,1.000000,2056373925311.000000,5736016.000000
667000,5,358504,0.600000,1.000000,0.606778,1.000000,0.000000,0,0.000000,666998.000000,1.000000,2056373925311.000000,5736016.000000
667000,6,358503,0.600000,1.000000,0.719618,1.000000,0.000000,0,0.000000,666994.000000,1.000000,2056373925311.000000,5736016.000000
667000,7,358496,0.600000,1.000000,0.572292,1.000000,0.000000,0,0.000000,666880.000000,1.000000,2056373925311.000000,5736016.000000
667000,8,358497,0.600000,1.000000,0.672388,1.000000,0.000000,0,0.000000,666857.000000,1.000000,2056373925311.000000,5736016.000000
667000,9,358504,0.600000,1.000000,0.697925,1.000000,0.000000,0,0.000000,666881.000000,1.000000,2056373925311.000000,5736016.000000
667000,10,358502,0.600000,1.000000,0.604364,1.000000,0.000000,0,0.000000,666991.000000,1.000000,2056373925311.000000,5736016.000000
667000,11,358505,0.600000,1.000000,0.811055,1.000000,0.000000,1,598634.000000,667000.000000,1.000000,2056373925311.000000,5736016.000000
667000,12,358504,0.600000,1.000000,0.584101,1.000000,0.000000,0,0.000000,666992.000000,1.000000,2056373925311.000000,5736016.000000
667000,13,358502,0.600000,1.000000,0.645269,1.000000,0.000000,0,0.000000,666981.000000,1.000000,2056373925311.000000,5736016.000000
667000,14,358501,0.600000,1.000000,0.688043,1.000000,0.000000,0,0.000000,666987.000000,1.000000,2056373925311.000000,5736016.000000
667000,15,358504,0.600000,1.000000,0.737212,1.000000,0.000000,0,0.000000,666997.000000,1.000000,2056373925311.000000,5736016.000000
668000,0,359031,0.600000,1.000000,0.531440,1.000000,0.000000,0,0.000000,667977.000000,1.000000,2062483020307.000000,7898715.000000
668000,1,359037,0.600000,1.000000,0.757287,1.000000,0.000000,0,0.000000,667997.000000,1.000000,2062483020307.000000,7898715.000000
668000,2,359032,0.600000,1.000000,0.680020,1.000000,0.000000,0,0.000000,667986.000000,1.000000,2062483020307.000000,7898715.000000
668000,3,359030,0.600000,1.000000,0.738482,1.000000,0.000000,0,0.000000,667942.000000,1.000000,2062483020307.000000,7898715.000000
668000,4,359038,0.600000,1.000000,0.682902,1.000000,0.000000,0,0.000000,667991.000000,1.000000,2062483020307.000000,7898715.000000
668000,5,359035,0.600000,1.000000,0.612337,1.000000,0.000000,0,0.000000,667974.000000,1.000000,2062483020307.000000,7898715.000000
668000,6,359034,0.600000,1.000000,0.730925,1.000000,0.000000,0,0.000000,667993.000000,1.000000,2062483020307.000000,7898715.000000
668000,7,359028,0.600000,1.000000,0.611264,1.000000,0.000000,0,0.000000,667983.000000,1.000000,2062483020307.000000,7898715.000000
668000,8,359034,0.600000,1.000000,0.647942,1.000000,0.000000,0,0.000000,667955.000000,1.000000,2062483020307.000000,7898715.000000
668000,9,359033,0.600000,1.000000,0.573814,1.000000,0.000000,0,0.000000,667928.000000,1.000000,2062483020307.000000,7898715.000000
668000,10,359035,0.600000,1.000000,0.709815,1.000000,0.000000,0,0.000000,667282.000000,1.000000,2062483020307.000000,7898715.000000
668000,11,359028,0.600000,1.000000,0.559572,1.000000,0.000000,0,0.000000,667896.000000,1.000000,2062483020307.000000,7898715.000000
668000,12,359037,0.600000,1.000000,0.647747,1.000000,0.000000,0,0.000000,667952.000000,1.000000,2062483020307.000000,7898715.000000
668000,13,359037,0.600000,1.000000,0.836879,1.000000,0.000000,1,599068.000000,668000.000000,1.000000,2062483020307.000000,7898715.000000
668000,14,359034,0.600000,1.000000,0.582338,1.000000,0.000000,0,0.000000,667929.000000,1.000000,2062483020307.000000,7898715.000000
668000,15,359036,0.600000,1.000000,0.716517,1.000000,0.000000,0,0.000000,667921.000000,1.000000,2062483020307.000000,7898715.000000
669000,0,359574,0.600000,1.000000,0.667002,1.000000,0.000000,0,0.000000,668991.000000,1.000000,2068667337051.000000,3595693.000000
669000,1,359572,0.600000,1.000000,0.704044,1.000000,0.000000,0,0.000000,668986.000000,1.000000,2068667337051.000000,3595693.000000
669000,2,359575,0.600000,1.000000,0.625676,1.000000,0.000000,1,599069.000000,669000.000000,1.000000,2068667337051.000000,3595693.000000
669000,3,359569,0.600000,1.000000,0.610896,1.000000,0.000000,0,0.000000,668961.000000,1.000000,2068667337051.000000,3595693.000000
669000,4,359574,0.600000,1.000000,0.652102,1.000000,0.000000,0,0.000000,668989.000000,1.000000,2068667337051.000000,3595693.000000
669000,5,359575,0.600000,1.000000,0.823544,1.000000,0.000000,0,0.000000,668998.000000,1.000000,2068667337051.000000,3595693.000000
669000,6,359568,0.600000,1.000000,0.506024,1.000000,0.000000,0,0.000000,668934.000000,1.000000,2068667337051.000000,3595693.000000
669000,7,359569,0.600000,1.000000,0.583930,1.000000,0.000000,0,0.000000,668932.000000,1.000000,2068667337051.000000,3595693.000000
669000,8,359568,0.600000,1.000000,0.608968,1.000000,0.000000,0,0.000000,668558.000000,1.000000,2068667337051.000000,3595693.000000
669000,9,359570,0.600000,1.000000,0.570680,1.000000,0.000000,0,0.000000,668958.000000,1.000000,2068667337051.000000,3595693.000000
669000,10,359569,0.600000,1.000000,0.570544,1.000000,0.000000,0,0.000000,668968.000000,1.000000,2068667337051.000000,3595693.000000
669000,11,359574,0.600000,1.000000,0.704372,1.000000,0.000000,0,0.000000,668993.000000,1.000000,2068667337051.000000,3595693.000000
669000,12,359568,0.600000,1.000000,0.450480,1.000000,0.000000,0,0.000000,668862.000000,1.000000,2068667337051.000000,3595693.000000
669000,13,359573,0.600000,1.000000,0.664378,1.000000,0.000000,0,0.000000,668996.000000,1.000000,2068667337051.000000,3595693.000000
669000,14,359573,0.600000,1.000000,0.700128,1.000000,0.000000,0,0.000000,668974.000000,1.000000,2068667337051.000000,3595693.000000
669000,15,359574,0.600000,1.000000,0.662520,1.000000,0.000000,0,0.000000,668988.000000,1.000000,2068667337051.000000,3595693.000000
670000,0,360102,0.600000,1.000000,0.622221,1.000000,0.000000,0,0.000000,669995.000000,1.000000,2074723352748.000000,7922093.000000
670000,1,360090,0.600000,1.000000,0.542660,1.000000,0.000000,0,0.000000,669882.000000,1.000000,2074723352748.000000,7922093.000000
670000,2,360101,0.600000,1.000000,0.739854,1.000000,0.000000,0,0.000000,669998.000000,1.000000,2074723352748.000000,7922093.000000
670000,3,360096,0.600000,1.000000,0.515108,1.000000,0.000000,0,0.000000,669949.000000,1.000000,2074723352748.000000,7922093.000000
670000,4,360097,0.600000,1.000000,0.692671,1.000000,0.000000,0,0.000000,669886.000000,1.000000,2074723352748.000000,7922093.000000
670000,5,360096,0.600000,1.000000,0.530742,1.000000,0.000000,0,0.000000,669449.000000,1.000000,2074723352748.000000,7922093.000000
670000,6,360101,0.600000,1.000000,0.537094,1.000000,0.000000,0,0.000000,669986.000000,1.000000,2074723352748.000000,7922093.000000
670000,7,360105,0.600000,1.000000,0.708602,1.000000,0.000000,1,601620.000000,670000.000000,1.000000,2074723352748.000000,7922093.000000
670000,8,360104,0.600000,1.000000,0.801995,1.000000,0.000000,0,0.000000,669999.000000,1.000000,2074723352748.000000,7922093.000000
670000,9,360078,0.600000,1.000000,0.684678,1.000000,0.000000,0,0.000000,669641.000000,1.000000,2074723352748.000000,7922093.000000
670000,10,360100,0.600000,1.000000,0.728047,1.000000,0.000000,0,0.000000,669981.000000,1.000000,2074723352748.000000,7922093.000000
670000,11,360094,0.600000,1.000000,0.668666,1.000000,0.000000,0,0.000000,669560.000000,1.000000,2074723352748.000000,7922093.000000
670000,12,360102,0.600000,1.000000,0.747790,1.000000,0.000000,0,0.000000,669994.000000,1.000000,2074723352748.000000,7922093.000000
670000,13,360096,0.600000,1.000000,0.605142,1.000000,0.000000,0,0.000000,669984.000000,1.000000,2074723352748.000000,7922093.000000
670000,14,360096,0.600000,1.000000,0.693544,1.000000,0.000000,0,0.000000,669958.000000,1.000000,2074723352748.000000,7922093.000000
670000,15,360102,0.600000,1.000000,0.639131,1.000000,0.000000,0,0.000000,669990.000000,1.000000,2074723352748.000000,7922093.000000
671000,0,360640,0.600000,1.000000,0.659578,1.000000,0.000000,0,0.000000,670997.000000,1.000000,2080985124024.000000,6491539.000000
671000,1,360644,0.600000,1.000000,0.694758,1.000000,0.000000,1,601278.000000,671000.000000,1.000000,2080985124024.000000,6491539.000000
671000,2,360639,0.600000,1.000000,0.745454,1.000000,0.000000,0,0.000000,670992.000000,1.000000,2080985124024.000000,6491539.000000
671000,3,360637,0.600000,1.000000,0.547539,1.000000,0.000000,0,0.000000,670887.000000,1.000000,2080985124024.000000,6491539.000000
671000,4,360642,0.600000,1.000000,0.606757,1.000000,0.000000,0,0.000000,670994.000000,1.000000,2080985124024.000000,6491539.000000
671000,5,360640,0.600000,1.000000,0.601296,1.000000,0.000000,0,0.000000,670987.000000,1.000000,2080985124024.000000,6491539.000000
671000,6,360630,0.600000,1.000000,0.709440,1.000000,0.000000,0,0.000000,670921.000000,1.000000,2080985124024.000000,6491539.000000
671000,7,360642,0.600000,1.000000,0.668908,1.000000,0.000000,0,0.000000,670973.000000,1.000000,2080985124024.000000,6491539.000000
671000,8,360643,0.600000,1.000000,0.758254,1.000000,0.000000,0,0.000000,670562.000000,1.000000,2080985124024.000000,6491539.000000
671000,9,360641,0.600000,1.000000,0.614854,1.000000,0.000000,0,0.000000,670960.000000,1.000000,2080985124024.000000,6491539.000000
671000,10,360641,0.600000,1.000000,0.653599,1.000000,0.000000,0,0.000000,670996.000000,1.000000,2080985124024.000000,6491539.000000
671000,11,360638,0.600000,1.000000,0.622497,1.000000,0.000000,0,0.000000,670986.000000,1.000000,2080985124024.000000,6491539.000000
671000,12,360643,0.600000,1.000000,0.682628,1.000000,0.000000,0,0.000000,670999.000000,1.000000,2080985124024.000000,6491539.000000
671000,13,360644,0.600000,1.000000,0.680160,1.000000,0.000000,0,0.000000,670989.000000,1.000000,2080985124024.000000,6491539.000000
671000,14,360643,0.600000,1.000000,0.648530,1.000000,0.000000,0,0.000000,670998.000000,1.000000,2080985124024.000000,6491539.000000
671000,15,360641,0.600000,1.000000,0.711068,1.000000,0.000000,0,0.000000,670908.000000,1.000000,2080985124024.000000,6491539.000000
672000,0,361176,0.600000,1.000000,0.655973,1.000000,0.000000,0,0.000000,671986.000000,1.000000,2087211544424.000000,1444724.000000
672000,1,361182,0.600000,1.000000,0.724125,1.000000,0.000000,0,0.000000,671989.000000,1.000000,2087211544424.000000,1444724.000000
672000,2,361180,0.600000,1.000000,0.617413,1.000000,0.000000,0,0.000000,671983.000000,1.000000,2087211544424.000000,1444724.000000
672000,3,361179,0.600000,1.000000,0.618790,1.000000,0.000000,0,0.000000,671975.000000,1.000000,2087211544424.000000,1444724.000000
672000,4,361181,0.600000,1.000000,0.729678,1.000000,0.000000,0,0.000000,671984.000000,1.000000,2087211544424.000000,1444724.000000
672000,5,361182,0.600000,1.000000,0.672257,1.000000,0.000000,1,602097.000000,672000.000000,1.000000,2087211544424.000000,1444724.000000
672000,6,361180,0.600000,1.000000,0.601718,1.000000,0.000000,0,0.000000,671916.000000,1.000000,2087211544424.000000,1444724.000000
672000,7,361180,0.600000,1.000000,0.603028,1.000000,0.000000,0,0.000000,671993.000000,1.000000,2087211544424.000000,1444724.000000
672000,8,361182,0.600000,1.000000,0.770662,1.000000,0.000000,0,0.000000,671999.000000,1.000000,2087211544424.000000,1444724.000000
672000,9,361182,0.600000,1.000000,0.689577,1.000000,0.000000,0,0.000000,671990.000000,1.000000,2087211544424.000000,1444724.000000
672000,10,361183,0.600000,1.000000,0.667264,1.000000,0.000000,0,0.000000,671992.000000,1.000000,2087211544424.000000,1444724.000000
672000,11,361181,0.600000,1.000000,0.704324,1.000000,0.000000,0,0.000000,671982.000000,1.000000,2087211544424.000000,1444724.000000
672000,12,361171,0.600000,1.000000,0.624674,1.000000,0.000000,0,0.000000,671900.000000,1.000000,2087211544424.000000,1444724.000000
672000,13,361179,0.600000,1.000000,0.650110,1.000000,0.000000,0,0.000000,671980.000000,1.000000,2087211544424.000000,1444724.000000
672000,14,361183,0.600000,1.000000,0.633957,1.000000,0.000000,0,0.000000,671953.000000,1.000000,2087211544424.000000,1444724.000000
672000,15,361173,0.600000,1.000000,0.444886,1.000000,0.000000,0,0.000000,671826.000000,1.000000,2087211544424.000000,1444724.000000
673000,0,361713,0.600000,1.000000,0.726469,1.000000,0.000000,0,0.000000,672735.000000,1.000000,2093385774001.000000,4340548.000000
673000,1,361715,0.600000,1.000000,0.638251,1.000000,0.000000,0,0.000000,672994.000000,1.000000,2093385774001.000000,4340548.000000
673000,2,361716,0.600000,1.000000,0.688705,1.000000,0.000000,0,0.000000,672969.000000,1.000000,2093385774001.000000,4340548.000000
673000,3,361710,0.600000,1.000000,0.629750,1.000000,0.000000,0,0.000000,672938.000000,1.000000,2093385774001.000000,4340548.000000
673000,4,361715,0.600000,1.000000,0.604705,1.000000,0.000000,0,0.000000,672995.000000,1.000000,2093385774001.000000,4340548.000000
673000,5,361716,0.600000,1.000000,0.696407,1.000000,0.000000,0,0.000000,672998.000000,1.000000,2093385774001.000000,4340548.000000
673000,6,361710,0.600000,1.000000,0.647488,1.000000,0.000000,0,0.000000,672922.000000,1.000000,2093385774001.000000,4340548.000000
673000,7,361713,0.600000,1.000000,0.758978,1.000000,0.000000,0,0.000000,672987.000000,1.000000,2093385774001.000000,4340548.000000
673000,8,361716,0.600000,1.000000,0.728289,1.000000,0.000000,1,602938.000000,673000.000000,1.000000,2093385774001.000000,4340548.000000
673000,9,361714,0.600000,1.000000,0.680438,1.000000,0.000000,0,0.000000,672974.000000,1.000000,2093385774001.000000,4340548.000000
673000,10,361710,0.600000,1.000000,0.569757,1.000000,0.000000,0,0.000000,672959.000000,1.000000,2093385774001.000000,4340548.000000
673000,11,361707,0.600000,1.000000,0.705207,1.000000,0.000000,0,0.000000,672806.000000,1.000000,2093385774001.000000,4340548.000000
673000,12,361715,0.600000,1.000000,0.646401,1.000000,0.000000,0,0.000000,672997.000000,1.000000,2093385774001.000000,4340548.000000
673000,13,361715,0.600000,1.000000,0.797123,1.000000,0.000000,0,0.000000,672999.000000,1.000000,2093385774001.000000,4340548.000000
673000,14,361715,0.600000,1.000000,0.694133,1.000000,0.000000,0,0.000000,672982.000000,1.000000,2093385774001.000000,4340548.000000
673000,15,361715,0.600000,1.000000,0.709067,1.000000,0.000000,0,0.000000,672989.000000,1.000000,2093385774001.000000,4340548.000000
674000,0,362252,0.600000,1.000000,0.653783,1.000000,0.000000,0,0.000000,673534.000000,1.000000,2099672001714.000000,4347066.000000
674000,1,362259,0.600000,1.000000,0.759336,1.000000,0.000000,0,0.000000,673998.000000,1.000000,2099672001714.000000,4347066.000000
674000,2,362258,0.600000,1.000000,0.689534,1.000000,0.000000,0,0.000000,673996.000000,1.000000,2099672001714.000000,4347066.000000
674000,3,362254,0.600000,1.000000,0.643048,1.000000,0.000000,0,0.000000,673885.000000,1.000000,2099672001714.000000,4347066.000000
674000,4,362258,0.600000,1.000000,0.723621,1.000000,0.000000,0,0.000000,673993.000000,1.000000,2099672001714.000000,4347066.000000
674000,5,362257,0.600000,1.000000,0.694161,1.000000,0.000000,0,0.000000,673924.000000,1.000000,2099672001714.000000,4347066.000000
674000,6,362259,0.600000,1.000000,0.561903,1.000000,0.000000,0,0.000000,673986.000000,1.000000,2099672001714.000000,4347066.000000
674000,7,362258,0.600000,1.000000,0.760851,1.000000,0.000000,1,605110.000000,674000.000000,1.000000,2099672001714.000000,4347066.000000
674000,8,362256,0.600000,1.000000,0.664607,1.000000,0.000000,0,0.000000,673977.000000,1.000000,2099672001714.000000,4347066.000000
674000,9,362250,0.600000,1.000000,0.757029,1.000000,0.000000,0,0.000000,673670.000000,1.000000,2099672001714.000000,4347066.000000
674000,10,362258,0.600000,1.000000,0.784454,1.000000,0.000000,0,0.000000,673975.000000,1.000000,2099672001714.000000,4347066.000000
674000,11,362255,0.600000,1.000000,0.566961,1.000000,0.000000,0,0.000000,673931.000000,1.000000,2099672001714.000000,4347066.000000
674000,12,362258,0.600000,1.000000,0.708661,1.000000,0.000000,0,0.000000,673988.000000,1.000000,2099672001714.000000,4347066.000000
674000,13,362257,0.600000,1.000000,0.610777,1.000000,0.000000,0,0.000000,673922.000000,1.000000,2099672001714.000000,4347066.000000
674000,14,362252,0.600000,1.000000,0.624500,1.000000,0.000000,0,0.000000,673980.000000,1.000000,2099672001714.000000,4347066.000000
674000,15,362257,0.600000,1.000000,0.556363,1.000000,0.000000,0,0.000000,673992.000000,1.000000,2099672001714.000000,4347066.000000
675000,0,362804,0.600000,1.000000,0.745421,1.000000,0.000000,0,0.000000,674994.000000,1.000000,2105971282070.000000,10158300.000000
675000,1,362804,0.600000,1.000000,0.769139,1.000000,0.000000,0,0.000000,674998.000000,1.000000,2105971282070.000000,10158300.000000
675000,2,362799,0.600000,1.000000,0.523221,1.000000,0.000000,0,0.000000,674919.000000,1.000000,2105971282070.000000,10158300.000000
675000,3,362801,0.600000,1.000000,0.608691,1.000000,0.000000,0,0.000000,674907.000000,1.000000,2105971282070.000000,10158300.000000
675000,4,362800,0.600000,1.000000,0.723908,1.000000,0.000000,0,0.000000,674970.000000,1.000000,2105971282070.000000,10158300.000000
675000,5,362805,0.600000,1.000000,0.666766,1.000000,0.000000,1,604685.000000,675000.000000,1.000000,2105971282070.000000,10158300.000000
675000,6,362804,0.600000,1.000000,0.663852,1.000000,0.000000,0,0.000000,674995.000000,1.000000,2105971282070.000000,10158300.000000
675000,7,362803,0.600000,1.000000,0.652714,1.000000,0.000000,0,0.000000,674981.000000,1.000000,2105971282070.000000,10158300.000000
675000,8,362788,0.600000,1.000000,0.567176,1.000000,0.000000,0,0.000000,674877.000000,1.000000,2105971282070.000000,10158300.000000
675000,9,362790,0.600000,1.000000,0.614880,1.000000,0.000000,0,0.000000,674894.000000,1.000000,2105971282070.000000,10158300.000000
675000,10,362799,0.600000,1.000000,0.690363,1.000000,0.000000,0,0.000000,674916.000000,1.000000,2105971282070.000000,10158300.000000
675000,11,362794,0.600000,1.000000,0.661448,1.000000,0.000000,0,0.000000,674885.000000,1.000000,2105971282070.000000,10158300.000000
675000,12,362803,0.600000,1.000000,0.672820,1.000000,0.000000,0,0.000000,674992.000000,1.000000,2105971282070.000000,10158300.000000
675000,13,362796,0.600000,1.000000,0.690364,1.000000,0.000000,0,0.000000,674944.000000,1.000000,2105971282070.000000,10158300.000000
675000,14,362792,0.600000,1.000000,0.583878,1.000000,0.000000,0,0.000000,674920.000000,1.000000,2105971282070.000000,10158300.000000
675000,15,362804,0.600000,1.000000,0.537987,1.000000,0.000000,0,0.000000,674982.000000,1.000000,2105971282070.000000,10158300.000000
676000,0,363342,0.600000,1.000000,0.636437,1.000000,0.000000,0,0.000000,675975.000000,1.000000,2112254563193.000000,4360030.000000
676000,1,363342,0.600000,1.000000,0.625085,1.000000,0.000000,0,0.000000,675987.000000,1.000000,2112254563193.000000,4360030.000000
676000,2,363336,0.600000,1.000000,0.622929,1.000000,0.000000,0,0.000000,675956.000000,1.000000,2112254563193.000000,4360030.000000
676000,3,363345,0.600000,1.000000,0.745173,1.000000,0.000000,1,606540.000000,676000.000000,1.000000,2112254563193.000000,4360030.000000
676000,4,363341,0.600000,1.000000,0.662653,1.000000,0.000000,0,0.000000,675884.000000,1.000000,2112254563193.000000,4360030.000000
676000,5,363334,0.600000,1.000000,0.647697,1.000000,0.000000,0,0.000000,675879.000000,1.000000,2112254563193.000000,4360030.000000
676000,6,363341,0.600000,1.000000,0.656596,1.000000,0.000000,0,0.000000,675955.000000,1.000000,2112254563193.000000,4360030.000000
676000,7,363344,0.600000,1.000000,0.698980,1.000000,0.000000,0,0.000000,675985.000000,1.000000,2112254563193.000000,4360030.000000
676000,8,363333,0.600000,1.000000,0.724492,1.000000,0.000000,0,0.000000,675549.000000,1.000000,2112254563193.000000,4360030.000000
676000,9,363340,0.600000,1.000000,0.550743,1.000000,0.000000,0,0.000000,675601.000000,1.000000,2112254563193.000000,4360030.000000
676000,10,363340,0.600000,1.000000,0.628707,1.000000,0.000000,0,0.000000,675977.000000,1.000000,2112254563193.000000,4360030.000000
676000,11,363344,0.600000,1.000000,0.734259,1.000000,0.000000,0,0.000000,675996.000000,1.000000,2112254563193.000000,4360030.000000
676000,12,363338,0.600000,1.000000,0.668413,1.000000,0.000000,0,0.000000,675940.000000,1.000000,2112254563193.000000,4360030.000000
676000,13,363346,0.600000,1.000000,0.686431,1.000000,0.000000,0,0.000000,675999.000000,1.000000,2112254563193.000000,4360030.000000
676000,14,363332,0.600000,1.000000,0.560584,1.000000,0.000000,0,0.000000,675816.000000,1.000000,2112254563193.000000,4360030.000000
676000,15,363341,0.600000,1.000000,0.775997,1.000000,0.000000,0,0.000000,675995.000000,1.000000,2112254563193.000000,4360030.000000
677000,0,363885,0.600000,1.000000,0.659555,1.000000,0.000000,0,0.000000,676994.000000,1.000000,2118578497563.000000,9460953.000000
677000,1,363878,0.600000,1.000000,0.587516,1.000000,0.000000,0,0.000000,676559.000000,1.000000,2118578497563.000000,9460953.000000
677000,2,363887,0.600000,1.000000,0.781844,1.000000,0.000000,0,0.000000,676999.000000,1.000000,2118578497563.000000,9460953.000000
677000,3,363881,0.600000,1.000000,0.637852,1.000000,0.000000,0,0.000000,676956.000000,1.000000,2118578497563.000000,9460953.000000
677000,4,363886,0.600000,1.000000,0.618728,1.000000,0.000000,0,0.000000,676976.000000,1.000000,2118578497563.000000,9460953.000000
677000,5,363883,0.600000,1.000000,0.620027,1.000000,0.000000,0,0.000000,676968.000000,1.000000,2118578497563.000000,9460953.000000
677000,6,363884,0.600000,1.000000,0.692769,1.000000,0.000000,0,0.000000,676989.000000,1.000000,2118578497563.000000,9460953.000000
677000,7,363883,0.600000,1.000000,0.597231,1.000000,0.000000,0,0.000000,676907.000000,1.000000,2118578497563.000000,9460953.000000
677000,8,363885,0.600000,1.000000,0.749790,1.000000,0.000000,0,0.000000,676980.000000,1.000000,2118578497563.000000,9460953.000000
677000,9,363881,0.600000,1.000000,0.558001,1.000000,0.000000,0,0.000000,676981.000000,1.000000,2118578497563.000000,9460953.000000
677000,10,363887,0.600000,1.000000,0.785878,1.000000,0.000000,0,0.000000,676997.000000,1.000000,2118578497563.000000,9460953.000000
677000,11,363885,0.600000,1.000000,0.650789,1.000000,0.000000,0,0.000000,676991.000000,1.000000,2118578497563.000000,9460953.000000
677000,12,363875,0.600000,1.000000,0.539439,1.000000,0.000000,0,0.000000,676881.000000,1.000000,2118578497563.000000,9460953.000000
677000,13,363884,0.600000,1.000000,0.614125,1.000000,0.000000,0,0.000000,676795.000000,1.000000,2118578497563.000000,9460953.000000
677000,14,363883,0.600000,1.000000,0.590610,1.000000,0.000000,0,0.000000,676928.000000,1.000000,2118578497563.000000,9460953.000000
677000,15,363888,0.600000,1.000000,0.572619,1.000000,0.000000,1,606586.000000,677000.000000,1.000000,2118578497563.000000,9460953.000000
678000,0,364418,0.600000,1.000000,0.697826,1.000000,0.000000,0,0.000000,677998.000000,1.000000,2124752997889.000000,6559489.000000
678000,1,364416,0.600000,1.000000,0.717001,1.000000,0.000000,0,0.000000,677848.000000,1.000000,2124752997889.000000,6559489.000000
678000,2,364413,0.600000,1.000000,0.872275,1.000000,0.000000,0,0.000000,677621.000000,1.000000,2124752997889.000000,6559489.000000
678000,3,364418,0.600000,1.000000,0.755488,1.000000,0.000000,1,608288.000000,678000.000000,1.000000,2124752997889.000000,6559489.000000
678000,4,364408,0.600000,1.000000,0.618528,1.000000,0.000000,0,0.000000,677879.000000,1.000000,2124752997889.000000,6559489.000000
678000,5,364408,0.600000,1.000000,0.554458,1.000000,0.000000,0,0.000000,677978.000000,1.000000,2124752997889.000000,6559489.000000
678000,6,364416,0.600000,1.000000,0.627258,1.000000,0.000000,0,0.000000,677994.000000,1.000000,2124752997889.000000,6559489.000000
678000,7,364415,0.600000,1.000000,0.608573,1.000000,0.000000,0,0.000000,677963.000000,1.000000,2124752997889.000000,6559489.000000
678000,8,364417,0.600000,1.000000,0.661789,1.000000,0.000000,0,0.000000,677995.000000,1.000000,2124752997889.000000,6559489.000000
678000,9,364392,0.600000,1.000000,0.673385,1.000000,0.000000,0,0.000000,677739.000000,1.000000,2124752997889.000000,6559489.000000
678000,10,364415,0.600000,1.000000,0.671966,1.000000,0.000000,0,0.000000,677833.000000,1.000000,2124752997889.000000,6559489.000000
678000,11,364411,0.600000,1.000000,0.580703,1.000000,0.000000,0,0.000000,677895.000000,1.000000,2124752997889.000000,6559489.000000
678000,12,364419,0.600000,1.000000,0.625829,1.000000,0.000000,0,0.000000,677981.000000,1.000000,2124752997889.000000,6559489.000000
678000,13,364417,0.600000,1.000000,0.663187,1.000000,0.000000,0,0.000000,677996.000000,1.000000,2124752997889.000000,6559489.000000
678000,14,364417,0.600000,1.000000,0.647144,1.000000,0.000000,0,0.000000,677983.000000,1.000000,2124752997889.000000,6559489.000000
678000,15,364413,0.600000,1.000000,0.650929,1.000000,0.000000,0,0.000000,677989.000000,1.000000,2124752997889.000000,6559489.000000
679000,0,364954,0.600000,1.000000,0.599911,1.000000,0.000000,0,0.000000,678989.000000,1.000000,2131013120974.000000,6569109.000000
679000,1,364946,0.600000,1.000000,0.612852,1.000000,0.000000,0,0.000000,678536.000000,1.000000,2131013120974.000000,6569109.000000
679000,2,364948,0.600000,1.000000,0.605091,1.000000,0.000000,0,0.000000,678887.000000,1.000000,2131013120974.000000,6569109.000000
679000,3,364947,0.600000,1.000000,0.694362,1.000000,0.000000,0,0.000000,678782.000000,1.000000,2131013120974.000000,6569109.000000
679000,4,364952,0.600000,1.000000,0.620098,1.000000,0.000000,0,0.000000,678966.000000,1.000000,2131013120974.000000,6569109.000000
679000,5,364932,0.600000,1.000000,0.454555,1.000000,0.000000,0,0.000000,678789.000000,1.000000,2131013120974.000000,6569109.000000
679000,6,364954,0.600000,1.000000,0.662171,1.000000,0.000000,0,0.000000,678987.000000,1.000000,2131013120974.000000,6569109.000000
679000,7,364943,0.600000,1.000000,0.581842,1.000000,0.000000,0,0.000000,678758.000000,1.000000,2131013120974.000000,6569109.000000
679000,8,364953,0.600000,1.000000,0.606973,1.000000,0.000000,0,0.000000,678992.000000,1.000000,2131013120974.000000,6569109.000000
679000,9,364953,0.600000,1.000000,0.669334,1.000000,0.000000,0,0.000000,678977.000000,1.000000,2131013120974.000000,6569109.000000
679000,10,364954,0.600000,1.000000,0.612730,1.000000,0.000000,0,0.000000,678994.000000,1.000000,2131013120974.000000,6569109.000000
679000,11,364944,0.600000,1.000000,0.559248,1.000000,0.000000,0,0.000000,678896.000000,1.000000,2131013120974.000000,6569109.000000
679000,12,364955,0.600000,1.000000,0.726933,1.000000,0.000000,1,607503.000000,679000.000000,1.000000,2131013120974.000000,6569109.000000
679000,13,364954,0.600000,1.000000,0.704829,1.000000,0.000000,0,0.000000,678998.000000,1.000000,2131013120974.000000,6569109.000000
679000,14,364954,0.600000,1.000000,0.625751,1.000000,0.000000,0,0.000000,678993.000000,1.000000,2131013120974.000000,6569109.000000
679000,15,364953,0.600000,1.000000,0.645946,1.000000,0.000000,0,0.000000,678997.000000,1.000000,2131013120974.000000,6569109.000000
680000,0,365485,0.600000,1.000000,0.614693,1.000000,0.000000,0,0.000000,679961.000000,1.000000,2137263447159.000000,4385746.000000
680000,1,365490,0.600000,1.000000,0.683631,1.000000,0.000000,0,0.000000,679999.000000,1.000000,2137263447159.000000,4385746.000000
680000,2,365482,0.600000,1.000000,0.507759,1.000000,0.000000,0,0.000000,679967.000000,1.000000,2137263447159.000000,4385746.000000
680000,3,365480,0.600000,1.000000,0.688190,1.000000,0.000000,0,0.000000,679941.000000,1.000000,2137263447159.000000,4385746.000000
680000,4,365488,0.600000,1.000000,0.792693,1.000000,0.000000,0,0.000000,679996.000000,1.000000,2137263447159.000000,4385746.000000
680000,5,365485,0.600000,1.000000,0.610970,1.000000,0.000000,0,0.000000,679978.000000,1.000000,2137263447159.000000,4385746.000000
680000,6,365474,0.600000,1.000000,0.613356,1.000000,0.000000,0,0.000000,679887.000000,1.000000,2137263447159.000000,4385746.000000
680000,7,365489,0.600000,1.000000,0.752908,1.000000,0.000000,0,0.000000,679993.000000,1.000000,2137263447159.000000,4385746.000000
680000,8,365484,0.600000,1.000000,0.620211,1.000000,0.000000,0,0.000000,679982.000000,1.000000,2137263447159.000000,4385746.000000
680000,9,365477,0.600000,1.000000,0.481246,1.000000,0.000000,0,0.000000,679712.000000,1.000000,2137263447159.000000,4385746.000000
680000,10,365487,0.600000,1.000000,0.597237,1.000000,0.000000,0,0.000000,679970.000000,1.000000,2137263447159.000000,4385746.000000
680000,11,365489,0.600000,1.000000,0.746651,1.000000,0.000000,1,610242.000000,680000.000000,1.000000,2137263447159.000000,4385746.000000
680000,12,365488,0.600000,1.000000,0.718553,1.000000,0.000000,0,0.000000,679956.000000,1.000000,2137263447159.000000,4385746.000000
680000,13,365480,0.600000,1.000000,0.486664,1.000000,0.000000,0,0.000000,679920.000000,1.000000,2137263447159.000000,4385746.000000
680000,14,365490,0.600000,1.000000,0.639690,1.000000,0.000000,0,0.000000,679981.000000,1.000000,2137263447159.000000,4385746.000000
680000,15,365485,0.600000,1.000000,0.592308,1.000000,0.000000,0,0.000000,679925.000000,1.000000,2137263447159.000000,4385746.000000
681000,0,366035,0.600000,1.000000,0.689218,1.000000,0.000000,0,0.000000,680986.000000,1.000000,2143701547366.000000,8052757.000000
681000,1,366028,0.600000,1.000000,0.648392,1.000000,0.000000,0,0.000000,680890.000000,1.000000,2143701547366.000000,8052757.000000
681000,2,366035,0.600000,1.000000,0.619931,1.000000,0.000000,0,0.000000,680976.000000,1.000000,2143701547366.000000,8052757.000000
681000,3,366039,0.600000,1.000000,0.877658,1.000000,0.000000,1,611042.000000,681000.000000,1.000000,2143701547366.000000,8052757.000000
681000,4,366039,0.600000,1.000000,0.722043,1.000000,0.000000,0,0.000000,680987.000000,1.000000,2143701547366.000000,8052757.000000
681000,5,366032,0.600000,1.000000,0.552908,1.000000,0.000000,0,0.000000,680905.000000,1.000000,2143701547366.000000,8052757.000000
681000,6,366037,0.600000,1.000000,0.741065,1.000000,0.000000,0,0.000000,680994.000000,1.000000,2143701547366.000000,8052757.000000
681000,7,366032,0.600000,1.000000,0.618827,1.000000,0.000000,0,0.000000,680804.000000,1.000000,2143701547366.000000,8052757.000000
681000,8,366035,0.600000,1.000000,0.632374,1.000000,0.000000,0,0.000000,680830.000000,1.000000,2143701547366.000000,8052757.000000
681000,9,366034,0.600000,1.000000,0.709839,1.000000,0.000000,0,0.000000,680924.000000,1.000000,2143701547366.000000,8052757.000000
681000,10,366038,0.600000,1.000000,0.673667,1.000000,0.000000,0,0.000000,680988.000000,1.000000,2143701547366.000000,8052757.000000
681000,11,366037,0.600000,1.000000,0.631362,1.000000,0.000000,0,0.000000,680990.000000,1.000000,2143701547366.000000,8052757.000000
681000,12,366029,0.600000,1.000000,0.544922,1.000000,0.000000,0,0.000000,680954.000000,1.000000,2143701547366.000000,8052757.000000
681000,13,366037,0.600000,1.000000,0.619963,1.000000,0.000000,0,0.000000,680978.000000,1.000000,2143701547366.000000,8052757.000000
681000,14,366037,0.600000,1.000000,0.748071,1.000000,0.000000,0,0.000000,680993.000000,1.000000,2143701547366.000000,8052757.000000
681000,15,366030,0.600000,1.000000,0.625074,1.000000,0.000000,0,0.000000,680839.000000,1.000000,2143701547366.000000,8052757.000000
682000,0,366572,0.600000,1.000000,0.648523,1.000000,0.000000,0,0.000000,681917.000000,1.000000,2149990968249.000000,5865154.000000
682000,1,366571,0.600000,1.000000,0.567742,1.000000,0.000000,0,0.000000,681946.000000,1.000000,2149990968249.000000,5865154.000000
682000,2,366571,0.600000,1.000000,0.740060,1.000000,0.000000,0,0.000000,681810.000000,1.000000,2149990968249.000000,5865154.000000
682000,3,366566,0.600000,1.000000,0.532952,1.000000,0.000000,0,0.000000,681967.000000,1.000000,2149990968249.000000,5865154.000000
682000,4,366576,0.600000,1.000000,0.795989,1.000000,0.000000,0,0.000000,681999.000000,1.000000,2149990968249.000000,5865154.000000
682000,5,366574,0.600000,1.000000,0.625813,1.000000,0.000000,0,0.000000,681981.000000,1.000000,2149990968249.000000,5865154.000000
682000,6,366576,0.600000,1.000000,0.766654,1.000000,0.000000,1,611188.000000,682000.000000,1.000000,2149990968249.000000,5865154.000000
682000,7,366571,0.600000,1.000000,0.645859,1.000000,0.000000,0,0.000000,681973.000000,1.000000,2149990968249.000000,5865154.000000
682000,8,366574,0.600000,1.000000,0.729497,1.000000,0.000000,0,0.000000,681997.000000,1.000000,2149990968249.000000,5865154.000000
682000,9,366573,0.600000,1.000000,0.627695,1.000000,0.000000,0,0.000000,681972.000000,1.000000,2149990968249.000000,5865154.000000
682000,10,366566,0.600000,1.000000,0.764639,1.000000,0.000000,0,0.000000,681860.000000,1.000000,2149990968249.000000,5865154.000000
682000,11,366574,0.600000,1.000000,0.751300,1.000000,0.000000,0,0.000000,681994.000000,1.000000,2149990968249.000000,5865154.000000
682000,12,366568,0.600000,1.000000,0.574829,1.000000,0.000000,0,0.000000,681943.000000,1.000000,2149990968249.000000,5865154.000000
682000,13,366570,0.600000,1.000000,0.584016,1.000000,0.000000,0,0.000000,681978.000000,1.000000,2149990968249.000000,5865154.000000
682000,14,366566,0.600000,1.000000,0.487539,1.000000,0.000000,0,0.000000,681887.000000,1.000000,2149990968249.000000,5865154.000000
682000,15,366571,0.600000,1.000000,0.807918,1.000000,0.000000,0,0.000000,681960.000000,1.000000,2149990968249.000000,5865154.000000
683000,0,367125,0.600000,1.000000,0.565437,1.000000,0.000000,0,0.000000,682991.000000,1.000000,2156448929673.000000,7342408.000000
683000,1,367120,0.600000,1.000000,0.579152,1.000000,0.000000,0,0.000000,682968.000000,1.000000,2156448929673.000000,7342408.000000
683000,2,367117,0.600000,1.000000,0.598315,1.000000,0.000000,0,0.000000,682785.000000,1.000000,2156448929673.000000,7342408.000000
683000,3,367122,0.600000,1.000000,0.728207,1.000000,0.000000,0,0.000000,682997.000000,1.000000,2156448929673.000000,7342408.000000
683000,4,367125,0.600000,1.000000,0.752949,1.000000,0.000000,0,0.000000,682887.000000,1.000000,2156448929673.000000,7342408.000000
683000,5,367122,0.600000,1.000000,0.708148,1.000000,0.000000,0,0.000000,682987.000000,1.000000,2156448929673.000000,7342408.000000
683000,6,367122,0.600000,1.000000,0.723760,1.000000,0.000000,0,0.000000,682978.000000,1.000000,2156448929673.000000,7342408.000000
683000,7,367111,0.600000,1.000000,0.633655,1.000000,0.000000,0,0.000000,682753.000000,1.000000,2156448929673.000000,7342408.000000
683000,8,367120,0.600000,1.000000,0.623903,1.000000,0.000000,0,0.000000,682949.000000,1.000000,2156448929673.000000,7342408.000000
683000,9,367125,0.600000,1.000000,0.711408,1.000000,0.000000,1,612403.000000,683000.000000,1.000000,2156448929673.000000,7342408.000000
683000,10,367125,0.600000,1.000000,0.679308,1.000000,0.000000,0,0.000000,682999.000000,1.000000,2156448929673.000000,7342408.000000
683000,11,367118,0.600000,1.000000,0.660057,1.000000,0.000000,0,0.000000,682811.000000,1.000000,2156448929673.000000,7342408.000000
683000,12,367123,0.600000,1.000000,0.676348,1.000000,0.000000,0,0.000000,682971.000000,1.000000,2156448929673.000000,7342408.000000
683000,13,367121,0.600000,1.000000,0.609568,1.000000,0.000000,0,0.000000,682834.000000,1.000000,2156448929673.000000,7342408.000000
683000,14,367124,0.600000,1.000000,0.660081,1.000000,0.000000,0,0.000000,682995.000000,1.000000,2156448929673.000000,7342408.000000
683000,15,367121,0.600000,1.000000,0.526360,1.000000,0.000000,0,0.000000,682941.000000,1.000000,2156448929673.000000,7342408.000000
684000,0,367665,0.600000,1.000000,0.722408,1.000000,0.000000,1,612220.000000,684000.000000,1.000000,2162801128088.000000,7353208.000000
684000,1,367660,0.600000,1.000000,0.587728,1.000000,0.000000,0,0.000000,683923.000000,1.000000,2162801128088.000000,7353208.000000
684000,2,367660,0.600000,1.000000,0.559079,1.000000,0.000000,0,0.000000,683952.000000,1.000000,2162801128088.000000,7353208.000000
684000,3,367657,0.600000,1.000000,0.584877,1.000000,0.000000,0,0.000000,683791.000000,1.000000,2162801128088.000000,7353208.000000
684000,4,367664,0.600000,1.000000,0.642235,1.000000,0.000000,0,0.000000,683984.000000,1.000000,2162801128088.000000,7353208.000000
684000,5,367662,0.600000,1.000000,0.655305,1.000000,0.000000,0,0.000000,683979.000000,1.000000,2162801128088.000000,7353208.000000
684000,6,367661,0.600000,1.000000,0.691873,1.000000,0.000000,0,0.000000,683914.000000,1.000000,2162801128088.000000,7353208.000000
684000,7,367658,0.600000,1.000000,0.624331,1.000000,0.000000,0,0.000000,683970.000000,1.000000,2162801128088.000000,7353208.000000
684000,8,367661,0.600000,1.000000,0.648759,1.000000,0.000000,0,0.000000,683985.000000,1.000000,2162801128088.000000,7353208.000000
684000,9,367664,0.600000,1.000000,0.653629,1.000000,0.000000,0,0.000000,683951.000000,1.000000,2162801128088.000000,7353208.000000
684000,10,367661,0.600000,1.000000,0.733512,1.000000,0.000000,0,0.000000,683597.000000,1.000000,2162801128088.000000,7353208.000000
684000,11,367666,0.600000,1.000000,0.720735,1.000000,0.000000,0,0.000000,683999.000000,1.000000,2162801128088.000000,7353208.000000
684000,12,367659,0.600000,1.000000,0.590582,1.000000,0.000000,0,0.000000,683955.000000,1.000000,2162801128088.000000,7353208.000000
684000,13,367658,0.600000,1.000000,0.679846,1.000000,0.000000,0,0.000000,683939.000000,1.000000,2162801128088.000000,7353208.000000
684000,14,367665,0.600000,1.000000,0.747974,1.000000,0.000000,0,0.000000,683917.000000,1.000000,2162801128088.000000,7353208.000000
684000,15,367665,0.600000,1.000000,0.721243,1.000000,0.000000,0,0.000000,683997.000000,1.000000,2162801128088.000000,7353208.000000
685000,0,368197,0.600000,1.000000,0.682880,1.000000,0.000000,0,0.000000,684885.000000,1.000000,2169128057942.000000,3681973.000000
685000,1,368203,0.600000,1.000000,0.836127,1.000000,0.000000,0,0.000000,684915.000000,1.000000,2169128057942.000000,3681973.000000
685000,2,368198,0.600000,1.000000,0.693874,1.000000,0.000000,0,0.000000,684752.000000,1.000000,2169128057942.000000,3681973.000000
685000,3,368204,0.600000,1.000000,0.718563,1.000000,0.000000,0,0.000000,684998.000000,1.000000,2169128057942.000000,3681973.000000
685000,4,368201,0.600000,1.000000,0.743427,1.000000,0.000000,0,0.000000,684994.000000,1.000000,2169128057942.000000,3681973.000000
685000,5,368202,0.600000,1.000000,0.562546,1.000000,0.000000,0,0.000000,684978.000000,1.000000,2169128057942.000000,3681973.000000
685000,6,368198,0.600000,1.000000,0.682599,1.000000,0.000000,0,0.000000,684880.000000,1.000000,2169128057942.000000,3681973.000000
685000,7,368188,0.600000,1.000000,0.647371,1.000000,0.000000,0,0.000000,684875.000000,1.000000,2169128057942.000000,3681973.000000
685000,8,368199,0.600000,1.000000,0.613713,1.000000,0.000000,0,0.000000,684957.000000,1.000000,2169128057942.000000,3681973.000000
685000,9,368202,0.600000,1.000000,0.779406,1.000000,0.000000,0,0.000000,684985.000000,1.000000,2169128057942.000000,3681973.000000
685000,10,368200,0.600000,1.000000,0.684539,1.000000,0.000000,0,0.000000,684877.000000,1.000000,2169128057942.000000,3681973.000000
685000,11,368204,0.600000,1.000000,0.886693,1.000000,0.000000,1,614653.000000,685000.000000,1.000000,2169128057942.000000,3681973.000000
685000,12,368192,0.600000,1.000000,0.552388,1.000000,0.000000,0,0.000000,684919.000000,1.000000,2169128057942.000000,3681973.000000
685000,13,368205,0.600000,1.000000,0.786658,1.000000,0.000000,0,0.000000,684999.000000,1.000000,2169128057942.000000,3681973.000000
685000,14,368196,0.600000,1.000000,0.615132,1.000000,0.000000,0,0.000000,684967.000000,1.000000,2169128057942.000000,3681973.000000
685000,15,368195,0.600000,1.000000,0.548780,1.000000,0.000000,0,0.000000,684926.000000,1.000000,2169128057942.000000,3681973.000000
686000,0,368733,0.600000,1.000000,0.601816,1.000000,0.000000,0,0.000000,685852.000000,1.000000,2175513639083.000000,2212445.000000
686000,1,368741,0.600000,1.000000,0.704181,1.000000,0.000000,0,0.000000,685935.000000,1.000000,2175513639083.000000,2212445.000000
686000,2,368739,0.600000,1.000000,0.581490,1.000000,0.000000,0,0.000000,685885.000000,1.000000,2175513639083.000000,2212445.000000
686000,3,368744,0.600000,1.000000,0.665780,1.000000,0.000000,0,0.000000,685994.000000,1.000000,2175513639083.000000,2212445.000000
686000,4,368744,0.600000,1.000000,0.641974,1.000000,0.000000,0,0.000000,685992.000000,1.000000,2175513639083.000000,2212445.000000
686000,5,368741,0.600000,1.000000,0.575885,1.000000,0.000000,0,0.000000,685886.000000,1.000000,2175513639083.000000,2212445.000000
686000,6,368741,0.600000,1.000000,0.699194,1.000000,0.000000,0,0.000000,685966.000000,1.000000,2175513639083.000000,2212445.000000
686000,7,368742,0.600000,1.000000,0.637171,1.000000,0.000000,0,0.000000,685997.000000,1.000000,2175513639083.000000,2212445.000000
686000,8,368736,0.600000,1.000000,0.640876,1.000000,0.000000,0,0.000000,685854.000000,1.000000,2175513639083.000000,2212445.000000
686000,9,368740,0.600000,1.000000,0.643169,1.000000,0.000000,0,0.000000,685969.000000,1.000000,2175513639083.000000,2212445.000000
686000,10,368736,0.600000,1.000000,0.528247,1.000000,0.000000,0,0.000000,685961.000000,1.000000,2175513639083.000000,2212445.000000
686000,11,368743,0.600000,1.000000,0.616880,1.000000,0.000000,0,0.000000,685984.000000,1.000000,2175513639083.000000,2212445.000000
686000,12,368740,0.600000,1.000000,0.622156,1.000000,0.000000,0,0.000000,685974.000000,1.000000,2175513639083.000000,2212445.000000
686000,13,368741,0.600000,1.000000,0.708530,1.000000,0.000000,0,0.000000,685996.000000,1.000000,2175513639083.000000,2212445.000000
686000,14,368744,0.600000,1.000000,0.676614,1.000000,0.000000,0,0.000000,685999.000000,1.000000,2175513639083.000000,2212445.000000
686000,15,368744,0.600000,1.000000,0.662289,1.000000,0.000000,1,614621.000000,686000.000000,1.000000,2175513639083.000000,2212445.000000
687000,0,369280,0.600000,1.000000,0.680942,1.000000,0.000000,0,0.000000,686988.000000,1.000000,2181862076361.000000,5908470.000000
687000,1,369279,0.600000,1.000000,0.740242,1.000000,0.000000,0,0.000000,686745.000000,1.000000,2181862076361.000000,5908470.000000
687000,2,369274,0.600000,1.000000,0.558933,1.000000,0.000000,0,0.000000,686901.000000,1.000000,2181862076361.000000,5908470.000000
687000,3,369281,0.600000,1.000000,0.571246,1.000000,0.000000,0,0.000000,686680.000000,1.000000,2181862076361.000000,5908470.000000
687000,4,369276,0.600000,1.000000,0.605811,1.000000,0.000000,0,0.000000,686980.000000,1.000000,2181862076361.000000,5908470.000000
687000,5,369280,0.600000,1.000000,0.775449,1.000000,0.000000,0,0.000000,686999.000000,1.000000,2181862076361.000000,5908470.000000
687000,6,369278,0.600000,1.000000,0.532527,1.000000,0.000000,0,0.000000,686976.000000,1.000000,2181862076361.000000,5908470.000000
687000,7,369273,0.600000,1.000000,0.537518,1.000000,0.000000,0,0.000000,686964.000000,1.000000,2181862076361.000000,5908470.000000
687000,8,369281,0.600000,1.000000,0.565993,1.000000,0.000000,0,0.000000,686992.000000,1.000000,2181862076361.000000,5908470.000000
687000,9,369278,0.600000,1.000000,0.663104,1.000000,0.000000,0,0.000000,686916.000000,1.000000,2181862076361.000000,5908470.000000
687000,10,369274,0.600000,1.000000,0.554681,1.000000,0.000000,0,0.000000,686965.000000,1.000000,2181862076361.000000,5908470.000000
687000,11,369282,0.600000,1.000000,0.692635,1.000000,0.000000,0,0.000000,686998.000000,1.000000,2181862076361.000000,5908470.000000
687000,12,369278,0.600000,1.000000,0.652447,1.000000,0.000000,0,0.000000,686990.000000,1.000000,2181862076361.000000,5908470.000000
687000,13,369274,0.600000,1.000000,0.602416,1.000000,0.000000,0,0.000000,686814.000000,1.000000,2181862076361.000000,5908470.000000
687000,14,369280,0.600000,1.000000,0.635621,1.000000,0.000000,0,0.000000,686959.000000,1.000000,2181862076361.000000,5908470.000000
687000,15,369283,0.600000,1.000000,0.737442,1.000000,0.000000,1,615548.000000,687000.000000,1.000000,2181862076361.000000,5908470.000000
688000,0,369823,0.600000,1.000000,0.881814,1.000000,0.000000,1,615891.000000,688000.000000,1.000000,2188252306909.000000,6656741.000000
688000,1,369818,0.600000,1.000000,0.732570,1.000000,0.000000,0,0.000000,687660.000000,1.000000,2188252306909.000000,6656741.000000
688000,2,369817,0.600000,1.000000,0.688726,1.000000,0.000000,0,0.000000,687946.000000,1.000000,2188252306909.000000,6656741.000000
688000,3,369816,0.600000,1.000000,0.663224,1.000000,0.000000,0,0.000000,687962.000000,1.000000,2188252306909.000000,6656741.000000
688000,4,369819,0.600000,1.000000,0.565467,1.000000,0.000000,0,0.000000,687978.000000,1.000000,2188252306909.000000,6656741.000000
688000,5,369822,0.600000,1.000000,0.757858,1.000000,0.000000,0,0.000000,687989.000000,1.000000,2188252306909.000000,6656741.000000
688000,6,369821,0.600000,1.000000,0.735637,1.000000,0.000000,0,0.000000,687995.000000,1.000000,2188252306909.000000,6656741.000000
688000,7,369822,0.600000,1.000000,0.731592,1.000000,0.000000,0,0.000000,687985.000000,1.000000,2188252306909.000000,6656741.000000
688000,8,369820,0.600000,1.000000,0.624158,1.000000,0.000000,0,0.000000,687963.000000,1.000000,2188252306909.000000,6656741.000000
688000,9,369817,0.600000,1.000000,0.518625,1.000000,0.000000,0,0.000000,687954.000000,1.000000,2188252306909.000000,6656741.000000
688000,10,369808,0.600000,1.000000,0.515306,1.000000,0.000000,0,0.000000,687841.000000,1.000000,2188252306909.000000,6656741.000000
688000,11,369819,0.600000,1.000000,0.586144,1.000000,0.000000,0,0.000000,687964.000000,1.000000,2188252306909.000000,6656741.000000
688000,12,369819,0.600000,1.000000,0.565017,1.000000,0.000000,0,0.000000,687975.000000,1.000000,2188252306909.000000,6656741.000000
688000,13,369815,0.600000,1.000000,0.574504,1.000000,0.000000,0,0.000000,687771.000000,1.000000,2188252306909.000000,6656741.000000
688000,14,369821,0.600000,1.000000,0.707653,1.000000,0.000000,0,0.000000,687924.000000,1.000000,2188252306909.000000,6656741.000000
688000,15,369820,0.600000,1.000000,0.647264,1.000000,0.000000,0,0.000000,687958.000000,1.000000,2188252306909.000000,6656741.000000
689000,0,370362,0.600000,1.000000,0.761679,1.000000,0.000000,0,0.000000,688997.000000,1.000000,2194654103706.000000,5925724.000000
689000,1,370358,0.600000,1.000000,0.663841,1.000000,0.000000,0,0.000000,688987.000000,1.000000,2194654103706.000000,5925724.000000
689000,2,370355,0.600000,1.000000,0.719211,1.000000,0.000000,0,0.000000,688696.000000,1.000000,2194654103706.000000,5925724.000000
689000,3,370357,0.600000,1.000000,0.671286,1.000000,0.000000,0,0.000000,688914.000000,1.000000,2194654103706.000000,5925724.000000
689000,4,370362,0.600000,1.000000,0.735706,1.000000,0.000000,0,0.000000,688984.000000,1.000000,2194654103706.000000,5925724.000000
689000,5,370359,0.600000,1.000000,0.603933,1.000000,0.000000,0,0.000000,688942.000000,1.000000,2194654103706.000000,5925724.000000
689000,6,370360,0.600000,1.000000,0.593109,1.000000,0.000000,0,0.000000,688980.000000,1.000000,2194654103706.000000,5925724.000000
689000,7,370362,0.600000,1.000000,0.617586,1.000000,0.000000,0,0.000000,688999.000000,1.000000,2194654103706.000000,5925724.000000
689000,8,370358,0.600000,1.000000,0.640774,1.000000,0.000000,0,0.000000,688906.000000,1.000000,2194654103706.000000,5925724.000000
689000,9,370356,0.600000,1.000000,0.601770,1.000000,0.000000,0,0.000000,688952.000000,1.000000,2194654103706.000000,5925724.000000
689000,10,370361,0.600000,1.000000,0.726597,1.000000,0.000000,0,0.000000,688996.000000,1.000000,2194654103706.000000,5925724.000000
689000,11,370363,0.600000,1.000000,0.743804,1.000000,0.000000,0,0.000000,688955.000000,1.000000,2194654103706.000000,5925724.000000
689000,12,370362,0.600000,1.000000,0.763438,1.000000,0.000000,1,616506.000000,689000.000000,1.000000,2194654103706.000000,5925724.000000
689000,13,370360,0.600000,1.000000,0.756762,1.000000,0.000000,0,0.000000,688998.000000,1.000000,2194654103706.000000,5925724.000000
689000,14,370350,0.600000,1.000000,0.663999,1.000000,0.000000,0,0.000000,688570.000000,1.000000,2194654103706.000000,5925724.000000
689000,15,370361,0.600000,1.000000,0.575809,1.000000,0.000000,0,0.000000,688972.000000,1.000000,2194654103706.000000,5925724.000000
690000,0,370892,0.600000,1.000000,0.571601,1.000000,0.000000,0,0.000000,689931.000000,1.000000,2201060800537.000000,7418014.000000
690000,1,370903,0.600000,1.000000,0.565842,1.000000,0.000000,0,0.000000,689996.000000,1.000000,2201060800537.000000,7418014.000000
690000,2,370897,0.600000,1.000000,0.596040,1.000000,0.000000,0,0.000000,689885.000000,1.000000,2201060800537.000000,7418014.000000
690000,3,370901,0.600000,1.000000,0.671548,1.000000,0.000000,0,0.000000,689955.000000,1.000000,2201060800537.000000,7418014.000000
690000,4,370901,0.600000,1.000000,0.717862,1.000000,0.000000,0,0.000000,689953.000000,1.000000,2201060800537.000000,7418014.000000
690000,5,370898,0.600000,1.000000,0.573593,1.000000,0.000000,0,0.000000,689971.000000,1.000000,2201060800537.000000,7418014.000000
690000,6,370904,0.600000,1.000000,0.694044,1.000000,0.000000,0,0.000000,689999.000000,1.000000,2201060800537.000000,7418014.000000
690000,7,370895,0.600000,1.000000,0.682471,1.000000,0.000000,0,0.000000,689942.000000,1.000000,2201060800537.000000,7418014.000000
690000,8,370896,0.600000,1.000000,0.570512,1.000000,0.000000,0,0.000000,689875.000000,1.000000,2201060800537.000000,7418014.000000
690000,9,370903,0.600000,1.000000,0.728796,1.000000,0.000000,0,0.000000,689992.000000,1.000000,2201060800537.000000,7418014.000000
690000,10,370905,0.600000,1.000000,0.828152,1.000000,0.000000,1,618542.000000,690000.000000,1.000000,2201060800537.000000,7418014.000000
690000,11,370901,0.600000,1.000000,0.731277,1.000000,0.000000,0,0.000000,689993.000000,1.000000,2201060800537.000000,7418014.000000
690000,12,370902,0.600000,1.000000,0.723918,1.000000,0.000000,0,0.000000,689997.000000,1.000000,2201060800537.000000,7418014.000000
690000,13,370900,0.600000,1.000000,0.743709,1.000000,0.000000,0,0.000000,689959.000000,1.000000,2201060800537.000000,7418014.000000
690000,14,370888,0.600000,1.000000,0.570885,1.000000,0.000000,0,0.000000,689917.000000,1.000000,2201060800537.000000,7418014.000000
690000,15,370903,0.600000,1.000000,0.699939,1.000000,0.000000,0,0.000000,689966.000000,1.000000,2201060800537.000000,7418014.000000
691000,0,371450,0.600000,1.000000,0.668734,1.000000,0.000000,0,0.000000,690965.000000,1.000000,2207586782244.000000,5943168.000000
691000,1,371449,0.600000,1.000000,0.662126,1.000000,0.000000,0,0.000000,690963.000000,1.000000,2207586782244.000000,5943168.000000
691000,2,371452,0.600000,1.000000,0.610601,1.000000,0.000000,0,0.000000,690974.000000,1.000000,2207586782244.000000,5943168.000000
691000,3,371453,0.600000,1.000000,0.781406,1.000000,0.000000,0,0.000000,690998.000000,1.000000,2207586782244.000000,5943168.000000
691000,4,371449,0.600000,1.000000,0.763487,1.000000,0.000000,0,0.000000,690889.000000,1.000000,2207586782244.000000,5943168.000000
691000,5,371443,0.600000,1.000000,0.559086,1.000000,0.000000,0,0.000000,690938.000000,1.000000,2207586782244.000000,5943168.000000
691000,6,371454,0.600000,1.000000,0.608385,1.000000,0.000000,1,619066.000000,691000.000000,1.000000,2207586782244.000000,5943168.000000
691000,7,371451,0.600000,1.000000,0.583966,1.000000,0.000000,0,0.000000,690978.000000,1.000000,2207586782244.000000,5943168.000000
691000,8,371444,0.600000,1.000000,0.528155,1.000000,0.000000,0,0.000000,690931.000000,1.000000,2207586782244.000000,5943168.000000
691000,9,371451,0.600000,1.000000,0.638728,1.000000,0.000000,0,0.000000,690990.000000,1.000000,2207586782244.000000,5943168.000000
691000,10,371453,0.600000,1.000000,0.738684,1.000000,0.000000,0,0.000000,690999.000000,1.000000,2207586782244.000000,5943168.000000
691000,11,371446,0.600000,1.000000,0.616122,1.000000,0.000000,0,0.000000,690842.000000,1.000000,2207586782244.000000,5943168.000000
691000,12,371448,0.600000,1.000000,0.681675,1.000000,0.000000,0,0.000000,690972.000000,1.000000,2207586782244.000000,5943168.000000
691000,13,371450,0.600000,1.000000,0.665955,1.000000,0.000000,0,0.000000,690989.000000,1.000000,2207586782244.000000,5943168.000000
691000,14,371446,0.600000,1.000000,0.573463,1.000000,0.000000,0,0.000000,690897.000000,1.000000,2207586782244.000000,5943168.000000
691000,15,371441,0.600000,1.000000,0.547233,1.000000,0.000000,0,0.000000,690925.000000,1.000000,2207586782244.000000,5943168.000000
692000,0,371990,0.600000,1.000000,0.613022,1.000000,0.000000,0,0.000000,691966.000000,1.000000,2214003386483.000000,8927706.000000
692000,1,371989,0.600000,1.000000,0.633216,1.000000,0.000000,0,0.000000,691915.000000,1.000000,2214003386483.000000,8927706.000000
692000,2,371975,0.600000,1.000000,0.493183,1.000000,0.000000,0,0.000000,691823.000000,1.000000,2214003386483.000000,8927706.000000
692000,3,371992,0.600000,1.000000,0.630580,1.000000,0.000000,0,0.000000,691999.000000,1.000000,2214003386483.000000,8927706.000000
692000,4,371986,0.600000,1.000000,0.597108,1.000000,0.000000,0,0.000000,691868.000000,1.000000,2214003386483.000000,8927706.000000
692000,5,371990,0.600000,1.000000,0.724238,1.000000,0.000000,0,0.000000,691994.000000,1.000000,2214003386483.000000,8927706.000000
692000,6,371990,0.600000,1.000000,0.693680,1.000000,0.000000,0,0.000000,691888.000000,1.000000,2214003386483.000000,8927706.000000
692000,7,371991,0.600000,1.000000,0.750921,1.000000,0.000000,0,0.000000,691860.000000,1.000000,2214003386483.000000,8927706.000000
692000,8,371990,0.600000,1.000000,0.710197,1.000000,0.000000,0,0.000000,691997.000000,1.000000,2214003386483.000000,8927706.000000
692000,9,371991,0.600000,1.000000,0.835934,1.000000,0.000000,1,620556.000000,692000.000000,1.000000,2214003386483.000000,8927706.000000
692000,10,371990,0.600000,1.000000,0.602415,1.000000,0.000000,0,0.000000,691989.000000,1.000000,2214003386483.000000,8927706.000000
692000,11,371987,0.600000,1.000000,0.687108,1.000000,0.000000,0,0.000000,691949.000000,1.000000,2214003386483.000000,8927706.000000
692000,12,371988,0.600000,1.000000,0.612160,1.000000,0.000000,0,0.000000,691943.000000,1.000000,2214003386483.000000,8927706.000000
692000,13,371986,0.600000,1.000000,0.646216,1.000000,0.000000,0,0.000000,691814.000000,1.000000,2214003386483.000000,8927706.000000
692000,14,371985,0.600000,1.000000,0.585337,1.000000,0.000000,0,0.000000,691974.000000,1.000000,2214003386483.000000,8927706.000000
692000,15,371991,0.600000,1.000000,0.590406,1.000000,0.000000,0,0.000000,691972.000000,1.000000,2214003386483.000000,8927706.000000
693000,0,372522,0.600000,1.000000,0.653810,1.000000,0.000000,0,0.000000,692974.000000,1.000000,2220361502917.000000,6705407.000000
693000,1,372523,0.600000,1.000000,0.621313,1.000000,0.000000,0,0.000000,692980.000000,1.000000,2220361502917.000000,6705407.000000
693000,2,372526,0.600000,1.000000,0.648122,1.000000,0.000000,0,0.000000,692992.000000,1.000000,2220361502917.000000,6705407.000000
693000,3,372518,0.600000,1.000000,0.544113,1.000000,0.000000,0,0.000000,692924.000000,1.000000,2220361502917.000000,6705407.000000
693000,4,372519,0.600000,1.000000,0.638211,1.000000,0.000000,0,0.000000,692814.000000,1.000000,2220361502917.000000,6705407.000000
693000,5,372523,0.600000,1.000000,0.736351,1.000000,0.000000,0,0.000000,692985.000000,1.000000,2220361502917.000000,6705407.000000
693000,6,372526,0.600000,1.000000,0.615681,1.000000,0.000000,0,0.000000,692922.000000,1.000000,2220361502917.000000,6705407.000000
693000,7,372524,0.600000,1.000000,0.642691,1.000000,0.000000,0,0.000000,692881.000000,1.000000,2220361502917.000000,6705407.000000
693000,8,372520,0.600000,1.000000,0.620790,1.000000,0.000000,0,0.000000,692873.000000,1.000000,2220361502917.000000,6705407.000000
693000,9,372520,0.600000,1.000000,0.469693,1.000000,0.000000,0,0.000000,692964.000000,1.000000,2220361502917.000000,6705407.000000
693000,10,372524,0.600000,1.000000,0.750751,1.000000,0.000000,0,0.000000,692931.000000,1.000000,2220361502917.000000,6705407.000000
693000,11,372526,0.600000,1.000000,0.768548,1.000000,0.000000,0,0.000000,692999.000000,1.000000,2220361502917.000000,6705407.000000
693000,12,372512,0.600000,1.000000,0.690365,1.000000,0.000000,0,0.000000,692658.000000,1.000000,2220361502917.000000,6705407.000000
693000,13,372526,0.600000,1.000000,0.737884,1.000000,0.000000,1,621476.000000,693000.000000,1.000000,2220361502917.000000,6705407.000000
693000,14,372519,0.600000,1.000000,0.543196,1.000000,0.000000,0,0.000000,692949.000000,1.000000,2220361502917.000000,6705407.000000
693000,15,372523,0.600000,1.000000,0.667715,1.000000,0.000000,0,0.000000,692979.000000,1.000000,2220361502917.000000,6705407.000000
694000,0,373062,0.600000,1.000000,0.722636,1.000000,0.000000,0,0.000000,693895.000000,1.000000,2226777979339.000000,2984476.000000
694000,1,373062,0.600000,1.000000,0.624362,1.000000,0.000000,1,621644.000000,694000.000000,1.000000,2226777979339.000000,2984476.000000
694000,2,373060,0.600000,1.000000,0.609477,1.000000,0.000000,0,0.000000,693970.000000,1.000000,2226777979339.000000,2984476.000000
694000,3,373058,0.600000,1.000000,0.688118,1.000000,0.000000,0,0.000000,693504.000000,1.000000,2226777979339.000000,2984476.000000
694000,4,373062,0.600000,1.000000,0.652511,1.000000,0.000000,0,0.000000,693982.000000,1.000000,2226777979339.000000,2984476.000000
694000,5,373062,0.600000,1.000000,0.821772,1.000000,0.000000,0,0.000000,693999.000000,1.000000,2226777979339.000000,2984476.000000
694000,6,373057,0.600000,1.000000,0.651529,1.000000,0.000000,0,0.000000,693845.000000,1.000000,2226777979339.000000,2984476.000000
694000,7,373060,0.600000,1.000000,0.804777,1.000000,0.000000,0,0.000000,693861.000000,1.000000,2226777979339.000000,2984476.000000
694000,8,373058,0.600000,1.000000,0.627110,1.000000,0.000000,0,0.000000,693936.000000,1.000000,2226777979339.000000,2984476.000000
694000,9,373055,0.600000,1.000000,0.541611,1.000000,0.000000,0,0.000000,693872.000000,1.000000,2226777979339.000000,2984476.000000
694000,10,373062,0.600000,1.000000,0.641908,1.000000,0.000000,0,0.000000,693975.000000,1.000000,2226777979339.000000,2984476.000000
694000,11,373056,0.600000,1.000000,0.616731,1.000000,0.000000,0,0.000000,693862.000000,1.000000,2226777979339.000000,2984476.000000
694000,12,373062,0.600000,1.000000,0.640796,1.000000,0.000000,0,0.000000,693988.000000,1.000000,2226777979339.000000,2984476.000000
694000,13,373057,0.600000,1.000000,0.618241,1.000000,0.000000,0,0.000000,693948.000000,1.000000,2226777979339.000000,2984476.000000
694000,14,373062,0.600000,1.000000,0.638902,1.000000,0.000000,0,0.000000,693998.000000,1.000000,2226777979339.000000,2984476.000000
694000,15,373062,0.600000,1.000000,0.705804,1.000000,0.000000,0,0.000000,693985.000000,1.000000,2226777979339.000000,2984476.000000
695000,0,373599,0.600000,1.000000,0.608930,1.000000,0.000000,0,0.000000,694864.000000,1.000000,2233211932968.000000,7471962.000000
695000,1,373591,0.600000,1.000000,0.504624,1.000000,0.000000,0,0.000000,694948.000000,1.000000,2233211932968.000000,7471962.000000
695000,2,373601,0.600000,1.000000,0.680979,1.000000,0.000000,0,0.000000,694999.000000,1.000000,2233211932968.000000,7471962.000000
695000,3,373597,0.600000,1.000000,0.618793,1.000000,0.000000,0,0.000000,694974.000000,1.000000,2233211932968.000000,7471962.000000
695000,4,373596,0.600000,1.000000,0.600981,1.000000,0.000000,0,0.000000,694982.000000,1.000000,2233211932968.000000,7471962.000000
695000,5,373596,0.600000,1.000000,0.648802,1.000000,0.000000,0,0.000000,694919.000000,1.000000,2233211932968.000000,7471962.000000
695000,6,373601,0.600000,1.000000,0.700243,1.000000,0.000000,0,0.000000,694993.000000,1.000000,2233211932968.000000,7471962.000000
695000,7,373596,0.600000,1.000000,0.706084,1.000000,0.000000,0,0.000000,694713.000000,1.000000,2233211932968.000000,7471962.000000
695000,8,373602,0.600000,1.000000,0.807422,1.000000,0.000000,0,0.000000,694998.000000,1.000000,2233211932968.000000,7471962.000000
695000,9,373596,0.600000,1.000000,0.561490,1.000000,0.000000,0,0.000000,694889.000000,1.000000,2233211932968.000000,7471962.000000
695000,10,373601,0.600000,1.000000,0.812307,1.000000,0.000000,1,622870.000000,695000.000000,1.000000,2233211932968.000000,7471962.000000
695000,11,373599,0.600000,1.000000,0.714844,1.000000,0.000000,0,0.000000,694928.000000,1.000000,2233211932968.000000,7471962.000000
695000,12,373600,0.600000,1.000000,0.803104,1.000000,0.000000,0,0.000000,694927.000000,1.000000,2233211932968.000000,7471962.000000
695000,13,373598,0.600000,1.000000,0.737896,1.000000,0.000000,0,0.000000,694997.000000,1.000000,2233211932968.000000,7471962.000000
695000,14,373601,0.600000,1.000000,0.637391,1.000000,0.000000,0,0.000000,694989.000000,1.000000,2233211932968.000000,7471962.000000
695000,15,373600,0.600000,1.000000,0.744274,1.000000,0.000000,0,0.000000,694950.000000,1.000000,2233211932968.000000,7471962.000000
696000,0,374148,0.600000,1.000000,0.626146,1.000000,0.000000,0,0.000000,695904.000000,1.000000,2239759179386.000000,5238055.000000
696000,1,374146,0.600000,1.000000,0.587210,1.000000,0.000000,0,0.000000,695951.000000,1.000000,2239759179386.000000,5238055.000000
696000,2,374148,0.600000,1.000000,0.596076,1.000000,0.000000,0,0.000000,695996.000000,1.000000,2239759179386.000000,5238055.000000
696000,3,374145,0.600000,1.000000,0.673870,1.000000,0.000000,0,0.000000,695941.000000,1.000000,2239759179386.000000,5238055.000000
696000,4,374147,0.600000,1.000000,0.672439,1.000000,0.000000,0,0.000000,695997.000000,1.000000,2239759179386.000000,5238055.000000
696000,5,374141,0.600000,1.000000,0.586335,1.000000,0.000000,0,0.000000,695956.000000,1.000000,2239759179386.000000,5238055.000000
696000,6,374146,0.600000,1.000000,0.672258,1.000000,0.000000,0,0.000000,695993.000000,1.000000,2239759179386.000000,5238055.000000
696000,7,374149,0.600000,1.000000,0.773541,1.000000,0.000000,1,625152.000000,696000.000000,1.000000,2239759179386.000000,5238055.000000
696000,8,374145,0.600000,1.000000,0.594359,1.000000,0.000000,0,0.000000,695808.000000,1.000000,2239759179386.000000,5238055.000000
696000,9,374147,0.600000,1.000000,0.686128,1.000000,0.000000,0,0.000000,695990.000000,1.000000,2239759179386.000000,5238055.000000
696000,10,374144,0.600000,1.000000,0.583757,1.000000,0.000000,0,0.000000,695942.000000,1.000000,2239759179386.000000,5238055.000000
696000,11,374145,0.600000,1.000000,0.661447,1.000000,0.000000,0,0.000000,695988.000000,1.000000,2239759179386.000000,5238055.000000
696000,12,374144,0.600000,1.000000,0.605614,1.000000,0.000000,0,0.000000,695912.000000,1.000000,2239759179386.000000,5238055.000000
696000,13,374147,0.600000,1.000000,0.576642,1.000000,0.000000,0,0.000000,695998.000000,1.000000,2239759179386.000000,5238055.000000
696000,14,374147,0.600000,1.000000,0.648977,1.000000,0.000000,0,0.000000,695950.000000,1.000000,2239759179386.000000,5238055.000000
696000,15,374141,0.600000,1.000000,0.669155,1.000000,0.000000,0,0.000000,695628.000000,1.000000,2239759179386.000000,5238055.000000
697000,0,374685,0.600000,1.000000,0.655786,1.000000,0.000000,0,0.000000,696843.000000,1.000000,2246256059490.000000,5245659.000000
697000,1,374693,0.600000,1.000000,0.814785,1.000000,0.000000,0,0.000000,696896.000000,1.000000,2246256059490.000000,5245659.000000
697000,2,374672,0.600000,1.000000,0.536296,1.000000,0.000000,0,0.000000,696833.000000,1.000000,2246256059490.000000,5245659.000000
697000,3,374682,0.600000,1.000000,0.658121,1.000000,0.000000,0,0.000000,696658.000000,1.000000,2246256059490.000000,5245659.000000
697000,4,374695,0.600000,1.000000,0.798735,1.000000,0.000000,1,624062.000000,697000.000000,1.000000,2246256059490.000000,5245659.000000
697000,5,374692,0.600000,1.000000,0.709197,1.000000,0.000000,0,0.000000,696992.000000,1.000000,2246256059490.000000,5245659.000000
697000,6,374678,0.600000,1.000000,0.691193,1.000000,0.000000,0,0.000000,696725.000000,1.000000,2246256059490.000000,5245659.000000
697000,7,374691,0.600000,1.000000,0.658527,1.000000,0.000000,0,0.000000,696986.000000,1.000000,2246256059490.000000,5245659.000000
697000,8,374681,0.600000,1.000000,0.617005,1.000000,0.000000,0,0.000000,696661.000000,1.000000,2246256059490.000000,5245659.000000
697000,9,374693,0.600000,1.000000,0.724259,1.000000,0.000000,0,0.000000,696990.000000,1.000000,2246256059490.000000,5245659.000000
697000,10,374692,0.600000,1.000000,0.710046,1.000000,0.000000,0,0.000000,696993.000000,1.000000,2246256059490.000000,5245659.000000
697000,11,374693,0.600000,1.000000,0.646332,1.000000,0.000000,0,0.000000,696969.000000,1.000000,2246256059490.000000,5245659.000000
697000,12,374695,0.600000,1.000000,0.778066,1.000000,0.000000,0,0.000000,696997.000000,1.000000,2246256059490.000000,5245659.000000
697000,13,374692,0.600000,1.000000,0.663379,1.000000,0.000000,0,0.000000,696987.000000,1.000000,2246256059490.000000,5245659.000000
697000,14,374691,0.600000,1.000000,0.643601,1.000000,0.000000,0,0.000000,696889.000000,1.000000,2246256059490.000000,5245659.000000
697000,15,374681,0.600000,1.000000,0.523040,1.000000,0.000000,0,0.000000,696901.000000,1.000000,2246256059490.000000,5245659.000000
698000,0,375222,0.600000,1.000000,0.829275,1.000000,0.000000,1,624647.000000,698000.000000,1.000000,2252584492077.000000,10506028.000000
698000,1,375221,0.600000,1.000000,0.776966,1.000000,0.000000,0,0.000000,697999.000000,1.000000,2252584492077.000000,10506028.000000
698000,2,375220,0.600000,1.000000,0.695096,1.000000,0.000000,0,0.000000,697998.000000,1.000000,2252584492077.000000,10506028.000000
698000,3,375210,0.600000,1.000000,0.541272,1.000000,0.000000,0,0.000000,697942.000000,1.000000,2252584492077.000000,10506028.000000
698000,4,375212,0.600000,1.000000,0.561029,1.000000,0.000000,0,0.000000,697814.000000,1.000000,2252584492077.000000,10506028.000000
698000,5,375217,0.600000,1.000000,0.607388,1.000000,0.000000,0,0.000000,697948.000000,1.000000,2252584492077.000000,10506028.000000
698000,6,375216,0.600000,1.000000,0.678606,1.000000,0.000000,0,0.000000,697599.000000,1.000000,2252584492077.000000,10506028.000000
698000,7,375219,0.600000,1.000000,0.775265,1.000000,0.000000,0,0.000000,697997.000000,1.000000,2252584492077.000000,10506028.000000
698000,8,375211,0.600000,1.000000,0.654889,1.000000,0.000000,0,0.000000,697837.000000,1.000000,2252584492077.000000,10506028.000000
698000,9,375204,0.600000,1.000000,0.686145,1.000000,0.000000,0,0.000000,697241.000000,1.000000,2252584492077.000000,10506028.000000
698000,10,375217,0.600000,1.000000,0.646173,1.000000,0.000000,0,0.000000,697863.000000,1.000000,2252584492077.000000,10506028.000000
698000,11,375213,0.600000,1.000000,0.655075,1.000000,0.000000,0,0.000000,697709.000000,1.000000,2252584492077.000000,10506028.000000
698000,12,375218,0.600000,1.000000,0.588596,1.000000,0.000000,0,0.000000,697978.000000,1.000000,2252584492077.000000,10506028.000000
698000,13,375213,0.600000,1.000000,0.527452,1.000000,0.000000,0,0.000000,697956.000000,1.000000,2252584492077.000000,10506028.000000
698000,14,375217,0.600000,1.000000,0.656494,1.000000,0.000000,0,0.000000,697977.000000,1.000000,2252584492077.000000,10506028.000000
698000,15,375215,0.600000,1.000000,0.765352,1.000000,0.000000,0,0.000000,697985.000000,1.000000,2252584492077.000000,10506028.000000
699000,0,375744,0.600000,1.000000,0.656238,1.000000,0.000000,0,0.000000,698885.000000,1.000000,2259049581564.000000,6012052.000000
699000,1,375742,0.600000,1.000000,0.481479,1.000000,0.000000,0,0.000000,698653.000000,1.000000,2259049581564.000000,6012052.000000
699000,2,375748,0.600000,1.000000,0.562383,1.000000,0.000000,0,0.000000,698948.000000,1.000000,2259049581564.000000,6012052.000000
699000,3,375757,0.600000,1.000000,0.624915,1.000000,0.000000,0,0.000000,698998.000000,1.000000,2259049581564.000000,6012052.000000
699000,4,375758,0.600000,1.000000,0.700044,1.000000,0.000000,1,625896.000000,699000.000000,1.000000,2259049581564.000000,6012052.000000
699000,5,375756,0.600000,1.000000,0.660970,1.000000,0.000000,0,0.000000,698769.000000,1.000000,2259049581564.000000,6012052.000000
699000,6,375757,0.600000,1.000000,0.633515,1.000000,0.000000,0,0.000000,698981.000000,1.000000,2259049581564.000000,6012052.000000
699000,7,375755,0.600000,1.000000,0.648030,1.000000,0.000000,0,0.000000,698993.000000,1.000000,2259049581564.000000,6012052.000000
699000,8,375757,0.600000,1.000000,0.669232,1.000000,0.000000,0,0.000000,698999.000000,1.000000,2259049581564.000000,6012052.000000
699000,9,375757,0.600000,1.000000,0.567628,1.000000,0.000000,0,0.000000,698990.000000,1.000000,2259049581564.000000,6012052.000000
699000,10,375748,0.600000,1.000000,0.653213,1.000000,0.000000,0,0.000000,698776.000000,1.000000,2259049581564.000000,6012052.000000
699000,11,375757,0.600000,1.000000,0.753674,1.000000,0.000000,0,0.000000,698900.000000,1.000000,2259049581564.000000,6012052.000000
699000,12,375754,0.600000,1.000000,0.607622,1.000000,0.000000,0,0.000000,698986.000000,1.000000,2259049581564.000000,6012052.000000
699000,13,375756,0.600000,1.000000,0.562690,1.000000,0.000000,0,0.000000,698955.000000,1.000000,2259049581564.000000,6012052.000000
699000,14,375755,0.600000,1.000000,0.715779,1.000000,0.000000,0,0.000000,698991.000000,1.000000,2259049581564.000000,6012052.000000
699000,15,375753,0.600000,1.000000,0.660495,1.000000,0.000000,0,0.000000,698851.000000,1.000000,2259049581564.000000,6012052.000000
700000,0,376276,0.600000,1.000000,0.525453,1.000000,0.000000,0,0.000000,699723.000000,1.000000,2265560812304.000000,6773331.000000
700000,1,376298,0.600000,1.000000,0.725066,1.000000,0.000000,0,0.000000,699984.000000,1.000000,2265560812304.000000,6773331.000000
700000,2,376300,0.600000,1.000000,0.704566,1.000000,0.000000,1,626987.000000,700000.000000,1.000000,2265560812304.000000,6773331.000000
700000,3,376294,0.600000,1.000000,0.537253,1.000000,0.000000,0,0.000000,699965.000000,1.000000,2265560812304.000000,6773331.000000
700000,4,376294,0.600000,1.000000,0.673112,1.000000,0.000000,0,0.000000,699887.000000,1.000000,2265560812304.000000,6773331.000000
700000,5,376290,0.600000,1.000000,0.614971,1.000000,0.000000,0,0.000000,699904.000000,1.000000,2265560812304.000000,6773331.000000
700000,6,376297,0.600000,1.000000,0.592032,1.000000,0.000000,0,0.000000,699982.000000,1.000000,2265560812304.000000,6773331.000000
700000,7,376295,0.600000,1.000000,0.637282,1.000000,0.000000,0,0.000000,699950.000000,1.000000,2265560812304.000000,6773331.000000
700000,8,376300,0.600000,1.000000,0.753420,1.000000,0.000000,0,0.000000,699997.000000,1.000000,2265560812304.000000,6773331.000000
700000,9,376300,0.600000,1.000000,0.793567,1.000000,0.000000,0,0.000000,699993.000000,1.000000,2265560812304.000000,6773331.000000
700000,10,376300,0.600000,1.000000,0.773099,1.000000,0.000000,0,0.000000,699987.000000,1.000000,2265560812304.000000,6773331.000000
700000,11,376298,0.600000,1.000000,0.660775,1.000000,0.000000,0,0.000000,699825.000000,1.000000,2265560812304.000000,6773331.000000
700000,12,376292,0.600000,1.000000,0.622138,1.000000,0.000000,0,0.000000,699894.000000,1.000000,2265560812304.000000,6773331.000000
700000,13,376296,0.600000,1.000000,0.638944,1.000000,0.000000,0,0.000000,699800.000000,1.000000,2265560812304.000000,6773331.000000
700000,14,376297,0.600000,1.000000,0.727084,1.000000,0.000000,0,0.000000,699940.000000,1.000000,2265560812304.000000,6773331.000000
700000,15,376285,0.600000,1.000000,0.610292,1.000000,0.000000,0,0.000000,699731.000000,1.000000,2265560812304.000000,6773331.000000
701000,0,376824,0.600000,1.000000,0.493632,1.000000,0.000000,0,0.000000,700835.000000,1.000000,2272013582932.000000,5275667.000000
701000,1,376835,0.600000,1.000000,0.667655,1.000000,0.000000,0,0.000000,700987.000000,1.000000,2272013582932.000000,5275667.000000
701000,2,376834,0.600000,1.000000,0.696159,1.000000,0.000000,0,0.000000,700989.000000,1.000000,2272013582932.000000,5275667.000000
701000,3,376832,0.600000,1.000000,0.555396,1.000000,0.000000,0,0.000000,700959.000000,1.000000,2272013582932.000000,5275667.000000
701000,4,376837,0.600000,1.000000,0.651518,1.000000,0.000000,1,627639.000000,701000.000000,1.000000,2272013582932.000000,5275667.000000
701000,5,376836,0.600000,1.000000,0.731442,1.000000,0.000000,0,0.000000,700996.000000,1.000000,2272013582932.000000,5275667.000000
701000,6,376832,0.600000,1.000000,0.592363,1.000000,0.000000,0,0.000000,700817.000000,1.000000,2272013582932.000000,5275667.000000
701000,7,376836,0.600000,1.000000,0.797555,1.000000,0.000000,0,0.000000,700999.000000,1.000000,2272013582932.000000,5275667.000000
701000,8,376820,0.600000,1.000000,0.583801,1.000000,0.000000,0,0.000000,700830.000000,1.000000,2272013582932.000000,5275667.000000
701000,9,376822,0.600000,1.000000,0.619405,1.000000,0.000000,0,0.000000,700909.000000,1.000000,2272013582932.000000,5275667.000000
701000,10,376831,0.600000,1.000000,0.577545,1.000000,0.000000,0,0.000000,700955.000000,1.000000,2272013582932.000000,5275667.000000
701000,11,376830,0.600000,1.000000,0.648645,1.000000,0.000000,0,0.000000,700986.000000,1.000000,2272013582932.000000,5275667.000000
701000,12,376824,0.600000,1.000000,0.644205,1.000000,0.000000,0,0.000000,700804.000000,1.000000,2272013582932.000000,5275667.000000
701000,13,376834,0.600000,1.000000,0.744861,1.000000,0.000000,0,0.000000,700983.000000,1.000000,2272013582932.000000,5275667.000000
701000,14,376820,0.600000,1.000000,0.532534,1.000000,0.000000,0,0.000000,700783.000000,1.000000,2272013582932.000000,5275667.000000
701000,15,376833,0.600000,1.000000,0.607407,1.000000,0.000000,0,0.000000,700973.000000,1.000000,2272013582932.000000,5275667.000000
702000,0,377371,0.600000,1.000000,0.740845,1.000000,0.000000,1,628395.000000,702000.000000,1.000000,2278483831939.000000,7547338.000000
702000,1,377366,0.600000,1.000000,0.639343,1.000000,0.000000,0,0.000000,701976.000000,1.000000,2278483831939.000000,7547338.000000
702000,2,377368,0.600000,1.000000,0.672238,1.000000,0.000000,0,0.000000,701992.000000,1.000000,2278483831939.000000,7547338.000000
702000,3,377369,0.600000,1.000000,0.621698,1.000000,0.000000,0,0.000000,701990.000000,1.000000,2278483831939.000000,7547338.000000
702000,4,377354,0.600000,1.000000,0.460787,1.000000,0.000000,0,0.000000,701868.000000,1.000000,2278483831939.000000,7547338.000000
702000,5,377365,0.600000,1.000000,0.663410,1.000000,0.000000,0,0.000000,701873.000000,1.000000,2278483831939.000000,7547338.000000
702000,6,377354,0.600000,1.000000,0.482216,1.000000,0.000000,0,0.000000,701457.000000,1.000000,2278483831939.000000,7547338.000000
702000,7,377366,0.600000,1.000000,0.575685,1.000000,0.000000,0,0.000000,701932.000000,1.000000,2278483831939.000000,7547338.000000
702000,8,377372,0.600000,1.000000,0.656013,1.000000,0.000000,0,0.000000,701999.000000,1.000000,2278483831939.000000,7547338.000000
702000,9,377364,0.600000,1.000000,0.536313,1.000000,0.000000,0,0.000000,701927.000000,1.000000,2278483831939.000000,7547338.000000
702000,10,377363,0.600000,1.000000,0.669273,1.000000,0.000000,0,0.000000,701730.000000,1.000000,2278483831939.000000,7547338.000000
702000,11,377369,0.600000,1.000000,0.656342,1.000000,0.000000,0,0.000000,701998.000000,1.000000,2278483831939.000000,7547338.000000
702000,12,377369,0.600000,1.000000,0.652383,1.000000,0.000000,0,0.000000,701995.000000,1.000000,2278483831939.000000,7547338.000000
702000,13,377372,0.600000,1.000000,0.726704,1.000000,0.000000,0,0.000000,701926.000000,1.000000,2278483831939.000000,7547338.000000
702000,14,377370,0.600000,1.000000,0.702927,1.000000,0.000000,0,0.000000,701988.000000,1.000000,2278483831939.000000,7547338.000000
702000,15,377367,0.600000,1.000000,0.601609,1.000000,0.000000,0,0.000000,701938.000000,1.000000,2278483831939.000000,7547338.000000
703000,0,377906,0.600000,1.000000,0.635326,1.000000,0.000000,0,0.000000,702946.000000,1.000000,2284988222189.000000,6802253.000000
703000,1,377906,0.600000,1.000000,0.754337,1.000000,0.000000,1,629704.000000,703000.000000,1.000000,2284988222189.000000,6802253.000000
703000,2,377904,0.600000,1.000000,0.649169,1.000000,0.000000,0,0.000000,702879.000000,1.000000,2284988222189.000000,6802253.000000
703000,3,377906,0.600000,1.000000,0.613370,1.000000,0.000000,0,0.000000,702993.000000,1.000000,2284988222189.000000,6802253.000000
703000,4,377907,0.600000,1.000000,0.667121,1.000000,0.000000,0,0.000000,702999.000000,1.000000,2284988222189.000000,6802253.000000
703000,5,377902,0.600000,1.000000,0.760097,1.000000,0.000000,0,0.000000,702837.000000,1.000000,2284988222189.000000,6802253.000000
703000,6,377901,0.600000,1.000000,0.612028,1.000000,0.000000,0,0.000000,702854.000000,1.000000,2284988222189.000000,6802253.000000
703000,7,377905,0.600000,1.000000,0.626476,1.000000,0.000000,0,0.000000,702991.000000,1.000000,2284988222189.000000,6802253.000000
703000,8,377906,0.600000,1.000000,0.680109,1.000000,0.000000,0,0.000000,702981.000000,1.000000,2284988222189.000000,6802253.000000
703000,9,377906,0.600000,1.000000,0.623929,1.000000,0.000000,0,0.000000,702997.000000,1.000000,2284988222189.000000,6802253.000000
703000,10,377906,0.600000,1.000000,0.745785,1.000000,0.000000,0,0.000000,702966.000000,1.000000,2284988222189.000000,6802253.000000
703000,11,377902,0.600000,1.000000,0.615084,1.000000,0.000000,0,0.000000,702930.000000,1.000000,2284988222189.000000,6802253.000000
703000,12,377903,0.600000,1.000000,0.757039,1.000000,0.000000,0,0.000000,702715.000000,1.000000,2284988222189.000000,6802253.000000
703000,13,377907,0.600000,1.000000,0.642486,1.000000,0.000000,0,0.000000,702984.000000,1.000000,2284988222189.000000,6802253.000000
703000,14,377904,0.600000,1.000000,0.642957,1.000000,0.000000,0,0.000000,702957.000000,1.000000,2284988222189.000000,6802253.000000
703000,15,377900,0.600000,1.000000,0.711038,1.000000,0.000000,0,0.000000,702959.000000,1.000000,2284988222189.000000,6802253.000000
704000,0,378453,0.600000,1.000000,0.549276,1.000000,0.000000,0,0.000000,703937.000000,1.000000,2291632069927.000000,6812137.000000
704000,1,378458,0.600000,1.000000,0.751482,1.000000,0.000000,0,0.000000,703998.000000,1.000000,2291632069927.000000,6812137.000000
704000,2,378451,0.600000,1.000000,0.680421,1.000000,0.000000,0,0.000000,703816.000000,1.000000,2291632069927.000000,6812137.000000
704000,3,378457,0.600000,1.000000,0.609983,1.000000,0.000000,0,0.000000,703953.000000,1.000000,2291632069927.000000,6812137.000000
704000,4,378455,0.600000,1.000000,0.695511,1.000000,0.000000,0,0.000000,703983.000000,1.000000,2291632069927.000000,6812137.000000
704000,5,378456,0.600000,1.000000,0.656881,1.000000,0.000000,0,0.000000,703997.000000,1.000000,2291632069927.000000,6812137.000000
704000,6,378447,0.600000,1.000000,0.523424,1.000000,0.000000,0,0.000000,703823.000000,1.000000,2291632069927.000000,6812137.000000
704000,7,378446,0.600000,1.000000,0.461425,1.000000,0.000000,0,0.000000,703931.000000,1.000000,2291632069927.000000,6812137.000000
704000,8,378455,0.600000,1.000000,0.610197,1.000000,0.000000,0,0.000000,703966.000000,1.000000,2291632069927.000000,6812137.000000
704000,9,378453,0.600000,1.000000,0.780547,1.000000,0.000000,0,0.000000,703870.000000,1.000000,2291632069927.000000,6812137.000000
704000,10,378458,0.600000,1.000000,0.692976,1.000000,0.000000,1,631074.000000,704000.000000,1.000000,2291632069927.000000,6812137.000000
704000,11,378451,0.600000,1.000000,0.512374,1.000000,0.000000,0,0.000000,703955.000000,1.000000,2291632069927.000000,6812137.000000
704000,12,378457,0.600000,1.000000,0.726726,1.000000,0.000000,0,0.000000,703987.000000,1.000000,2291632069927.000000,6812137.000000
704000,13,378455,0.600000,1.000000,0.751275,1.000000,0.000000,0,0.000000,703994.000000,1.000000,2291632069927.000000,6812137.000000
704000,14,378447,0.600000,1.000000,0.600026,1.000000,0.000000,0,0.000000,703902.000000,1.000000,2291632069927.000000,6812137.000000
704000,15,378456,0.600000,1.000000,0.558140,1.000000,0.000000,0,0.000000,703995.000000,1.000000,2291632069927.000000,6812137.000000
705000,0,379004,0.600000,1.000000,0.779635,1.000000,0.000000,1,631020.000000,705000.000000,1.000000,2298251452838.000000,3031976.000000
705000,1,379005,0.600000,1.000000,0.629318,1.000000,0.000000,0,0.000000,704997.000000,1.000000,2298251452838.000000,3031976.000000
705000,2,379000,0.600000,1.000000,0.635744,1.000000,0.000000,0,0.000000,704945.000000,1.000000,2298251452838.000000,3031976.000000
705000,3,379005,0.600000,1.000000,0.733102,1.000000,0.000000,0,0.000000,704983.000000,1.000000,2298251452838.000000,3031976.000000
705000,4,379003,0.600000,1.000000,0.701179,1.000000,0.000000,0,0.000000,704996.000000,1.000000,2298251452838.000000,3031976.000000
705000,5,378984,0.600000,1.000000,0.609899,1.000000,0.000000,0,0.000000,704675.000000,1.000000,2298251452838.000000,3031976.000000
705000,6,378980,0.600000,1.000000,0.591041,1.000000,0.000000,0,0.000000,704703.000000,1.000000,2298251452838.000000,3031976.000000
705000,7,379004,0.600000,1.000000,0.644116,1.000000,0.000000,0,0.000000,704943.000000,1.000000,2298251452838.000000,3031976.000000
705000,8,379002,0.600000,1.000000,0.665299,1.000000,0.000000,0,0.000000,704657.000000,1.000000,2298251452838.000000,3031976.000000
705000,9,379003,0.600000,1.000000,0.697368,1.000000,0.000000,0,0.000000,704967.000000,1.000000,2298251452838.000000,3031976.000000
705000,10,379002,0.600000,1.000000,0.598697,1.000000,0.000000,0,0.000000,704958.000000,1.000000,2298251452838.000000,3031976.000000
705000,11,379004,0.600000,1.000000,0.661001,1.000000,0.000000,0,0.000000,704972.000000,1.000000,2298251452838.000000,3031976.000000
705000,12,379002,0.600000,1.000000,0.576093,1.000000,0.000000,0,0.000000,704988.000000,1.000000,2298251452838.000000,3031976.000000
705000,13,379002,0.600000,1.000000,0.738732,1.000000,0.000000,0,0.000000,704994.000000,1.000000,2298251452838.000000,3031976.000000
705000,14,379001,0.600000,1.000000,0.588640,1.000000,0.000000,0,0.000000,704863.000000,1.000000,2298251452838.000000,3031976.000000
705000,15,378993,0.600000,1.000000,0.587749,1.000000,0.000000,0,0.000000,704908.000000,1.000000,2298251452838.000000,3031976.000000
706000,0,379533,0.600000,1.000000,0.613188,1.000000,0.000000,0,0.000000,705862.000000,1.000000,2304753614172.000000,7590702.000000
706000,1,379540,0.600000,1.000000,0.652391,1.000000,0.000000,0,0.000000,705989.000000,1.000000,2304753614172.000000,7590702.000000
706000,2,379530,0.600000,1.000000,0.559725,1.000000,0.000000,0,0.000000,705947.000000,1.000000,2304753614172.000000,7590702.000000
706000,3,379536,0.600000,1.000000,0.681661,1.000000,0.000000,0,0.000000,705971.000000,1.000000,2304753614172.000000,7590702.000000
706000,4,379533,0.600000,1.000000,0.688425,1.000000,0.000000,0,0.000000,705888.000000,1.000000,2304753614172.000000,7590702.000000
706000,5,379537,0.600000,1.000000,0.712893,1.000000,0.000000,0,0.000000,705991.000000,1.000000,2304753614172.000000,7590702.000000
706000,6,379537,0.600000,1.000000,0.654316,1.000000,0.000000,0,0.000000,705995.000000,1.000000,2304753614172.000000,7590702.000000
706000,7,379538,0.600000,1.000000,0.646635,1.000000,0.000000,0,0.000000,705983.000000,1.000000,2304753614172.000000,7590702.000000
706000,8,379534,0.600000,1.000000,0.577971,1.000000,0.000000,0,0.000000,705925.000000,1.000000,2304753614172.000000,7590702.000000
706000,9,379531,0.600000,1.000000,0.793419,1.000000,0.000000,0,0.000000,705839.000000,1.000000,2304753614172.000000,7590702.000000
706000,10,379539,0.600000,1.000000,0.696716,1.000000,0.000000,1,632920.000000,706000.000000,1.000000,2304753614172.000000,7590702.000000
706000,11,379534,0.600000,1.000000,0.578238,1.000000,0.000000,0,0.000000,705975.000000,1.000000,2304753614172.000000,7590702.000000
706000,12,379531,0.600000,1.000000,0.615440,1.000000,0.000000,0,0.000000,705929.000000,1.000000,2304753614172.000000,7590702.000000
706000,13,379539,0.600000,1.000000,0.695510,1.000000,0.000000,0,0.000000,705997.000000,1.000000,2304753614172.000000,7590702.000000
706000,14,379536,0.600000,1.000000,0.605650,1.000000,0.000000,0,0.000000,705865.000000,1.000000,2304753614172.000000,7590702.000000
706000,15,379538,0.600000,1.000000,0.697226,1.000000,0.000000,0,0.000000,705999.000000,1.000000,2304753614172.000000,7590702.000000
707000,0,380070,0.600000,1.000000,0.651303,1.000000,0.000000,0,0.000000,706992.000000,1.000000,2311219352986.000000,6081114.000000
707000,1,380068,0.600000,1.000000,0.535129,1.000000,0.000000,0,0.000000,706974.000000,1.000000,2311219352986.000000,6081114.000000
707000,2,380071,0.600000,1.000000,0.648234,1.000000,0.000000,0,0.000000,706995.000000,1.000000,2311219352986.000000,6081114.000000
707000,3,380064,0.600000,1.000000,0.571627,1.000000,0.000000,0,0.000000,706950.000000,1.000000,2311219352986.000000,6081114.000000
707000,4,380070,0.600000,1.000000,0.653727,1.000000,0.000000,0,0.000000,706985.000000,1.000000,2311219352986.000000,6081114.000000
707000,5,380053,0.600000,1.000000,0.607778,1.000000,0.000000,0,0.000000,706800.000000,1.000000,2311219352986.000000,6081114.000000
707000,6,380069,0.600000,1.000000,0.670891,1.000000,0.000000,0,0.000000,706976.000000,1.000000,2311219352986.000000,6081114.000000
707000,7,380063,0.600000,1.000000,0.571695,1.000000,0.000000,0,0.000000,706941.000000,1.000000,2311219352986.000000,6081114.000000
707000,8,380072,0.600000,1.000000,0.685641,1.000000,0.000000,0,0.000000,706990.000000,1.000000,2311219352986.000000,6081114.000000
707000,9,380069,0.600000,1.000000,0.644403,1.000000,0.000000,0,0.000000,706955.000000,1.000000,2311219352986.000000,6081114.000000
707000,10,380068,0.600000,1.000000,0.544190,1.000000,0.000000,0,0.000000,706961.000000,1.000000,2311219352986.000000,6081114.000000
707000,11,380063,0.600000,1.000000,0.554025,1.000000,0.000000,0,0.000000,706840.000000,1.000000,2311219352986.000000,6081114.000000
707000,12,380072,0.600000,1.000000,0.803293,1.000000,0.000000,0,0.000000,706999.000000,1.000000,2311219352986.000000,6081114.000000
707000,13,380068,0.600000,1.000000,0.548348,1.000000,0.000000,0,0.000000,706960.000000,1.000000,2311219352986.000000,6081114.000000
707000,14,380066,0.600000,1.000000,0.497475,1.000000,0.000000,0,0.000000,706946.000000,1.000000,2311219352986.000000,6081114.000000
707000,15,380072,0.600000,1.000000,0.780231,1.000000,0.000000,1,633575.000000,707000.000000,1.000000,2311219352986.000000,6081114.000000
708000,0,380603,0.600000,1.000000,0.702590,1.000000,0.000000,0,0.000000,707997.000000,1.000000,2317661417211.000000,6089522.000000
708000,1,380600,0.600000,1.000000,0.654142,1.000000,0.000000,0,0.000000,707993.000000,1.000000,2317661417211.000000,6089522.000000
708000,2,380597,0.600000,1.000000,0.577167,1.000000,0.000000,0,0.000000,707966.000000,1.000000,2317661417211.000000,6089522.000000
708000,3,380597,0.600000,1.000000,0.587193,1.000000,0.000000,0,0.000000,707957.000000,1.000000,2317661417211.000000,6089522.000000
708000,4,380596,0.600000,1.000000,0.691163,1.000000,0.000000,0,0.000000,707862.000000,1.000000,2317661417211.000000,6089522.000000
708000,5,380590,0.600000,1.000000,0.581996,1.000000,0.000000,0,0.000000,707792.000000,1.000000,2317661417211.000000,6089522.000000
708000,6,380587,0.600000,1.000000,0.736031,1.000000,0.000000,0,0.000000,707696.000000,1.000000,2317661417211.000000,6089522.000000
708000,7,380586,0.600000,1.000000,0.699665,1.000000,0.000000,0,0.000000,707704.000000,1.000000,2317661417211.000000,6089522.000000
708000,8,380603,0.600000,1.000000,0.736717,1.000000,0.000000,0,0.000000,707996.000000,1.000000,2317661417211.000000,6089522.000000
708000,9,380585,0.600000,1.000000,0.719241,1.000000,0.000000,0,0.000000,707776.000000,1.000000,2317661417211.000000,6089522.000000
708000,10,380601,0.600000,1.000000,0.649220,1.000000,0.000000,0,0.000000,707994.000000,1.000000,2317661417211.000000,6089522.000000
708000,11,380603,0.600000,1.000000,0.741730,1.000000,0.000000,1,635395.000000,708000.000000,1.000000,2317661417211.000000,6089522.000000
708000,12,380595,0.600000,1.000000,0.643408,1.000000,0.000000,0,0.000000,707468.000000,1.000000,2317661417211.000000,6089522.000000
708000,13,380597,0.600000,1.000000,0.655441,1.000000,0.000000,0,0.000000,707934.000000,1.000000,2317661417211.000000,6089522.000000
708000,14,380603,0.600000,1.000000,0.715942,1.000000,0.000000,0,0.000000,707986.000000,1.000000,2317661417211.000000,6089522.000000
708000,15,380604,0.600000,1.000000,0.708799,1.000000,0.000000,0,0.000000,707998.000000,1.000000,2317661417211.000000,6089522.000000
709000,0,381127,0.600000,1.000000,0.526718,1.000000,0.000000,0,0.000000,708910.000000,1.000000,2324172664451.000000,9909353.000000
709000,1,381136,0.600000,1.000000,0.584720,1.000000,0.000000,0,0.000000,708995.000000,1.000000,2324172664451.000000,9909353.000000
709000,2,381132,0.600000,1.000000,0.741165,1.000000,0.000000,0,0.000000,708990.000000,1.000000,2324172664451.000000,9909353.000000
709000,3,381133,0.600000,1.000000,0.651267,1.000000,0.000000,0,0.000000,708976.000000,1.000000,2324172664451.000000,9909353.000000
709000,4,381134,0.600000,1.000000,0.600653,1.000000,0.000000,0,0.000000,708971.000000,1.000000,2324172664451.000000,9909353.000000
709000,5,381126,0.600000,1.000000,0.567690,1.000000,0.000000,0,0.000000,708892.000000,1.000000,2324172664451.000000,9909353.000000
709000,6,381128,0.600000,1.000000,0.672994,1.000000,0.000000,0,0.000000,708788.000000,1.000000,2324172664451.000000,9909353.000000
709000,7,381128,0.600000,1.000000,0.655989,1.000000,0.000000,0,0.000000,708908.000000,1.000000,2324172664451.000000,9909353.000000
709000,8,381133,0.600000,1.000000,0.657827,1.000000,0.000000,0,0.000000,708996.000000,1.000000,2324172664451.000000,9909353.000000
709000,9,381128,0.600000,1.000000,0.607184,1.000000,0.000000,0,0.000000,708841.000000,1.000000,2324172664451.000000,9909353.000000
709000,10,381133,0.600000,1.000000,0.722302,1.000000,0.000000,0,0.000000,708984.000000,1.000000,2324172664451.000000,9909353.000000
709000,11,381135,0.600000,1.000000,0.749486,1.000000,0.000000,1,636246.000000,709000.000000,1.000000,2324172664451.000000,9909353.000000
709000,12,381129,0.600000,1.000000,0.695546,1.000000,0.000000,0,0.000000,708969.000000,1.000000,2324172664451.000000,9909353.000000
709000,13,381130,0.600000,1.000000,0.668491,1.000000,0.000000,0,0.000000,708929.000000,1.000000,2324172664451.000000,9909353.000000
709000,14,381132,0.600000,1.000000,0.730072,1.000000,0.000000,0,0.000000,708937.000000,1.000000,2324172664451.000000,9909353.000000
709000,15,381131,0.600000,1.000000,0.614925,1.000000,0.000000,0,0.000000,708982.000000,1.000000,2324172664451.000000,9909353.000000
710000,0,381671,0.600000,1.000000,0.550685,1.000000,0.000000,0,0.000000,709940.000000,1.000000,2330731212437.000000,10686706.000000
710000,1,381670,0.600000,1.000000,0.623668,1.000000,0.000000,0,0.000000,709975.000000,1.000000,2330731212437.000000,10686706.000000
710000,2,381670,0.600000,1.000000,0.607461,1.000000,0.000000,0,0.000000,709997.000000,1.000000,2330731212437.000000,10686706.000000
710000,3,381671,0.600000,1.000000,0.652545,1.000000,0.000000,0,0.000000,709996.000000,1.000000,2330731212437.000000,10686706.000000
710000,4,381671,0.600000,1.000000,0.789851,1.000000,0.000000,1,635519.000000,710000.000000,1.000000,2330731212437.000000,10686706.000000
710000,5,381669,0.600000,1.000000,0.646702,1.000000,0.000000,0,0.000000,709949.000000,1.000000,2330731212437.000000,10686706.000000
710000,6,381670,0.600000,1.000000,0.623961,1.000000,0.000000,0,0.000000,709971.000000,1.000000,2330731212437.000000,10686706.000000
710000,7,381671,0.600000,1.000000,0.729399,1.000000,0.000000,0,0.000000,709994.000000,1.000000,2330731212437.000000,10686706.000000
710000,8,381660,0.600000,1.000000,0.555772,1.000000,0.000000,0,0.000000,709875.000000,1.000000,2330731212437.000000,10686706.000000
710000,9,381665,0.600000,1.000000,0.527216,1.000000,0.000000,0,0.000000,709953.000000,1.000000,2330731212437.000000,10686706.000000
710000,10,381669,0.600000,1.000000,0.605185,1.000000,0.000000,0,0.000000,709883.000000,1.000000,2330731212437.000000,10686706.000000
710000,11,381668,0.600000,1.000000,0.707060,1.000000,0.000000,0,0.000000,709989.000000,1.000000,2330731212437.000000,10686706.000000
710000,12,381662,0.600000,1.000000,0.699620,1.000000,0.000000,0,0.000000,709935.000000,1.000000,2330731212437.000000,10686706.000000
710000,13,381666,0.600000,1.000000,0.582477,1.000000,0.000000,0,0.000000,709898.000000,1.000000,2330731212437.000000,10686706.000000
710000,14,381669,0.600000,1.000000,0.617886,1.000000,0.000000,0,0.000000,709956.000000,1.000000,2330731212437.000000,10686706.000000
710000,15,381671,0.600000,1.000000,0.628778,1.000000,0.000000,0,0.000000,709998.000000,1.000000,2330731212437.000000,10686706.000000
711000,0,382215,0.600000,1.000000,0.580417,1.000000,0.000000,0,0.000000,710978.000000,1.000000,2337415957532.000000,4586616.000000
711000,1,382214,0.600000,1.000000,0.595346,1.000000,0.000000,0,0.000000,710840.000000,1.000000,2337415957532.000000,4586616.000000
711000,2,382218,0.600000,1.000000,0.602473,1.000000,0.000000,0,0.000000,710991.000000,1.000000,2337415957532.000000,4586616.000000
711000,3,382214,0.600000,1.000000,0.608336,1.000000,0.000000,0,0.000000,710969.000000,1.000000,2337415957532.000000,4586616.000000
711000,4,382217,0.600000,1.000000,0.546690,1.000000,0.000000,0,0.000000,710945.000000,1.000000,2337415957532.000000,4586616.000000
711000,5,382213,0.600000,1.000000,0.663133,1.000000,0.000000,0,0.000000,710767.000000,1.000000,2337415957532.000000,4586616.000000
711000,6,382220,0.600000,1.000000,0.793195,1.000000,0.000000,1,637258.000000,711000.000000,1.000000,2337415957532.000000,4586616.000000
711000,7,382205,0.600000,1.000000,0.597007,1.000000,0.000000,0,0.000000,710766.000000,1.000000,2337415957532.000000,4586616.000000
711000,8,382215,0.600000,1.000000,0.675034,1.000000,0.000000,0,0.000000,710950.000000,1.000000,2337415957532.000000,4586616.000000
711000,9,382213,0.600000,1.000000,0.571834,1.000000,0.000000,0,0.000000,710506.000000,1.000000,2337415957532.000000,4586616.000000
711000,10,382218,0.600000,1.000000,0.670682,1.000000,0.000000,0,0.000000,710994.000000,1.000000,2337415957532.000000,4586616.000000
711000,11,382212,0.600000,1.000000,0.489554,1.000000,0.000000,0,0.000000,710923.000000,1.000000,2337415957532.000000,4586616.000000
711000,12,382218,0.600000,1.000000,0.630629,1.000000,0.000000,0,0.000000,710982.000000,1.000000,2337415957532.000000,4586616.000000
711000,13,382215,0.600000,1.000000,0.683238,1.000000,0.000000,0,0.000000,710968.000000,1.000000,2337415957532.000000,4586616.000000
711000,14,382216,0.600000,1.000000,0.681844,1.000000,0.000000,0,0.000000,710993.000000,1.000000,2337415957532.000000,4586616.000000
711000,15,382221,0.600000,1.000000,0.781418,1.000000,0.000000,0,0.000000,710999.000000,1.000000,2337415957532.000000,4586616.000000
712000,0,382761,0.600000,1.000000,0.728174,1.000000,0.000000,0,0.000000,711977.000000,1.000000,2344089606240.000000,5358657.000000
712000,1,382761,0.600000,1.000000,0.696508,1.000000,0.000000,0,0.000000,711949.000000,1.000000,2344089606240.000000,5358657.000000
712000,2,382756,0.600000,1.000000,0.665822,1.000000,0.000000,0,0.000000,711866.000000,1.000000,2344089606240.000000,5358657.000000
712000,3,382757,0.600000,1.000000,0.566980,1.000000,0.000000,0,0.000000,711862.000000,1.000000,2344089606240.000000,5358657.000000
712000,4,382755,0.600000,1.000000,0.658466,1.000000,0.000000,0,0.000000,711957.000000,1.000000,2344089606240.000000,5358657.000000
712000,5,382765,0.600000,1.000000,0.604262,1.000000,0.000000,0,0.000000,711979.000000,1.000000,2344089606240.000000,5358657.000000
712000,6,382757,0.600000,1.000000,0.535773,1.000000,0.000000,0,0.000000,711913.000000,1.000000,2344089606240.000000,5358657.000000
712000,7,382767,0.600000,1.000000,0.710888,1.000000,0.000000,0,0.000000,711999.000000,1.000000,2344089606240.000000,5358657.000000
712000,8,382766,0.600000,1.000000,0.765942,1.000000,0.000000,0,0.000000,711998.000000,1.000000,2344089606240.000000,5358657.000000
712000,9,382764,0.600000,1.000000,0.763211,1.000000,0.000000,0,0.000000,711990.000000,1.000000,2344089606240.000000,5358657.000000
712000,10,382750,0.600000,1.000000,0.700362,1.000000,0.000000,0,0.000000,711643.000000,1.000000,2344089606240.000000,5358657.000000
712000,11,382764,0.600000,1.000000,0.734092,1.000000,0.000000,0,0.000000,711954.000000,1.000000,2344089606240.000000,5358657.000000
712000,12,382750,0.600000,1.000000,0.582412,1.000000,0.000000,0,0.000000,711831.000000,1.000000,2344089606240.000000,5358657.000000
712000,13,382765,0.600000,1.000000,0.579440,1.000000,0.000000,0,0.000000,711981.000000,1.000000,2344089606240.000000,5358657.000000
712000,14,382766,0.600000,1.000000,0.822645,1.000000,0.000000,1,637786.000000,712000.000000,1.000000,2344089606240.000000,5358657.000000
712000,15,382764,0.600000,1.000000,0.730329,1.000000,0.000000,0,0.000000,711881.000000,1.000000,2344089606240.000000,5358657.000000
713000,0,383302,0.600000,1.000000,0.660475,1.000000,0.000000,0,0.000000,712826.000000,1.000000,2350781967194.000000,10732574.000000
713000,1,383310,0.600000,1.000000,0.580154,1.000000,0.000000,1,638561.000000,713000.000000,1.000000,2350781967194.000000,10732574.000000
713000,2,383306,0.600000,1.000000,0.653852,1.000000,0.000000,0,0.000000,712989.000000,1.000000,2350781967194.000000,10732574.000000
713000,3,383304,0.600000,1.000000,0.657590,1.000000,0.000000,0,0.000000,712976.000000,1.000000,2350781967194.000000,10732574.000000
713000,4,383307,0.600000,1.000000,0.737079,1.000000,0.000000,0,0.000000,712986.000000,1.000000,2350781967194.000000,10732574.000000
713000,5,383308,0.600000,1.000000,0.696559,1.000000,0.000000,0,0.000000,712982.000000,1.000000,2350781967194.000000,10732574.000000
713000,6,383302,0.600000,1.000000,0.566683,1.000000,0.000000,0,0.000000,712854.000000,1.000000,2350781967194.000000,10732574.000000
713000,7,383310,0.600000,1.000000,0.713229,1.000000,0.000000,0,0.000000,712980.000000,1.000000,2350781967194.000000,10732574.000000
713000,8,383304,0.600000,1.000000,0.639707,1.000000,0.000000,0,0.000000,712933.000000,1.000000,2350781967194.000000,10732574.000000
713000,9,383308,0.600000,1.000000,0.712992,1.000000,0.000000,0,0.000000,712991.000000,1.000000,2350781967194.000000,10732574.000000
713000,10,383308,0.600000,1.000000,0.613272,1.000000,0.000000,0,0.000000,712951.000000,1.000000,2350781967194.000000,10732574.000000
713000,11,383310,0.600000,1.000000,0.791737,1.000000,0.000000,0,0.000000,712999.000000,1.000000,2350781967194.000000,10732574.000000
713000,12,383306,0.600000,1.000000,0.646307,1.000000,0.000000,0,0.000000,712945.000000,1.000000,2350781967194.000000,10732574.000000
713000,13,383310,0.600000,1.000000,0.799600,1.000000,0.000000,0,0.000000,712998.000000,1.000000,2350781967194.000000,10732574.000000
713000,14,383304,0.600000,1.000000,0.680564,1.000000,0.000000,0,0.000000,712968.000000,1.000000,2350781967194.000000,10732574.000000
713000,15,383305,0.600000,1.000000,0.723820,1.000000,0.000000,0,0.000000,712985.000000,1.000000,2350781967194.000000,10732574.000000
714000,0,383855,0.600000,1.000000,0.686939,1.000000,0.000000,0,0.000000,713987.000000,1.000000,2357479262064.000000,8444745.000000
714000,1,383855,0.600000,1.000000,0.643954,1.000000,0.000000,0,0.000000,713975.000000,1.000000,2357479262064.000000,8444745.000000
714000,2,383854,0.600000,1.000000,0.687592,1.000000,0.000000,0,0.000000,713997.000000,1.000000,2357479262064.000000,8444745.000000
714000,3,383849,0.600000,1.000000,0.639650,1.000000,0.000000,0,0.000000,713926.000000,1.000000,2357479262064.000000,8444745.000000
714000,4,383854,0.600000,1.000000,0.553308,1.000000,0.000000,0,0.000000,713978.000000,1.000000,2357479262064.000000,8444745.000000
714000,5,383854,0.600000,1.000000,0.591813,1.000000,0.000000,0,0.000000,713989.000000,1.000000,2357479262064.000000,8444745.000000
714000,6,383851,0.600000,1.000000,0.512585,1.000000,0.000000,0,0.000000,713951.000000,1.000000,2357479262064.000000,8444745.000000
714000,7,383851,0.600000,1.000000,0.523925,1.000000,0.000000,0,0.000000,713962.000000,1.000000,2357479262064.000000,8444745.000000
714000,8,383856,0.600000,1.000000,0.677876,1.000000,0.000000,0,0.000000,713995.000000,1.000000,2357479262064.000000,8444745.000000
714000,9,383848,0.600000,1.000000,0.744274,1.000000,0.000000,0,0.000000,713770.000000,1.000000,2357479262064.000000,8444745.000000
714000,10,383854,0.600000,1.000000,0.595094,1.000000,0.000000,0,0.000000,713876.000000,1.000000,2357479262064.000000,8444745.000000
714000,11,383855,0.600000,1.000000,0.665632,1.000000,0.000000,0,0.000000,713984.000000,1.000000,2357479262064.000000,8444745.000000
714000,12,383855,0.600000,1.000000,0.834216,1.000000,0.000000,1,638900.000000,714000.000000,1.000000,2357479262064.000000,8444745.000000
714000,13,383852,0.600000,1.000000,0.666879,1.000000,0.000000,0,0.000000,713863.000000,1.000000,2357479262064.000000,8444745.000000
714000,14,383843,0.600000,1.000000,0.597556,1.000000,0.000000,0,0.000000,713815.000000,1.000000,2357479262064.000000,8444745.000000
714000,15,383848,0.600000,1.000000,0.577170,1.000000,0.000000,0,0.000000,713954.000000,1.000000,2357479262064.000000,8444745.000000
715000,0,384381,0.600000,1.000000,0.635974,1.000000,0.000000,0,0.000000,714869.000000,1.000000,2363962369445.000000,4612586.000000
715000,1,384375,0.600000,1.000000,0.676274,1.000000,0.000000,0,0.000000,714900.000000,1.000000,2363962369445.000000,4612586.000000
715000,2,384377,0.600000,1.000000,0.718564,1.000000,0.000000,0,0.000000,714912.000000,1.000000,2363962369445.000000,4612586.000000
715000,3,384381,0.600000,1.000000,0.596328,1.000000,0.000000,0,0.000000,714978.000000,1.000000,2363962369445.000000,4612586.000000
715000,4,384371,0.600000,1.000000,0.551158,1.000000,0.000000,0,0.000000,714828.000000,1.000000,2363962369445.000000,4612586.000000
715000,5,384383,0.600000,1.000000,0.566256,1.000000,0.000000,0,0.000000,714974.000000,1.000000,2363962369445.000000,4612586.000000
715000,6,384381,0.600000,1.000000,0.556620,1.000000,0.000000,0,0.000000,714910.000000,1.000000,2363962369445.000000,4612586.000000
715000,7,384384,0.600000,1.000000,0.765633,1.000000,0.000000,1,642011.000000,715000.000000,1.000000,2363962369445.000000,4612586.000000
715000,8,384384,0.600000,1.000000,0.690999,1.000000,0.000000,0,0.000000,714994.000000,1.000000,2363962369445.000000,4612586.000000
715000,9,384382,0.600000,1.000000,0.585426,1.000000,0.000000,0,0.000000,714970.000000,1.000000,2363962369445.000000,4612586.000000
715000,10,384370,0.600000,1.000000,0.481941,1.000000,0.000000,0,0.000000,714894.000000,1.000000,2363962369445.000000,4612586.000000
715000,11,384384,0.600000,1.000000,0.685094,1.000000,0.000000,0,0.000000,714998.000000,1.000000,2363962369445.000000,4612586.000000
715000,12,384385,0.600000,1.000000,0.678092,1.000000,0.000000,0,0.000000,714885.000000,1.000000,2363962369445.000000,4612586.000000
715000,13,384374,0.600000,1.000000,0.614757,1.000000,0.000000,0,0.000000,714901.000000,1.000000,2363962369445.000000,4612586.000000
715000,14,384384,0.600000,1.000000,0.752055,1.000000,0.000000,0,0.000000,714997.000000,1.000000,2363962369445.000000,4612586.000000
715000,15,384377,0.600000,1.000000,0.603853,1.000000,0.000000,0,0.000000,714857.000000,1.000000,2363962369445.000000,4612586.000000
716000,0,384918,0.600000,1.000000,0.638931,1.000000,0.000000,0,0.000000,715850.000000,1.000000,2370590637781.000000,5388885.000000
716000,1,384924,0.600000,1.000000,0.742470,1.000000,0.000000,0,0.000000,715925.000000,1.000000,2370590637781.000000,5388885.000000
716000,2,384923,0.600000,1.000000,0.811468,1.000000,0.000000,0,0.000000,715996.000000,1.000000,2370590637781.000000,5388885.000000
716000,3,384913,0.600000,1.000000,0.630768,1.000000,0.000000,0,0.000000,715863.000000,1.000000,2370590637781.000000,5388885.000000
716000,4,384920,0.600000,1.000000,0.730079,1.000000,0.000000,0,0.000000,715987.000000,1.000000,2370590637781.000000,5388885.000000
716000,5,384921,0.600000,1.000000,0.636955,1.000000,0.000000,0,0.000000,715952.000000,1.000000,2370590637781.000000,5388885.000000
716000,6,384920,0.600000,1.000000,0.741874,1.000000,0.000000,0,0.000000,715926.000000,1.000000,2370590637781.000000,5388885.000000
716000,7,384908,0.600000,1.000000,0.450216,1.000000,0.000000,0,0.000000,715929.000000,1.000000,2370590637781.000000,5388885.000000
716000,8,384908,0.600000,1.000000,0.565487,1.000000,0.000000,0,0.000000,715859.000000,1.000000,2370590637781.000000,5388885.000000
716000,9,384919,0.600000,1.000000,0.599284,1.000000,0.000000,0,0.000000,715969.000000,1.000000,2370590637781.000000,5388885.000000
716000,10,384921,0.600000,1.000000,0.639129,1.000000,0.000000,0,0.000000,715989.000000,1.000000,2370590637781.000000,5388885.000000
716000,11,384917,0.600000,1.000000,0.660894,1.000000,0.000000,0,0.000000,715903.000000,1.000000,2370590637781.000000,5388885.000000
716000,12,384919,0.600000,1.000000,0.833151,1.000000,0.000000,0,0.000000,715730.000000,1.000000,2370590637781.000000,5388885.000000
716000,13,384924,0.600000,1.000000,0.745198,1.000000,0.000000,1,641614.000000,716000.000000,1.000000,2370590637781.000000,5388885.000000
716000,14,384915,0.600000,1.000000,0.671397,1.000000,0.000000,0,0.000000,715945.000000,1.000000,2370590637781.000000,5388885.000000
716000,15,384919,0.600000,1.000000,0.747615,1.000000,0.000000,0,0.000000,715990.000000,1.000000,2370590637781.000000,5388885.000000
717000,0,385451,0.600000,1.000000,0.651005,1.000000,0.000000,0,0.000000,716417.000000,1.000000,2377262105615.000000,3854599.000000
717000,1,385459,0.600000,1.000000,0.583902,1.000000,0.000000,0,0.000000,716980.000000,1.000000,2377262105615.000000,3854599.000000
717000,2,385461,0.600000,1.000000,0.707810,1.000000,0.000000,1,642182.000000,717000.000000,1.000000,2377262105615.000000,3854599.000000
717000,3,385461,0.600000,1.000000,0.729856,1.000000,0.000000,0,0.000000,716984.000000,1.000000,2377262105615.000000,3854599.000000
717000,4,385459,0.600000,1.000000,0.537885,1.000000,0.000000,0,0.000000,716976.000000,1.000000,2377262105615.000000,3854599.000000
717000,5,385460,0.600000,1.000000,0.687375,1.000000,0.000000,0,0.000000,716932.000000,1.000000,2377262105615.000000,3854599.000000
717000,6,385462,0.600000,1.000000,0.663771,1.000000,0.000000,0,0.000000,716995.000000,1.000000,2377262105615.000000,3854599.000000
717000,7,385461,0.600000,1.000000,0.606272,1.000000,0.000000,0,0.000000,716990.000000,1.000000,2377262105615.000000,3854599.000000
717000,8,385461,0.600000,1.000000,0.766137,1.000000,0.000000,0,0.000000,716972.000000,1.000000,2377262105615.000000,3854599.000000
717000,9,385461,0.600000,1.000000,0.740822,1.000000,0.000000,0,0.000000,716996.000000,1.000000,2377262105615.000000,3854599.000000
717000,10,385460,0.600000,1.000000,0.637125,1.000000,0.000000,0,0.000000,716765.000000,1.000000,2377262105615.000000,3854599.000000
717000,11,385459,0.600000,1.000000,0.600249,1.000000,0.000000,0,0.000000,716961.000000,1.000000,2377262105615.000000,3854599.000000
717000,12,385461,0.600000,1.000000,0.755629,1.000000,0.000000,0,0.000000,716846.000000,1.000000,2377262105615.000000,3854599.000000
717000,13,385461,0.600000,1.000000,0.770137,1.000000,0.000000,0,0.000000,716998.000000,1.000000,2377262105615.000000,3854599.000000
717000,14,385458,0.600000,1.000000,0.585924,1.000000,0.000000,0,0.000000,716926.000000,1.000000,2377262105615.000000,3854599.000000
717000,15,385454,0.600000,1.000000,0.598926,1.000000,0.000000,0,0.000000,716476.000000,1.000000,2377262105615.000000,3854599.000000
718000,0,386002,0.600000,1.000000,0.735977,1.000000,0.000000,0,0.000000,717999.000000,1.000000,2383902032704.000000,10807928.000000
718000,1,385976,0.600000,1.000000,0.514611,1.000000,0.000000,0,0.000000,717862.000000,1.000000,2383902032704.000000,10807928.000000
718000,2,386001,0.600000,1.000000,0.653169,1.000000,0.000000,0,0.000000,717989.000000,1.000000,2383902032704.000000,10807928.000000
718000,3,385997,0.600000,1.000000,0.628786,1.000000,0.000000,0,0.000000,717988.000000,1.000000,2383902032704.000000,10807928.000000
718000,4,386001,0.600000,1.000000,0.566946,1.000000,0.000000,0,0.000000,717982.000000,1.000000,2383902032704.000000,10807928.000000
718000,5,386002,0.600000,1.000000,0.634772,1.000000,0.000000,0,0.000000,717984.000000,1.000000,2383902032704.000000,10807928.000000
718000,6,385996,0.600000,1.000000,0.582403,1.000000,0.000000,0,0.000000,717779.000000,1.000000,2383902032704.000000,10807928.000000
718000,7,385997,0.600000,1.000000,0.632918,1.000000,0.000000,0,0.000000,717949.000000,1.000000,2383902032704.000000,10807928.000000
718000,8,386001,0.600000,1.000000,0.681302,1.000000,0.000000,0,0.000000,717970.000000,1.000000,2383902032704.000000,10807928.000000
718000,9,385997,0.600000,1.000000,0.644632,1.000000,0.000000,0,0.000000,717973.000000,1.000000,2383902032704.000000,10807928.000000
718000,10,385998,0.600000,1.000000,0.751604,1.000000,0.000000,0,0.000000,717624.000000,1.000000,2383902032704.000000,10807928.000000
718000,11,386001,0.600000,1.000000,0.768205,1.000000,0.000000,0,0.000000,717997.000000,1.000000,2383902032704.000000,10807928.000000
718000,12,385994,0.600000,1.000000,0.615254,1.000000,0.000000,0,0.000000,717883.000000,1.000000,2383902032704.000000,10807928.000000
718000,13,386001,0.600000,1.000000,0.763701,1.000000,0.000000,1,643371.000000,718000.000000,1.000000,2383902032704.000000,10807928.000000
718000,14,385996,0.600000,1.000000,0.572930,1.000000,0.000000,0,0.000000,717830.000000,1.000000,2383902032704.000000,10807928.000000
718000,15,385996,0.600000,1.000000,0.679287,1.000000,0.000000,0,0.000000,717945.000000,1.000000,2383902032704.000000,10807928.000000
719000,0,386539,0.600000,1.000000,0.670510,1.000000,0.000000,1,643605.000000,719000.000000,1.000000,2390541169284.000000,7730714.000000
719000,1,386535,0.600000,1.000000,0.540015,1.000000,0.000000,0,0.000000,718933.000000,1.000000,2390541169284.000000,7730714.000000
719000,2,386539,0.600000,1.000000,0.528719,1.000000,0.000000,0,0.000000,718997.000000,1.000000,2390541169284.000000,7730714.000000
719000,3,386536,0.600000,1.000000,0.553346,1.000000,0.000000,0,0.000000,718970.000000,1.000000,2390541169284.000000,7730714.000000
719000,4,386536,0.600000,1.000000,0.752943,1.000000,0.000000,0,0.000000,718991.000000,1.000000,2390541169284.000000,7730714.000000
719000,5,386539,0.600000,1.000000,0.639909,1.000000,0.000000,0,0.000000,718931.000000,1.000000,2390541169284.000000,7730714.000000
719000,6,386537,0.600000,1.000000,0.680713,1.000000,0.000000,0,0.000000,718983.000000,1.000000,2390541169284.000000,7730714.000000
719000,7,386533,0.600000,1.000000,0.567070,1.000000,0.000000,0,0.000000,718802.000000,1.000000,2390541169284.000000,7730714.000000
719000,8,386538,0.600000,1.000000,0.768664,1.000000,0.000000,0,0.000000,718999.000000,1.000000,2390541169284.000000,7730714.000000
719000,9,386520,0.600000,1.000000,0.697686,1.000000,0.000000,0,0.000000,718786.000000,1.000000,2390541169284.000000,7730714.000000
719000,10,386535,0.600000,1.000000,0.643357,1.000000,0.000000,0,0.000000,718961.000000,1.000000,2390541169284.000000,7730714.000000
719000,11,386535,0.600000,1.000000,0.652606,1.000000,0.000000,0,0.000000,718978.000000,1.000000,2390541169284.000000,7730714.000000
719000,12,386528,0.600000,1.000000,0.676739,1.000000,0.000000,0,0.000000,718891.000000,1.000000,2390541169284.000000,7730714.000000
719000,13,386532,0.600000,1.000000,0.572021,1.000000,0.000000,0,0.000000,718976.000000,1.000000,2390541169284.000000,7730714.000000
719000,14,386538,0.600000,1.000000,0.663081,1.000000,0.000000,0,0.000000,718962.000000,1.000000,2390541169284.000000,7730714.000000
719000,15,386530,0.600000,1.000000,0.618109,1.000000,0.000000,0,0.000000,718920.000000,1.000000,2390541169284.000000,7730714.000000
720000,0,387071,0.600000,1.000000,0.734813,1.000000,0.000000,0,0.000000,719997.000000,1.000000,2397150831032.000000,6193114.000000
720000,1,387066,0.600000,1.000000,0.589515,1.000000,0.000000,0,0.000000,719978.000000,1.000000,2397150831032.000000,6193114.000000
720000,2,387073,0.600000,1.000000,0.676248,1.000000,0.000000,0,0.000000,719991.000000,1.000000,2397150831032.000000,6193114.000000
720000,3,387074,0.600000,1.000000,0.712432,1.000000,0.000000,1,645819.000000,720000.000000,1.000000,2397150831032.000000,6193114.000000
720000,4,387065,0.600000,1.000000,0.593097,1.000000,0.000000,0,0.000000,719948.000000,1.000000,2397150831032.000000,6193114.000000
720000,5,387065,0.600000,1.000000,0.577470,1.000000,0.000000,0,0.000000,719964.000000,1.000000,2397150831032.000000,6193114.000000
720000,6,387061,0.600000,1.000000,0.562355,1.000000,0.000000,0,0.000000,719924.000000,1.000000,2397150831032.000000,6193114.000000
720000,7,387063,0.600000,1.000000,0.589270,1.000000,0.000000,0,0.000000,719908.000000,1.000000,2397150831032.000000,6193114.000000
720000,8,387069,0.600000,1.000000,0.531409,1.000000,0.000000,0,0.000000,719914.000000,1.000000,2397150831032.000000,6193114.000000
720000,9,387073,0.600000,1.000000,0.771972,1.000000,0.000000,0,0.000000,719990.000000,1.000000,2397150831032.000000,6193114.000000
720000,10,387074,0.600000,1.000000,0.836564,1.000000,0.000000,0,0.000000,719999.000000,1.000000,2397150831032.000000,6193114.000000
720000,11,387067,0.600000,1.000000,0.624639,1.000000,0.000000,0,0.000000,719967.000000,1.000000,2397150831032.000000,6193114.000000
720000,12,387069,0.600000,1.000000,0.603822,1.000000,0.000000,0,0.000000,719865.000000,1.000000,2397150831032.000000,6193114.000000
720000,13,387069,0.600000,1.000000,0.665701,1.000000,0.000000,0,0.000000,719972.000000,1.000000,2397150831032.000000,6193114.000000
720000,14,387067,0.600000,1.000000,0.604917,1.000000,0.000000,0,0.000000,719969.000000,1.000000,2397150831032.000000,6193114.000000
720000,15,387068,0.600000,1.000000,0.602373,1.000000,0.000000,0,0.000000,719530.000000,1.000000,2397150831032.000000,6193114.000000
721000,0,387602,0.600000,1.000000,0.629324,1.000000,0.000000,0,0.000000,720940.000000,1.000000,2403760315592.000000,3876025.000000
721000,1,387606,0.600000,1.000000,0.741319,1.000000,0.000000,0,0.000000,720992.000000,1.000000,2403760315592.000000,3876025.000000
721000,2,387606,0.600000,1.000000,0.693054,1.000000,0.000000,1,645867.000000,721000.000000,1.000000,2403760315592.000000,3876025.000000
721000,3,387601,0.600000,1.000000,0.694957,1.000000,0.000000,0,0.000000,720991.000000,1.000000,2403760315592.000000,3876025.000000
721000,4,387606,0.600000,1.000000,0.731789,1.000000,0.000000,0,0.000000,720999.000000,1.000000,2403760315592.000000,3876025.000000
721000,5,387602,0.600000,1.000000,0.662210,1.000000,0.000000,0,0.000000,720970.000000,1.000000,2403760315592.000000,3876025.000000
721000,6,387606,0.600000,1.000000,0.723116,1.000000,0.000000,0,0.000000,720998.000000,1.000000,2403760315592.000000,3876025.000000
721000,7,387604,0.600000,1.000000,0.694083,1.000000,0.000000,0,0.000000,720980.000000,1.000000,2403760315592.000000,3876025.000000
721000,8,387606,0.600000,1.000000,0.674725,1.000000,0.000000,0,0.000000,720957.000000,1.000000,2403760315592.000000,3876025.000000
721000,9,387605,0.600000,1.000000,0.628127,1.000000,0.000000,0,0.000000,720949.000000,1.000000,2403760315592.000000,3876025.000000
721000,10,387592,0.600000,1.000000,0.529884,1.000000,0.000000,0,0.000000,720858.000000,1.000000,2403760315592.000000,3876025.000000
721000,11,387603,0.600000,1.000000,0.612640,1.000000,0.000000,0,0.000000,720928.000000,1.000000,2403760315592.000000,3876025.000000
721000,12,387591,0.600000,1.000000,0.527535,1.000000,0.000000,0,0.000000,720796.000000,1.000000,2403760315592.000000,3876025.000000
721000,13,387598,0.600000,1.000000,0.556596,1.000000,0.000000,0,0.000000,720975.000000,1.000000,2403760315592.000000,3876025.000000
721000,14,387598,0.600000,1.000000,0.546054,1.000000,0.000000,0,0.000000,720982.000000,1.000000,2403760315592.000000,3876025.000000
721000,15,387600,0.600000,1.000000,0.717235,1.000000,0.000000,0,0.000000,720986.000000,1.000000,2403760315592.000000,3876025.000000
722000,0,388136,0.600000,1.000000,0.642888,1.000000,0.000000,0,0.000000,721994.000000,1.000000,2410325338923.000000,4657496.000000
722000,1,388135,0.600000,1.000000,0.803438,1.000000,0.000000,0,0.000000,721997.000000,1.000000,2410325338923.000000,4657496.000000
722000,2,388133,0.600000,1.000000,0.675025,1.000000,0.000000,0,0.000000,721978.000000,1.000000,2410325338923.000000,4657496.000000
722000,3,388134,0.600000,1.000000,0.576454,1.000000,0.000000,0,0.000000,721981.000000,1.000000,2410325338923.000000,4657496.000000
722000,4,388131,0.600000,1.000000,0.621198,1.000000,0.000000,0,0.000000,721925.000000,1.000000,2410325338923.000000,4657496.000000
722000,5,388136,0.600000,1.000000,0.784579,1.000000,0.000000,0,0.000000,721999.000000,1.000000,2410325338923.000000,4657496.000000
722000,6,388124,0.600000,1.000000,0.529056,1.000000,0.000000,0,0.000000,721920.000000,1.000000,2410325338923.000000,4657496.000000
722000,7,388133,0.600000,1.000000,0.701780,1.000000,0.000000,0,0.000000,721714.000000,1.000000,2410325338923.000000,4657496.000000
722000,8,388134,0.600000,1.000000,0.648351,1.000000,0.000000,0,0.000000,721988.000000,1.000000,2410325338923.000000,4657496.000000
722000,9,388134,0.600000,1.000000,0.655063,1.000000,0.000000,0,0.000000,721979.000000,1.000000,2410325338923.000000,4657496.000000
722000,10,388087,0.600000,1.000000,0.586947,1.000000,0.000000,0,0.000000,721080.000000,1.000000,2410325338923.000000,4657496.000000
722000,11,388136,0.600000,1.000000,0.772046,1.000000,0.000000,1,647623.000000,722000.000000,1.000000,2410325338923.000000,4657496.000000
722000,12,388135,0.600000,1.000000,0.690857,1.000000,0.000000,0,0.000000,721930.000000,1.000000,2410325338923.000000,4657496.000000
722000,13,388129,0.600000,1.000000,0.611630,1.000000,0.000000,0,0.000000,721960.000000,1.000000,2410325338923.000000,4657496.000000
722000,14,388136,0.600000,1.000000,0.731447,1.000000,0.000000,0,0.000000,721990.000000,1.000000,2410325338923.000000,4657496.000000
722000,15,388136,0.600000,1.000000,0.733330,1.000000,0.000000,0,0.000000,721998.000000,1.000000,2410325338923.000000,4657496.000000
723000,0,388671,0.600000,1.000000,0.685622,1.000000,0.000000,0,0.000000,722956.000000,1.000000,2417109191856.000000,4664120.000000
723000,1,388678,0.600000,1.000000,0.643389,1.000000,0.000000,0,0.000000,722950.000000,1.000000,2417109191856.000000,4664120.000000
723000,2,388678,0.600000,1.000000,0.717722,1.000000,0.000000,0,0.000000,722869.000000,1.000000,2417109191856.000000,4664120.000000
723000,3,388670,0.600000,1.000000,0.641341,1.000000,0.000000,0,0.000000,722765.000000,1.000000,2417109191856.000000,4664120.000000
723000,4,388673,0.600000,1.000000,0.601930,1.000000,0.000000,0,0.000000,722890.000000,1.000000,2417109191856.000000,4664120.000000
723000,5,388676,0.600000,1.000000,0.688761,1.000000,0.000000,0,0.000000,722994.000000,1.000000,2417109191856.000000,4664120.000000
723000,6,388679,0.600000,1.000000,0.656408,1.000000,0.000000,0,0.000000,722714.000000,1.000000,2417109191856.000000,4664120.000000
723000,7,388677,0.600000,1.000000,0.621522,1.000000,0.000000,0,0.000000,722852.000000,1.000000,2417109191856.000000,4664120.000000
723000,8,388678,0.600000,1.000000,0.693781,1.000000,0.000000,0,0.000000,722991.000000,1.000000,2417109191856.000000,4664120.000000
723000,9,388679,0.600000,1.000000,0.697473,1.000000,0.000000,0,0.000000,722999.000000,1.000000,2417109191856.000000,4664120.000000
723000,10,388680,0.600000,1.000000,0.665557,1.000000,0.000000,1,648351.000000,723000.000000,1.000000,2417109191856.000000,4664120.000000
723000,11,388677,0.600000,1.000000,0.640966,1.000000,0.000000,0,0.000000,722889.000000,1.000000,2417109191856.000000,4664120.000000
723000,12,388678,0.600000,1.000000,0.589077,1.000000,0.000000,0,0.000000,722995.000000,1.000000,2417109191856.000000,4664120.000000
723000,13,388674,0.600000,1.000000,0.628499,1.000000,0.000000,0,0.000000,722953.000000,1.000000,2417109191856.000000,4664120.000000
723000,14,388677,0.600000,1.000000,0.586220,1.000000,0.000000,0,0.000000,722959.000000,1.000000,2417109191856.000000,4664120.000000
723000,15,388677,0.600000,1.000000,0.773860,1.000000,0.000000,0,0.000000,722992.000000,1.000000,2417109191856.000000,4664120.000000
724000,0,389207,0.600000,1.000000,0.598445,1.000000,0.000000,0,0.000000,723945.000000,1.000000,2423785814697.000000,3892101.000000
724000,1,389211,0.600000,1.000000,0.629088,1.000000,0.000000,0,0.000000,723985.000000,1.000000,2423785814697.000000,3892101.000000
724000,2,389214,0.600000,1.000000,0.752060,1.000000,0.000000,0,0.000000,723991.000000,1.000000,2423785814697.000000,3892101.000000
724000,3,389214,0.600000,1.000000,0.609932,1.000000,0.000000,0,0.000000,723993.000000,1.000000,2423785814697.000000,3892101.000000
724000,4,389212,0.600000,1.000000,0.694022,1.000000,0.000000,0,0.000000,723837.000000,1.000000,2423785814697.000000,3892101.000000
724000,5,389214,0.600000,1.000000,0.612843,1.000000,0.000000,0,0.000000,723954.000000,1.000000,2423785814697.000000,3892101.000000
724000,6,389214,0.600000,1.000000,0.659359,1.000000,0.000000,0,0.000000,723977.000000,1.000000,2423785814697.000000,3892101.000000
724000,7,389210,0.600000,1.000000,0.664742,1.000000,0.000000,0,0.000000,723952.000000,1.000000,2423785814697.000000,3892101.000000
724000,8,389215,0.600000,1.000000,0.725395,1.000000,0.000000,1,648387.000000,724000.000000,1.000000,2423785814697.000000,3892101.000000
724000,9,389211,0.600000,1.000000,0.635160,1.000000,0.000000,0,0.000000,723986.000000,1.000000,2423785814697.000000,3892101.000000
724000,10,389214,0.600000,1.000000,0.690423,1.000000,0.000000,0,0.000000,723980.000000,1.000000,2423785814697.000000,3892101.000000
724000,11,389213,0.600000,1.000000,0.647534,1.000000,0.000000,0,0.000000,723969.000000,1.000000,2423785814697.000000,3892101.000000
724000,12,389215,0.600000,1.000000,0.779470,1.000000,0.000000,0,0.000000,723999.000000,1.000000,2423785814697.000000,3892101.000000
724000,13,389213,0.600000,1.000000,0.563375,1.000000,0.000000,0,0.000000,723957.000000,1.000000,2423785814697.000000,3892101.000000
724000,14,389213,0.600000,1.000000,0.741493,1.000000,0.000000,0,0.000000,723995.000000,1.000000,2423785814697.000000,3892101.000000
724000,15,389215,0.600000,1.000000,0.642806,1.000000,0.000000,0,0.000000,723994.000000,1.000000,2423785814697.000000,3892101.000000
725000,0,389757,0.600000,1.000000,0.667244,1.000000,0.000000,0,0.000000,724858.000000,1.000000,2430575320837.000000,11692763.000000
725000,1,389763,0.600000,1.000000,0.664197,1.000000,0.000000,0,0.000000,724981.000000,1.000000,2430575320837.000000,11692763.000000
725000,2,389745,0.600000,1.000000,0.469503,1.000000,0.000000,0,0.000000,724941.000000,1.000000,2430575320837.000000,11692763.000000
725000,3,389760,0.600000,1.000000,0.678856,1.000000,0.000000,0,0.000000,724971.000000,1.000000,2430575320837.000000,11692763.000000
725000,4,389761,0.600000,1.000000,0.691295,1.000000,0.000000,0,0.000000,724996.000000,1.000000,2430575320837.000000,11692763.000000
725000,5,389760,0.600000,1.000000,0.591762,1.000000,0.000000,0,0.000000,724942.000000,1.000000,2430575320837.000000,11692763.000000
725000,6,389752,0.600000,1.000000,0.601819,1.000000,0.000000,0,0.000000,724927.000000,1.000000,2430575320837.000000,11692763.000000
725000,7,389750,0.600000,1.000000,0.616729,1.000000,0.000000,0,0.000000,724543.000000,1.000000,2430575320837.000000,11692763.000000
725000,8,389761,0.600000,1.000000,0.625689,1.000000,0.000000,0,0.000000,724999.000000,1.000000,2430575320837.000000,11692763.000000
725000,9,389756,0.600000,1.000000,0.682137,1.000000,0.000000,0,0.000000,724853.000000,1.000000,2430575320837.000000,11692763.000000
725000,10,389759,0.600000,1.000000,0.585667,1.000000,0.000000,0,0.000000,724959.000000,1.000000,2430575320837.000000,11692763.000000
725000,11,389751,0.600000,1.000000,0.521392,1.000000,0.000000,0,0.000000,724928.000000,1.000000,2430575320837.000000,11692763.000000
725000,12,389762,0.600000,1.000000,0.802650,1.000000,0.000000,1,649038.000000,725000.000000,1.000000,2430575320837.000000,11692763.000000
725000,13,389762,0.600000,1.000000,0.671028,1.000000,0.000000,0,0.000000,724998.000000,1.000000,2430575320837.000000,11692763.000000
725000,14,389761,0.600000,1.000000,0.699601,1.000000,0.000000,0,0.000000,724995.000000,1.000000,2430575320837.000000,11692763.000000
725000,15,389761,0.600000,1.000000,0.605605,1.000000,0.000000,0,0.000000,724993.000000,1.000000,2430575320837.000000,11692763.000000
726000,0,390298,0.600000,1.000000,0.733892,1.000000,0.000000,0,0.000000,725935.000000,1.000000,2437306410672.000000,7025347.000000
726000,1,390289,0.600000,1.000000,0.743509,1.000000,0.000000,0,0.000000,725860.000000,1.000000,2437306410672.000000,7025347.000000
726000,2,390300,0.600000,1.000000,0.694691,1.000000,0.000000,0,0.000000,725971.000000,1.000000,2437306410672.000000,7025347.000000
726000,3,390289,0.600000,1.000000,0.611878,1.000000,0.000000,0,0.000000,725946.000000,1.000000,2437306410672.000000,7025347.000000
726000,4,390296,0.600000,1.000000,0.617253,1.000000,0.000000,0,0.000000,725966.000000,1.000000,2437306410672.000000,7025347.000000
726000,5,390297,0.600000,1.000000,0.638922,1.000000,0.000000,0,0.000000,725970.000000,1.000000,2437306410672.000000,7025347.000000
726000,6,390303,0.600000,1.000000,0.713696,1.000000,0.000000,0,0.000000,725986.000000,1.000000,2437306410672.000000,7025347.000000
726000,7,390304,0.600000,1.000000,0.775302,1.000000,0.000000,0,0.000000,725999.000000,1.000000,2437306410672.000000,7025347.000000
726000,8,390302,0.600000,1.000000,0.799447,1.000000,0.000000,0,0.000000,725997.000000,1.000000,2437306410672.000000,7025347.000000
726000,9,390283,0.600000,1.000000,0.753422,1.000000,0.000000,0,0.000000,725747.000000,1.000000,2437306410672.000000,7025347.000000
726000,10,390296,0.600000,1.000000,0.696703,1.000000,0.000000,0,0.000000,725943.000000,1.000000,2437306410672.000000,7025347.000000
726000,11,390294,0.600000,1.000000,0.662613,1.000000,0.000000,0,0.000000,725928.000000,1.000000,2437306410672.000000,7025347.000000
726000,12,390297,0.600000,1.000000,0.710519,1.000000,0.000000,0,0.000000,725778.000000,1.000000,2437306410672.000000,7025347.000000
726000,13,390302,0.600000,1.000000,0.794839,1.000000,0.000000,0,0.000000,725977.000000,1.000000,2437306410672.000000,7025347.000000
726000,14,390297,0.600000,1.000000,0.781731,1.000000,0.000000,0,0.000000,725479.000000,1.000000,2437306410672.000000,7025347.000000
726000,15,390303,0.600000,1.000000,0.815619,1.000000,0.000000,1,650727.000000,726000.000000,1.000000,2437306410672.000000,7025347.000000
727000,0,390843,0.600000,1.000000,0.692325,1.000000,0.000000,0,0.000000,726996.000000,1.000000,2444124975251.000000,7816844.000000
727000,1,390842,0.600000,1.000000,0.781209,1.000000,0.000000,0,0.000000,726919.000000,1.000000,2444124975251.000000,7816844.000000
727000,2,390844,0.600000,1.000000,0.630342,1.000000,0.000000,0,0.000000,726991.000000,1.000000,2444124975251.000000,7816844.000000
727000,3,390842,0.600000,1.000000,0.624114,1.000000,0.000000,0,0.000000,726882.000000,1.000000,2444124975251.000000,7816844.000000
727000,4,390842,0.600000,1.000000,0.635395,1.000000,0.000000,0,0.000000,726979.000000,1.000000,2444124975251.000000,7816844.000000
727000,5,390839,0.600000,1.000000,0.542340,1.000000,0.000000,0,0.000000,726809.000000,1.000000,2444124975251.000000,7816844.000000
727000,6,390844,0.600000,1.000000,0.658302,1.000000,0.000000,0,0.000000,726994.000000,1.000000,2444124975251.000000,7816844.000000
727000,7,390843,0.600000,1.000000,0.651968,1.000000,0.000000,0,0.000000,726782.000000,1.000000,2444124975251.000000,7816844.000000
727000,8,390844,0.600000,1.000000,0.763918,1.000000,0.000000,1,650924.000000,727000.000000,1.000000,2444124975251.000000,7816844.000000
727000,9,390843,0.600000,1.000000,0.749014,1.000000,0.000000,0,0.000000,726998.000000,1.000000,2444124975251.000000,7816844.000000
727000,10,390841,0.600000,1.000000,0.592028,1.000000,0.000000,0,0.000000,726953.000000,1.000000,2444124975251.000000,7816844.000000
727000,11,390845,0.600000,1.000000,0.677521,1.000000,0.000000,0,0.000000,726999.000000,1.000000,2444124975251.000000,7816844.000000
727000,12,390840,0.600000,1.000000,0.611027,1.000000,0.000000,0,0.000000,726959.000000,1.000000,2444124975251.000000,7816844.000000
727000,13,390843,0.600000,1.000000,0.601182,1.000000,0.000000,0,0.000000,726981.000000,1.000000,2444124975251.000000,7816844.000000
727000,14,390842,0.600000,1.000000,0.582120,1.000000,0.000000,0,0.000000,726983.000000,1.000000,2444124975251.000000,7816844.000000
727000,15,390842,0.600000,1.000000,0.657587,1.000000,0.000000,0,0.000000,726884.000000,1.000000,2444124975251.000000,7816844.000000
728000,0,391390,0.600000,1.000000,0.691599,1.000000,0.000000,0,0.000000,727927.000000,1.000000,2450962458096.000000,5479441.000000
728000,1,391390,0.600000,1.000000,0.699208,1.000000,0.000000,1,651895.000000,728000.000000,1.000000,2450962458096.000000,5479441.000000
728000,2,391389,0.600000,1.000000,0.707879,1.000000,0.000000,0,0.000000,727948.000000,1.000000,2450962458096.000000,5479441.000000
728000,3,391388,0.600000,1.000000,0.641449,1.000000,0.000000,0,0.000000,727960.000000,1.000000,2450962458096.000000,5479441.000000
728000,4,391387,0.600000,1.000000,0.618194,1.000000,0.000000,0,0.000000,727838.000000,1.000000,2450962458096.000000,5479441.000000
728000,5,391391,0.600000,1.000000,0.627388,1.000000,0.000000,0,0.000000,727998.000000,1.000000,2450962458096.000000,5479441.000000
728000,6,391389,0.600000,1.000000,0.614068,1.000000,0.000000,0,0.000000,727985.000000,1.000000,2450962458096.000000,5479441.000000
728000,7,391388,0.600000,1.000000,0.716431,1.000000,0.000000,0,0.000000,727988.000000,1.000000,2450962458096.000000,5479441.000000
728000,8,391390,0.600000,1.000000,0.720066,1.000000,0.000000,0,0.000000,727892.000000,1.000000,2450962458096.000000,5479441.000000
728000,9,391387,0.600000,1.000000,0.615944,1.000000,0.000000,0,0.000000,727973.000000,1.000000,2450962458096.000000,5479441.000000
728000,10,391386,0.600000,1.000000,0.630576,1.000000,0.000000,0,0.000000,727955.000000,1.000000,2450962458096.000000,5479441.000000
728000,11,391391,0.600000,1.000000,0.665182,1.000000,0.000000,0,0.000000,727978.000000,1.000000,2450962458096.000000,5479441.000000
728000,12,391383,0.600000,1.000000,0.741650,1.000000,0.000000,0,0.000000,727418.000000,1.000000,2450962458096.000000,5479441.000000
728000,13,391390,0.600000,1.000000,0.666741,1.000000,0.000000,0,0.000000,727997.000000,1.000000,2450962458096.000000,5479441.000000
728000,14,391391,0.600000,1.000000,0.678701,1.000000,0.000000,0,0.000000,727977.000000,1.000000,2450962458096.000000,5479441.000000
728000,15,391390,0.600000,1.000000,0.693312,1.000000,0.000000,0,0.000000,727995.000000,1.000000,2450962458096.000000,5479441.000000
729000,0,391924,0.600000,1.000000,0.536220,1.000000,0.000000,0,0.000000,728925.000000,1.000000,2457702886481.000000,4703130.000000
729000,1,391929,0.600000,1.000000,0.609198,1.000000,0.000000,0,0.000000,728957.000000,1.000000,2457702886481.000000,4703130.000000
729000,2,391929,0.600000,1.000000,0.697701,1.000000,0.000000,1,652831.000000,729000.000000,1.000000,2457702886481.000000,4703130.000000
729000,3,391929,0.600000,1.000000,0.835678,1.000000,0.000000,0,0.000000,728999.000000,1.000000,2457702886481.000000,4703130.000000
729000,4,391929,0.600000,1.000000,0.603593,1.000000,0.000000,0,0.000000,728994.000000,1.000000,2457702886481.000000,4703130.000000
729000,5,391928,0.600000,1.000000,0.721800,1.000000,0.000000,0,0.000000,728997.000000,1.000000,2457702886481.000000,4703130.000000
729000,6,391929,0.600000,1.000000,0.705254,1.000000,0.000000,0,0.000000,728978.000000,1.000000,2457702886481.000000,4703130.000000
729000,7,391923,0.600000,1.000000,0.537680,1.000000,0.000000,0,0.000000,728764.000000,1.000000,2457702886481.000000,4703130.000000
729000,8,391927,0.600000,1.000000,0.523478,1.000000,0.000000,0,0.000000,728785.000000,1.000000,2457702886481.000000,4703130.000000
729000,9,391928,0.600000,1.000000,0.698911,1.000000,0.000000,0,0.000000,728995.000000,1.000000,2457702886481.000000,4703130.000000
729000,10,391929,0.600000,1.000000,0.651537,1.000000,0.000000,0,0.000000,728962.000000,1.000000,2457702886481.000000,4703130.000000
729000,11,391925,0.600000,1.000000,0.670775,1.000000,0.000000,0,0.000000,728987.000000,1.000000,2457702886481.000000,4703130.000000
729000,12,391928,0.600000,1.000000,0.617150,1.000000,0.000000,0,0.000000,728986.000000,1.000000,2457702886481.000000,4703130.000000
729000,13,391920,0.600000,1.000000,0.700130,1.000000,0.000000,0,0.000000,728876.000000,1.000000,2457702886481.000000,4703130.000000
729000,14,391918,0.600000,1.000000,0.531043,1.000000,0.000000,0,0.000000,728899.000000,1.000000,2457702886481.000000,4703130.000000
729000,15,391930,0.600000,1.000000,0.662974,1.000000,0.000000,0,0.000000,728874.000000,1.000000,2457702886481.000000,4703130.000000
730000,0,392470,0.600000,1.000000,0.588441,1.000000,0.000000,0,0.000000,729995.000000,1.000000,2464496526588.000000,7064425.000000
730000,1,392468,0.600000,1.000000,0.644225,1.000000,0.000000,0,0.000000,729988.000000,1.000000,2464496526588.000000,7064425.000000
730000,2,392471,0.600000,1.000000,0.654988,1.000000,0.000000,0,0.000000,729850.000000,1.000000,2464496526588.000000,7064425.000000
730000,3,392468,0.600000,1.000000,0.596089,1.000000,0.000000,0,0.000000,729965.000000,1.000000,2464496526588.000000,7064425.000000
730000,4,392468,0.600000,1.000000,0.652780,1.000000,0.000000,0,0.000000,729982.000000,1.000000,2464496526588.000000,7064425.000000
730000,5,392467,0.600000,1.000000,0.574880,1.000000,0.000000,0,0.000000,729940.000000,1.000000,2464496526588.000000,7064425.000000
730000,6,392469,0.600000,1.000000,0.701194,1.000000,0.000000,0,0.000000,729998.000000,1.000000,2464496526588.000000,7064425.000000
730000,7,392467,0.600000,1.000000,0.644583,1.000000,0.000000,0,0.000000,729961.000000,1.000000,2464496526588.000000,7064425.000000
730000,8,392464,0.600000,1.000000,0.676027,1.000000,0.000000,0,0.000000,729862.000000,1.000000,2464496526588.000000,7064425.000000
730000,9,392468,0.600000,1.000000,0.660443,1.000000,0.000000,0,0.000000,729868.000000,1.000000,2464496526588.000000,7064425.000000
730000,10,392462,0.600000,1.000000,0.501153,1.000000,0.000000,0,0.000000,729935.000000,1.000000,2464496526588.000000,7064425.000000
730000,11,392467,0.600000,1.000000,0.738524,1.000000,0.000000,0,0.000000,729993.000000,1.000000,2464496526588.000000,7064425.000000
730000,12,392469,0.600000,1.000000,0.619878,1.000000,0.000000,0,0.000000,729938.000000,1.000000,2464496526588.000000,7064425.000000
730000,13,392469,0.600000,1.000000,0.617186,1.000000,0.000000,0,0.000000,729994.000000,1.000000,2464496526588.000000,7064425.000000
730000,14,392470,0.600000,1.000000,0.680426,1.000000,0.000000,1,653780.000000,730000.000000,1.000000,2464496526588.000000,7064425.000000
730000,15,392469,0.600000,1.000000,0.615011,1.000000,0.000000,0,0.000000,729990.000000,1.000000,2464496526588.000000,7064425.000000
731000,0,393008,0.600000,1.000000,0.598792,1.000000,0.000000,0,0.000000,730889.000000,1.000000,2471338845229.000000,11790381.000000
731000,1,393016,0.600000,1.000000,0.681135,1.000000,0.000000,0,0.000000,730985.000000,1.000000,2471338845229.000000,11790381.000000
731000,2,393013,0.600000,1.000000,0.687209,1.000000,0.000000,0,0.000000,730991.000000,1.000000,2471338845229.000000,11790381.000000
731000,3,393020,0.600000,1.000000,0.815794,1.000000,0.000000,1,655990.000000,731000.000000,1.000000,2471338845229.000000,11790381.000000
731000,4,393008,0.600000,1.000000,0.600819,1.000000,0.000000,0,0.000000,730811.000000,1.000000,2471338845229.000000,11790381.000000
731000,5,393014,0.600000,1.000000,0.614581,1.000000,0.000000,0,0.000000,730918.000000,1.000000,2471338845229.000000,11790381.000000
731000,6,393017,0.600000,1.000000,0.659435,1.000000,0.000000,0,0.000000,730994.000000,1.000000,2471338845229.000000,11790381.000000
731000,7,393020,0.600000,1.000000,0.714138,1.000000,0.000000,0,0.000000,730999.000000,1.000000,2471338845229.000000,11790381.000000
731000,8,393013,0.600000,1.000000,0.792232,1.000000,0.000000,0,0.000000,730852.000000,1.000000,2471338845229.000000,11790381.000000
731000,9,393000,0.600000,1.000000,0.585012,1.000000,0.000000,0,0.000000,730627.000000,1.000000,2471338845229.000000,11790381.000000
731000,10,393015,0.600000,1.000000,0.704604,1.000000,0.000000,0,0.000000,730990.000000,1.000000,2471338845229.000000,11790381.000000
731000,11,393016,0.600000,1.000000,0.773444,1.000000,0.000000,0,0.000000,730956.000000,1.000000,2471338845229.000000,11790381.000000
731000,12,393016,0.600000,1.000000,0.679276,1.000000,0.000000,0,0.000000,730974.000000,1.000000,2471338845229.000000,11790381.000000
731000,13,392994,0.600000,1.000000,0.605155,1.000000,0.000000,0,0.000000,730352.000000,1.000000,2471338845229.000000,11790381.000000
731000,14,393007,0.600000,1.000000,0.473015,1.000000,0.000000,0,0.000000,730691.000000,1.000000,2471338845229.000000,11790381.000000
731000,15,393020,0.600000,1.000000,0.774357,1.000000,0.000000,0,0.000000,730998.000000,1.000000,2471338845229.000000,11790381.000000
732000,0,393537,0.600000,1.000000,0.642272,1.000000,0.000000,0,0.000000,731880.000000,1.000000,2477982066989.000000,6296618.000000
732000,1,393541,0.600000,1.000000,0.576496,1.000000,0.000000,0,0.000000,731981.000000,1.000000,2477982066989.000000,6296618.000000
732000,2,393543,0.600000,1.000000,0.711883,1.000000,0.000000,0,0.000000,731993.000000,1.000000,2477982066989.000000,6296618.000000
732000,3,393540,0.600000,1.000000,0.555120,1.000000,0.000000,0,0.000000,731964.000000,1.000000,2477982066989.000000,6296618.000000
732000,4,393540,0.600000,1.000000,0.585047,1.000000,0.000000,0,0.000000,731870.000000,1.000000,2477982066989.000000,6296618.000000
732000,5,393536,0.600000,1.000000,0.617875,1.000000,0.000000,0,0.000000,731897.000000,1.000000,2477982066989.000000,6296618.000000
732000,6,393543,0.600000,1.000000,0.790520,1.000000,0.000000,1,656195.000000,732000.000000,1.000000,2477982066989.000000,6296618.000000
732000,7,393536,0.600000,1.000000,0.649739,1.000000,0.000000,0,0.000000,731819.000000,1.000000,2477982066989.000000,6296618.000000
732000,8,393543,0.600000,1.000000,0.632380,1.000000,0.000000,0,0.000000,731987.000000,1.000000,2477982066989.000000,6296618.000000
732000,9,393543,0.600000,1.000000,0.669409,1.000000,0.000000,0,0.000000,731996.000000,1.000000,2477982066989.000000,6296618.000000
732000,10,393543,0.600000,1.000000,0.728093,1.000000,0.000000,0,0.000000,731878.000000,1.000000,2477982066989.000000,6296618.000000
732000,11,393542,0.600000,1.000000,0.654282,1.000000,0.000000,0,0.000000,731718.000000,1.000000,2477982066989.000000,6296618.000000
732000,12,393541,0.600000,1.000000,0.629802,1.000000,0.000000,0,0.000000,731977.000000,1.000000,2477982066989.000000,6296618.000000
732000,13,393535,0.600000,1.000000,0.593691,1.000000,0.000000,0,0.000000,731830.000000,1.000000,2477982066989.000000,6296618.000000
732000,14,393544,0.600000,1.000000,0.617907,1.000000,0.000000,0,0.000000,731988.000000,1.000000,2477982066989.000000,6296618.000000
732000,15,393536,0.600000,1.000000,0.585767,1.000000,0.000000,0,0.000000,731887.000000,1.000000,2477982066989.000000,6296618.000000
733000,0,394086,0.600000,1.000000,0.662020,1.000000,0.000000,0,0.000000,732941.000000,1.000000,2484850948476.000000,3940867.000000
733000,1,394082,0.600000,1.000000,0.741879,1.000000,0.000000,0,0.000000,732992.000000,1.000000,2484850948476.000000,3940867.000000
733000,2,394086,0.600000,1.000000,0.695821,1.000000,0.000000,0,0.000000,732991.000000,1.000000,2484850948476.000000,3940867.000000
733000,3,394085,0.600000,1.000000,0.709096,1.000000,0.000000,0,0.000000,732983.000000,1.000000,2484850948476.000000,3940867.000000
733000,4,394087,0.600000,1.000000,0.710335,1.000000,0.000000,0,0.000000,732995.000000,1.000000,2484850948476.000000,3940867.000000
733000,5,394085,0.600000,1.000000,0.707517,1.000000,0.000000,0,0.000000,732966.000000,1.000000,2484850948476.000000,3940867.000000
733000,6,394075,0.600000,1.000000,0.637311,1.000000,0.000000,0,0.000000,732932.000000,1.000000,2484850948476.000000,3940867.000000
733000,7,394088,0.600000,1.000000,0.804115,1.000000,0.000000,0,0.000000,732999.000000,1.000000,2484850948476.000000,3940867.000000
733000,8,394088,0.600000,1.000000,0.770591,1.000000,0.000000,0,0.000000,732784.000000,1.000000,2484850948476.000000,3940867.000000
733000,9,394090,0.600000,1.000000,0.710230,1.000000,0.000000,1,657313.000000,733000.000000,1.000000,2484850948476.000000,3940867.000000
733000,10,394089,0.600000,1.000000,0.796037,1.000000,0.000000,0,0.000000,732981.000000,1.000000,2484850948476.000000,3940867.000000
733000,11,394083,0.600000,1.000000,0.642246,1.000000,0.000000,0,0.000000,732921.000000,1.000000,2484850948476.000000,3940867.000000
733000,12,394083,0.600000,1.000000,0.623979,1.000000,0.000000,0,0.000000,732973.000000,1.000000,2484850948476.000000,3940867.000000
733000,13,394086,0.600000,1.000000,0.547531,1.000000,0.000000,0,0.000000,732976.000000,1.000000,2484850948476.000000,3940867.000000
733000,14,394088,0.600000,1.000000,0.766597,1.000000,0.000000,0,0.000000,732996.000000,1.000000,2484850948476.000000,3940867.000000
733000,15,394083,0.600000,1.000000,0.538728,1.000000,0.000000,0,0.000000,732836.000000,1.000000,2484850948476.000000,3940867.000000
734000,0,394628,0.600000,1.000000,0.668460,1.000000,0.000000,0,0.000000,733950.000000,1.000000,2491787742723.000000,13417577.000000
734000,1,394629,0.600000,1.000000,0.681942,1.000000,0.000000,0,0.000000,733959.000000,1.000000,2491787742723.000000,13417577.000000
734000,2,394638,0.600000,1.000000,0.773904,1.000000,0.000000,0,0.000000,733996.000000,1.000000,2491787742723.000000,13417577.000000
734000,3,394629,0.600000,1.000000,0.661274,1.000000,0.000000,0,0.000000,733825.000000,1.000000,2491787742723.000000,13417577.000000
734000,4,394640,0.600000,1.000000,0.690167,1.000000,0.000000,0,0.000000,733971.000000,1.000000,2491787742723.000000,13417577.000000
734000,5,394636,0.600000,1.000000,0.638121,1.000000,0.000000,0,0.000000,733923.000000,1.000000,2491787742723.000000,13417577.000000
734000,6,394634,0.600000,1.000000,0.699383,1.000000,0.000000,0,0.000000,733986.000000,1.000000,2491787742723.000000,13417577.000000
734000,7,394639,0.600000,1.000000,0.745356,1.000000,0.000000,0,0.000000,733982.000000,1.000000,2491787742723.000000,13417577.000000
734000,8,394637,0.600000,1.000000,0.584781,1.000000,0.000000,0,0.000000,733884.000000,1.000000,2491787742723.000000,13417577.000000
734000,9,394633,0.600000,1.000000,0.627882,1.000000,0.000000,0,0.000000,733563.000000,1.000000,2491787742723.000000,13417577.000000
734000,10,394638,0.600000,1.000000,0.731801,1.000000,0.000000,0,0.000000,733999.000000,1.000000,2491787742723.000000,13417577.000000
734000,11,394623,0.600000,1.000000,0.725858,1.000000,0.000000,0,0.000000,733710.000000,1.000000,2491787742723.000000,13417577.000000
734000,12,394638,0.600000,1.000000,0.693202,1.000000,0.000000,0,0.000000,733997.000000,1.000000,2491787742723.000000,13417577.000000
734000,13,394638,0.600000,1.000000,0.634824,1.000000,0.000000,0,0.000000,733947.000000,1.000000,2491787742723.000000,13417577.000000
734000,14,394640,0.600000,1.000000,0.627761,1.000000,0.000000,0,0.000000,733963.000000,1.000000,2491787742723.000000,13417577.000000
734000,15,394639,0.600000,1.000000,0.711855,1.000000,0.000000,1,657788.000000,734000.000000,1.000000,2491787742723.000000,13417577.000000
735000,0,395170,0.600000,1.000000,0.750040,1.000000,0.000000,1,657955.000000,735000.000000,1.000000,2498508955363.000000,5532329.000000
735000,1,395165,0.600000,1.000000,0.675844,1.000000,0.000000,0,0.000000,734981.000000,1.000000,2498508955363.000000,5532329.000000
735000,2,395166,0.600000,1.000000,0.547901,1.000000,0.000000,0,0.000000,734903.000000,1.000000,2498508955363.000000,5532329.000000
735000,3,395167,0.600000,1.000000,0.601172,1.000000,0.000000,0,0.000000,734989.000000,1.000000,2498508955363.000000,5532329.000000
735000,4,395169,0.600000,1.000000,0.688014,1.000000,0.000000,0,0.000000,734999.000000,1.000000,2498508955363.000000,5532329.000000
735000,5,395171,0.600000,1.000000,0.667870,1.000000,0.000000,0,0.000000,734983.000000,1.000000,2498508955363.000000,5532329.000000
735000,6,395161,0.600000,1.000000,0.483427,1.000000,0.000000,0,0.000000,734910.000000,1.000000,2498508955363.000000,5532329.000000
735000,7,395162,0.600000,1.000000,0.646372,1.000000,0.000000,0,0.000000,734928.000000,1.000000,2498508955363.000000,5532329.000000
735000,8,395168,0.600000,1.000000,0.604701,1.000000,0.000000,0,0.000000,734829.000000,1.000000,2498508955363.000000,5532329.000000
735000,9,395162,0.600000,1.000000,0.572154,1.000000,0.000000,0,0.000000,734941.000000,1.000000,2498508955363.000000,5532329.000000
735000,10,395170,0.600000,1.000000,0.660379,1.000000,0.000000,0,0.000000,734988.000000,1.000000,2498508955363.000000,5532329.000000
735000,11,395169,0.600000,1.000000,0.525495,1.000000,0.000000,0,0.000000,734987.000000,1.000000,2498508955363.000000,5532329.000000
735000,12,395166,0.600000,1.000000,0.662947,1.000000,0.000000,0,0.000000,734957.000000,1.000000,2498508955363.000000,5532329.000000
735000,13,395169,0.600000,1.000000,0.613720,1.000000,0.000000,0,0.000000,734986.000000,1.000000,2498508955363.000000,5532329.000000
735000,14,395166,0.600000,1.000000,0.692895,1.000000,0.000000,0,0.000000,734969.000000,1.000000,2498508955363.000000,5532329.000000
735000,15,395168,0.600000,1.000000,0.673399,1.000000,0.000000,0,0.000000,734996.000000,1.000000,2498508955363.000000,5532329.000000
736000,0,395704,0.600000,1.000000,0.502394,1.000000,0.000000,0,0.000000,735885.000000,1.000000,2505312821286.000000,10288293.000000
736000,1,395706,0.600000,1.000000,0.706510,1.000000,0.000000,0,0.000000,735971.000000,1.000000,2505312821286.000000,10288293.000000
736000,2,395707,0.600000,1.000000,0.711065,1.000000,0.000000,0,0.000000,735988.000000,1.000000,2505312821286.000000,10288293.000000
736000,3,395702,0.600000,1.000000,0.720883,1.000000,0.000000,0,0.000000,735963.000000,1.000000,2505312821286.000000,10288293.000000
736000,4,395704,0.600000,1.000000,0.595539,1.000000,0.000000,0,0.000000,735813.000000,1.000000,2505312821286.000000,10288293.000000
736000,5,395703,0.600000,1.000000,0.614040,1.000000,0.000000,0,0.000000,735910.000000,1.000000,2505312821286.000000,10288293.000000
736000,6,395706,0.600000,1.000000,0.624714,1.000000,0.000000,0,0.000000,735990.000000,1.000000,2505312821286.000000,10288293.000000
736000,7,395695,0.600000,1.000000,0.659818,1.000000,0.000000,0,0.000000,735763.000000,1.000000,2505312821286.000000,10288293.000000
736000,8,395708,0.600000,1.000000,0.718341,1.000000,0.000000,1,659131.000000,736000.000000,1.000000,2505312821286.000000,10288293.000000
736000,9,395707,0.600000,1.000000,0.708118,1.000000,0.000000,0,0.000000,735956.000000,1.000000,2505312821286.000000,10288293.000000
736000,10,395707,0.600000,1.000000,0.744621,1.000000,0.000000,0,0.000000,735999.000000,1.000000,2505312821286.000000,10288293.000000
736000,11,395706,0.600000,1.000000,0.711790,1.000000,0.000000,0,0.000000,735931.000000,1.000000,2505312821286.000000,10288293.000000
736000,12,395702,0.600000,1.000000,0.622319,1.000000,0.000000,0,0.000000,735916.000000,1.000000,2505312821286.000000,10288293.000000
736000,13,395702,0.600000,1.000000,0.584599,1.000000,0.000000,0,0.000000,735925.000000,1.000000,2505312821286.000000,10288293.000000
736000,14,395705,0.600000,1.000000,0.700176,1.000000,0.000000,0,0.000000,735991.000000,1.000000,2505312821286.000000,10288293.000000
736000,15,395708,0.600000,1.000000,0.636618,1.000000,0.000000,0,0.000000,735898.000000,1.000000,2505312821286.000000,10288293.000000
737000,0,396261,0.600000,1.000000,0.664523,1.000000,0.000000,1,659771.000000,737000.000000,1.000000,2512299496028.000000,6340120.000000
737000,1,396255,0.600000,1.000000,0.718378,1.000000,0.000000,0,0.000000,736735.000000,1.000000,2512299496028.000000,6340120.000000
737000,2,396260,0.600000,1.000000,0.638254,1.000000,0.000000,0,0.000000,736999.000000,1.000000,2512299496028.000000,6340120.000000
737000,3,396260,0.600000,1.000000,0.754102,1.000000,0.000000,0,0.000000,736998.000000,1.000000,2512299496028.000000,6340120.000000
737000,4,396253,0.600000,1.000000,0.594058,1.000000,0.000000,0,0.000000,736907.000000,1.000000,2512299496028.000000,6340120.000000
737000,5,396257,0.600000,1.000000,0.662566,1.000000,0.000000,0,0.000000,736908.000000,1.000000,2512299496028.000000,6340120.000000
737000,6,396260,0.600000,1.000000,0.616864,1.000000,0.000000,0,0.000000,736989.000000,1.000000,2512299496028.000000,6340120.000000
737000,7,396259,0.600000,1.000000,0.754828,1.000000,0.000000,0,0.000000,736979.000000,1.000000,2512299496028.000000,6340120.000000
737000,8,396255,0.600000,1.000000,0.667626,1.000000,0.000000,0,0.000000,736903.000000,1.000000,2512299496028.000000,6340120.000000
737000,9,396254,0.600000,1.000000,0.698473,1.000000,0.000000,0,0.000000,736969.000000,1.000000,2512299496028.000000,6340120.000000
737000,10,396253,0.600000,1.000000,0.644372,1.000000,0.000000,0,0.000000,736943.000000,1.000000,2512299496028.000000,6340120.000000
737000,11,396252,0.600000,1.000000,0.719769,1.000000,0.000000,0,0.000000,736518.000000,1.000000,2512299496028.000000,6340120.000000
737000,12,396260,0.600000,1.000000,0.753355,1.000000,0.000000,0,0.000000,736982.000000,1.000000,2512299496028.000000,6340120.000000
737000,13,396258,0.600000,1.000000,0.768110,1.000000,0.000000,0,0.000000,736995.000000,1.000000,2512299496028.000000,6340120.000000
737000,14,396259,0.600000,1.000000,0.625370,1.000000,0.000000,0,0.000000,736960.000000,1.000000,2512299496028.000000,6340120.000000
737000,15,396238,0.600000,1.000000,0.625935,1.000000,0.000000,0,0.000000,736843.000000,1.000000,2512299496028.000000,6340120.000000
738000,0,396792,0.600000,1.000000,0.573085,1.000000,0.000000,0,0.000000,737836.000000,1.000000,2519088769415.000000,7935800.000000
738000,1,396790,0.600000,1.000000,0.630056,1.000000,0.000000,0,0.000000,737885.000000,1.000000,2519088769415.000000,7935800.000000
738000,2,396790,0.600000,1.000000,0.575334,1.000000,0.000000,0,0.000000,737861.000000,1.000000,2519088769415.000000,7935800.000000
738000,3,396794,0.600000,1.000000,0.525404,1.000000,0.000000,0,0.000000,737971.000000,1.000000,2519088769415.000000,7935800.000000
738000,4,396790,0.600000,1.000000,0.626727,1.000000,0.000000,0,0.000000,737915.000000,1.000000,2519088769415.000000,7935800.000000
738000,5,396793,0.600000,1.000000,0.698691,1.000000,0.000000,0,0.000000,737989.000000,1.000000,2519088769415.000000,7935800.000000
738000,6,396793,0.600000,1.000000,0.704126,1.000000,0.000000,1,661356.000000,738000.000000,1.000000,2519088769415.000000,7935800.000000
738000,7,396785,0.600000,1.000000,0.573313,1.000000,0.000000,0,0.000000,737702.000000,1.000000,2519088769415.000000,7935800.000000
738000,8,396789,0.600000,1.000000,0.567642,1.000000,0.000000,0,0.000000,737941.000000,1.000000,2519088769415.000000,7935800.000000
738000,9,396792,0.600000,1.000000,0.604995,1.000000,0.000000,0,0.000000,737972.000000,1.000000,2519088769415.000000,7935800.000000
738000,10,396791,0.600000,1.000000,0.579368,1.000000,0.000000,0,0.000000,737944.000000,1.000000,2519088769415.000000,7935800.000000
738000,11,396791,0.600000,1.000000,0.527129,1.000000,0.000000,0,0.000000,737936.000000,1.000000,2519088769415.000000,7935800.000000
738000,12,396786,0.600000,1.000000,0.573481,1.000000,0.000000,0,0.000000,737906.000000,1.000000,2519088769415.000000,7935800.000000
738000,13,396792,0.600000,1.000000,0.711543,1.000000,0.000000,0,0.000000,737993.000000,1.000000,2519088769415.000000,7935800.000000
738000,14,396794,0.600000,1.000000,0.655080,1.000000,0.000000,0,0.000000,737998.000000,1.000000,2519088769415.000000,7935800.000000
738000,15,396793,0.600000,1.000000,0.688192,1.000000,0.000000,0,0.000000,737996.000000,1.000000,2519088769415.000000,7935800.000000
739000,0,397338,0.600000,1.000000,0.594270,1.000000,0.000000,0,0.000000,738961.000000,1.000000,2526018324513.000000,5562665.000000
739000,1,397311,0.600000,1.000000,0.615551,1.000000,0.000000,0,0.000000,738400.000000,1.000000,2526018324513.000000,5562665.000000
739000,2,397337,0.600000,1.000000,0.591028,1.000000,0.000000,0,0.000000,738967.000000,1.000000,2526018324513.000000,5562665.000000
739000,3,397339,0.600000,1.000000,0.586742,1.000000,0.000000,0,0.000000,738970.000000,1.000000,2526018324513.000000,5562665.000000
739000,4,397335,0.600000,1.000000,0.650697,1.000000,0.000000,0,0.000000,738971.000000,1.000000,2526018324513.000000,5562665.000000
739000,5,397339,0.600000,1.000000,0.606885,1.000000,0.000000,0,0.000000,738955.000000,1.000000,2526018324513.000000,5562665.000000
739000,6,397341,0.600000,1.000000,0.706118,1.000000,0.000000,0,0.000000,738997.000000,1.000000,2526018324513.000000,5562665.000000
739000,7,397341,0.600000,1.000000,0.744654,1.000000,0.000000,0,0.000000,738998.000000,1.000000,2526018324513.000000,5562665.000000
739000,8,397334,0.600000,1.000000,0.568399,1.000000,0.000000,0,0.000000,738953.000000,1.000000,2526018324513.000000,5562665.000000
739000,9,397342,0.600000,1.000000,0.719554,1.000000,0.000000,1,662584.000000,739000.000000,1.000000,2526018324513.000000,5562665.000000
739000,10,397341,0.600000,1.000000,0.774607,1.000000,0.000000,0,0.000000,738999.000000,1.000000,2526018324513.000000,5562665.000000
739000,11,397338,0.600000,1.000000,0.719983,1.000000,0.000000,0,0.000000,738982.000000,1.000000,2526018324513.000000,5562665.000000
739000,12,397338,0.600000,1.000000,0.655600,1.000000,0.000000,0,0.000000,738898.000000,1.000000,2526018324513.000000,5562665.000000
739000,13,397341,0.600000,1.000000,0.695576,1.000000,0.000000,0,0.000000,738989.000000,1.000000,2526018324513.000000,5562665.000000
739000,14,397332,0.600000,1.000000,0.525398,1.000000,0.000000,0,0.000000,738889.000000,1.000000,2526018324513.000000,5562665.000000
739000,15,397334,0.600000,1.000000,0.698828,1.000000,0.000000,0,0.000000,738915.000000,1.000000,2526018324513.000000,5562665.000000
740000,0,397876,0.600000,1.000000,0.647723,1.000000,0.000000,0,0.000000,739982.000000,1.000000,2532828485033.000000,3978737.000000
740000,1,397863,0.600000,1.000000,0.551897,1.000000,0.000000,0,0.000000,739769.000000,1.000000,2532828485033.000000,3978737.000000
740000,2,397877,0.600000,1.000000,0.693633,1.000000,0.000000,0,0.000000,739922.000000,1.000000,2532828485033.000000,3978737.000000
740000,3,397875,0.600000,1.000000,0.732885,1.000000,0.000000,0,0.000000,739989.000000,1.000000,2532828485033.000000,3978737.000000
740000,4,397863,0.600000,1.000000,0.593037,1.000000,0.000000,0,0.000000,739735.000000,1.000000,2532828485033.000000,3978737.000000
740000,5,397853,0.600000,1.000000,0.465255,1.000000,0.000000,0,0.000000,739788.000000,1.000000,2532828485033.000000,3978737.000000
740000,6,397879,0.600000,1.000000,0.621633,1.000000,0.000000,0,0.000000,739996.000000,1.000000,2532828485033.000000,3978737.000000
740000,7,397878,0.600000,1.000000,0.801974,1.000000,0.000000,0,0.000000,739997.000000,1.000000,2532828485033.000000,3978737.000000
740000,8,397857,0.600000,1.000000,0.540685,1.000000,0.000000,0,0.000000,739386.000000,1.000000,2532828485033.000000,3978737.000000
740000,9,397878,0.600000,1.000000,0.613720,1.000000,0.000000,0,0.000000,739970.000000,1.000000,2532828485033.000000,3978737.000000
740000,10,397878,0.600000,1.000000,0.574162,1.000000,0.000000,0,0.000000,739955.000000,1.000000,2532828485033.000000,3978737.000000
740000,11,397876,0.600000,1.000000,0.665272,1.000000,0.000000,0,0.000000,739995.000000,1.000000,2532828485033.000000,3978737.000000
740000,12,397873,0.600000,1.000000,0.672503,1.000000,0.000000,0,0.000000,739923.000000,1.000000,2532828485033.000000,3978737.000000
740000,13,397878,0.600000,1.000000,0.633948,1.000000,0.000000,1,662995.000000,740000.000000,1.000000,2532828485033.000000,3978737.000000
740000,14,397877,0.600000,1.000000,0.703693,1.000000,0.000000,0,0.000000,739992.000000,1.000000,2532828485033.000000,3978737.000000
740000,15,397864,0.600000,1.000000,0.534951,1.000000,0.000000,0,0.000000,739879.000000,1.000000,2532828485033.000000,3978737.000000
741000,0,398406,0.600000,1.000000,0.628699,1.000000,0.000000,0,0.000000,740957.000000,1.000000,2539643828266.000000,3984059.000000
741000,1,398409,0.600000,1.000000,0.774369,1.000000,0.000000,0,0.000000,740998.000000,1.000000,2539643828266.000000,3984059.000000
741000,2,398407,0.600000,1.000000,0.550149,1.000000,0.000000,0,0.000000,740954.000000,1.000000,2539643828266.000000,3984059.000000
741000,3,398410,0.600000,1.000000,0.701419,1.000000,0.000000,0,0.000000,740992.000000,1.000000,2539643828266.000000,3984059.000000
741000,4,398403,0.600000,1.000000,0.659289,1.000000,0.000000,0,0.000000,740789.000000,1.000000,2539643828266.000000,3984059.000000
741000,5,398409,0.600000,1.000000,0.726968,1.000000,0.000000,0,0.000000,740905.000000,1.000000,2539643828266.000000,3984059.000000
741000,6,398404,0.600000,1.000000,0.630804,1.000000,0.000000,0,0.000000,740907.000000,1.000000,2539643828266.000000,3984059.000000
741000,7,398408,0.600000,1.000000,0.612987,1.000000,0.000000,0,0.000000,740981.000000,1.000000,2539643828266.000000,3984059.000000
741000,8,398409,0.600000,1.000000,0.811955,1.000000,0.000000,1,663727.000000,741000.000000,1.000000,2539643828266.000000,3984059.000000
741000,9,398407,0.600000,1.000000,0.542030,1.000000,0.000000,0,0.000000,740966.000000,1.000000,2539643828266.000000,3984059.000000
741000,10,398410,0.600000,1.000000,0.640341,1.000000,0.000000,0,0.000000,740996.000000,1.000000,2539643828266.000000,3984059.000000
741000,11,398407,0.600000,1.000000,0.705597,1.000000,0.000000,0,0.000000,740970.000000,1.000000,2539643828266.000000,3984059.000000
741000,12,398389,0.600000,1.000000,0.621259,1.000000,0.000000,0,0.000000,740714.000000,1.000000,2539643828266.000000,3984059.000000
741000,13,398407,0.600000,1.000000,0.619451,1.000000,0.000000,0,0.000000,740986.000000,1.000000,2539643828266.000000,3984059.000000
741000,14,398410,0.600000,1.000000,0.766628,1.000000,0.000000,0,0.000000,740999.000000,1.000000,2539643828266.000000,3984059.000000
741000,15,398409,0.600000,1.000000,0.655556,1.000000,0.000000,0,0.000000,740972.000000,1.000000,2539643828266.000000,3984059.000000
742000,0,398937,0.600000,1.000000,0.463930,1.000000,0.000000,0,0.000000,741905.000000,1.000000,2546495457287.000000,8776717.000000
742000,1,398944,0.600000,1.000000,0.724601,1.000000,0.000000,0,0.000000,741872.000000,1.000000,2546495457287.000000,8776717.000000
742000,2,398946,0.600000,1.000000,0.615250,1.000000,0.000000,0,0.000000,741930.000000,1.000000,2546495457287.000000,8776717.000000
742000,3,398939,0.600000,1.000000,0.569660,1.000000,0.000000,0,0.000000,741910.000000,1.000000,2546495457287.000000,8776717.000000
742000,4,398946,0.600000,1.000000,0.665683,1.000000,0.000000,0,0.000000,741993.000000,1.000000,2546495457287.000000,8776717.000000
742000,5,398946,0.600000,1.000000,0.727655,1.000000,0.000000,0,0.000000,741998.000000,1.000000,2546495457287.000000,8776717.000000
742000,6,398945,0.600000,1.000000,0.576821,1.000000,0.000000,0,0.000000,741913.000000,1.000000,2546495457287.000000,8776717.000000
742000,7,398948,0.600000,1.000000,0.634233,1.000000,0.000000,0,0.000000,741995.000000,1.000000,2546495457287.000000,8776717.000000
742000,8,398947,0.600000,1.000000,0.626031,1.000000,0.000000,0,0.000000,741939.000000,1.000000,2546495457287.000000,8776717.000000
742000,9,398930,0.600000,1.000000,0.781732,1.000000,0.000000,0,0.000000,741488.000000,1.000000,2546495457287.000000,8776717.000000
742000,10,398942,0.600000,1.000000,0.623961,1.000000,0.000000,0,0.000000,741923.000000,1.000000,2546495457287.000000,8776717.000000
742000,11,398947,0.600000,1.000000,0.666427,1.000000,0.000000,1,665680.000000,742000.000000,1.000000,2546495457287.000000,8776717.000000
742000,12,398945,0.600000,1.000000,0.723262,1.000000,0.000000,0,0.000000,741980.000000,1.000000,2546495457287.000000,8776717.000000
742000,13,398944,0.600000,1.000000,0.689918,1.000000,0.000000,0,0.000000,741898.000000,1.000000,2546495457287.000000,8776717.000000
742000,14,398945,0.600000,1.000000,0.553087,1.000000,0.000000,0,0.000000,741629.000000,1.000000,2546495457287.000000,8776717.000000
742000,15,398946,0.600000,1.000000,0.755000,1.000000,0.000000,0,0.000000,741996.000000,1.000000,2546495457287.000000,8776717.000000
743000,0,399473,0.600000,1.000000,0.612479,1.000000,0.000000,0,0.000000,742960.000000,1.000000,2553290002727.000000,4793692.000000
743000,1,399473,0.600000,1.000000,0.531770,1.000000,0.000000,0,0.000000,742937.000000,1.000000,2553290002727.000000,4793692.000000
743000,2,399476,0.600000,1.000000,0.744009,1.000000,0.000000,0,0.000000,742943.000000,1.000000,2553290002727.000000,4793692.000000
743000,3,399476,0.600000,1.000000,0.615050,1.000000,0.000000,0,0.000000,742839.000000,1.000000,2553290002727.000000,4793692.000000
743000,4,399476,0.600000,1.000000,0.638299,1.000000,0.000000,0,0.000000,742972.000000,1.000000,2553290002727.000000,4793692.000000
743000,5,399477,0.600000,1.000000,0.747660,1.000000,0.000000,1,665530.000000,743000.000000,1.000000,2553290002727.000000,4793692.000000
743000,6,399472,0.600000,1.000000,0.562376,1.000000,0.000000,0,0.000000,742726.000000,1.000000,2553290002727.000000,4793692.000000
743000,7,399473,0.600000,1.000000,0.721084,1.000000,0.000000,0,0.000000,742928.000000,1.000000,2553290002727.000000,4793692.000000
743000,8,399478,0.600000,1.000000,0.677383,1.000000,0.000000,0,0.000000,742999.000000,1.000000,2553290002727.000000,4793692.000000
743000,9,399478,0.600000,1.000000,0.582681,1.000000,0.000000,0,0.000000,742892.000000,1.000000,2553290002727.000000,4793692.000000
743000,10,399472,0.600000,1.000000,0.513368,1.000000,0.000000,0,0.000000,742915.000000,1.000000,2553290002727.000000,4793692.000000
743000,11,399477,0.600000,1.000000,0.780653,1.000000,0.000000,0,0.000000,742994.000000,1.000000,2553290002727.000000,4793692.000000
743000,12,399477,0.600000,1.000000,0.757205,1.000000,0.000000,0,0.000000,742997.000000,1.000000,2553290002727.000000,4793692.000000
743000,13,399478,0.600000,1.000000,0.591083,1.000000,0.000000,0,0.000000,742716.000000,1.000000,2553290002727.000000,4793692.000000
743000,14,399477,0.600000,1.000000,0.639616,1.000000,0.000000,0,0.000000,742983.000000,1.000000,2553290002727.000000,4793692.000000
743000,15,399474,0.600000,1.000000,0.572278,1.000000,0.000000,0,0.000000,742950.000000,1.000000,2553290002727.000000,4793692.000000
744000,0,400026,0.600000,1.000000,0.717108,1.000000,0.000000,1,666091.000000,744000.000000,1.000000,2560288808265.000000,4800270.000000
744000,1,400022,0.600000,1.000000,0.672754,1.000000,0.000000,0,0.000000,743986.000000,1.000000,2560288808265.000000,4800270.000000
744000,2,400019,0.600000,1.000000,0.600425,1.000000,0.000000,0,0.000000,743945.000000,1.000000,2560288808265.000000,4800270.000000
744000,3,400026,0.600000,1.000000,0.591366,1.000000,0.000000,0,0.000000,743991.000000,1.000000,2560288808265.000000,4800270.000000
744000,4,400019,0.600000,1.000000,0.682710,1.000000,0.000000,0,0.000000,743779.000000,1.000000,2560288808265.000000,4800270.000000
744000,5,400025,0.600000,1.000000,0.573498,1.000000,0.000000,0,0.000000,743985.000000,1.000000,2560288808265.000000,4800270.000000
744000,6,400023,0.600000,1.000000,0.577963,1.000000,0.000000,0,0.000000,743946.000000,1.000000,2560288808265.000000,4800270.000000
744000,7,400019,0.600000,1.000000,0.716977,1.000000,0.000000,0,0.000000,743142.000000,1.000000,2560288808265.000000,4800270.000000
744000,8,400019,0.600000,1.000000,0.755265,1.000000,0.000000,0,0.000000,743799.000000,1.000000,2560288808265.000000,4800270.000000
744000,9,400023,0.600000,1.000000,0.653935,1.000000,0.000000,0,0.000000,743983.000000,1.000000,2560288808265.000000,4800270.000000
744000,10,400024,0.600000,1.000000,0.734286,1.000000,0.000000,0,0.000000,743994.000000,1.000000,2560288808265.000000,4800270.000000
744000,11,400024,0.600000,1.000000,0.767752,1.000000,0.000000,0,0.000000,743997.000000,1.000000,2560288808265.000000,4800270.000000
744000,12,400022,0.600000,1.000000,0.568237,1.000000,0.000000,0,0.000000,743949.000000,1.000000,2560288808265.000000,4800270.000000
744000,13,400019,0.600000,1.000000,0.547484,1.000000,0.000000,0,0.000000,743968.000000,1.000000,2560288808265.000000,4800270.000000
744000,14,400027,0.600000,1.000000,0.715163,1.000000,0.000000,0,0.000000,743999.000000,1.000000,2560288808265.000000,4800270.000000
744000,15,400024,0.600000,1.000000,0.693667,1.000000,0.000000,0,0.000000,743967.000000,1.000000,2560288808265.000000,4800270.000000
745000,0,400556,0.600000,1.000000,0.740069,1.000000,0.000000,0,0.000000,744999.000000,1.000000,2567059260284.000000,9613294.000000
745000,1,400553,0.600000,1.000000,0.667307,1.000000,0.000000,0,0.000000,744980.000000,1.000000,2567059260284.000000,9613294.000000
745000,2,400554,0.600000,1.000000,0.636202,1.000000,0.000000,0,0.000000,744989.000000,1.000000,2567059260284.000000,9613294.000000
745000,3,400553,0.600000,1.000000,0.683695,1.000000,0.000000,0,0.000000,744958.000000,1.000000,2567059260284.000000,9613294.000000
745000,4,400554,0.600000,1.000000,0.706331,1.000000,0.000000,0,0.000000,744843.000000,1.000000,2567059260284.000000,9613294.000000
745000,5,400551,0.600000,1.000000,0.516194,1.000000,0.000000,0,0.000000,744961.000000,1.000000,2567059260284.000000,9613294.000000
745000,6,400550,0.600000,1.000000,0.728581,1.000000,0.000000,0,0.000000,744990.000000,1.000000,2567059260284.000000,9613294.000000
745000,7,400550,0.600000,1.000000,0.604605,1.000000,0.000000,0,0.000000,744968.000000,1.000000,2567059260284.000000,9613294.000000
745000,8,400551,0.600000,1.000000,0.781883,1.000000,0.000000,0,0.000000,744994.000000,1.000000,2567059260284.000000,9613294.000000
745000,9,400533,0.600000,1.000000,0.551071,1.000000,0.000000,0,0.000000,744536.000000,1.000000,2567059260284.000000,9613294.000000
745000,10,400554,0.600000,1.000000,0.644509,1.000000,0.000000,0,0.000000,744997.000000,1.000000,2567059260284.000000,9613294.000000
745000,11,400557,0.600000,1.000000,0.686035,1.000000,0.000000,1,668339.000000,745000.000000,1.000000,2567059260284.000000,9613294.000000
745000,12,400552,0.600000,1.000000,0.613969,1.000000,0.000000,0,0.000000,744963.000000,1.000000,2567059260284.000000,9613294.000000
745000,13,400552,0.600000,1.000000,0.575586,1.000000,0.000000,0,0.000000,744967.000000,1.000000,2567059260284.000000,9613294.000000
745000,14,400545,0.600000,1.000000,0.562182,1.000000,0.000000,0,0.000000,744930.000000,1.000000,2567059260284.000000,9613294.000000
745000,15,400553,0.600000,1.000000,0.630178,1.000000,0.000000,0,0.000000,744610.000000,1.000000,2567059260284.000000,9613294.000000
746000,0,401090,0.600000,1.000000,0.612336,1.000000,0.000000,0,0.000000,745997.000000,1.000000,2573924483768.000000,8021706.000000
746000,1,401082,0.600000,1.000000,0.623875,1.000000,0.000000,0,0.000000,745879.000000,1.000000,2573924483768.000000,8021706.000000
746000,2,401089,0.600000,1.000000,0.615238,1.000000,0.000000,0,0.000000,745958.000000,1.000000,2573924483768.000000,8021706.000000
746000,3,401087,0.600000,1.000000,0.632871,1.000000,0.000000,0,0.000000,745964.000000,1.000000,2573924483768.000000,8021706.000000
746000,4,401088,0.600000,1.000000,0.540781,1.000000,0.000000,0,0.000000,745928.000000,1.000000,2573924483768.000000,8021706.000000
746000,5,401089,0.600000,1.000000,0.658715,1.000000,0.000000,0,0.000000,745991.000000,1.000000,2573924483768.000000,8021706.000000
746000,6,401089,0.600000,1.000000,0.659120,1.000000,0.000000,0,0.000000,745996.000000,1.000000,2573924483768.000000,8021706.000000
746000,7,401091,0.600000,1.000000,0.721677,1.000000,0.000000,1,669714.000000,746000.000000,1.000000,2573924483768.000000,8021706.000000
746000,8,401085,0.600000,1.000000,0.635633,1.000000,0.000000,0,0.000000,745840.000000,1.000000,2573924483768.000000,8021706.000000
746000,9,401089,0.600000,1.000000,0.714125,1.000000,0.000000,0,0.000000,745992.000000,1.000000,2573924483768.000000,8021706.000000
746000,10,401087,0.600000,1.000000,0.635308,1.000000,0.000000,0,0.000000,745961.000000,1.000000,2573924483768.000000,8021706.000000
746000,11,401089,0.600000,1.000000,0.605839,1.000000,0.000000,0,0.000000,745974.000000,1.000000,2573924483768.000000,8021706.000000
746000,12,401087,0.600000,1.000000,0.597213,1.000000,0.000000,0,0.000000,745916.000000,1.000000,2573924483768.000000,8021706.000000
746000,13,401086,0.600000,1.000000,0.586878,1.000000,0.000000,0,0.000000,745968.000000,1.000000,2573924483768.000000,8021706.000000
746000,14,401085,0.600000,1.000000,0.534357,1.000000,0.000000,0,0.000000,745282.000000,1.000000,2573924483768.000000,8021706.000000
746000,15,401069,0.600000,1.000000,0.524607,1.000000,0.000000,0,0.000000,745708.000000,1.000000,2573924483768.000000,8021706.000000
747000,0,401634,0.600000,1.000000,0.799984,1.000000,0.000000,1,668806.000000,747000.000000,1.000000,2580909723670.000000,8032584.000000
747000,1,401627,0.600000,1.000000,0.506868,1.000000,0.000000,0,0.000000,746903.000000,1.000000,2580909723670.000000,8032584.000000
747000,2,401624,0.600000,1.000000,0.566772,1.000000,0.000000,0,0.000000,746706.000000,1.000000,2580909723670.000000,8032584.000000
747000,3,401622,0.600000,1.000000,0.543620,1.000000,0.000000,0,0.000000,746443.000000,1.000000,2580909723670.000000,8032584.000000
747000,4,401628,0.600000,1.000000,0.656319,1.000000,0.000000,0,0.000000,746883.000000,1.000000,2580909723670.000000,8032584.000000
747000,5,401628,0.600000,1.000000,0.614582,1.000000,0.000000,0,0.000000,746924.000000,1.000000,2580909723670.000000,8032584.000000
747000,6,401634,0.600000,1.000000,0.560485,1.000000,0.000000,0,0.000000,746976.000000,1.000000,2580909723670.000000,8032584.000000
747000,7,401632,0.600000,1.000000,0.638559,1.000000,0.000000,0,0.000000,746983.000000,1.000000,2580909723670.000000,8032584.000000
747000,8,401634,0.600000,1.000000,0.648396,1.000000,0.000000,0,0.000000,746998.000000,1.000000,2580909723670.000000,8032584.000000
747000,9,401631,0.600000,1.000000,0.557398,1.000000,0.000000,0,0.000000,746910.000000,1.000000,2580909723670.000000,8032584.000000
747000,10,401632,0.600000,1.000000,0.735423,1.000000,0.000000,0,0.000000,746992.000000,1.000000,2580909723670.000000,8032584.000000
747000,11,401634,0.600000,1.000000,0.778301,1.000000,0.000000,0,0.000000,746977.000000,1.000000,2580909723670.000000,8032584.000000
747000,12,401634,0.600000,1.000000,0.657881,1.000000,0.000000,0,0.000000,746994.000000,1.000000,2580909723670.000000,8032584.000000
747000,13,401626,0.600000,1.000000,0.549826,1.000000,0.000000,0,0.000000,746940.000000,1.000000,2580909723670.000000,8032584.000000
747000,14,401632,0.600000,1.000000,0.674262,1.000000,0.000000,0,0.000000,746929.000000,1.000000,2580909723670.000000,8032584.000000
747000,15,401632,0.600000,1.000000,0.692253,1.000000,0.000000,0,0.000000,746990.000000,1.000000,2580909723670.000000,8032584.000000
748000,0,402158,0.600000,1.000000,0.684017,1.000000,0.000000,0,0.000000,747696.000000,1.000000,2587746779388.000000,7238929.000000
748000,1,402163,0.600000,1.000000,0.693985,1.000000,0.000000,0,0.000000,747976.000000,1.000000,2587746779388.000000,7238929.000000
748000,2,402165,0.600000,1.000000,0.693234,1.000000,0.000000,1,669738.000000,748000.000000,1.000000,2587746779388.000000,7238929.000000
748000,3,402163,0.600000,1.000000,0.729053,1.000000,0.000000,0,0.000000,747916.000000,1.000000,2587746779388.000000,7238929.000000
748000,4,402159,0.600000,1.000000,0.529961,1.000000,0.000000,0,0.000000,747979.000000,1.000000,2587746779388.000000,7238929.000000
748000,5,402165,0.600000,1.000000,0.695380,1.000000,0.000000,0,0.000000,747974.000000,1.000000,2587746779388.000000,7238929.000000
748000,6,402158,0.600000,1.000000,0.687084,1.000000,0.000000,0,0.000000,747905.000000,1.000000,2587746779388.000000,7238929.000000
748000,7,402163,0.600000,1.000000,0.672731,1.000000,0.000000,0,0.000000,747951.000000,1.000000,2587746779388.000000,7238929.000000
748000,8,402163,0.600000,1.000000,0.662677,1.000000,0.000000,0,0.000000,747966.000000,1.000000,2587746779388.000000,7238929.000000
748000,9,402165,0.600000,1.000000,0.588248,1.000000,0.000000,0,0.000000,747999.000000,1.000000,2587746779388.000000,7238929.000000
748000,10,402165,0.600000,1.000000,0.767352,1.000000,0.000000,0,0.000000,747996.000000,1.000000,2587746779388.000000,7238929.000000
748000,11,402164,0.600000,1.000000,0.657196,1.000000,0.000000,0,0.000000,747998.000000,1.000000,2587746779388.000000,7238929.000000
748000,12,402163,0.600000,1.000000,0.721625,1.000000,0.000000,0,0.000000,747997.000000,1.000000,2587746779388.000000,7238929.000000
748000,13,402159,0.600000,1.000000,0.658949,1.000000,0.000000,0,0.000000,747977.000000,1.000000,2587746779388.000000,7238929.000000
748000,14,402161,0.600000,1.000000,0.540573,1.000000,0.000000,0,0.000000,747959.000000,1.000000,2587746779388.000000,7238929.000000
748000,15,402156,0.600000,1.000000,0.594996,1.000000,0.000000,0,0.000000,747961.000000,1.000000,2587746779388.000000,7238929.000000
749000,0,402707,0.600000,1.000000,0.846271,1.000000,0.000000,0,0.000000,748999.000000,1.000000,2594705634976.000000,2416179.000000
749000,1,402689,0.600000,1.000000,0.533014,1.000000,0.000000,0,0.000000,748851.000000,1.000000,2594705634976.000000,2416179.000000
749000,2,402706,0.600000,1.000000,0.699679,1.000000,0.000000,0,0.000000,748869.000000,1.000000,2594705634976.000000,2416179.000000
749000,3,402697,0.600000,1.000000,0.517003,1.000000,0.000000,0,0.000000,748966.000000,1.000000,2594705634976.000000,2416179.000000
749000,4,402697,0.600000,1.000000,0.683780,1.000000,0.000000,0,0.000000,748850.000000,1.000000,2594705634976.000000,2416179.000000
749000,5,402707,0.600000,1.000000,0.724583,1.000000,0.000000,0,0.000000,748983.000000,1.000000,2594705634976.000000,2416179.000000
749000,6,402707,0.600000,1.000000,0.757801,1.000000,0.000000,1,671145.000000,749000.000000,1.000000,2594705634976.000000,2416179.000000
749000,7,402707,0.600000,1.000000,0.600406,1.000000,0.000000,0,0.000000,748990.000000,1.000000,2594705634976.000000,2416179.000000
749000,8,402706,0.600000,1.000000,0.866465,1.000000,0.000000,0,0.000000,748998.000000,1.000000,2594705634976.000000,2416179.000000
749000,9,402703,0.600000,1.000000,0.699828,1.000000,0.000000,0,0.000000,748965.000000,1.000000,2594705634976.000000,2416179.000000
749000,10,402699,0.600000,1.000000,0.537377,1.000000,0.000000,0,0.000000,748937.000000,1.000000,2594705634976.000000,2416179.000000
749000,11,402707,0.600000,1.000000,0.626678,1.000000,0.000000,0,0.000000,748992.000000,1.000000,2594705634976.000000,2416179.000000
749000,12,402703,0.600000,1.000000,0.709857,1.000000,0.000000,0,0.000000,748971.000000,1.000000,2594705634976.000000,2416179.000000
749000,13,402694,0.600000,1.000000,0.546130,1.000000,0.000000,0,0.000000,748761.000000,1.000000,2594705634976.000000,2416179.000000
749000,14,402699,0.600000,1.000000,0.612443,1.000000,0.000000,0,0.000000,748949.000000,1.000000,2594705634976.000000,2416179.000000
749000,15,402708,0.600000,1.000000,0.647694,1.000000,0.000000,0,0.000000,748915.000000,1.000000,2594705634976.000000,2416179.000000
750000,0,403253,0.600000,1.000000,0.744572,1.000000,0.000000,0,0.000000,749998.000000,1.000000,2601769000166.000000,6451974.000000
750000,1,403247,0.600000,1.000000,0.610005,1.000000,0.000000,0,0.000000,749956.000000,1.000000,2601769000166.000000,6451974.000000
750000,2,403252,0.600000,1.000000,0.647457,1.000000,0.000000,0,0.000000,749948.000000,1.000000,2601769000166.000000,6451974.000000
750000,3,403244,0.600000,1.000000,0.600724,1.000000,0.000000,0,0.000000,749776.000000,1.000000,2601769000166.000000,6451974.000000
750000,4,403250,0.600000,1.000000,0.709888,1.000000,0.000000,0,0.000000,749989.000000,1.000000,2601769000166.000000,6451974.000000
750000,5,403242,0.600000,1.000000,0.624911,1.000000,0.000000,0,0.000000,749772.000000,1.000000,2601769000166.000000,6451974.000000
750000,6,403249,0.600000,1.000000,0.671289,1.000000,0.000000,0,0.000000,749763.000000,1.000000,2601769000166.000000,6451974.000000
750000,7,403253,0.600000,1.000000,0.698577,1.000000,0.000000,0,0.000000,749992.000000,1.000000,2601769000166.000000,6451974.000000
750000,8,403250,0.600000,1.000000,0.778180,1.000000,0.000000,0,0.000000,749943.000000,1.000000,2601769000166.000000,6451974.000000
750000,9,403249,0.600000,1.000000,0.638862,1.000000,0.000000,0,0.000000,749879.000000,1.000000,2601769000166.000000,6451974.000000
750000,10,403252,0.600000,1.000000,0.760308,1.000000,0.000000,0,0.000000,749999.000000,1.000000,2601769000166.000000,6451974.000000
750000,11,403252,0.600000,1.000000,0.648898,1.000000,0.000000,0,0.000000,749997.000000,1.000000,2601769000166.000000,6451974.000000
750000,12,403250,0.600000,1.000000,0.661656,1.000000,0.000000,0,0.000000,749990.000000,1.000000,2601769000166.000000,6451974.000000
750000,13,403250,0.600000,1.000000,0.626191,1.000000,0.000000,0,0.000000,749807.000000,1.000000,2601769000166.000000,6451974.000000
750000,14,403253,0.600000,1.000000,0.714808,1.000000,0.000000,0,0.000000,749931.000000,1.000000,2601769000166.000000,6451974.000000
750000,15,403254,0.600000,1.000000,0.723625,1.000000,0.000000,1,672072.000000,750000.000000,1.000000,2601769000166.000000,6451974.000000
751000,0,403784,0.600000,1.000000,0.687761,1.000000,0.000000,0,0.000000,750992.000000,1.000000,2608660260813.000000,10498351.000000
751000,1,403785,0.600000,1.000000,0.673854,1.000000,0.000000,0,0.000000,750962.000000,1.000000,2608660260813.000000,10498351.000000
751000,2,403787,0.600000,1.000000,0.712224,1.000000,0.000000,0,0.000000,750998.000000,1.000000,2608660260813.000000,10498351.000000
751000,3,403784,0.600000,1.000000,0.664840,1.000000,0.000000,0,0.000000,750932.000000,1.000000,2608660260813.000000,10498351.000000
751000,4,403783,0.600000,1.000000,0.614776,1.000000,0.000000,0,0.000000,750923.000000,1.000000,2608660260813.000000,10498351.000000
751000,5,403785,0.600000,1.000000,0.636937,1.000000,0.000000,0,0.000000,750988.000000,1.000000,2608660260813.000000,10498351.000000
751000,6,403778,0.600000,1.000000,0.567767,1.000000,0.000000,0,0.000000,750950.000000,1.000000,2608660260813.000000,10498351.000000
751000,7,403785,0.600000,1.000000,0.626603,1.000000,0.000000,0,0.000000,750983.000000,1.000000,2608660260813.000000,10498351.000000
751000,8,403787,0.600000,1.000000,0.600067,1.000000,0.000000,0,0.000000,750966.000000,1.000000,2608660260813.000000,10498351.000000
751000,9,403778,0.600000,1.000000,0.751716,1.000000,0.000000,0,0.000000,750843.000000,1.000000,2608660260813.000000,10498351.000000
751000,10,403787,0.600000,1.000000,0.721180,1.000000,0.000000,1,673318.000000,751000.000000,1.000000,2608660260813.000000,10498351.000000
751000,11,403777,0.600000,1.000000,0.693452,1.000000,0.000000,0,0.000000,750723.000000,1.000000,2608660260813.000000,10498351.000000
751000,12,403786,0.600000,1.000000,0.672435,1.000000,0.000000,0,0.000000,750997.000000,1.000000,2608660260813.000000,10498351.000000
751000,13,403784,0.600000,1.000000,0.533292,1.000000,0.000000,0,0.000000,750958.000000,1.000000,2608660260813.000000,10498351.000000
751000,14,403784,0.600000,1.000000,0.513553,1.000000,0.000000,0,0.000000,750960.000000,1.000000,2608660260813.000000,10498351.000000
751000,15,403785,0.600000,1.000000,0.669612,1.000000,0.000000,0,0.000000,750978.000000,1.000000,2608660260813.000000,10498351.000000
752000,0,404305,0.600000,1.000000,0.611734,1.000000,0.000000,0,0.000000,751804.000000,1.000000,2615472495945.000000,7277627.000000
752000,1,404300,0.600000,1.000000,0.592644,1.000000,0.000000,0,0.000000,751783.000000,1.000000,2615472495945.000000,7277627.000000
752000,2,404306,0.600000,1.000000,0.577013,1.000000,0.000000,0,0.000000,751921.000000,1.000000,2615472495945.000000,7277627.000000
752000,3,404308,0.600000,1.000000,0.673533,1.000000,0.000000,0,0.000000,751973.000000,1.000000,2615472495945.000000,7277627.000000
752000,4,404316,0.600000,1.000000,0.666214,1.000000,0.000000,0,0.000000,751992.000000,1.000000,2615472495945.000000,7277627.000000
752000,5,404310,0.600000,1.000000,0.731527,1.000000,0.000000,0,0.000000,751970.000000,1.000000,2615472495945.000000,7277627.000000
752000,6,404313,0.600000,1.000000,0.577216,1.000000,0.000000,0,0.000000,751954.000000,1.000000,2615472495945.000000,7277627.000000
752000,7,404316,0.600000,1.000000,0.670109,1.000000,0.000000,0,0.000000,751999.000000,1.000000,2615472495945.000000,7277627.000000
752000,8,404315,0.600000,1.000000,0.657858,1.000000,0.000000,0,0.000000,751981.000000,1.000000,2615472495945.000000,7277627.000000
752000,9,404316,0.600000,1.000000,0.736827,1.000000,0.000000,0,0.000000,751998.000000,1.000000,2615472495945.000000,7277627.000000
752000,10,404316,0.600000,1.000000,0.682316,1.000000,0.000000,0,0.000000,751963.000000,1.000000,2615472495945.000000,7277627.000000
752000,11,404311,0.600000,1.000000,0.583247,1.000000,0.000000,0,0.000000,751919.000000,1.000000,2615472495945.000000,7277627.000000
752000,12,404316,0.600000,1.000000,0.783472,1.000000,0.000000,0,0.000000,751994.000000,1.000000,2615472495945.000000,7277627.000000
752000,13,404319,0.600000,1.000000,0.717327,1.000000,0.000000,1,673662.000000,752000.000000,1.000000,2615472495945.000000,7277627.000000
752000,14,404292,0.600000,1.000000,0.548100,1.000000,0.000000,0,0.000000,751765.000000,1.000000,2615472495945.000000,7277627.000000
752000,15,404310,0.600000,1.000000,0.586885,1.000000,0.000000,0,0.000000,751866.000000,1.000000,2615472495945.000000,7277627.000000
753000,0,404849,0.600000,1.000000,0.783418,1.000000,0.000000,1,674276.000000,753000.000000,1.000000,2622405349239.000000,6477540.000000
753000,1,404845,0.600000,1.000000,0.684948,1.000000,0.000000,0,0.000000,752894.000000,1.000000,2622405349239.000000,6477540.000000
753000,2,404845,0.600000,1.000000,0.632470,1.000000,0.000000,0,0.000000,752985.000000,1.000000,2622405349239.000000,6477540.000000
753000,3,404849,0.600000,1.000000,0.718922,1.000000,0.000000,0,0.000000,752997.000000,1.000000,2622405349239.000000,6477540.000000
753000,4,404843,0.600000,1.000000,0.456434,1.000000,0.000000,0,0.000000,752969.000000,1.000000,2622405349239.000000,6477540.000000
753000,5,404850,0.600000,1.000000,0.758212,1.000000,0.000000,0,0.000000,752999.000000,1.000000,2622405349239.000000,6477540.000000
753000,6,404847,0.600000,1.000000,0.597438,1.000000,0.000000,0,0.000000,752987.000000,1.000000,2622405349239.000000,6477540.000000
753000,7,404847,0.600000,1.000000,0.739688,1.000000,0.000000,0,0.000000,752994.000000,1.000000,2622405349239.000000,6477540.000000
753000,8,404846,0.600000,1.000000,0.768629,1.000000,0.000000,0,0.000000,752863.000000,1.000000,2622405349239.000000,6477540.000000
753000,9,404845,0.600000,1.000000,0.615442,1.000000,0.000000,0,0.000000,752377.000000,1.000000,2622405349239.000000,6477540.000000
753000,10,404848,0.600000,1.000000,0.628379,1.000000,0.000000,0,0.000000,752979.000000,1.000000,2622405349239.000000,6477540.000000
753000,11,404842,0.600000,1.000000,0.636992,1.000000,0.000000,0,0.000000,752928.000000,1.000000,2622405349239.000000,6477540.000000
753000,12,404847,0.600000,1.000000,0.668357,1.000000,0.000000,0,0.000000,752885.000000,1.000000,2622405349239.000000,6477540.000000
753000,13,404843,0.600000,1.000000,0.540192,1.000000,0.000000,0,0.000000,752973.000000,1.000000,2622405349239.000000,6477540.000000
753000,14,404843,0.600000,1.000000,0.509098,1.000000,0.000000,0,0.000000,752886.000000,1.000000,2622405349239.000000,6477540.000000
753000,15,404848,0.600000,1.000000,0.594126,1.000000,0.000000,0,0.000000,752833.000000,1.000000,2622405349239.000000,6477540.000000
754000,0,405366,0.600000,1.000000,0.578242,1.000000,0.000000,0,0.000000,753554.000000,1.000000,2629374135278.000000,5675401.000000
754000,1,405389,0.600000,1.000000,0.691875,1.000000,0.000000,0,0.000000,753994.000000,1.000000,2629374135278.000000,5675401.000000
754000,2,405389,0.600000,1.000000,0.858909,1.000000,0.000000,1,674983.000000,754000.000000,1.000000,2629374135278.000000,5675401.000000
754000,3,405380,0.600000,1.000000,0.620984,1.000000,0.000000,0,0.000000,753964.000000,1.000000,2629374135278.000000,5675401.000000
754000,4,405389,0.600000,1.000000,0.662660,1.000000,0.000000,0,0.000000,753990.000000,1.000000,2629374135278.000000,5675401.000000
754000,5,405379,0.600000,1.000000,0.644926,1.000000,0.000000,0,0.000000,753894.000000,1.000000,2629374135278.000000,5675401.000000
754000,6,405389,0.600000,1.000000,0.713228,1.000000,0.000000,0,0.000000,753943.000000,1.000000,2629374135278.000000,5675401.000000
754000,7,405387,0.600000,1.000000,0.804161,1.000000,0.000000,0,0.000000,753997.000000,1.000000,2629374135278.000000,5675401.000000
754000,8,405378,0.600000,1.000000,0.495652,1.000000,0.000000,0,0.000000,753920.000000,1.000000,2629374135278.000000,5675401.000000
754000,9,405384,0.600000,1.000000,0.621069,1.000000,0.000000,0,0.000000,753925.000000,1.000000,2629374135278.000000,5675401.000000
754000,10,405379,0.600000,1.000000,0.643379,1.000000,0.000000,0,0.000000,753903.000000,1.000000,2629374135278.000000,5675401.000000
754000,11,405384,0.600000,1.000000,0.693301,1.000000,0.000000,0,0.000000,753969.000000,1.000000,2629374135278.000000,5675401.000000
754000,12,405382,0.600000,1.000000,0.580567,1.000000,0.000000,0,0.000000,753972.000000,1.000000,2629374135278.000000,5675401.000000
754000,13,405389,0.600000,1.000000,0.654833,1.000000,0.000000,0,0.000000,753999.000000,1.000000,2629374135278.000000,5675401.000000
754000,14,405385,0.600000,1.000000,0.654140,1.000000,0.000000,0,0.000000,753984.000000,1.000000,2629374135278.000000,5675401.000000
754000,15,405389,0.600000,1.000000,0.669394,1.000000,0.000000,0,0.000000,753998.000000,1.000000,2629374135278.000000,5675401.000000
755000,0,405919,0.600000,1.000000,0.843752,1.000000,0.000000,0,0.000000,754998.000000,1.000000,2636301833531.000000,8118336.000000
755000,1,405920,0.600000,1.000000,0.671091,1.000000,0.000000,0,0.000000,754896.000000,1.000000,2636301833531.000000,8118336.000000
755000,2,405919,0.600000,1.000000,0.698669,1.000000,0.000000,0,0.000000,754996.000000,1.000000,2636301833531.000000,8118336.000000
755000,3,405919,0.600000,1.000000,0.739827,1.000000,0.000000,0,0.000000,754909.000000,1.000000,2636301833531.000000,8118336.000000
755000,4,405915,0.600000,1.000000,0.600137,1.000000,0.000000,0,0.000000,754953.000000,1.000000,2636301833531.000000,8118336.000000
755000,5,405913,0.600000,1.000000,0.555689,1.000000,0.000000,0,0.000000,754677.000000,1.000000,2636301833531.000000,8118336.000000
755000,6,405913,0.600000,1.000000,0.618247,1.000000,0.000000,0,0.000000,754951.000000,1.000000,2636301833531.000000,8118336.000000
755000,7,405912,0.600000,1.000000,0.519669,1.000000,0.000000,0,0.000000,754692.000000,1.000000,2636301833531.000000,8118336.000000
755000,8,405915,0.600000,1.000000,0.601699,1.000000,0.000000,0,0.000000,754856.000000,1.000000,2636301833531.000000,8118336.000000
755000,9,405920,0.600000,1.000000,0.678782,1.000000,0.000000,0,0.000000,754874.000000,1.000000,2636301833531.000000,8118336.000000
755000,10,405916,0.600000,1.000000,0.621973,1.000000,0.000000,0,0.000000,754809.000000,1.000000,2636301833531.000000,8118336.000000
755000,11,405921,0.600000,1.000000,0.662978,1.000000,0.000000,0,0.000000,754962.000000,1.000000,2636301833531.000000,8118336.000000
755000,12,405919,0.600000,1.000000,0.645515,1.000000,0.000000,0,0.000000,754974.000000,1.000000,2636301833531.000000,8118336.000000
755000,13,405916,0.600000,1.000000,0.670454,1.000000,0.000000,0,0.000000,754987.000000,1.000000,2636301833531.000000,8118336.000000
755000,14,405919,0.600000,1.000000,0.630665,1.000000,0.000000,0,0.000000,754973.000000,1.000000,2636301833531.000000,8118336.000000
755000,15,405921,0.600000,1.000000,0.758445,1.000000,0.000000,1,676509.000000,755000.000000,1.000000,2636301833531.000000,8118336.000000
756000,0,406465,0.600000,1.000000,0.649538,1.000000,0.000000,0,0.000000,755992.000000,1.000000,2643377655131.000000,8129262.000000
756000,1,406457,0.600000,1.000000,0.622793,1.000000,0.000000,0,0.000000,755635.000000,1.000000,2643377655131.000000,8129262.000000
756000,2,406462,0.600000,1.000000,0.634902,1.000000,0.000000,0,0.000000,755975.000000,1.000000,2643377655131.000000,8129262.000000
756000,3,406454,0.600000,1.000000,0.633140,1.000000,0.000000,0,0.000000,755807.000000,1.000000,2643377655131.000000,8129262.000000
756000,4,406462,0.600000,1.000000,0.787963,1.000000,0.000000,0,0.000000,755983.000000,1.000000,2643377655131.000000,8129262.000000
756000,5,406462,0.600000,1.000000,0.658555,1.000000,0.000000,0,0.000000,755935.000000,1.000000,2643377655131.000000,8129262.000000
756000,6,406464,0.600000,1.000000,0.673331,1.000000,0.000000,0,0.000000,755938.000000,1.000000,2643377655131.000000,8129262.000000
756000,7,406466,0.600000,1.000000,0.615212,1.000000,0.000000,0,0.000000,755953.000000,1.000000,2643377655131.000000,8129262.000000
756000,8,406464,0.600000,1.000000,0.632692,1.000000,0.000000,0,0.000000,755978.000000,1.000000,2643377655131.000000,8129262.000000
756000,9,406467,0.600000,1.000000,0.680654,1.000000,0.000000,0,0.000000,755974.000000,1.000000,2643377655131.000000,8129262.000000
756000,10,406467,0.600000,1.000000,0.629376,1.000000,0.000000,0,0.000000,755943.000000,1.000000,2643377655131.000000,8129262.000000
756000,11,406442,0.600000,1.000000,0.571568,1.000000,0.000000,0,0.000000,755661.000000,1.000000,2643377655131.000000,8129262.000000
756000,12,406457,0.600000,1.000000,0.539600,1.000000,0.000000,0,0.000000,755901.000000,1.000000,2643377655131.000000,8129262.000000
756000,13,406465,0.600000,1.000000,0.672865,1.000000,0.000000,0,0.000000,755964.000000,1.000000,2643377655131.000000,8129262.000000
756000,14,406466,0.600000,1.000000,0.788597,1.000000,0.000000,1,677170.000000,756000.000000,1.000000,2643377655131.000000,8129262.000000
756000,15,406467,0.600000,1.000000,0.749869,1.000000,0.000000,0,0.000000,755993.000000,1.000000,2643377655131.000000,8129262.000000
757000,0,407001,0.600000,1.000000,0.656881,1.000000,0.000000,0,0.000000,756986.000000,1.000000,2650407606165.000000,4883996.000000
757000,1,407002,0.600000,1.000000,0.657696,1.000000,0.000000,0,0.000000,756992.000000,1.000000,2650407606165.000000,4883996.000000
757000,2,407000,0.600000,1.000000,0.740871,1.000000,0.000000,0,0.000000,756951.000000,1.000000,2650407606165.000000,4883996.000000
757000,3,406998,0.600000,1.000000,0.690477,1.000000,0.000000,0,0.000000,756958.000000,1.000000,2650407606165.000000,4883996.000000
757000,4,406995,0.600000,1.000000,0.400888,1.000000,0.000000,0,0.000000,756950.000000,1.000000,2650407606165.000000,4883996.000000
757000,5,407004,0.600000,1.000000,0.618258,1.000000,0.000000,0,0.000000,756902.000000,1.000000,2650407606165.000000,4883996.000000
757000,6,407003,0.600000,1.000000,0.699979,1.000000,0.000000,0,0.000000,756995.000000,1.000000,2650407606165.000000,4883996.000000
757000,7,407000,0.600000,1.000000,0.577386,1.000000,0.000000,0,0.000000,756936.000000,1.000000,2650407606165.000000,4883996.000000
757000,8,407005,0.600000,1.000000,0.757994,1.000000,0.000000,1,677813.000000,757000.000000,1.000000,2650407606165.000000,4883996.000000
757000,9,407004,0.600000,1.000000,0.681192,1.000000,0.000000,0,0.000000,756940.000000,1.000000,2650407606165.000000,4883996.000000
757000,10,407001,0.600000,1.000000,0.695866,1.000000,0.000000,0,0.000000,756989.000000,1.000000,2650407606165.000000,4883996.000000
757000,11,407002,0.600000,1.000000,0.752516,1.000000,0.000000,0,0.000000,756963.000000,1.000000,2650407606165.000000,4883996.000000
757000,12,407003,0.600000,1.000000,0.736269,1.000000,0.000000,0,0.000000,756996.000000,1.000000,2650407606165.000000,4883996.000000
757000,13,407005,0.600000,1.000000,0.756880,1.000000,0.000000,0,0.000000,756997.000000,1.000000,2650407606165.000000,4883996.000000
757000,14,407001,0.600000,1.000000,0.608576,1.000000,0.000000,0,0.000000,756973.000000,1.000000,2650407606165.000000,4883996.000000
757000,15,407005,0.600000,1.000000,0.675997,1.000000,0.000000,0,0.000000,756914.000000,1.000000,2650407606165.000000,4883996.000000
758000,0,407543,0.600000,1.000000,0.594785,1.000000,0.000000,0,0.000000,757950.000000,1.000000,2657434667086.000000,9780982.000000
758000,1,407540,0.600000,1.000000,0.586830,1.000000,0.000000,0,0.000000,757981.000000,1.000000,2657434667086.000000,9780982.000000
758000,2,407540,0.600000,1.000000,0.683921,1.000000,0.000000,0,0.000000,757461.000000,1.000000,2657434667086.000000,9780982.000000
758000,3,407542,0.600000,1.000000,0.670059,1.000000,0.000000,0,0.000000,757982.000000,1.000000,2657434667086.000000,9780982.000000
758000,4,407544,0.600000,1.000000,0.603895,1.000000,0.000000,1,679133.000000,758000.000000,1.000000,2657434667086.000000,9780982.000000
758000,5,407543,0.600000,1.000000,0.626685,1.000000,0.000000,0,0.000000,757983.000000,1.000000,2657434667086.000000,9780982.000000
758000,6,407543,0.600000,1.000000,0.733332,1.000000,0.000000,0,0.000000,757991.000000,1.000000,2657434667086.000000,9780982.000000
758000,7,407539,0.600000,1.000000,0.477426,1.000000,0.000000,0,0.000000,757953.000000,1.000000,2657434667086.000000,9780982.000000
758000,8,407539,0.600000,1.000000,0.642972,1.000000,0.000000,0,0.000000,757848.000000,1.000000,2657434667086.000000,9780982.000000
758000,9,407533,0.600000,1.000000,0.552648,1.000000,0.000000,0,0.000000,757775.000000,1.000000,2657434667086.000000,9780982.000000
758000,10,407544,0.600000,1.000000,0.718781,1.000000,0.000000,0,0.000000,757998.000000,1.000000,2657434667086.000000,9780982.000000
758000,11,407533,0.600000,1.000000,0.637740,1.000000,0.000000,0,0.000000,757926.000000,1.000000,2657434667086.000000,9780982.000000
758000,12,407543,0.600000,1.000000,0.737991,1.000000,0.000000,0,0.000000,757997.000000,1.000000,2657434667086.000000,9780982.000000
758000,13,407543,0.600000,1.000000,0.696221,1.000000,0.000000,0,0.000000,757999.000000,1.000000,2657434667086.000000,9780982.000000
758000,14,407544,0.600000,1.000000,0.745561,1.000000,0.000000,0,0.000000,757996.000000,1.000000,2657434667086.000000,9780982.000000
758000,15,407543,0.600000,1.000000,0.635740,1.000000,0.000000,0,0.000000,757986.000000,1.000000,2657434667086.000000,9780982.000000
759000,0,408065,0.600000,1.000000,0.684407,1.000000,0.000000,0,0.000000,758764.000000,1.000000,2664283317463.000000,7345213.000000
759000,1,408068,0.600000,1.000000,0.662145,1.000000,0.000000,0,0.000000,758916.000000,1.000000,2664283317463.000000,7345213.000000
759000,2,408064,0.600000,1.000000,0.729385,1.000000,0.000000,0,0.000000,758812.000000,1.000000,2664283317463.000000,7345213.000000
759000,3,408069,0.600000,1.000000,0.662534,1.000000,0.000000,0,0.000000,758996.000000,1.000000,2664283317463.000000,7345213.000000
759000,4,408066,0.600000,1.000000,0.605060,1.000000,0.000000,0,0.000000,758987.000000,1.000000,2664283317463.000000,7345213.000000
759000,5,408060,0.600000,1.000000,0.564877,1.000000,0.000000,0,0.000000,758803.000000,1.000000,2664283317463.000000,7345213.000000
759000,6,408065,0.600000,1.000000,0.657079,1.000000,0.000000,0,0.000000,758972.000000,1.000000,2664283317463.000000,7345213.000000
759000,7,408067,0.600000,1.000000,0.713121,1.000000,0.000000,0,0.000000,758999.000000,1.000000,2664283317463.000000,7345213.000000
759000,8,408069,0.600000,1.000000,0.623219,1.000000,0.000000,0,0.000000,758993.000000,1.000000,2664283317463.000000,7345213.000000
759000,9,408068,0.600000,1.000000,0.651067,1.000000,0.000000,0,0.000000,758957.000000,1.000000,2664283317463.000000,7345213.000000
759000,10,408058,0.600000,1.000000,0.531325,1.000000,0.000000,0,0.000000,758778.000000,1.000000,2664283317463.000000,7345213.000000
759000,11,408064,0.600000,1.000000,0.642813,1.000000,0.000000,0,0.000000,758983.000000,1.000000,2664283317463.000000,7345213.000000
759000,12,408068,0.600000,1.000000,0.669998,1.000000,0.000000,0,0.000000,758950.000000,1.000000,2664283317463.000000,7345213.000000
759000,13,408064,0.600000,1.000000,0.762678,1.000000,0.000000,0,0.000000,758891.000000,1.000000,2664283317463.000000,7345213.000000
759000,14,408069,0.600000,1.000000,0.654694,1.000000,0.000000,1,679810.000000,759000.000000,1.000000,2664283317463.000000,7345213.000000
759000,15,408069,0.600000,1.000000,0.610078,1.000000,0.000000,0,0.000000,758990.000000,1.000000,2664283317463.000000,7345213.000000
760000,0,408605,0.600000,1.000000,0.749023,1.000000,0.000000,0,0.000000,759931.000000,1.000000,2671381038676.000000,5720563.000000
760000,1,408613,0.600000,1.000000,0.660564,1.000000,0.000000,0,0.000000,759998.000000,1.000000,2671381038676.000000,5720563.000000
760000,2,408613,0.600000,1.000000,0.676188,1.000000,0.000000,0,0.000000,759994.000000,1.000000,2671381038676.000000,5720563.000000
760000,3,408613,0.600000,1.000000,0.712166,1.000000,0.000000,0,0.000000,759987.000000,1.000000,2671381038676.000000,5720563.000000
760000,4,408612,0.600000,1.000000,0.591294,1.000000,0.000000,0,0.000000,759934.000000,1.000000,2671381038676.000000,5720563.000000
760000,5,408599,0.600000,1.000000,0.638739,1.000000,0.000000,0,0.000000,759282.000000,1.000000,2671381038676.000000,5720563.000000
760000,6,408613,0.600000,1.000000,0.671307,1.000000,0.000000,0,0.000000,759991.000000,1.000000,2671381038676.000000,5720563.000000
760000,7,408612,0.600000,1.000000,0.724843,1.000000,0.000000,0,0.000000,759996.000000,1.000000,2671381038676.000000,5720563.000000
760000,8,408615,0.600000,1.000000,0.563220,1.000000,0.000000,0,0.000000,759969.000000,1.000000,2671381038676.000000,5720563.000000
760000,9,408612,0.600000,1.000000,0.554172,1.000000,0.000000,0,0.000000,759977.000000,1.000000,2671381038676.000000,5720563.000000
760000,10,408611,0.600000,1.000000,0.493179,1.000000,0.000000,0,0.000000,759938.000000,1.000000,2671381038676.000000,5720563.000000
760000,11,408600,0.600000,1.000000,0.686523,1.000000,0.000000,0,0.000000,759741.000000,1.000000,2671381038676.000000,5720563.000000
760000,12,408608,0.600000,1.000000,0.539457,1.000000,0.000000,0,0.000000,759585.000000,1.000000,2671381038676.000000,5720563.000000
760000,13,408610,0.600000,1.000000,0.596852,1.000000,0.000000,0,0.000000,759714.000000,1.000000,2671381038676.000000,5720563.000000
760000,14,408614,0.600000,1.000000,0.642565,1.000000,0.000000,1,680605.000000,760000.000000,1.000000,2671381038676.000000,5720563.000000
760000,15,408594,0.600000,1.000000,0.524496,1.000000,0.000000,0,0.000000,759761.000000,1.000000,2671381038676.000000,5720563.000000
761000,0,409142,0.600000,1.000000,0.644343,1.000000,0.000000,0,0.000000,760821.000000,1.000000,2678504567063.000000,9001381.000000
761000,1,409158,0.600000,1.000000,0.694334,1.000000,0.000000,0,0.000000,760999.000000,1.000000,2678504567063.000000,9001381.000000
761000,2,409150,0.600000,1.000000,0.652792,1.000000,0.000000,0,0.000000,760822.000000,1.000000,2678504567063.000000,9001381.000000
761000,3,409157,0.600000,1.000000,0.672000,1.000000,0.000000,0,0.000000,760974.000000,1.000000,2678504567063.000000,9001381.000000
761000,4,409157,0.600000,1.000000,0.614776,1.000000,0.000000,0,0.000000,760995.000000,1.000000,2678504567063.000000,9001381.000000
761000,5,409157,0.600000,1.000000,0.729818,1.000000,0.000000,1,682066.000000,761000.000000,1.000000,2678504567063.000000,9001381.000000
761000,6,409158,0.600000,1.000000,0.722070,1.000000,0.000000,0,0.000000,760978.000000,1.000000,2678504567063.000000,9001381.000000
761000,7,409157,0.600000,1.000000,0.664136,1.000000,0.000000,0,0.000000,760966.000000,1.000000,2678504567063.000000,9001381.000000
761000,8,409144,0.600000,1.000000,0.594614,1.000000,0.000000,0,0.000000,760830.000000,1.000000,2678504567063.000000,9001381.000000
761000,9,409156,0.600000,1.000000,0.699560,1.000000,0.000000,0,0.000000,760989.000000,1.000000,2678504567063.000000,9001381.000000
761000,10,409154,0.600000,1.000000,0.673566,1.000000,0.000000,0,0.000000,760914.000000,1.000000,2678504567063.000000,9001381.000000
761000,11,409156,0.600000,1.000000,0.672628,1.000000,0.000000,0,0.000000,760997.000000,1.000000,2678504567063.000000,9001381.000000
761000,12,409150,0.600000,1.000000,0.653125,1.000000,0.000000,0,0.000000,760840.000000,1.000000,2678504567063.000000,9001381.000000
761000,13,409149,0.600000,1.000000,0.650483,1.000000,0.000000,0,0.000000,760902.000000,1.000000,2678504567063.000000,9001381.000000
761000,14,409155,0.600000,1.000000,0.723235,1.000000,0.000000,0,0.000000,760970.000000,1.000000,2678504567063.000000,9001381.000000
761000,15,409155,0.600000,1.000000,0.725094,1.000000,0.000000,0,0.000000,760971.000000,1.000000,2678504567063.000000,9001381.000000
762000,0,409671,0.600000,1.000000,0.552685,1.000000,0.000000,0,0.000000,760821.000000,1.000000,2685599069671.000000,8193944.000000
762000,1,409698,0.600000,1.000000,0.730921,1.000000,0.000000,0,0.000000,761999.000000,1.000000,2685599069671.000000,8193944.000000
762000,2,409698,0.600000,1.000000,0.576654,1.000000,0.000000,0,0.000000,761989.000000,1.000000,2685599069671.000000,8193944.000000
762000,3,409695,0.600000,1.000000,0.578843,1.000000,0.000000,0,0.000000,761969.000000,1.000000,2685599069671.000000,8193944.000000
762000,4,409697,0.600000,1.000000,0.695379,1.000000,0.000000,0,0.000000,761806.000000,1.000000,2685599069671.000000,8193944.000000
762000,5,409694,0.600000,1.000000,0.650363,1.000000,0.000000,0,0.000000,761974.000000,1.000000,2685599069671.000000,8193944.000000
762000,6,409697,0.600000,1.000000,0.609895,1.000000,0.000000,0,0.000000,761997.000000,1.000000,2685599069671.000000,8193944.000000
762000,7,409699,0.600000,1.000000,0.653340,1.000000,0.000000,1,683891.000000,762000.000000,1.000000,2685599069671.000000,8193944.000000
762000,8,409698,0.600000,1.000000,0.584447,1.000000,0.000000,0,0.000000,761985.000000,1.000000,2685599069671.000000,8193944.000000
762000,9,409698,0.600000,1.000000,0.677932,1.000000,0.000000,0,0.000000,761994.000000,1.000000,2685599069671.000000,8193944.000000
762000,10,409694,0.600000,1.000000,0.711128,1.000000,0.000000,0,0.000000,761881.000000,1.000000,2685599069671.000000,8193944.000000
762000,11,409693,0.600000,1.000000,0.631789,1.000000,0.000000,0,0.000000,761912.000000,1.000000,2685599069671.000000,8193944.000000
762000,12,409698,0.600000,1.000000,0.652575,1.000000,0.000000,0,0.000000,761998.000000,1.000000,2685599069671.000000,8193944.000000
762000,13,409695,0.600000,1.000000,0.588631,1.000000,0.000000,0,0.000000,761978.000000,1.000000,2685599069671.000000,8193944.000000
762000,14,409698,0.600000,1.000000,0.670880,1.000000,0.000000,0,0.000000,761991.000000,1.000000,2685599069671.000000,8193944.000000
762000,15,409696,0.600000,1.000000,0.700270,1.000000,0.000000,0,0.000000,761946.000000,1.000000,2685599069671.000000,8193944.000000
763000,0,410233,0.600000,1.000000,0.732825,1.000000,0.000000,0,0.000000,762998.000000,1.000000,2692625830873.000000,8204644.000000
763000,1,410234,0.600000,1.000000,0.704604,1.000000,0.000000,0,0.000000,762999.000000,1.000000,2692625830873.000000,8204644.000000
763000,2,410233,0.600000,1.000000,0.664374,1.000000,0.000000,0,0.000000,762996.000000,1.000000,2692625830873.000000,8204644.000000
763000,3,410230,0.600000,1.000000,0.625166,1.000000,0.000000,0,0.000000,762912.000000,1.000000,2692625830873.000000,8204644.000000
763000,4,410217,0.600000,1.000000,0.599959,1.000000,0.000000,0,0.000000,762186.000000,1.000000,2692625830873.000000,8204644.000000
763000,5,410227,0.600000,1.000000,0.582755,1.000000,0.000000,0,0.000000,762951.000000,1.000000,2692625830873.000000,8204644.000000
763000,6,410230,0.600000,1.000000,0.743658,1.000000,0.000000,0,0.000000,762946.000000,1.000000,2692625830873.000000,8204644.000000
763000,7,410233,0.600000,1.000000,0.677228,1.000000,0.000000,0,0.000000,762997.000000,1.000000,2692625830873.000000,8204644.000000
763000,8,410233,0.600000,1.000000,0.746987,1.000000,0.000000,0,0.000000,762986.000000,1.000000,2692625830873.000000,8204644.000000
763000,9,410233,0.600000,1.000000,0.645774,1.000000,0.000000,0,0.000000,762921.000000,1.000000,2692625830873.000000,8204644.000000
763000,10,410233,0.600000,1.000000,0.769086,1.000000,0.000000,1,684097.000000,763000.000000,1.000000,2692625830873.000000,8204644.000000
763000,11,410234,0.600000,1.000000,0.689066,1.000000,0.000000,0,0.000000,762976.000000,1.000000,2692625830873.000000,8204644.000000
763000,12,410232,0.600000,1.000000,0.746236,1.000000,0.000000,0,0.000000,762993.000000,1.000000,2692625830873.000000,8204644.000000
763000,13,410230,0.600000,1.000000,0.694287,1.000000,0.000000,0,0.000000,762968.000000,1.000000,2692625830873.000000,8204644.000000
763000,14,410234,0.600000,1.000000,0.652433,1.000000,0.000000,0,0.000000,762991.000000,1.000000,2692625830873.000000,8204644.000000
763000,15,410223,0.600000,1.000000,0.614743,1.000000,0.000000,0,0.000000,762499.000000,1.000000,2692625830873.000000,8204644.000000
764000,0,410769,0.600000,1.000000,0.637806,1.000000,0.000000,0,0.000000,763969.000000,1.000000,2699688061907.000000,6572262.000000
764000,1,410770,0.600000,1.000000,0.605080,1.000000,0.000000,0,0.000000,763990.000000,1.000000,2699688061907.000000,6572262.000000
764000,2,410770,0.600000,1.000000,0.793750,1.000000,0.000000,1,683985.000000,764000.000000,1.000000,2699688061907.000000,6572262.000000
764000,3,410761,0.600000,1.000000,0.629043,1.000000,0.000000,0,0.000000,763847.000000,1.000000,2699688061907.000000,6572262.000000
764000,4,410771,0.600000,1.000000,0.735381,1.000000,0.000000,0,0.000000,763996.000000,1.000000,2699688061907.000000,6572262.000000
764000,5,410769,0.600000,1.000000,0.628711,1.000000,0.000000,0,0.000000,763943.000000,1.000000,2699688061907.000000,6572262.000000
764000,6,410769,0.600000,1.000000,0.608705,1.000000,0.000000,0,0.000000,763968.000000,1.000000,2699688061907.000000,6572262.000000
764000,7,410767,0.600000,1.000000,0.747208,1.000000,0.000000,0,0.000000,763822.000000,1.000000,2699688061907.000000,6572262.000000
764000,8,410767,0.600000,1.000000,0.515563,1.000000,0.000000,0,0.000000,763938.000000,1.000000,2699688061907.000000,6572262.000000
764000,9,410764,0.600000,1.000000,0.567826,1.000000,0.000000,0,0.000000,763809.000000,1.000000,2699688061907.000000,6572262.000000
764000,10,410771,0.600000,1.000000,0.581780,1.000000,0.000000,0,0.000000,763998.000000,1.000000,2699688061907.000000,6572262.000000
764000,11,410769,0.600000,1.000000,0.707760,1.000000,0.000000,0,0.000000,763924.000000,1.000000,2699688061907.000000,6572262.000000
764000,12,410766,0.600000,1.000000,0.628720,1.000000,0.000000,0,0.000000,763914.000000,1.000000,2699688061907.000000,6572262.000000
764000,13,410770,0.600000,1.000000,0.789581,1.000000,0.000000,0,0.000000,763986.000000,1.000000,2699688061907.000000,6572262.000000
764000,14,410767,0.600000,1.000000,0.650916,1.000000,0.000000,0,0.000000,763768.000000,1.000000,2699688061907.000000,6572262.000000
764000,15,410771,0.600000,1.000000,0.673168,1.000000,0.000000,0,0.000000,763999.000000,1.000000,2699688061907.000000,6572262.000000
765000,0,411307,0.600000,1.000000,0.666874,1.000000,0.000000,0,0.000000,764928.000000,1.000000,2706796560096.000000,9871382.000000
765000,1,411310,0.600000,1.000000,0.692434,1.000000,0.000000,0,0.000000,764993.000000,1.000000,2706796560096.000000,9871382.000000
765000,2,411309,0.600000,1.000000,0.580676,1.000000,0.000000,0,0.000000,764986.000000,1.000000,2706796560096.000000,9871382.000000
765000,3,411305,0.600000,1.000000,0.621148,1.000000,0.000000,0,0.000000,764954.000000,1.000000,2706796560096.000000,9871382.000000
765000,4,411310,0.600000,1.000000,0.701877,1.000000,0.000000,0,0.000000,764990.000000,1.000000,2706796560096.000000,9871382.000000
765000,5,411312,0.600000,1.000000,0.757299,1.000000,0.000000,0,0.000000,764898.000000,1.000000,2706796560096.000000,9871382.000000
765000,6,411309,0.600000,1.000000,0.675062,1.000000,0.000000,0,0.000000,764949.000000,1.000000,2706796560096.000000,9871382.000000
765000,7,411311,0.600000,1.000000,0.712276,1.000000,0.000000,0,0.000000,764965.000000,1.000000,2706796560096.000000,9871382.000000
765000,8,411310,0.600000,1.000000,0.759640,1.000000,0.000000,0,0.000000,764997.000000,1.000000,2706796560096.000000,9871382.000000
765000,9,411312,0.600000,1.000000,0.800107,1.000000,0.000000,1,686204.000000,765000.000000,1.000000,2706796560096.000000,9871382.000000
765000,10,411309,0.600000,1.000000,0.646085,1.000000,0.000000,0,0.000000,764975.000000,1.000000,2706796560096.000000,9871382.000000
765000,11,411304,0.600000,1.000000,0.662967,1.000000,0.000000,0,0.000000,764902.000000,1.000000,2706796560096.000000,9871382.000000
765000,12,411311,0.600000,1.000000,0.746755,1.000000,0.000000,0,0.000000,764988.000000,1.000000,2706796560096.000000,9871382.000000
765000,13,411309,0.600000,1.000000,0.630968,1.000000,0.000000,0,0.000000,764983.000000,1.000000,2706796560096.000000,9871382.000000
765000,14,411304,0.600000,1.000000,0.635894,1.000000,0.000000,0,0.000000,764559.000000,1.000000,2706796560096.000000,9871382.000000
765000,15,411306,0.600000,1.000000,0.669390,1.000000,0.000000,0,0.000000,764973.000000,1.000000,2706796560096.000000,9871382.000000
766000,0,411842,0.600000,1.000000,0.726920,1.000000,0.000000,0,0.000000,765996.000000,1.000000,2713829564370.000000,7413171.000000
766000,1,411843,0.600000,1.000000,0.510613,1.000000,0.000000,0,0.000000,765907.000000,1.000000,2713829564370.000000,7413171.000000
766000,2,411844,0.600000,1.000000,0.636365,1.000000,0.000000,0,0.000000,765999.000000,1.000000,2713829564370.000000,7413171.000000
766000,3,411843,0.600000,1.000000,0.672130,1.000000,0.000000,0,0.000000,765988.000000,1.000000,2713829564370.000000,7413171.000000
766000,4,411845,0.600000,1.000000,0.631559,1.000000,0.000000,0,0.000000,765830.000000,1.000000,2713829564370.000000,7413171.000000
766000,5,411845,0.600000,1.000000,0.607439,1.000000,0.000000,1,686579.000000,766000.000000,1.000000,2713829564370.000000,7413171.000000
766000,6,411843,0.600000,1.000000,0.636578,1.000000,0.000000,0,0.000000,765490.000000,1.000000,2713829564370.000000,7413171.000000
766000,7,411841,0.600000,1.000000,0.599089,1.000000,0.000000,0,0.000000,765957.000000,1.000000,2713829564370.000000,7413171.000000
766000,8,411843,0.600000,1.000000,0.660394,1.000000,0.000000,0,0.000000,765964.000000,1.000000,2713829564370.000000,7413171.000000
766000,9,411842,0.600000,1.000000,0.678976,1.000000,0.000000,0,0.000000,765982.000000,1.000000,2713829564370.000000,7413171.000000
766000,10,411843,0.600000,1.000000,0.654053,1.000000,0.000000,0,0.000000,765998.000000,1.000000,2713829564370.000000,7413171.000000
766000,11,411844,0.600000,1.000000,0.550301,1.000000,0.000000,0,0.000000,765969.000000,1.000000,2713829564370.000000,7413171.000000
766000,12,411843,0.600000,1.000000,0.604718,1.000000,0.000000,0,0.000000,765834.000000,1.000000,2713829564370.000000,7413171.000000
766000,13,411834,0.600000,1.000000,0.558398,1.000000,0.000000,0,0.000000,765856.000000,1.000000,2713829564370.000000,7413171.000000
766000,14,411842,0.600000,1.000000,0.590881,1.000000,0.000000,0,0.000000,765960.000000,1.000000,2713829564370.000000,7413171.000000
766000,15,411845,0.600000,1.000000,0.571076,1.000000,0.000000,0,0.000000,765963.000000,1.000000,2713829564370.000000,7413171.000000
767000,0,412376,0.600000,1.000000,0.617320,1.000000,0.000000,0,0.000000,766589.000000,1.000000,2720987985227.000000,6598178.000000
767000,1,412389,0.600000,1.000000,0.701669,1.000000,0.000000,1,686896.000000,767000.000000,1.000000,2720987985227.000000,6598178.000000
767000,2,412386,0.600000,1.000000,0.646897,1.000000,0.000000,0,0.000000,766997.000000,1.000000,2720987985227.000000,6598178.000000
767000,3,412390,0.600000,1.000000,0.669774,1.000000,0.000000,0,0.000000,766999.000000,1.000000,2720987985227.000000,6598178.000000
767000,4,412385,0.600000,1.000000,0.646129,1.000000,0.000000,0,0.000000,766890.000000,1.000000,2720987985227.000000,6598178.000000
767000,5,412389,0.600000,1.000000,0.599283,1.000000,0.000000,0,0.000000,766996.000000,1.000000,2720987985227.000000,6598178.000000
767000,6,412385,0.600000,1.000000,0.772308,1.000000,0.000000,0,0.000000,766995.000000,1.000000,2720987985227.000000,6598178.000000
767000,7,412389,0.600000,1.000000,0.637489,1.000000,0.000000,0,0.000000,766956.000000,1.000000,2720987985227.000000,6598178.000000
767000,8,412389,0.600000,1.000000,0.651894,1.000000,0.000000,0,0.000000,766994.000000,1.000000,2720987985227.000000,6598178.000000
767000,9,412382,0.600000,1.000000,0.625407,1.000000,0.000000,0,0.000000,766742.000000,1.000000,2720987985227.000000,6598178.000000
767000,10,412383,0.600000,1.000000,0.548154,1.000000,0.000000,0,0.000000,766939.000000,1.000000,2720987985227.000000,6598178.000000
767000,11,412388,0.600000,1.000000,0.670555,1.000000,0.000000,0,0.000000,766990.000000,1.000000,2720987985227.000000,6598178.000000
767000,12,412380,0.600000,1.000000,0.639044,1.000000,0.000000,0,0.000000,766860.000000,1.000000,2720987985227.000000,6598178.000000
767000,13,412386,0.600000,1.000000,0.739425,1.000000,0.000000,0,0.000000,766986.000000,1.000000,2720987985227.000000,6598178.000000
767000,14,412388,0.600000,1.000000,0.694784,1.000000,0.000000,0,0.000000,766998.000000,1.000000,2720987985227.000000,6598178.000000
767000,15,412382,0.600000,1.000000,0.634243,1.000000,0.000000,0,0.000000,766921.000000,1.000000,2720987985227.000000,6598178.000000
768000,0,412918,0.600000,1.000000,0.551738,1.000000,0.000000,0,0.000000,767943.000000,1.000000,2728024524905.000000,6606716.000000
768000,1,412918,0.600000,1.000000,0.645533,1.000000,0.000000,0,0.000000,767912.000000,1.000000,2728024524905.000000,6606716.000000
768000,2,412914,0.600000,1.000000,0.673184,1.000000,0.000000,0,0.000000,767651.000000,1.000000,2728024524905.000000,6606716.000000
768000,3,412914,0.600000,1.000000,0.705708,1.000000,0.000000,0,0.000000,767841.000000,1.000000,2728024524905.000000,6606716.000000
768000,4,412917,0.600000,1.000000,0.630420,1.000000,0.000000,0,0.000000,767895.000000,1.000000,2728024524905.000000,6606716.000000
768000,5,412919,0.600000,1.000000,0.785603,1.000000,0.000000,0,0.000000,767940.000000,1.000000,2728024524905.000000,6606716.000000
768000,6,412922,0.600000,1.000000,0.595203,1.000000,0.000000,0,0.000000,767994.000000,1.000000,2728024524905.000000,6606716.000000
768000,7,412919,0.600000,1.000000,0.547697,1.000000,0.000000,0,0.000000,767989.000000,1.000000,2728024524905.000000,6606716.000000
768000,8,412916,0.600000,1.000000,0.615357,1.000000,0.000000,0,0.000000,767890.000000,1.000000,2728024524905.000000,6606716.000000
768000,9,412919,0.600000,1.000000,0.578720,1.000000,0.000000,0,0.000000,767975.000000,1.000000,2728024524905.000000,6606716.000000
768000,10,412922,0.600000,1.000000,0.715804,1.000000,0.000000,1,688655.000000,768000.000000,1.000000,2728024524905.000000,6606716.000000
768000,11,412923,0.600000,1.000000,0.701202,1.000000,0.000000,0,0.000000,767997.000000,1.000000,2728024524905.000000,6606716.000000
768000,12,412913,0.600000,1.000000,0.565345,1.000000,0.000000,0,0.000000,767960.000000,1.000000,2728024524905.000000,6606716.000000
768000,13,412917,0.600000,1.000000,0.561718,1.000000,0.000000,0,0.000000,767979.000000,1.000000,2728024524905.000000,6606716.000000
768000,14,412921,0.600000,1.000000,0.731014,1.000000,0.000000,0,0.000000,767996.000000,1.000000,2728024524905.000000,6606716.000000
768000,15,412921,0.600000,1.000000,0.736814,1.000000,0.000000,0,0.000000,767999.000000,1.000000,2728024524905.000000,6606716.000000
769000,0,413458,0.600000,1.000000,0.602271,1.000000,0.000000,0,0.000000,768948.000000,1.000000,2735136303947.000000,9095985.000000
769000,1,413456,0.600000,1.000000,0.627361,1.000000,0.000000,0,0.000000,768990.000000,1.000000,2735136303947.000000,9095985.000000
769000,2,413458,0.600000,1.000000,0.706115,1.000000,0.000000,0,0.000000,768997.000000,1.000000,2735136303947.000000,9095985.000000
769000,3,413458,0.600000,1.000000,0.569133,1.000000,0.000000,0,0.000000,768963.000000,1.000000,2735136303947.000000,9095985.000000
769000,4,413459,0.600000,1.000000,0.654536,1.000000,0.000000,0,0.000000,768988.000000,1.000000,2735136303947.000000,9095985.000000
769000,5,413446,0.600000,1.000000,0.679745,1.000000,0.000000,0,0.000000,768648.000000,1.000000,2735136303947.000000,9095985.000000
769000,6,413460,0.600000,1.000000,0.639045,1.000000,0.000000,0,0.000000,768999.000000,1.000000,2735136303947.000000,9095985.000000
769000,7,413460,0.600000,1.000000,0.628046,1.000000,0.000000,1,690045.000000,769000.000000,1.000000,2735136303947.000000,9095985.000000
769000,8,413449,0.600000,1.000000,0.710160,1.000000,0.000000,0,0.000000,768831.000000,1.000000,2735136303947.000000,9095985.000000
769000,9,413457,0.600000,1.000000,0.553349,1.000000,0.000000,0,0.000000,768971.000000,1.000000,2735136303947.000000,9095985.000000
769000,10,413459,0.600000,1.000000,0.608428,1.000000,0.000000,0,0.000000,768965.000000,1.000000,2735136303947.000000,9095985.000000
769000,11,413453,0.600000,1.000000,0.628562,1.000000,0.000000,0,0.000000,768928.000000,1.000000,2735136303947.000000,9095985.000000
769000,12,413456,0.600000,1.000000,0.659264,1.000000,0.000000,0,0.000000,768945.000000,1.000000,2735136303947.000000,9095985.000000
769000,13,413459,0.600000,1.000000,0.779333,1.000000,0.000000,0,0.000000,768996.000000,1.000000,2735136303947.000000,9095985.000000
769000,14,413454,0.600000,1.000000,0.724242,1.000000,0.000000,0,0.000000,768699.000000,1.000000,2735136303947.000000,9095985.000000
769000,15,413457,0.600000,1.000000,0.626771,1.000000,0.000000,0,0.000000,768966.000000,1.000000,2735136303947.000000,9095985.000000
770000,0,413996,0.600000,1.000000,0.594007,1.000000,0.000000,0,0.000000,769745.000000,1.000000,2742286321428.000000,6623904.000000
770000,1,414001,0.600000,1.000000,0.791510,1.000000,0.000000,0,0.000000,769999.000000,1.000000,2742286321428.000000,6623904.000000
770000,2,413965,0.600000,1.000000,0.597273,1.000000,0.000000,0,0.000000,769649.000000,1.000000,2742286321428.000000,6623904.000000
770000,3,414001,0.600000,1.000000,0.636974,1.000000,0.000000,0,0.000000,769956.000000,1.000000,2742286321428.000000,6623904.000000
770000,4,413999,0.600000,1.000000,0.651289,1.000000,0.000000,0,0.000000,769991.000000,1.000000,2742286321428.000000,6623904.000000
770000,5,413988,0.600000,1.000000,0.584301,1.000000,0.000000,0,0.000000,769952.000000,1.000000,2742286321428.000000,6623904.000000
770000,6,413999,0.600000,1.000000,0.750197,1.000000,0.000000,0,0.000000,769978.000000,1.000000,2742286321428.000000,6623904.000000
770000,7,414001,0.600000,1.000000,0.707354,1.000000,0.000000,1,690961.000000,770000.000000,1.000000,2742286321428.000000,6623904.000000
770000,8,414001,0.600000,1.000000,0.630531,1.000000,0.000000,0,0.000000,769880.000000,1.000000,2742286321428.000000,6623904.000000
770000,9,413999,0.600000,1.000000,0.698636,1.000000,0.000000,0,0.000000,769984.000000,1.000000,2742286321428.000000,6623904.000000
770000,10,413999,0.600000,1.000000,0.680707,1.000000,0.000000,0,0.000000,769969.000000,1.000000,2742286321428.000000,6623904.000000
770000,11,413998,0.600000,1.000000,0.641986,1.000000,0.000000,0,0.000000,769988.000000,1.000000,2742286321428.000000,6623904.000000
770000,12,413995,0.600000,1.000000,0.624246,1.000000,0.000000,0,0.000000,769973.000000,1.000000,2742286321428.000000,6623904.000000
770000,13,413999,0.600000,1.000000,0.697546,1.000000,0.000000,0,0.000000,769997.000000,1.000000,2742286321428.000000,6623904.000000
770000,14,413998,0.600000,1.000000,0.610930,1.000000,0.000000,0,0.000000,769987.000000,1.000000,2742286321428.000000,6623904.000000
770000,15,414001,0.600000,1.000000,0.737579,1.000000,0.000000,0,0.000000,769960.000000,1.000000,2742286321428.000000,6623904.000000
771000,0,414542,0.600000,1.000000,0.600274,1.000000,0.000000,0,0.000000,770963.000000,1.000000,2749521116398.000000,11607088.000000
771000,1,414544,0.600000,1.000000,0.639976,1.000000,0.000000,0,0.000000,770982.000000,1.000000,2749521116398.000000,11607088.000000
771000,2,414532,0.600000,1.000000,0.517201,1.000000,0.000000,0,0.000000,770872.000000,1.000000,2749521116398.000000,11607088.000000
771000,3,414543,0.600000,1.000000,0.678385,1.000000,0.000000,0,0.000000,770966.000000,1.000000,2749521116398.000000,11607088.000000
771000,4,414545,0.600000,1.000000,0.694767,1.000000,0.000000,0,0.000000,770997.000000,1.000000,2749521116398.000000,11607088.000000
771000,5,414545,0.600000,1.000000,0.723485,1.000000,0.000000,0,0.000000,770992.000000,1.000000,2749521116398.000000,11607088.000000
771000,6,414545,0.600000,1.000000,0.608489,1.000000,0.000000,0,0.000000,770906.000000,1.000000,2749521116398.000000,11607088.000000
771000,7,414544,0.600000,1.000000,0.674012,1.000000,0.000000,0,0.000000,770990.000000,1.000000,2749521116398.000000,11607088.000000
771000,8,414540,0.600000,1.000000,0.542252,1.000000,0.000000,0,0.000000,770953.000000,1.000000,2749521116398.000000,11607088.000000
771000,9,414538,0.600000,1.000000,0.751245,1.000000,0.000000,0,0.000000,770847.000000,1.000000,2749521116398.000000,11607088.000000
771000,10,414543,0.600000,1.000000,0.646253,1.000000,0.000000,0,0.000000,770814.000000,1.000000,2749521116398.000000,11607088.000000
771000,11,414543,0.600000,1.000000,0.554998,1.000000,0.000000,0,0.000000,770968.000000,1.000000,2749521116398.000000,11607088.000000
771000,12,414540,0.600000,1.000000,0.653593,1.000000,0.000000,0,0.000000,770951.000000,1.000000,2749521116398.000000,11607088.000000
771000,13,414544,0.600000,1.000000,0.732614,1.000000,0.000000,0,0.000000,770996.000000,1.000000,2749521116398.000000,11607088.000000
771000,14,414540,0.600000,1.000000,0.656402,1.000000,0.000000,0,0.000000,770781.000000,1.000000,2749521116398.000000,11607088.000000
771000,15,414544,0.600000,1.000000,0.748496,1.000000,0.000000,1,690793.000000,771000.000000,1.000000,2749521116398.000000,11607088.000000
772000,0,415078,0.600000,1.000000,0.649000,1.000000,0.000000,0,0.000000,771871.000000,1.000000,2756660012307.000000,7471443.000000
772000,1,415070,0.600000,1.000000,0.602890,1.000000,0.000000,0,0.000000,771772.000000,1.000000,2756660012307.000000,7471443.000000
772000,2,415084,0.600000,1.000000,0.769478,1.000000,0.000000,0,0.000000,771759.000000,1.000000,2756660012307.000000,7471443.000000
772000,3,415079,0.600000,1.000000,0.673410,1.000000,0.000000,0,0.000000,771987.000000,1.000000,2756660012307.000000,7471443.000000
772000,4,415081,0.600000,1.000000,0.673521,1.000000,0.000000,0,0.000000,771972.000000,1.000000,2756660012307.000000,7471443.000000
772000,5,415084,0.600000,1.000000,0.725596,1.000000,0.000000,0,0.000000,771982.000000,1.000000,2756660012307.000000,7471443.000000
772000,6,415085,0.600000,1.000000,0.758493,1.000000,0.000000,0,0.000000,771999.000000,1.000000,2756660012307.000000,7471443.000000
772000,7,415084,0.600000,1.000000,0.720092,1.000000,0.000000,0,0.000000,771998.000000,1.000000,2756660012307.000000,7471443.000000
772000,8,415085,0.600000,1.000000,0.746289,1.000000,0.000000,0,0.000000,771996.000000,1.000000,2756660012307.000000,7471443.000000
772000,9,415079,0.600000,1.000000,0.754079,1.000000,0.000000,0,0.000000,771858.000000,1.000000,2756660012307.000000,7471443.000000
772000,10,415083,0.600000,1.000000,0.661862,1.000000,0.000000,0,0.000000,771988.000000,1.000000,2756660012307.000000,7471443.000000
772000,11,415077,0.600000,1.000000,0.626774,1.000000,0.000000,0,0.000000,771942.000000,1.000000,2756660012307.000000,7471443.000000
772000,12,415069,0.600000,1.000000,0.802004,1.000000,0.000000,0,0.000000,771417.000000,1.000000,2756660012307.000000,7471443.000000
772000,13,415085,0.600000,1.000000,0.849331,1.000000,0.000000,1,691617.000000,772000.000000,1.000000,2756660012307.000000,7471443.000000
772000,14,415077,0.600000,1.000000,0.665739,1.000000,0.000000,0,0.000000,771946.000000,1.000000,2756660012307.000000,7471443.000000
772000,15,415077,0.600000,1.000000,0.680915,1.000000,0.000000,0,0.000000,771634.000000,1.000000,2756660012307.000000,7471443.000000
773000,0,415611,0.600000,1.000000,0.609932,1.000000,0.000000,0,0.000000,772989.000000,1.000000,2763683479712.000000,5818503.000000
773000,1,415598,0.600000,1.000000,0.664869,1.000000,0.000000,0,0.000000,772892.000000,1.000000,2763683479712.000000,5818503.000000
773000,2,415611,0.600000,1.000000,0.662261,1.000000,0.000000,0,0.000000,772993.000000,1.000000,2763683479712.000000,5818503.000000
773000,3,415609,0.600000,1.000000,0.704250,1.000000,0.000000,0,0.000000,772954.000000,1.000000,2763683479712.000000,5818503.000000
773000,4,415605,0.600000,1.000000,0.545552,1.000000,0.000000,0,0.000000,772951.000000,1.000000,2763683479712.000000,5818503.000000
773000,5,415610,0.600000,1.000000,0.608934,1.000000,0.000000,0,0.000000,772979.000000,1.000000,2763683479712.000000,5818503.000000
773000,6,415612,0.600000,1.000000,0.752575,1.000000,0.000000,0,0.000000,772999.000000,1.000000,2763683479712.000000,5818503.000000
773000,7,415609,0.600000,1.000000,0.678483,1.000000,0.000000,0,0.000000,772982.000000,1.000000,2763683479712.000000,5818503.000000
773000,8,415612,0.600000,1.000000,0.652516,1.000000,0.000000,1,691969.000000,773000.000000,1.000000,2763683479712.000000,5818503.000000
773000,9,415605,0.600000,1.000000,0.599526,1.000000,0.000000,0,0.000000,772758.000000,1.000000,2763683479712.000000,5818503.000000
773000,10,415612,0.600000,1.000000,0.747466,1.000000,0.000000,0,0.000000,772996.000000,1.000000,2763683479712.000000,5818503.000000
773000,11,415605,0.600000,1.000000,0.648821,1.000000,0.000000,0,0.000000,772598.000000,1.000000,2763683479712.000000,5818503.000000
773000,12,415605,0.600000,1.000000,0.583699,1.000000,0.000000,0,0.000000,772645.000000,1.000000,2763683479712.000000,5818503.000000
773000,13,415608,0.600000,1.000000,0.613135,1.000000,0.000000,0,0.000000,772935.000000,1.000000,2763683479712.000000,5818503.000000
773000,14,415612,0.600000,1.000000,0.692783,1.000000,0.000000,0,0.000000,772990.000000,1.000000,2763683479712.000000,5818503.000000
773000,15,415608,0.600000,1.000000,0.568515,1.000000,0.000000,0,0.000000,772936.000000,1.000000,2763683479712.000000,5818503.000000
774000,0,416152,0.600000,1.000000,0.638910,1.000000,0.000000,1,693223.000000,774000.000000,1.000000,2770885669529.000000,4993772.000000
774000,1,416151,0.600000,1.000000,0.687987,1.000000,0.000000,0,0.000000,773991.000000,1.000000,2770885669529.000000,4993772.000000
774000,2,416138,0.600000,1.000000,0.610109,1.000000,0.000000,0,0.000000,773822.000000,1.000000,2770885669529.000000,4993772.000000
774000,3,416152,0.600000,1.000000,0.726695,1.000000,0.000000,0,0.000000,773999.000000,1.000000,2770885669529.000000,4993772.000000
774000,4,416143,0.600000,1.000000,0.729778,1.000000,0.000000,0,0.000000,773793.000000,1.000000,2770885669529.000000,4993772.000000
774000,5,416152,0.600000,1.000000,0.712081,1.000000,0.000000,0,0.000000,773995.000000,1.000000,2770885669529.000000,4993772.000000
774000,6,416150,0.600000,1.000000,0.630727,1.000000,0.000000,0,0.000000,773816.000000,1.000000,2770885669529.000000,4993772.000000
774000,7,416152,0.600000,1.000000,0.678500,1.000000,0.000000,0,0.000000,773984.000000,1.000000,2770885669529.000000,4993772.000000
774000,8,416152,0.600000,1.000000,0.736223,1.000000,0.000000,0,0.000000,773998.000000,1.000000,2770885669529.000000,4993772.000000
774000,9,416148,0.600000,1.000000,0.541027,1.000000,0.000000,0,0.000000,773679.000000,1.000000,2770885669529.000000,4993772.000000
774000,10,416152,0.600000,1.000000,0.637704,1.000000,0.000000,0,0.000000,773996.000000,1.000000,2770885669529.000000,4993772.000000
774000,11,416148,0.600000,1.000000,0.574018,1.000000,0.000000,0,0.000000,773817.000000,1.000000,2770885669529.000000,4993772.000000
774000,12,416150,0.600000,1.000000,0.645151,1.000000,0.000000,0,0.000000,773974.000000,1.000000,2770885669529.000000,4993772.000000
774000,13,416151,0.600000,1.000000,0.518867,1.000000,0.000000,0,0.000000,773956.000000,1.000000,2770885669529.000000,4993772.000000
774000,14,416151,0.600000,1.000000,0.640456,1.000000,0.000000,0,0.000000,773940.000000,1.000000,2770885669529.000000,4993772.000000
774000,15,416149,0.600000,1.000000,0.634989,1.000000,0.000000,0,0.000000,773986.000000,1.000000,2770885669529.000000,4993772.000000
775000,0,416670,0.600000,1.000000,0.603465,1.000000,0.000000,0,0.000000,774958.000000,1.000000,2777975559358.000000,6666898.000000
775000,1,416685,0.600000,1.000000,0.682004,1.000000,0.000000,1,693997.000000,775000.000000,1.000000,2777975559358.000000,6666898.000000
775000,2,416683,0.600000,1.000000,0.752541,1.000000,0.000000,0,0.000000,774992.000000,1.000000,2777975559358.000000,6666898.000000
775000,3,416678,0.600000,1.000000,0.679917,1.000000,0.000000,0,0.000000,774966.000000,1.000000,2777975559358.000000,6666898.000000
775000,4,416685,0.600000,1.000000,0.610894,1.000000,0.000000,0,0.000000,774985.000000,1.000000,2777975559358.000000,6666898.000000
775000,5,416685,0.600000,1.000000,0.785235,1.000000,0.000000,0,0.000000,774999.000000,1.000000,2777975559358.000000,6666898.000000
775000,6,416683,0.600000,1.000000,0.776160,1.000000,0.000000,0,0.000000,774989.000000,1.000000,2777975559358.000000,6666898.000000
775000,7,416685,0.600000,1.000000,0.673613,1.000000,0.000000,0,0.000000,774991.000000,1.000000,2777975559358.000000,6666898.000000
775000,8,416683,0.600000,1.000000,0.594668,1.000000,0.000000,0,0.000000,774971.000000,1.000000,2777975559358.000000,6666898.000000
775000,9,416675,0.600000,1.000000,0.603146,1.000000,0.000000,0,0.000000,774885.000000,1.000000,2777975559358.000000,6666898.000000
775000,10,416680,0.600000,1.000000,0.508316,1.000000,0.000000,0,0.000000,774920.000000,1.000000,2777975559358.000000,6666898.000000
775000,11,416682,0.600000,1.000000,0.614684,1.000000,0.000000,0,0.000000,774993.000000,1.000000,2777975559358.000000,6666898.000000
775000,12,416685,0.600000,1.000000,0.792081,1.000000,0.000000,0,0.000000,774998.000000,1.000000,2777975559358.000000,6666898.000000
775000,13,416682,0.600000,1.000000,0.633501,1.000000,0.000000,0,0.000000,774785.000000,1.000000,2777975559358.000000,6666898.000000
775000,14,416685,0.600000,1.000000,0.691741,1.000000,0.000000,0,0.000000,774944.000000,1.000000,2777975559358.000000,6666898.000000
775000,15,416678,0.600000,1.000000,0.595906,1.000000,0.000000,0,0.000000,774795.000000,1.000000,2777975559358.000000,6666898.000000
776000,0,417217,0.600000,1.000000,0.633436,1.000000,0.000000,0,0.000000,775978.000000,1.000000,2785072839667.000000,10013124.000000
776000,1,417217,0.600000,1.000000,0.629204,1.000000,0.000000,0,0.000000,775937.000000,1.000000,2785072839667.000000,10013124.000000
776000,2,417219,0.600000,1.000000,0.668443,1.000000,0.000000,1,694742.000000,776000.000000,1.000000,2785072839667.000000,10013124.000000
776000,3,417190,0.600000,1.000000,0.603908,1.000000,0.000000,0,0.000000,775542.000000,1.000000,2785072839667.000000,10013124.000000
776000,4,417215,0.600000,1.000000,0.630830,1.000000,0.000000,0,0.000000,775954.000000,1.000000,2785072839667.000000,10013124.000000
776000,5,417216,0.600000,1.000000,0.783474,1.000000,0.000000,0,0.000000,775765.000000,1.000000,2785072839667.000000,10013124.000000
776000,6,417216,0.600000,1.000000,0.717631,1.000000,0.000000,0,0.000000,775997.000000,1.000000,2785072839667.000000,10013124.000000
776000,7,417216,0.600000,1.000000,0.633018,1.000000,0.000000,0,0.000000,775985.000000,1.000000,2785072839667.000000,10013124.000000
776000,8,417215,0.600000,1.000000,0.617984,1.000000,0.000000,0,0.000000,775883.000000,1.000000,2785072839667.000000,10013124.000000
776000,9,417218,0.600000,1.000000,0.636971,1.000000,0.000000,0,0.000000,775999.000000,1.000000,2785072839667.000000,10013124.000000
776000,10,417212,0.600000,1.000000,0.604564,1.000000,0.000000,0,0.000000,775979.000000,1.000000,2785072839667.000000,10013124.000000
776000,11,417216,0.600000,1.000000,0.807083,1.000000,0.000000,0,0.000000,775994.000000,1.000000,2785072839667.000000,10013124.000000
776000,12,417216,0.600000,1.000000,0.741705,1.000000,0.000000,0,0.000000,775983.000000,1.000000,2785072839667.000000,10013124.000000
776000,13,417215,0.600000,1.000000,0.562470,1.000000,0.000000,0,0.000000,775586.000000,1.000000,2785072839667.000000,10013124.000000
776000,14,417214,0.600000,1.000000,0.648160,1.000000,0.000000,0,0.000000,775980.000000,1.000000,2785072839667.000000,10013124.000000
776000,15,417203,0.600000,1.000000,0.530987,1.000000,0.000000,0,0.000000,775622.000000,1.000000,2785072839667.000000,10013124.000000
777000,0,417750,0.600000,1.000000,0.828117,1.000000,0.000000,1,695926.000000,777000.000000,1.000000,2792179173600.000000,5012940.000000
777000,1,417750,0.600000,1.000000,0.747336,1.000000,0.000000,0,0.000000,776997.000000,1.000000,2792179173600.000000,5012940.000000
777000,2,417747,0.600000,1.000000,0.719283,1.000000,0.000000,0,0.000000,776985.000000,1.000000,2792179173600.000000,5012940.000000
777000,3,417736,0.600000,1.000000,0.535888,1.000000,0.000000,0,0.000000,776904.000000,1.000000,2792179173600.000000,5012940.000000
777000,4,417743,0.600000,1.000000,0.609985,1.000000,0.000000,0,0.000000,776956.000000,1.000000,2792179173600.000000,5012940.000000
777000,5,417745,0.600000,1.000000,0.588490,1.000000,0.000000,0,0.000000,776965.000000,1.000000,2792179173600.000000,5012940.000000
777000,6,417740,0.600000,1.000000,0.551848,1.000000,0.000000,0,0.000000,776942.000000,1.000000,2792179173600.000000,5012940.000000
777000,7,417748,0.600000,1.000000,0.706774,1.000000,0.000000,0,0.000000,776939.000000,1.000000,2792179173600.000000,5012940.000000
777000,8,417748,0.600000,1.000000,0.701559,1.000000,0.000000,0,0.000000,776983.000000,1.000000,2792179173600.000000,5012940.000000
777000,9,417749,0.600000,1.000000,0.635445,1.000000,0.000000,0,0.000000,776935.000000,1.000000,2792179173600.000000,5012940.000000
777000,10,417743,0.600000,1.000000,0.573341,1.000000,0.000000,0,0.000000,776784.000000,1.000000,2792179173600.000000,5012940.000000
777000,11,417744,0.600000,1.000000,0.534172,1.000000,0.000000,0,0.000000,776910.000000,1.000000,2792179173600.000000,5012940.000000
777000,12,417741,0.600000,1.000000,0.691783,1.000000,0.000000,0,0.000000,776938.000000,1.000000,2792179173600.000000,5012940.000000
777000,13,417747,0.600000,1.000000,0.725657,1.000000,0.000000,0,0.000000,776986.000000,1.000000,2792179173600.000000,5012940.000000
777000,14,417751,0.600000,1.000000,0.692218,1.000000,0.000000,0,0.000000,776999.000000,1.000000,2792179173600.000000,5012940.000000
777000,15,417744,0.600000,1.000000,0.635186,1.000000,0.000000,0,0.000000,776883.000000,1.000000,2792179173600.000000,5012940.000000
778000,0,418283,0.600000,1.000000,0.581882,1.000000,0.000000,0,0.000000,777902.000000,1.000000,2799371526153.000000,10038790.000000
778000,1,418281,0.600000,1.000000,0.635955,1.000000,0.000000,0,0.000000,777962.000000,1.000000,2799371526153.000000,10038790.000000
778000,2,418284,0.600000,1.000000,0.601580,1.000000,0.000000,0,0.000000,777973.000000,1.000000,2799371526153.000000,10038790.000000
778000,3,418285,0.600000,1.000000,0.784750,1.000000,0.000000,1,697987.000000,778000.000000,1.000000,2799371526153.000000,10038790.000000
778000,4,418277,0.600000,1.000000,0.588018,1.000000,0.000000,0,0.000000,777792.000000,1.000000,2799371526153.000000,10038790.000000
778000,5,418278,0.600000,1.000000,0.547692,1.000000,0.000000,0,0.000000,777971.000000,1.000000,2799371526153.000000,10038790.000000
778000,6,418283,0.600000,1.000000,0.717939,1.000000,0.000000,0,0.000000,777605.000000,1.000000,2799371526153.000000,10038790.000000
778000,7,418285,0.600000,1.000000,0.627251,1.000000,0.000000,0,0.000000,777977.000000,1.000000,2799371526153.000000,10038790.000000
778000,8,418285,0.600000,1.000000,0.639318,1.000000,0.000000,0,0.000000,777983.000000,1.000000,2799371526153.000000,10038790.000000
778000,9,418285,0.600000,1.000000,0.645220,1.000000,0.000000,0,0.000000,777939.000000,1.000000,2799371526153.000000,10038790.000000
778000,10,418285,0.600000,1.000000,0.784566,1.000000,0.000000,0,0.000000,777839.000000,1.000000,2799371526153.000000,10038790.000000
778000,11,418284,0.600000,1.000000,0.749595,1.000000,0.000000,0,0.000000,777990.000000,1.000000,2799371526153.000000,10038790.000000
778000,12,418276,0.600000,1.000000,0.519275,1.000000,0.000000,0,0.000000,777878.000000,1.000000,2799371526153.000000,10038790.000000
778000,13,418286,0.600000,1.000000,0.698688,1.000000,0.000000,0,0.000000,777926.000000,1.000000,2799371526153.000000,10038790.000000
778000,14,418286,0.600000,1.000000,0.664660,1.000000,0.000000,0,0.000000,777994.000000,1.000000,2799371526153.000000,10038790.000000
778000,15,418286,0.600000,1.000000,0.682696,1.000000,0.000000,0,0.000000,777997.000000,1.000000,2799371526153.000000,10038790.000000
779000,0,418821,0.600000,1.000000,0.782355,1.000000,0.000000,1,697702.000000,779000.000000,1.000000,2806483504305.000000,3350448.000000
779000,1,418821,0.600000,1.000000,0.726855,1.000000,0.000000,0,0.000000,778995.000000,1.000000,2806483504305.000000,3350448.000000
779000,2,418805,0.600000,1.000000,0.644314,1.000000,0.000000,0,0.000000,778564.000000,1.000000,2806483504305.000000,3350448.000000
779000,3,418810,0.600000,1.000000,0.487526,1.000000,0.000000,0,0.000000,778846.000000,1.000000,2806483504305.000000,3350448.000000
779000,4,418813,0.600000,1.000000,0.646107,1.000000,0.000000,0,0.000000,778938.000000,1.000000,2806483504305.000000,3350448.000000
779000,5,418820,0.600000,1.000000,0.671239,1.000000,0.000000,0,0.000000,778993.000000,1.000000,2806483504305.000000,3350448.000000
779000,6,418819,0.600000,1.000000,0.632222,1.000000,0.000000,0,0.000000,778936.000000,1.000000,2806483504305.000000,3350448.000000
779000,7,418791,0.600000,1.000000,0.690713,1.000000,0.000000,0,0.000000,778737.000000,1.000000,2806483504305.000000,3350448.000000
779000,8,418818,0.600000,1.000000,0.555164,1.000000,0.000000,0,0.000000,778667.000000,1.000000,2806483504305.000000,3350448.000000
779000,9,418813,0.600000,1.000000,0.620512,1.000000,0.000000,0,0.000000,778903.000000,1.000000,2806483504305.000000,3350448.000000
779000,10,418822,0.600000,1.000000,0.610684,1.000000,0.000000,0,0.000000,778998.000000,1.000000,2806483504305.000000,3350448.000000
779000,11,418817,0.600000,1.000000,0.556053,1.000000,0.000000,0,0.000000,778978.000000,1.000000,2806483504305.000000,3350448.000000
779000,12,418821,0.600000,1.000000,0.635224,1.000000,0.000000,0,0.000000,778924.000000,1.000000,2806483504305.000000,3350448.000000
779000,13,418800,0.600000,1.000000,0.616129,1.000000,0.000000,0,0.000000,778740.000000,1.000000,2806483504305.000000,3350448.000000
779000,14,418818,0.600000,1.000000,0.624771,1.000000,0.000000,0,0.000000,778991.000000,1.000000,2806483504305.000000,3350448.000000
779000,15,418816,0.600000,1.000000,0.627573,1.000000,0.000000,0,0.000000,778957.000000,1.000000,2806483504305.000000,3350448.000000
780000,0,419346,0.600000,1.000000,0.661983,1.000000,0.000000,0,0.000000,779982.000000,1.000000,2813602825895.000000,4193425.000000
780000,1,419349,0.600000,1.000000,0.695211,1.000000,0.000000,0,0.000000,779999.000000,1.000000,2813602825895.000000,4193425.000000
780000,2,419341,0.600000,1.000000,0.478763,1.000000,0.000000,0,0.000000,779925.000000,1.000000,2813602825895.000000,4193425.000000
780000,3,419347,0.600000,1.000000,0.698329,1.000000,0.000000,0,0.000000,779987.000000,1.000000,2813602825895.000000,4193425.000000
780000,4,419342,0.600000,1.000000,0.626606,1.000000,0.000000,0,0.000000,779772.000000,1.000000,2813602825895.000000,4193425.000000
780000,5,419347,0.600000,1.000000,0.475346,1.000000,0.000000,0,0.000000,779955.000000,1.000000,2813602825895.000000,4193425.000000
780000,6,419349,0.600000,1.000000,0.687132,1.000000,0.000000,0,0.000000,779996.000000,1.000000,2813602825895.000000,4193425.000000
780000,7,419348,0.600000,1.000000,0.630534,1.000000,0.000000,0,0.000000,779998.000000,1.000000,2813602825895.000000,4193425.000000
780000,8,419343,0.600000,1.000000,0.553787,1.000000,0.000000,0,0.000000,779902.000000,1.000000,2813602825895.000000,4193425.000000
780000,9,419343,0.600000,1.000000,0.647890,1.000000,0.000000,0,0.000000,779895.000000,1.000000,2813602825895.000000,4193425.000000
780000,10,419346,0.600000,1.000000,0.611777,1.000000,0.000000,0,0.000000,779922.000000,1.000000,2813602825895.000000,4193425.000000
780000,11,419344,0.600000,1.000000,0.666037,1.000000,0.000000,0,0.000000,779847.000000,1.000000,2813602825895.000000,4193425.000000
780000,12,419349,0.600000,1.000000,0.654222,1.000000,0.000000,1,698684.000000,780000.000000,1.000000,2813602825895.000000,4193425.000000
780000,13,419341,0.600000,1.000000,0.776069,1.000000,0.000000,0,0.000000,779827.000000,1.000000,2813602825895.000000,4193425.000000
780000,14,419347,0.600000,1.000000,0.670502,1.000000,0.000000,0,0.000000,779976.000000,1.000000,2813602825895.000000,4193425.000000
780000,15,419337,0.600000,1.000000,0.583502,1.000000,0.000000,0,0.000000,779675.000000,1.000000,2813602825895.000000,4193425.000000
781000,0,419867,0.600000,1.000000,0.713909,1.000000,0.000000,0,0.000000,780903.000000,1.000000,2820666506480.000000,10916631.000000
781000,1,419872,0.600000,1.000000,0.759273,1.000000,0.000000,0,0.000000,780997.000000,1.000000,2820666506480.000000,10916631.000000
781000,2,419876,0.600000,1.000000,0.750379,1.000000,0.000000,1,699236.000000,781000.000000,1.000000,2820666506480.000000,10916631.000000
781000,3,419876,0.600000,1.000000,0.666744,1.000000,0.000000,0,0.000000,780996.000000,1.000000,2820666506480.000000,10916631.000000
781000,4,419875,0.600000,1.000000,0.728993,1.000000,0.000000,0,0.000000,780986.000000,1.000000,2820666506480.000000,10916631.000000
781000,5,419866,0.600000,1.000000,0.461841,1.000000,0.000000,0,0.000000,780898.000000,1.000000,2820666506480.000000,10916631.000000
781000,6,419868,0.600000,1.000000,0.613096,1.000000,0.000000,0,0.000000,780922.000000,1.000000,2820666506480.000000,10916631.000000
781000,7,419870,0.600000,1.000000,0.778655,1.000000,0.000000,0,0.000000,780655.000000,1.000000,2820666506480.000000,10916631.000000
781000,8,419871,0.600000,1.000000,0.593424,1.000000,0.000000,0,0.000000,780567.000000,1.000000,2820666506480.000000,10916631.000000
781000,9,419865,0.600000,1.000000,0.487494,1.000000,0.000000,0,0.000000,780970.000000,1.000000,2820666506480.000000,10916631.000000
781000,10,419873,0.600000,1.000000,0.705818,1.000000,0.000000,0,0.000000,780984.000000,1.000000,2820666506480.000000,10916631.000000
781000,11,419877,0.600000,1.000000,0.651843,1.000000,0.000000,0,0.000000,780999.000000,1.000000,2820666506480.000000,10916631.000000
781000,12,419866,0.600000,1.000000,0.601540,1.000000,0.000000,0,0.000000,780972.000000,1.000000,2820666506480.000000,10916631.000000
781000,13,419873,0.600000,1.000000,0.690046,1.000000,0.000000,0,0.000000,780989.000000,1.000000,2820666506480.000000,10916631.000000
781000,14,419870,0.600000,1.000000,0.548059,1.000000,0.000000,0,0.000000,780929.000000,1.000000,2820666506480.000000,10916631.000000
781000,15,419871,0.600000,1.000000,0.588790,1.000000,0.000000,0,0.000000,780680.000000,1.000000,2820666506480.000000,10916631.000000
782000,0,420402,0.600000,1.000000,0.741636,1.000000,0.000000,0,0.000000,781979.000000,1.000000,2827770152126.000000,5885569.000000
782000,1,420398,0.600000,1.000000,0.713969,1.000000,0.000000,0,0.000000,781981.000000,1.000000,2827770152126.000000,5885569.000000
782000,2,420398,0.600000,1.000000,0.562850,1.000000,0.000000,0,0.000000,781951.000000,1.000000,2827770152126.000000,5885569.000000
782000,3,420401,0.600000,1.000000,0.685228,1.000000,0.000000,0,0.000000,781976.000000,1.000000,2827770152126.000000,5885569.000000
782000,4,420401,0.600000,1.000000,0.639813,1.000000,0.000000,0,0.000000,781975.000000,1.000000,2827770152126.000000,5885569.000000
782000,5,420402,0.600000,1.000000,0.742560,1.000000,0.000000,0,0.000000,781993.000000,1.000000,2827770152126.000000,5885569.000000
782000,6,420402,0.600000,1.000000,0.728896,1.000000,0.000000,0,0.000000,781995.000000,1.000000,2827770152126.000000,5885569.000000
782000,7,420395,0.600000,1.000000,0.675454,1.000000,0.000000,0,0.000000,781790.000000,1.000000,2827770152126.000000,5885569.000000
782000,8,420399,0.600000,1.000000,0.563778,1.000000,0.000000,0,0.000000,781945.000000,1.000000,2827770152126.000000,5885569.000000
782000,9,420404,0.600000,1.000000,0.719233,1.000000,0.000000,0,0.000000,781998.000000,1.000000,2827770152126.000000,5885569.000000
782000,10,420399,0.600000,1.000000,0.581212,1.000000,0.000000,0,0.000000,781924.000000,1.000000,2827770152126.000000,5885569.000000
782000,11,420397,0.600000,1.000000,0.683569,1.000000,0.000000,0,0.000000,781791.000000,1.000000,2827770152126.000000,5885569.000000
782000,12,420403,0.600000,1.000000,0.760887,1.000000,0.000000,1,700509.000000,782000.000000,1.000000,2827770152126.000000,5885569.000000
782000,13,420397,0.600000,1.000000,0.572063,1.000000,0.000000,0,0.000000,781970.000000,1.000000,2827770152126.000000,5885569.000000
782000,14,420397,0.600000,1.000000,0.838035,1.000000,0.000000,0,0.000000,781987.000000,1.000000,2827770152126.000000,5885569.000000
782000,15,420395,0.600000,1.000000,0.556398,1.000000,0.000000,0,0.000000,781921.000000,1.000000,2827770152126.000000,5885569.000000
783000,0,420936,0.600000,1.000000,0.725258,1.000000,0.000000,0,0.000000,782997.000000,1.000000,2834965234190.000000,7576803.000000
783000,1,420935,0.600000,1.000000,0.663204,1.000000,0.000000,0,0.000000,782810.000000,1.000000,2834965234190.000000,7576803.000000
783000,2,420932,0.600000,1.000000,0.638244,1.000000,0.000000,0,0.000000,782929.000000,1.000000,2834965234190.000000,7576803.000000
783000,3,420938,0.600000,1.000000,0.662630,1.000000,0.000000,1,702289.000000,783000.000000,1.000000,2834965234190.000000,7576803.000000
783000,4,420928,0.600000,1.000000,0.686495,1.000000,0.000000,0,0.000000,782834.000000,1.000000,2834965234190.000000,7576803.000000
783000,5,420923,0.600000,1.000000,0.591779,1.000000,0.000000,0,0.000000,782852.000000,1.000000,2834965234190.000000,7576803.000000
783000,6,420935,0.600000,1.000000,0.628262,1.000000,0.000000,0,0.000000,782981.000000,1.000000,2834965234190.000000,7576803.000000
783000,7,420934,0.600000,1.000000,0.861804,1.000000,0.000000,0,0.000000,782996.000000,1.000000,2834965234190.000000,7576803.000000
783000,8,420936,0.600000,1.000000,0.682197,1.000000,0.000000,0,0.000000,782998.000000,1.000000,2834965234190.000000,7576803.000000
783000,9,420937,0.600000,1.000000,0.632795,1.000000,0.000000,0,0.000000,782951.000000,1.000000,2834965234190.000000,7576803.000000
783000,10,420936,0.600000,1.000000,0.685659,1.000000,0.000000,0,0.000000,782980.000000,1.000000,2834965234190.000000,7576803.000000
783000,11,420930,0.600000,1.000000,0.494590,1.000000,0.000000,0,0.000000,782864.000000,1.000000,2834965234190.000000,7576803.000000
783000,12,420934,0.600000,1.000000,0.640446,1.000000,0.000000,0,0.000000,782953.000000,1.000000,2834965234190.000000,7576803.000000
783000,13,420937,0.600000,1.000000,0.685789,1.000000,0.000000,0,0.000000,782989.000000,1.000000,2834965234190.000000,7576803.000000
783000,14,420935,0.600000,1.000000,0.541767,1.000000,0.000000,0,0.000000,782941.000000,1.000000,2834965234190.000000,7576803.000000
783000,15,420936,0.600000,1.000000,0.658032,1.000000,0.000000,0,0.000000,782994.000000,1.000000,2834965234190.000000,7576803.000000
784000,0,421476,0.600000,1.000000,0.536729,1.000000,0.000000,0,0.000000,783973.000000,1.000000,2842268925712.000000,5057726.000000
784000,1,421478,0.600000,1.000000,0.774087,1.000000,0.000000,0,0.000000,783993.000000,1.000000,2842268925712.000000,5057726.000000
784000,2,421479,0.600000,1.000000,0.770755,1.000000,0.000000,0,0.000000,783979.000000,1.000000,2842268925712.000000,5057726.000000
784000,3,421481,0.600000,1.000000,0.771200,1.000000,0.000000,1,703179.000000,784000.000000,1.000000,2842268925712.000000,5057726.000000
784000,4,421467,0.600000,1.000000,0.647887,1.000000,0.000000,0,0.000000,783839.000000,1.000000,2842268925712.000000,5057726.000000
784000,5,421477,0.600000,1.000000,0.770557,1.000000,0.000000,0,0.000000,783994.000000,1.000000,2842268925712.000000,5057726.000000
784000,6,421473,0.600000,1.000000,0.643604,1.000000,0.000000,0,0.000000,783768.000000,1.000000,2842268925712.000000,5057726.000000
784000,7,421474,0.600000,1.000000,0.577896,1.000000,0.000000,0,0.000000,783874.000000,1.000000,2842268925712.000000,5057726.000000
784000,8,421477,0.600000,1.000000,0.583199,1.000000,0.000000,0,0.000000,783978.000000,1.000000,2842268925712.000000,5057726.000000
784000,9,421476,0.600000,1.000000,0.583290,1.000000,0.000000,0,0.000000,783935.000000,1.000000,2842268925712.000000,5057726.000000
784000,10,421473,0.600000,1.000000,0.570187,1.000000,0.000000,0,0.000000,783886.000000,1.000000,2842268925712.000000,5057726.000000
784000,11,421480,0.600000,1.000000,0.713424,1.000000,0.000000,0,0.000000,783997.000000,1.000000,2842268925712.000000,5057726.000000
784000,12,421474,0.600000,1.000000,0.588382,1.000000,0.000000,0,0.000000,783981.000000,1.000000,2842268925712.000000,5057726.000000
784000,13,421466,0.600000,1.000000,0.585339,1.000000,0.000000,0,0.000000,783825.000000,1.000000,2842268925712.000000,5057726.000000
784000,14,421480,0.600000,1.000000,0.627061,1.000000,0.000000,0,0.000000,783673.000000,1.000000,2842268925712.000000,5057726.000000
784000,15,421481,0.600000,1.000000,0.739081,1.000000,0.000000,0,0.000000,783998.000000,1.000000,2842268925712.000000,5057726.000000
785000,0,422019,0.600000,1.000000,0.667917,1.000000,0.000000,0,0.000000,784710.000000,1.000000,2849620839002.000000,5064240.000000
785000,1,422022,0.600000,1.000000,0.579683,1.000000,0.000000,0,0.000000,784971.000000,1.000000,2849620839002.000000,5064240.000000
785000,2,422011,0.600000,1.000000,0.669226,1.000000,0.000000,0,0.000000,784702.000000,1.000000,2849620839002.000000,5064240.000000
785000,3,422023,0.600000,1.000000,0.665651,1.000000,0.000000,0,0.000000,784955.000000,1.000000,2849620839002.000000,5064240.000000
785000,4,422025,0.600000,1.000000,0.645856,1.000000,0.000000,1,703355.000000,785000.000000,1.000000,2849620839002.000000,5064240.000000
785000,5,422016,0.600000,1.000000,0.613153,1.000000,0.000000,0,0.000000,784900.000000,1.000000,2849620839002.000000,5064240.000000
785000,6,422023,0.600000,1.000000,0.563752,1.000000,0.000000,0,0.000000,784970.000000,1.000000,2849620839002.000000,5064240.000000
785000,7,422023,0.600000,1.000000,0.714821,1.000000,0.000000,0,0.000000,784995.000000,1.000000,2849620839002.000000,5064240.000000
785000,8,422023,0.600000,1.000000,0.704133,1.000000,0.000000,0,0.000000,784951.000000,1.000000,2849620839002.000000,5064240.000000
785000,9,422025,0.600000,1.000000,0.757264,1.000000,0.000000,0,0.000000,784997.000000,1.000000,2849620839002.000000,5064240.000000
785000,10,422017,0.600000,1.000000,0.529815,1.000000,0.000000,0,0.000000,784946.000000,1.000000,2849620839002.000000,5064240.000000
785000,11,422021,0.600000,1.000000,0.647745,1.000000,0.000000,0,0.000000,784904.000000,1.000000,2849620839002.000000,5064240.000000
785000,12,422013,0.600000,1.000000,0.502471,1.000000,0.000000,0,0.000000,784809.000000,1.000000,2849620839002.000000,5064240.000000
785000,13,422023,0.600000,1.000000,0.569362,1.000000,0.000000,0,0.000000,784972.000000,1.000000,2849620839002.000000,5064240.000000
785000,14,422019,0.600000,1.000000,0.487624,1.000000,0.000000,0,0.000000,784973.000000,1.000000,2849620839002.000000,5064240.000000
785000,15,422025,0.600000,1.000000,0.754089,1.000000,0.000000,0,0.000000,784992.000000,1.000000,2849620839002.000000,5064240.000000
786000,0,422548,0.600000,1.000000,0.693271,1.000000,0.000000,0,0.000000,785823.000000,1.000000,2856803083410.000000,5915719.000000
786000,1,422555,0.600000,1.000000,0.745998,1.000000,0.000000,0,0.000000,785999.000000,1.000000,2856803083410.000000,5915719.000000
786000,2,422553,0.600000,1.000000,0.622848,1.000000,0.000000,0,0.000000,785927.000000,1.000000,2856803083410.000000,5915719.000000
786000,3,422554,0.600000,1.000000,0.671695,1.000000,0.000000,0,0.000000,785988.000000,1.000000,2856803083410.000000,5915719.000000
786000,4,422552,0.600000,1.000000,0.684108,1.000000,0.000000,0,0.000000,785848.000000,1.000000,2856803083410.000000,5915719.000000
786000,5,422555,0.600000,1.000000,0.736640,1.000000,0.000000,1,704134.000000,786000.000000,1.000000,2856803083410.000000,5915719.000000
786000,6,422547,0.600000,1.000000,0.604917,1.000000,0.000000,0,0.000000,785934.000000,1.000000,2856803083410.000000,5915719.000000
786000,7,422548,0.600000,1.000000,0.654856,1.000000,0.000000,0,0.000000,785700.000000,1.000000,2856803083410.000000,5915719.000000
786000,8,422553,0.600000,1.000000,0.615184,1.000000,0.000000,0,0.000000,785978.000000,1.000000,2856803083410.000000,5915719.000000
786000,9,422550,0.600000,1.000000,0.635364,1.000000,0.000000,0,0.000000,785829.000000,1.000000,2856803083410.000000,5915719.000000
786000,10,422556,0.600000,1.000000,0.669102,1.000000,0.000000,0,0.000000,785990.000000,1.000000,2856803083410.000000,5915719.000000
786000,11,422551,0.600000,1.000000,0.592555,1.000000,0.000000,0,0.000000,785929.000000,1.000000,2856803083410.000000,5915719.000000
786000,12,422555,0.600000,1.000000,0.649253,1.000000,0.000000,0,0.000000,785969.000000,1.000000,2856803083410.000000,5915719.000000
786000,13,422553,0.600000,1.000000,0.570504,1.000000,0.000000,0,0.000000,785968.000000,1.000000,2856803083410.000000,5915719.000000
786000,14,422555,0.600000,1.000000,0.663293,1.000000,0.000000,0,0.000000,785991.000000,1.000000,2856803083410.000000,5915719.000000
786000,15,422547,0.600000,1.000000,0.571250,1.000000,0.000000,0,0.000000,785956.000000,1.000000,2856803083410.000000,5915719.000000
787000,0,423094,0.600000,1.000000,0.557683,1.000000,0.000000,0,0.000000,786970.000000,1.000000,2864125525171.000000,9308061.000000
787000,1,423095,0.600000,1.000000,0.656089,1.000000,0.000000,0,0.000000,786998.000000,1.000000,2864125525171.000000,9308061.000000
787000,2,423095,0.600000,1.000000,0.714181,1.000000,0.000000,0,0.000000,786995.000000,1.000000,2864125525171.000000,9308061.000000
787000,3,423095,0.600000,1.000000,0.671779,1.000000,0.000000,0,0.000000,786996.000000,1.000000,2864125525171.000000,9308061.000000
787000,4,423081,0.600000,1.000000,0.680785,1.000000,0.000000,0,0.000000,786872.000000,1.000000,2864125525171.000000,9308061.000000
787000,5,423095,0.600000,1.000000,0.633054,1.000000,0.000000,0,0.000000,786986.000000,1.000000,2864125525171.000000,9308061.000000
787000,6,423094,0.600000,1.000000,0.636878,1.000000,0.000000,0,0.000000,786784.000000,1.000000,2864125525171.000000,9308061.000000
787000,7,423096,0.600000,1.000000,0.650804,1.000000,0.000000,0,0.000000,786987.000000,1.000000,2864125525171.000000,9308061.000000
787000,8,423091,0.600000,1.000000,0.613652,1.000000,0.000000,0,0.000000,786967.000000,1.000000,2864125525171.000000,9308061.000000
787000,9,423091,0.600000,1.000000,0.552400,1.000000,0.000000,0,0.000000,786959.000000,1.000000,2864125525171.000000,9308061.000000
787000,10,423095,0.600000,1.000000,0.596930,1.000000,0.000000,0,0.000000,786972.000000,1.000000,2864125525171.000000,9308061.000000
787000,11,423095,0.600000,1.000000,0.659552,1.000000,0.000000,0,0.000000,786997.000000,1.000000,2864125525171.000000,9308061.000000
787000,12,423096,0.600000,1.000000,0.626145,1.000000,0.000000,0,0.000000,786982.000000,1.000000,2864125525171.000000,9308061.000000
787000,13,423097,0.600000,1.000000,0.607117,1.000000,0.000000,1,705193.000000,787000.000000,1.000000,2864125525171.000000,9308061.000000
787000,14,423092,0.600000,1.000000,0.577736,1.000000,0.000000,0,0.000000,786983.000000,1.000000,2864125525171.000000,9308061.000000
787000,15,423089,0.600000,1.000000,0.645667,1.000000,0.000000,0,0.000000,786875.000000,1.000000,2864125525171.000000,9308061.000000
788000,0,423621,0.600000,1.000000,0.709813,1.000000,0.000000,0,0.000000,787972.000000,1.000000,2871240442290.000000,7625123.000000
788000,1,423618,0.600000,1.000000,0.619327,1.000000,0.000000,0,0.000000,787948.000000,1.000000,2871240442290.000000,7625123.000000
788000,2,423618,0.600000,1.000000,0.634401,1.000000,0.000000,0,0.000000,787895.000000,1.000000,2871240442290.000000,7625123.000000
788000,3,423618,0.600000,1.000000,0.688385,1.000000,0.000000,0,0.000000,787994.000000,1.000000,2871240442290.000000,7625123.000000
788000,4,423618,0.600000,1.000000,0.547556,1.000000,0.000000,0,0.000000,787965.000000,1.000000,2871240442290.000000,7625123.000000
788000,5,423621,0.600000,1.000000,0.590541,1.000000,0.000000,0,0.000000,787985.000000,1.000000,2871240442290.000000,7625123.000000
788000,6,423619,0.600000,1.000000,0.692772,1.000000,0.000000,0,0.000000,787897.000000,1.000000,2871240442290.000000,7625123.000000
788000,7,423617,0.600000,1.000000,0.584680,1.000000,0.000000,0,0.000000,787982.000000,1.000000,2871240442290.000000,7625123.000000
788000,8,423621,0.600000,1.000000,0.680481,1.000000,0.000000,0,0.000000,787991.000000,1.000000,2871240442290.000000,7625123.000000
788000,9,423612,0.600000,1.000000,0.579979,1.000000,0.000000,0,0.000000,787919.000000,1.000000,2871240442290.000000,7625123.000000
788000,10,423617,0.600000,1.000000,0.657943,1.000000,0.000000,0,0.000000,787989.000000,1.000000,2871240442290.000000,7625123.000000
788000,11,423619,0.600000,1.000000,0.710802,1.000000,0.000000,0,0.000000,787997.000000,1.000000,2871240442290.000000,7625123.000000
788000,12,423621,0.600000,1.000000,0.653538,1.000000,0.000000,0,0.000000,787983.000000,1.000000,2871240442290.000000,7625123.000000
788000,13,423619,0.600000,1.000000,0.688529,1.000000,0.000000,0,0.000000,787995.000000,1.000000,2871240442290.000000,7625123.000000
788000,14,423615,0.600000,1.000000,0.701129,1.000000,0.000000,0,0.000000,787971.000000,1.000000,2871240442290.000000,7625123.000000
788000,15,423620,0.600000,1.000000,0.806028,1.000000,0.000000,1,706147.000000,788000.000000,1.000000,2871240442290.000000,7625123.000000
789000,0,424154,0.600000,1.000000,0.691862,1.000000,0.000000,0,0.000000,788997.000000,1.000000,2878483795754.000000,6786456.000000
789000,1,424159,0.600000,1.000000,0.660154,1.000000,0.000000,1,706515.000000,789000.000000,1.000000,2878483795754.000000,6786456.000000
789000,2,424158,0.600000,1.000000,0.737945,1.000000,0.000000,0,0.000000,788999.000000,1.000000,2878483795754.000000,6786456.000000
789000,3,424155,0.600000,1.000000,0.631042,1.000000,0.000000,0,0.000000,788978.000000,1.000000,2878483795754.000000,6786456.000000
789000,4,424152,0.600000,1.000000,0.738494,1.000000,0.000000,0,0.000000,788970.000000,1.000000,2878483795754.000000,6786456.000000
789000,5,424148,0.600000,1.000000,0.688097,1.000000,0.000000,0,0.000000,788906.000000,1.000000,2878483795754.000000,6786456.000000
789000,6,424154,0.600000,1.000000,0.684437,1.000000,0.000000,0,0.000000,788996.000000,1.000000,2878483795754.000000,6786456.000000
789000,7,424143,0.600000,1.000000,0.600502,1.000000,0.000000,0,0.000000,788758.000000,1.000000,2878483795754.000000,6786456.000000
789000,8,424154,0.600000,1.000000,0.673082,1.000000,0.000000,0,0.000000,788981.000000,1.000000,2878483795754.000000,6786456.000000
789000,9,424154,0.600000,1.000000,0.566760,1.000000,0.000000,0,0.000000,788995.000000,1.000000,2878483795754.000000,6786456.000000
789000,10,424155,0.600000,1.000000,0.674520,1.000000,0.000000,0,0.000000,788769.000000,1.000000,2878483795754.000000,6786456.000000
789000,11,424146,0.600000,1.000000,0.712198,1.000000,0.000000,0,0.000000,788878.000000,1.000000,2878483795754.000000,6786456.000000
789000,12,424149,0.600000,1.000000,0.668986,1.000000,0.000000,0,0.000000,788915.000000,1.000000,2878483795754.000000,6786456.000000
789000,13,424151,0.600000,1.000000,0.637872,1.000000,0.000000,0,0.000000,788964.000000,1.000000,2878483795754.000000,6786456.000000
789000,14,424152,0.600000,1.000000,0.653016,1.000000,0.000000,0,0.000000,788971.000000,1.000000,2878483795754.000000,6786456.000000
789000,15,424154,0.600000,1.000000,0.534703,1.000000,0.000000,0,0.000000,788992.000000,1.000000,2878483795754.000000,6786456.000000
790000,0,424697,0.600000,1.000000,0.734661,1.000000,0.000000,0,0.000000,789992.000000,1.000000,2885869626907.000000,3397562.000000
790000,1,424696,0.600000,1.000000,0.559939,1.000000,0.000000,0,0.000000,789913.000000,1.000000,2885869626907.000000,3397562.000000
790000,2,424699,0.600000,1.000000,0.614182,1.000000,0.000000,0,0.000000,789999.000000,1.000000,2885869626907.000000,3397562.000000
790000,3,424699,0.600000,1.000000,0.757660,1.000000,0.000000,1,708432.000000,790000.000000,1.000000,2885869626907.000000,3397562.000000
790000,4,424695,0.600000,1.000000,0.686630,1.000000,0.000000,0,0.000000,789736.000000,1.000000,2885869626907.000000,3397562.000000
790000,5,424695,0.600000,1.000000,0.714816,1.000000,0.000000,0,0.000000,789981.000000,1.000000,2885869626907.000000,3397562.000000
790000,6,424695,0.600000,1.000000,0.525466,1.000000,0.000000,0,0.000000,789972.000000,1.000000,2885869626907.000000,3397562.000000
790000,7,424695,0.600000,1.000000,0.537494,1.000000,0.000000,0,0.000000,789983.000000,1.000000,2885869626907.000000,3397562.000000
790000,8,424691,0.600000,1.000000,0.539917,1.000000,0.000000,0,0.000000,789911.000000,1.000000,2885869626907.000000,3397562.000000
790000,9,424698,0.600000,1.000000,0.593033,1.000000,0.000000,0,0.000000,789996.000000,1.000000,2885869626907.000000,3397562.000000
790000,10,424695,0.600000,1.000000,0.589839,1.000000,0.000000,0,0.000000,789956.000000,1.000000,2885869626907.000000,3397562.000000
790000,11,424698,0.600000,1.000000,0.677934,1.000000,0.000000,0,0.000000,789994.000000,1.000000,2885869626907.000000,3397562.000000
790000,12,424697,0.600000,1.000000,0.717350,1.000000,0.000000,0,0.000000,789986.000000,1.000000,2885869626907.000000,3397562.000000
790000,13,424698,0.600000,1.000000,0.688863,1.000000,0.000000,0,0.000000,789980.000000,1.000000,2885869626907.000000,3397562.000000
790000,14,424693,0.600000,1.000000,0.516227,1.000000,0.000000,0,0.000000,789526.000000,1.000000,2885869626907.000000,3397562.000000
790000,15,424698,0.600000,1.000000,0.609660,1.000000,0.000000,0,0.000000,789995.000000,1.000000,2885869626907.000000,3397562.000000
791000,0,425233,0.600000,1.000000,0.662237,1.000000,0.000000,0,0.000000,790969.000000,1.000000,2893156911781.000000,1700918.000000
791000,1,425235,0.600000,1.000000,0.820793,1.000000,0.000000,0,0.000000,790997.000000,1.000000,2893156911781.000000,1700918.000000
791000,2,425230,0.600000,1.000000,0.665360,1.000000,0.000000,0,0.000000,790861.000000,1.000000,2893156911781.000000,1700918.000000
791000,3,425235,0.600000,1.000000,0.792859,1.000000,0.000000,1,709352.000000,791000.000000,1.000000,2893156911781.000000,1700918.000000
791000,4,425236,0.600000,1.000000,0.714007,1.000000,0.000000,0,0.000000,790986.000000,1.000000,2893156911781.000000,1700918.000000
791000,5,425234,0.600000,1.000000,0.661163,1.000000,0.000000,0,0.000000,790982.000000,1.000000,2893156911781.000000,1700918.000000
791000,6,425234,0.600000,1.000000,0.632956,1.000000,0.000000,0,0.000000,790683.000000,1.000000,2893156911781.000000,1700918.000000
791000,7,425231,0.600000,1.000000,0.675268,1.000000,0.000000,0,0.000000,790965.000000,1.000000,2893156911781.000000,1700918.000000
791000,8,425229,0.600000,1.000000,0.637229,1.000000,0.000000,0,0.000000,790929.000000,1.000000,2893156911781.000000,1700918.000000
791000,9,425231,0.600000,1.000000,0.598734,1.000000,0.000000,0,0.000000,790905.000000,1.000000,2893156911781.000000,1700918.000000
791000,10,425226,0.600000,1.000000,0.703355,1.000000,0.000000,0,0.000000,790748.000000,1.000000,2893156911781.000000,1700918.000000
791000,11,425234,0.600000,1.000000,0.638597,1.000000,0.000000,0,0.000000,790822.000000,1.000000,2893156911781.000000,1700918.000000
791000,12,425233,0.600000,1.000000,0.777808,1.000000,0.000000,0,0.000000,790993.000000,1.000000,2893156911781.000000,1700918.000000
791000,13,425229,0.600000,1.000000,0.564769,1.000000,0.000000,0,0.000000,790959.000000,1.000000,2893156911781.000000,1700918.000000
791000,14,425235,0.600000,1.000000,0.760828,1.000000,0.000000,0,0.000000,790995.000000,1.000000,2893156911781.000000,1700918.000000
791000,15,425228,0.600000,1.000000,0.734900,1.000000,0.000000,0,0.000000,790908.000000,1.000000,2893156911781.000000,1700918.000000
792000,0,425767,0.600000,1.000000,0.621585,1.000000,0.000000,0,0.000000,791994.000000,1.000000,2900405700031.000000,5960697.000000
792000,1,425762,0.600000,1.000000,0.547822,1.000000,0.000000,0,0.000000,791929.000000,1.000000,2900405700031.000000,5960697.000000
792000,2,425762,0.600000,1.000000,0.650849,1.000000,0.000000,0,0.000000,791988.000000,1.000000,2900405700031.000000,5960697.000000
792000,3,425767,0.600000,1.000000,0.862655,1.000000,0.000000,0,0.000000,791993.000000,1.000000,2900405700031.000000,5960697.000000
792000,4,425758,0.600000,1.000000,0.581491,1.000000,0.000000,0,0.000000,791920.000000,1.000000,2900405700031.000000,5960697.000000
792000,5,425766,0.600000,1.000000,0.701195,1.000000,0.000000,0,0.000000,791873.000000,1.000000,2900405700031.000000,5960697.000000
792000,6,425759,0.600000,1.000000,0.582313,1.000000,0.000000,0,0.000000,791943.000000,1.000000,2900405700031.000000,5960697.000000
792000,7,425769,0.600000,1.000000,0.701249,1.000000,0.000000,0,0.000000,791991.000000,1.000000,2900405700031.000000,5960697.000000
792000,8,425769,0.600000,1.000000,0.644287,1.000000,0.000000,0,0.000000,791999.000000,1.000000,2900405700031.000000,5960697.000000
792000,9,425768,0.600000,1.000000,0.787608,1.000000,0.000000,1,710550.000000,792000.000000,1.000000,2900405700031.000000,5960697.000000
792000,10,425765,0.600000,1.000000,0.592086,1.000000,0.000000,0,0.000000,791973.000000,1.000000,2900405700031.000000,5960697.000000
792000,11,425764,0.600000,1.000000,0.668978,1.000000,0.000000,0,0.000000,791864.000000,1.000000,2900405700031.000000,5960697.000000
792000,12,425759,0.600000,1.000000,0.516763,1.000000,0.000000,0,0.000000,791575.000000,1.000000,2900405700031.000000,5960697.000000
792000,13,425764,0.600000,1.000000,0.610175,1.000000,0.000000,0,0.000000,791970.000000,1.000000,2900405700031.000000,5960697.000000
792000,14,425764,0.600000,1.000000,0.630938,1.000000,0.000000,0,0.000000,791840.000000,1.000000,2900405700031.000000,5960697.000000
792000,15,425768,0.600000,1.000000,0.711524,1.000000,0.000000,0,0.000000,791985.000000,1.000000,2900405700031.000000,5960697.000000
793000,0,426301,0.600000,1.000000,0.683168,1.000000,0.000000,0,0.000000,792978.000000,1.000000,2907730060477.000000,9378593.000000
793000,1,426302,0.600000,1.000000,0.875316,1.000000,0.000000,0,0.000000,792994.000000,1.000000,2907730060477.000000,9378593.000000
793000,2,426296,0.600000,1.000000,0.589310,1.000000,0.000000,0,0.000000,792811.000000,1.000000,2907730060477.000000,9378593.000000
793000,3,426304,0.600000,1.000000,0.745235,1.000000,0.000000,0,0.000000,792987.000000,1.000000,2907730060477.000000,9378593.000000
793000,4,426304,0.600000,1.000000,0.742584,1.000000,0.000000,0,0.000000,792996.000000,1.000000,2907730060477.000000,9378593.000000
793000,5,426300,0.600000,1.000000,0.633690,1.000000,0.000000,0,0.000000,792953.000000,1.000000,2907730060477.000000,9378593.000000
793000,6,426301,0.600000,1.000000,0.780659,1.000000,0.000000,0,0.000000,792848.000000,1.000000,2907730060477.000000,9378593.000000
793000,7,426305,0.600000,1.000000,0.788792,1.000000,0.000000,0,0.000000,792999.000000,1.000000,2907730060477.000000,9378593.000000
793000,8,426306,0.600000,1.000000,0.666250,1.000000,0.000000,0,0.000000,792985.000000,1.000000,2907730060477.000000,9378593.000000
793000,9,426305,0.600000,1.000000,0.630404,1.000000,0.000000,0,0.000000,792977.000000,1.000000,2907730060477.000000,9378593.000000
793000,10,426303,0.600000,1.000000,0.690676,1.000000,0.000000,0,0.000000,792822.000000,1.000000,2907730060477.000000,9378593.000000
793000,11,426305,0.600000,1.000000,0.711308,1.000000,0.000000,1,710765.000000,793000.000000,1.000000,2907730060477.000000,9378593.000000
793000,12,426305,0.600000,1.000000,0.712022,1.000000,0.000000,0,0.000000,792988.000000,1.000000,2907730060477.000000,9378593.000000
793000,13,426295,0.600000,1.000000,0.582304,1.000000,0.000000,0,0.000000,792830.000000,1.000000,2907730060477.000000,9378593.000000
793000,14,426302,0.600000,1.000000,0.626096,1.000000,0.000000,0,0.000000,792876.000000,1.000000,2907730060477.000000,9378593.000000
793000,15,426293,0.600000,1.000000,0.794833,1.000000,0.000000,0,0.000000,792452.000000,1.000000,2907730060477.000000,9378593.000000
794000,0,426833,0.600000,1.000000,0.634668,1.000000,0.000000,0,0.000000,793991.000000,1.000000,2914968899822.000000,11097617.000000
794000,1,426837,0.600000,1.000000,0.680774,1.000000,0.000000,0,0.000000,793981.000000,1.000000,2914968899822.000000,11097617.000000
794000,2,426825,0.600000,1.000000,0.490584,1.000000,0.000000,0,0.000000,793900.000000,1.000000,2914968899822.000000,11097617.000000
794000,3,426824,0.600000,1.000000,0.572628,1.000000,0.000000,0,0.000000,793924.000000,1.000000,2914968899822.000000,11097617.000000
794000,4,426834,0.600000,1.000000,0.648102,1.000000,0.000000,0,0.000000,793958.000000,1.000000,2914968899822.000000,11097617.000000
794000,5,426835,0.600000,1.000000,0.730411,1.000000,0.000000,0,0.000000,793990.000000,1.000000,2914968899822.000000,11097617.000000
794000,6,426833,0.600000,1.000000,0.614485,1.000000,0.000000,0,0.000000,793976.000000,1.000000,2914968899822.000000,11097617.000000
794000,7,426836,0.600000,1.000000,0.732950,1.000000,0.000000,1,712476.000000,794000.000000,1.000000,2914968899822.000000,11097617.000000
794000,8,426826,0.600000,1.000000,0.728374,1.000000,0.000000,0,0.000000,793671.000000,1.000000,2914968899822.000000,11097617.000000
794000,9,426830,0.600000,1.000000,0.553003,1.000000,0.000000,0,0.000000,793874.000000,1.000000,2914968899822.000000,11097617.000000
794000,10,426833,0.600000,1.000000,0.721334,1.000000,0.000000,0,0.000000,793997.000000,1.000000,2914968899822.000000,11097617.000000
794000,11,426834,0.600000,1.000000,0.705300,1.000000,0.000000,0,0.000000,793935.000000,1.000000,2914968899822.000000,11097617.000000
794000,12,426834,0.600000,1.000000,0.522305,1.000000,0.000000,0,0.000000,793979.000000,1.000000,2914968899822.000000,11097617.000000
794000,13,426832,0.600000,1.000000,0.570591,1.000000,0.000000,0,0.000000,793845.000000,1.000000,2914968899822.000000,11097617.000000
794000,14,426836,0.600000,1.000000,0.799065,1.000000,0.000000,0,0.000000,793995.000000,1.000000,2914968899822.000000,11097617.000000
794000,15,426830,0.600000,1.000000,0.755686,1.000000,0.000000,0,0.000000,793681.000000,1.000000,2914968899822.000000,11097617.000000
795000,0,427369,0.600000,1.000000,0.721331,1.000000,0.000000,0,0.000000,794861.000000,1.000000,2922359479148.000000,6837952.000000
795000,1,427370,0.600000,1.000000,0.721681,1.000000,0.000000,0,0.000000,794873.000000,1.000000,2922359479148.000000,6837952.000000
795000,2,427370,0.600000,1.000000,0.701130,1.000000,0.000000,0,0.000000,794848.000000,1.000000,2922359479148.000000,6837952.000000
795000,3,427375,0.600000,1.000000,0.689914,1.000000,0.000000,1,712946.000000,795000.000000,1.000000,2922359479148.000000,6837952.000000
795000,4,427373,0.600000,1.000000,0.751579,1.000000,0.000000,0,0.000000,794998.000000,1.000000,2922359479148.000000,6837952.000000
795000,5,427371,0.600000,1.000000,0.640474,1.000000,0.000000,0,0.000000,794980.000000,1.000000,2922359479148.000000,6837952.000000
795000,6,427375,0.600000,1.000000,0.623513,1.000000,0.000000,0,0.000000,794991.000000,1.000000,2922359479148.000000,6837952.000000
795000,7,427374,0.600000,1.000000,0.694243,1.000000,0.000000,0,0.000000,794999.000000,1.000000,2922359479148.000000,6837952.000000
795000,8,427372,0.600000,1.000000,0.542274,1.000000,0.000000,0,0.000000,794943.000000,1.000000,2922359479148.000000,6837952.000000
795000,9,427375,0.600000,1.000000,0.655326,1.000000,0.000000,0,0.000000,794969.000000,1.000000,2922359479148.000000,6837952.000000
795000,10,427374,0.600000,1.000000,0.686135,1.000000,0.000000,0,0.000000,794967.000000,1.000000,2922359479148.000000,6837952.000000
795000,11,427375,0.600000,1.000000,0.670687,1.000000,0.000000,0,0.000000,794995.000000,1.000000,2922359479148.000000,6837952.000000
795000,12,427374,0.600000,1.000000,0.760593,1.000000,0.000000,0,0.000000,794996.000000,1.000000,2922359479148.000000,6837952.000000
795000,13,427373,0.600000,1.000000,0.779314,1.000000,0.000000,0,0.000000,794964.000000,1.000000,2922359479148.000000,6837952.000000
795000,14,427374,0.600000,1.000000,0.689134,1.000000,0.000000,0,0.000000,794990.000000,1.000000,2922359479148.000000,6837952.000000
795000,15,427370,0.600000,1.000000,0.651547,1.000000,0.000000,0,0.000000,794452.000000,1.000000,2922359479148.000000,6837952.000000
796000,0,427913,0.600000,1.000000,0.717312,1.000000,0.000000,0,0.000000,795977.000000,1.000000,2929725183172.000000,4279119.000000
796000,1,427914,0.600000,1.000000,0.597079,1.000000,0.000000,0,0.000000,795987.000000,1.000000,2929725183172.000000,4279119.000000
796000,2,427910,0.600000,1.000000,0.613768,1.000000,0.000000,0,0.000000,795981.000000,1.000000,2929725183172.000000,4279119.000000
796000,3,427913,0.600000,1.000000,0.556389,1.000000,0.000000,0,0.000000,795948.000000,1.000000,2929725183172.000000,4279119.000000
796000,4,427904,0.600000,1.000000,0.720081,1.000000,0.000000,0,0.000000,795889.000000,1.000000,2929725183172.000000,4279119.000000
796000,5,427903,0.600000,1.000000,0.531123,1.000000,0.000000,0,0.000000,795890.000000,1.000000,2929725183172.000000,4279119.000000
796000,6,427910,0.600000,1.000000,0.640258,1.000000,0.000000,0,0.000000,795947.000000,1.000000,2929725183172.000000,4279119.000000
796000,7,427913,0.600000,1.000000,0.657769,1.000000,0.000000,0,0.000000,795937.000000,1.000000,2929725183172.000000,4279119.000000
796000,8,427916,0.600000,1.000000,0.701915,1.000000,0.000000,0,0.000000,795999.000000,1.000000,2929725183172.000000,4279119.000000
796000,9,427916,0.600000,1.000000,0.694132,1.000000,0.000000,0,0.000000,795992.000000,1.000000,2929725183172.000000,4279119.000000
796000,10,427915,0.600000,1.000000,0.819492,1.000000,0.000000,1,713600.000000,796000.000000,1.000000,2929725183172.000000,4279119.000000
796000,11,427914,0.600000,1.000000,0.665201,1.000000,0.000000,0,0.000000,795991.000000,1.000000,2929725183172.000000,4279119.000000
796000,12,427915,0.600000,1.000000,0.687881,1.000000,0.000000,0,0.000000,795980.000000,1.000000,2929725183172.000000,4279119.000000
796000,13,427914,0.600000,1.000000,0.728194,1.000000,0.000000,0,0.000000,795974.000000,1.000000,2929725183172.000000,4279119.000000
796000,14,427909,0.600000,1.000000,0.618913,1.000000,0.000000,0,0.000000,795938.000000,1.000000,2929725183172.000000,4279119.000000
796000,15,427897,0.600000,1.000000,0.685228,1.000000,0.000000,0,0.000000,795677.000000,1.000000,2929725183172.000000,4279119.000000
797000,0,428451,0.600000,1.000000,0.584837,1.000000,0.000000,0,0.000000,796961.000000,1.000000,2937086447290.000000,6855212.000000
797000,1,428449,0.600000,1.000000,0.609411,1.000000,0.000000,0,0.000000,796982.000000,1.000000,2937086447290.000000,6855212.000000
797000,2,428445,0.600000,1.000000,0.607356,1.000000,0.000000,0,0.000000,796957.000000,1.000000,2937086447290.000000,6855212.000000
797000,3,428445,0.600000,1.000000,0.717448,1.000000,0.000000,0,0.000000,796840.000000,1.000000,2937086447290.000000,6855212.000000
797000,4,428448,0.600000,1.000000,0.641687,1.000000,0.000000,0,0.000000,796956.000000,1.000000,2937086447290.000000,6855212.000000
797000,5,428452,0.600000,1.000000,0.627441,1.000000,0.000000,0,0.000000,796998.000000,1.000000,2937086447290.000000,6855212.000000
797000,6,428447,0.600000,1.000000,0.634330,1.000000,0.000000,0,0.000000,796967.000000,1.000000,2937086447290.000000,6855212.000000
797000,7,428452,0.600000,1.000000,0.627830,1.000000,0.000000,0,0.000000,796986.000000,1.000000,2937086447290.000000,6855212.000000
797000,8,428449,0.600000,1.000000,0.645073,1.000000,0.000000,0,0.000000,796976.000000,1.000000,2937086447290.000000,6855212.000000
797000,9,428453,0.600000,1.000000,0.653797,1.000000,0.000000,1,714870.000000,797000.000000,1.000000,2937086447290.000000,6855212.000000
797000,10,428452,0.600000,1.000000,0.703076,1.000000,0.000000,0,0.000000,796978.000000,1.000000,2937086447290.000000,6855212.000000
797000,11,428433,0.600000,1.000000,0.691738,1.000000,0.000000,0,0.000000,796606.000000,1.000000,2937086447290.000000,6855212.000000
797000,12,428451,0.600000,1.000000,0.762820,1.000000,0.000000,0,0.000000,796999.000000,1.000000,2937086447290.000000,6855212.000000
797000,13,428453,0.600000,1.000000,0.620560,1.000000,0.000000,0,0.000000,796996.000000,1.000000,2937086447290.000000,6855212.000000
797000,14,428440,0.600000,1.000000,0.789090,1.000000,0.000000,0,0.000000,796858.000000,1.000000,2937086447290.000000,6855212.000000
797000,15,428452,0.600000,1.000000,0.680280,1.000000,0.000000,0,0.000000,796995.000000,1.000000,2937086447290.000000,6855212.000000
798000,0,428993,0.600000,1.000000,0.702951,1.000000,0.000000,0,0.000000,797951.000000,1.000000,2944510141920.000000,12011704.000000
798000,1,428990,0.600000,1.000000,0.733259,1.000000,0.000000,0,0.000000,797913.000000,1.000000,2944510141920.000000,12011704.000000
798000,2,428983,0.600000,1.000000,0.642846,1.000000,0.000000,0,0.000000,797926.000000,1.000000,2944510141920.000000,12011704.000000
798000,3,428993,0.600000,1.000000,0.684478,1.000000,0.000000,1,715638.000000,798000.000000,1.000000,2944510141920.000000,12011704.000000
798000,4,428990,0.600000,1.000000,0.738340,1.000000,0.000000,0,0.000000,797999.000000,1.000000,2944510141920.000000,12011704.000000
798000,5,428990,0.600000,1.000000,0.532382,1.000000,0.000000,0,0.000000,797996.000000,1.000000,2944510141920.000000,12011704.000000
798000,6,428990,0.600000,1.000000,0.696662,1.000000,0.000000,0,0.000000,797994.000000,1.000000,2944510141920.000000,12011704.000000
798000,7,428992,0.600000,1.000000,0.718783,1.000000,0.000000,0,0.000000,797976.000000,1.000000,2944510141920.000000,12011704.000000
798000,8,428992,0.600000,1.000000,0.746023,1.000000,0.000000,0,0.000000,797866.000000,1.000000,2944510141920.000000,12011704.000000
798000,9,428987,0.600000,1.000000,0.488659,1.000000,0.000000,0,0.000000,797962.000000,1.000000,2944510141920.000000,12011704.000000
798000,10,428989,0.600000,1.000000,0.667623,1.000000,0.000000,0,0.000000,797943.000000,1.000000,2944510141920.000000,12011704.000000
798000,11,428991,0.600000,1.000000,0.720063,1.000000,0.000000,0,0.000000,797973.000000,1.000000,2944510141920.000000,12011704.000000
798000,12,428989,0.600000,1.000000,0.607803,1.000000,0.000000,0,0.000000,797977.000000,1.000000,2944510141920.000000,12011704.000000
798000,13,428988,0.600000,1.000000,0.626771,1.000000,0.000000,0,0.000000,797959.000000,1.000000,2944510141920.000000,12011704.000000
798000,14,428985,0.600000,1.000000,0.514852,1.000000,0.000000,0,0.000000,797877.000000,1.000000,2944510141920.000000,12011704.000000
798000,15,428988,0.600000,1.000000,0.629110,1.000000,0.000000,0,0.000000,797944.000000,1.000000,2944510141920.000000,12011704.000000
799000,0,429525,0.600000,1.000000,0.727336,1.000000,0.000000,0,0.000000,798998.000000,1.000000,2951847851937.000000,4295217.000000
799000,1,429520,0.600000,1.000000,0.628702,1.000000,0.000000,0,0.000000,798711.000000,1.000000,2951847851937.000000,4295217.000000
799000,2,429525,0.600000,1.000000,0.636490,1.000000,0.000000,1,715292.000000,799000.000000,1.000000,2951847851937.000000,4295217.000000
799000,3,429526,0.600000,1.000000,0.635308,1.000000,0.000000,0,0.000000,798984.000000,1.000000,2951847851937.000000,4295217.000000
799000,4,429522,0.600000,1.000000,0.570112,1.000000,0.000000,0,0.000000,798948.000000,1.000000,2951847851937.000000,4295217.000000
799000,5,429523,0.600000,1.000000,0.598076,1.000000,0.000000,0,0.000000,798906.000000,1.000000,2951847851937.000000,4295217.000000
799000,6,429524,0.600000,1.000000,0.687195,1.000000,0.000000,0,0.000000,798991.000000,1.000000,2951847851937.000000,4295217.000000
799000,7,429525,0.600000,1.000000,0.542836,1.000000,0.000000,0,0.000000,798833.000000,1.000000,2951847851937.000000,4295217.000000
799000,8,429525,0.600000,1.000000,0.687164,1.000000,0.000000,0,0.000000,798999.000000,1.000000,2951847851937.000000,4295217.000000
799000,9,429523,0.600000,1.000000,0.694203,1.000000,0.000000,0,0.000000,798986.000000,1.000000,2951847851937.000000,4295217.000000
799000,10,429523,0.600000,1.000000,0.651961,1.000000,0.000000,0,0.000000,798972.000000,1.000000,2951847851937.000000,4295217.000000
799000,11,429525,0.600000,1.000000,0.754666,1.000000,0.000000,0,0.000000,798995.000000,1.000000,2951847851937.000000,4295217.000000
799000,12,429524,0.600000,1.000000,0.580915,1.000000,0.000000,0,0.000000,798988.000000,1.000000,2951847851937.000000,4295217.000000
799000,13,429524,0.600000,1.000000,0.580923,1.000000,0.000000,0,0.000000,798929.000000,1.000000,2951847851937.000000,4295217.000000
799000,14,429519,0.600000,1.000000,0.571501,1.000000,0.000000,0,0.000000,798861.000000,1.000000,2951847851937.000000,4295217.000000
799000,15,429524,0.600000,1.000000,0.574347,1.000000,0.000000,0,0.000000,798985.000000,1.000000,2951847851937.000000,4295217.000000
800000,0,430060,0.600000,1.000000,0.616758,1.000000,0.000000,0,0.000000,799989.000000,1.000000,2959259202523.000000,10321494.000000
800000,1,430065,0.600000,1.000000,0.606838,1.000000,0.000000,0,0.000000,799972.000000,1.000000,2959259202523.000000,10321494.000000
800000,2,430065,0.600000,1.000000,0.629436,1.000000,0.000000,0,0.000000,799988.000000,1.000000,2959259202523.000000,10321494.000000
800000,3,430061,0.600000,1.000000,0.670832,1.000000,0.000000,0,0.000000,799984.000000,1.000000,2959259202523.000000,10321494.000000
800000,4,430063,0.600000,1.000000,0.604909,1.000000,0.000000,0,0.000000,799980.000000,1.000000,2959259202523.000000,10321494.000000
800000,5,430055,0.600000,1.000000,0.524639,1.000000,0.000000,0,0.000000,799934.000000,1.000000,2959259202523.000000,10321494.000000
800000,6,430063,0.600000,1.000000,0.533878,1.000000,0.000000,0,0.000000,799967.000000,1.000000,2959259202523.000000,10321494.000000
800000,7,430066,0.600000,1.000000,0.712284,1.000000,0.000000,1,717897.000000,800000.000000,1.000000,2959259202523.000000,10321494.000000
800000,8,430060,0.600000,1.000000,0.600129,1.000000,0.000000,0,0.000000,799957.000000,1.000000,2959259202523.000000,10321494.000000
800000,9,430065,0.600000,1.000000,0.659251,1.000000,0.000000,0,0.000000,799833.000000,1.000000,2959259202523.000000,10321494.000000
800000,10,430066,0.600000,1.000000,0.763118,1.000000,0.000000,0,0.000000,799999.000000,1.000000,2959259202523.000000,10321494.000000
800000,11,430064,0.600000,1.000000,0.588476,1.000000,0.000000,0,0.000000,799974.000000,1.000000,2959259202523.000000,10321494.000000
800000,12,430059,0.600000,1.000000,0.586007,1.000000,0.000000,0,0.000000,799976.000000,1.000000,2959259202523.000000,10321494.000000
800000,13,430065,0.600000,1.000000,0.829610,1.000000,0.000000,0,0.000000,799998.000000,1.000000,2959259202523.000000,10321494.000000
800000,14,430059,0.600000,1.000000,0.727028,1.000000,0.000000,0,0.000000,799635.000000,1.000000,2959259202523.000000,10321494.000000
800000,15,430063,0.600000,1.000000,0.631789,1.000000,0.000000,0,0.000000,799993.000000,1.000000,2959259202523.000000,10321494.000000
801000,0,430611,0.600000,1.000000,0.635910,1.000000,0.000000,0,0.000000,800702.000000,1.000000,2966804721514.000000,9473465.000000
801000,1,430610,0.600000,1.000000,0.638741,1.000000,0.000000,0,0.000000,800979.000000,1.000000,2966804721514.000000,9473465.000000
801000,2,430607,0.600000,1.000000,0.529334,1.000000,0.000000,0,0.000000,800893.000000,1.000000,2966804721514.000000,9473465.000000
801000,3,430605,0.600000,1.000000,0.493666,1.000000,0.000000,0,0.000000,800921.000000,1.000000,2966804721514.000000,9473465.000000
801000,4,430608,0.600000,1.000000,0.562138,1.000000,0.000000,0,0.000000,800949.000000,1.000000,2966804721514.000000,9473465.000000
801000,5,430607,0.600000,1.000000,0.639919,1.000000,0.000000,0,0.000000,800953.000000,1.000000,2966804721514.000000,9473465.000000
801000,6,430605,0.600000,1.000000,0.589536,1.000000,0.000000,0,0.000000,800427.000000,1.000000,2966804721514.000000,9473465.000000
801000,7,430616,0.600000,1.000000,0.682570,1.000000,0.000000,0,0.000000,800997.000000,1.000000,2966804721514.000000,9473465.000000
801000,8,430615,0.600000,1.000000,0.730471,1.000000,0.000000,0,0.000000,800991.000000,1.000000,2966804721514.000000,9473465.000000
801000,9,430615,0.600000,1.000000,0.664527,1.000000,0.000000,0,0.000000,800980.000000,1.000000,2966804721514.000000,9473465.000000
801000,10,430618,0.600000,1.000000,0.761517,1.000000,0.000000,1,718045.000000,801000.000000,1.000000,2966804721514.000000,9473465.000000
801000,11,430616,0.600000,1.000000,0.611567,1.000000,0.000000,0,0.000000,800994.000000,1.000000,2966804721514.000000,9473465.000000
801000,12,430611,0.600000,1.000000,0.633262,1.000000,0.000000,0,0.000000,800713.000000,1.000000,2966804721514.000000,9473465.000000
801000,13,430616,0.600000,1.000000,0.609997,1.000000,0.000000,0,0.000000,800999.000000,1.000000,2966804721514.000000,9473465.000000
801000,14,430613,0.600000,1.000000,0.719065,1.000000,0.000000,0,0.000000,800996.000000,1.000000,2966804721514.000000,9473465.000000
801000,15,430593,0.600000,1.000000,0.730257,1.000000,0.000000,0,0.000000,800102.000000,1.000000,2966804721514.000000,9473465.000000
802000,0,431134,0.600000,1.000000,0.609130,1.000000,0.000000,0,0.000000,801940.000000,1.000000,2974100295460.000000,6898234.000000
802000,1,431141,0.600000,1.000000,0.632032,1.000000,0.000000,0,0.000000,801799.000000,1.000000,2974100295460.000000,6898234.000000
802000,2,431140,0.600000,1.000000,0.682242,1.000000,0.000000,0,0.000000,801987.000000,1.000000,2974100295460.000000,6898234.000000
802000,3,431138,0.600000,1.000000,0.697432,1.000000,0.000000,0,0.000000,801989.000000,1.000000,2974100295460.000000,6898234.000000
802000,4,431142,0.600000,1.000000,0.607599,1.000000,0.000000,0,0.000000,801971.000000,1.000000,2974100295460.000000,6898234.000000
802000,5,431141,0.600000,1.000000,0.623203,1.000000,0.000000,0,0.000000,801782.000000,1.000000,2974100295460.000000,6898234.000000
802000,6,431141,0.600000,1.000000,0.686727,1.000000,0.000000,0,0.000000,801994.000000,1.000000,2974100295460.000000,6898234.000000
802000,7,431141,0.600000,1.000000,0.749123,1.000000,0.000000,0,0.000000,801995.000000,1.000000,2974100295460.000000,6898234.000000
802000,8,431138,0.600000,1.000000,0.632497,1.000000,0.000000,0,0.000000,801927.000000,1.000000,2974100295460.000000,6898234.000000
802000,9,431138,0.600000,1.000000,0.656040,1.000000,0.000000,0,0.000000,801980.000000,1.000000,2974100295460.000000,6898234.000000
802000,10,431135,0.600000,1.000000,0.551637,1.000000,0.000000,0,0.000000,801886.000000,1.000000,2974100295460.000000,6898234.000000
802000,11,431141,0.600000,1.000000,0.698571,1.000000,0.000000,0,0.000000,801998.000000,1.000000,2974100295460.000000,6898234.000000
802000,12,431138,0.600000,1.000000,0.635834,1.000000,0.000000,0,0.000000,801921.000000,1.000000,2974100295460.000000,6898234.000000
802000,13,431142,0.600000,1.000000,0.728500,1.000000,0.000000,0,0.000000,801999.000000,1.000000,2974100295460.000000,6898234.000000
802000,14,431143,0.600000,1.000000,0.646958,1.000000,0.000000,1,718903.000000,802000.000000,1.000000,2974100295460.000000,6898234.000000
802000,15,431139,0.600000,1.000000,0.704877,1.000000,0.000000,0,0.000000,801965.000000,1.000000,2974100295460.000000,6898234.000000
803000,0,431682,0.600000,1.000000,0.714445,1.000000,0.000000,1,719008.000000,803000.000000,1.000000,2981540374587.000000,9496923.000000
803000,1,431674,0.600000,1.000000,0.560435,1.000000,0.000000,0,0.000000,802869.000000,1.000000,2981540374587.000000,9496923.000000
803000,2,431673,0.600000,1.000000,0.668518,1.000000,0.000000,0,0.000000,802791.000000,1.000000,2981540374587.000000,9496923.000000
803000,3,431680,0.600000,1.000000,0.590967,1.000000,0.000000,0,0.000000,802979.000000,1.000000,2981540374587.000000,9496923.000000
803000,4,431678,0.600000,1.000000,0.679316,1.000000,0.000000,0,0.000000,802985.000000,1.000000,2981540374587.000000,9496923.000000
803000,5,431677,0.600000,1.000000,0.584588,1.000000,0.000000,0,0.000000,802877.000000,1.000000,2981540374587.000000,9496923.000000
803000,6,431674,0.600000,1.000000,0.507625,1.000000,0.000000,0,0.000000,802854.000000,1.000000,2981540374587.000000,9496923.000000
803000,7,431679,0.600000,1.000000,0.801674,1.000000,0.000000,0,0.000000,802996.000000,1.000000,2981540374587.000000,9496923.000000
803000,8,431682,0.600000,1.000000,0.730926,1.000000,0.000000,0,0.000000,802999.000000,1.000000,2981540374587.000000,9496923.000000
803000,9,431682,0.600000,1.000000,0.646977,1.000000,0.000000,0,0.000000,802997.000000,1.000000,2981540374587.000000,9496923.000000
803000,10,431679,0.600000,1.000000,0.706812,1.000000,0.000000,0,0.000000,802972.000000,1.000000,2981540374587.000000,9496923.000000
803000,11,431680,0.600000,1.000000,0.800873,1.000000,0.000000,0,0.000000,802990.000000,1.000000,2981540374587.000000,9496923.000000
803000,12,431679,0.600000,1.000000,0.639059,1.000000,0.000000,0,0.000000,802975.000000,1.000000,2981540374587.000000,9496923.000000
803000,13,431678,0.600000,1.000000,0.591621,1.000000,0.000000,0,0.000000,802961.000000,1.000000,2981540374587.000000,9496923.000000
803000,14,431683,0.600000,1.000000,0.696523,1.000000,0.000000,0,0.000000,802998.000000,1.000000,2981540374587.000000,9496923.000000
803000,15,431675,0.600000,1.000000,0.541072,1.000000,0.000000,0,0.000000,802879.000000,1.000000,2981540374587.000000,9496923.000000
804000,0,432227,0.600000,1.000000,0.600816,1.000000,0.000000,0,0.000000,803994.000000,1.000000,2989059768155.000000,8644470.000000
804000,1,432224,0.600000,1.000000,0.772222,1.000000,0.000000,0,0.000000,803831.000000,1.000000,2989059768155.000000,8644470.000000
804000,2,432220,0.600000,1.000000,0.619126,1.000000,0.000000,0,0.000000,803847.000000,1.000000,2989059768155.000000,8644470.000000
804000,3,432226,0.600000,1.000000,0.678624,1.000000,0.000000,0,0.000000,803986.000000,1.000000,2989059768155.000000,8644470.000000
804000,4,432216,0.600000,1.000000,0.516813,1.000000,0.000000,0,0.000000,803896.000000,1.000000,2989059768155.000000,8644470.000000
804000,5,432220,0.600000,1.000000,0.630447,1.000000,0.000000,0,0.000000,803883.000000,1.000000,2989059768155.000000,8644470.000000
804000,6,432213,0.600000,1.000000,0.571777,1.000000,0.000000,0,0.000000,803458.000000,1.000000,2989059768155.000000,8644470.000000
804000,7,432226,0.600000,1.000000,0.519691,1.000000,0.000000,0,0.000000,803942.000000,1.000000,2989059768155.000000,8644470.000000
804000,8,432226,0.600000,1.000000,0.747582,1.000000,0.000000,0,0.000000,803997.000000,1.000000,2989059768155.000000,8644470.000000
804000,9,432227,0.600000,1.000000,0.659957,1.000000,0.000000,0,0.000000,803992.000000,1.000000,2989059768155.000000,8644470.000000
804000,10,432221,0.600000,1.000000,0.583729,1.000000,0.000000,0,0.000000,803853.000000,1.000000,2989059768155.000000,8644470.000000
804000,11,432211,0.600000,1.000000,0.553334,1.000000,0.000000,0,0.000000,803762.000000,1.000000,2989059768155.000000,8644470.000000
804000,12,432230,0.600000,1.000000,0.639553,1.000000,0.000000,0,0.000000,803999.000000,1.000000,2989059768155.000000,8644470.000000
804000,13,432226,0.600000,1.000000,0.596300,1.000000,0.000000,0,0.000000,803979.000000,1.000000,2989059768155.000000,8644470.000000
804000,14,432217,0.600000,1.000000,0.772627,1.000000,0.000000,0,0.000000,803877.000000,1.000000,2989059768155.000000,8644470.000000
804000,15,432229,0.600000,1.000000,0.732370,1.000000,0.000000,1,720784.000000,804000.000000,1.000000,2989059768155.000000,8644470.000000
805000,0,432764,0.600000,1.000000,0.636186,1.000000,0.000000,0,0.000000,804954.000000,1.000000,2996519388869.000000,8655226.000000
805000,1,432762,0.600000,1.000000,0.561963,1.000000,0.000000,0,0.000000,804933.000000,1.000000,2996519388869.000000,8655226.000000
805000,2,432759,0.600000,1.000000,0.575775,1.000000,0.000000,0,0.000000,804604.000000,1.000000,2996519388869.000000,8655226.000000
805000,3,432764,0.600000,1.000000,0.665799,1.000000,0.000000,0,0.000000,804987.000000,1.000000,2996519388869.000000,8655226.000000
805000,4,432756,0.600000,1.000000,0.528666,1.000000,0.000000,0,0.000000,804905.000000,1.000000,2996519388869.000000,8655226.000000
805000,5,432762,0.600000,1.000000,0.705261,1.000000,0.000000,0,0.000000,804991.000000,1.000000,2996519388869.000000,8655226.000000
805000,6,432757,0.600000,1.000000,0.501031,1.000000,0.000000,0,0.000000,804963.000000,1.000000,2996519388869.000000,8655226.000000
805000,7,432766,0.600000,1.000000,0.562783,1.000000,0.000000,1,722217.000000,805000.000000,1.000000,2996519388869.000000,8655226.000000
805000,8,432766,0.600000,1.000000,0.691452,1.000000,0.000000,0,0.000000,804969.000000,1.000000,2996519388869.000000,8655226.000000
805000,9,432752,0.600000,1.000000,0.604544,1.000000,0.000000,0,0.000000,804902.000000,1.000000,2996519388869.000000,8655226.000000
805000,10,432761,0.600000,1.000000,0.596702,1.000000,0.000000,0,0.000000,804970.000000,1.000000,2996519388869.000000,8655226.000000
805000,11,432765,0.600000,1.000000,0.706260,1.000000,0.000000,0,0.000000,804996.000000,1.000000,2996519388869.000000,8655226.000000
805000,12,432762,0.600000,1.000000,0.605446,1.000000,0.000000,0,0.000000,804859.000000,1.000000,2996519388869.000000,8655226.000000
805000,13,432765,0.600000,1.000000,0.742250,1.000000,0.000000,0,0.000000,804997.000000,1.000000,2996519388869.000000,8655226.000000
805000,14,432756,0.600000,1.000000,0.660184,1.000000,0.000000,0,0.000000,804811.000000,1.000000,2996519388869.000000,8655226.000000
805000,15,432766,0.600000,1.000000,0.794064,1.000000,0.000000,0,0.000000,804999.000000,1.000000,2996519388869.000000,8655226.000000
806000,0,433293,0.600000,1.000000,0.527269,1.000000,0.000000,0,0.000000,805920.000000,1.000000,3003956242214.000000,5199560.000000
806000,1,433300,0.600000,1.000000,0.640017,1.000000,0.000000,0,0.000000,805989.000000,1.000000,3003956242214.000000,5199560.000000
806000,2,433301,0.600000,1.000000,0.749594,1.000000,0.000000,0,0.000000,805997.000000,1.000000,3003956242214.000000,5199560.000000
806000,3,433298,0.600000,1.000000,0.651497,1.000000,0.000000,0,0.000000,805972.000000,1.000000,3003956242214.000000,5199560.000000
806000,4,433300,0.600000,1.000000,0.651247,1.000000,0.000000,0,0.000000,805958.000000,1.000000,3003956242214.000000,5199560.000000
806000,5,433300,0.600000,1.000000,0.693757,1.000000,0.000000,0,0.000000,805993.000000,1.000000,3003956242214.000000,5199560.000000
806000,6,433300,0.600000,1.000000,0.658296,1.000000,0.000000,0,0.000000,805996.000000,1.000000,3003956242214.000000,5199560.000000
806000,7,433289,0.600000,1.000000,0.621888,1.000000,0.000000,0,0.000000,805791.000000,1.000000,3003956242214.000000,5199560.000000
806000,8,433296,0.600000,1.000000,0.701937,1.000000,0.000000,0,0.000000,805935.000000,1.000000,3003956242214.000000,5199560.000000
806000,9,433299,0.600000,1.000000,0.579309,1.000000,0.000000,0,0.000000,805946.000000,1.000000,3003956242214.000000,5199560.000000
806000,10,433300,0.600000,1.000000,0.613137,1.000000,0.000000,0,0.000000,805930.000000,1.000000,3003956242214.000000,5199560.000000
806000,11,433297,0.600000,1.000000,0.714538,1.000000,0.000000,0,0.000000,805942.000000,1.000000,3003956242214.000000,5199560.000000
806000,12,433299,0.600000,1.000000,0.668333,1.000000,0.000000,0,0.000000,805992.000000,1.000000,3003956242214.000000,5199560.000000
806000,13,433302,0.600000,1.000000,0.710671,1.000000,0.000000,1,722119.000000,806000.000000,1.000000,3003956242214.000000,5199560.000000
806000,14,433298,0.600000,1.000000,0.747171,1.000000,0.000000,0,0.000000,805911.000000,1.000000,3003956242214.000000,5199560.000000
806000,15,433298,0.600000,1.000000,0.578694,1.000000,0.000000,0,0.000000,805984.000000,1.000000,3003956242214.000000,5199560.000000
807000,0,433828,0.600000,1.000000,0.722940,1.000000,0.000000,0,0.000000,806936.000000,1.000000,3011362400039.000000,6941324.000000
807000,1,433833,0.600000,1.000000,0.615497,1.000000,0.000000,0,0.000000,806987.000000,1.000000,3011362400039.000000,6941324.000000
807000,2,433835,0.600000,1.000000,0.730855,1.000000,0.000000,0,0.000000,806993.000000,1.000000,3011362400039.000000,6941324.000000
807000,3,433827,0.600000,1.000000,0.726424,1.000000,0.000000,0,0.000000,806456.000000,1.000000,3011362400039.000000,6941324.000000
807000,4,433832,0.600000,1.000000,0.675537,1.000000,0.000000,0,0.000000,806996.000000,1.000000,3011362400039.000000,6941324.000000
807000,5,433835,0.600000,1.000000,0.677027,1.000000,0.000000,0,0.000000,806999.000000,1.000000,3011362400039.000000,6941324.000000
807000,6,433832,0.600000,1.000000,0.568675,1.000000,0.000000,0,0.000000,806902.000000,1.000000,3011362400039.000000,6941324.000000
807000,7,433832,0.600000,1.000000,0.632344,1.000000,0.000000,0,0.000000,806945.000000,1.000000,3011362400039.000000,6941324.000000
807000,8,433833,0.600000,1.000000,0.589107,1.000000,0.000000,0,0.000000,806988.000000,1.000000,3011362400039.000000,6941324.000000
807000,9,433831,0.600000,1.000000,0.780665,1.000000,0.000000,0,0.000000,806994.000000,1.000000,3011362400039.000000,6941324.000000
807000,10,433835,0.600000,1.000000,0.692773,1.000000,0.000000,1,723365.000000,807000.000000,1.000000,3011362400039.000000,6941324.000000
807000,11,433833,0.600000,1.000000,0.741778,1.000000,0.000000,0,0.000000,806940.000000,1.000000,3011362400039.000000,6941324.000000
807000,12,433833,0.600000,1.000000,0.714647,1.000000,0.000000,0,0.000000,806981.000000,1.000000,3011362400039.000000,6941324.000000
807000,13,433826,0.600000,1.000000,0.478077,1.000000,0.000000,0,0.000000,806948.000000,1.000000,3011362400039.000000,6941324.000000
807000,14,433835,0.600000,1.000000,0.593262,1.000000,0.000000,0,0.000000,806998.000000,1.000000,3011362400039.000000,6941324.000000
807000,15,433831,0.600000,1.000000,0.689856,1.000000,0.000000,0,0.000000,806997.000000,1.000000,3011362400039.000000,6941324.000000
808000,0,434382,0.600000,1.000000,0.641484,1.000000,0.000000,0,0.000000,807999.000000,1.000000,3018955769273.000000,7818839.000000
808000,1,434379,0.600000,1.000000,0.730814,1.000000,0.000000,0,0.000000,807794.000000,1.000000,3018955769273.000000,7818839.000000
808000,2,434381,0.600000,1.000000,0.554549,1.000000,0.000000,0,0.000000,807905.000000,1.000000,3018955769273.000000,7818839.000000
808000,3,434371,0.600000,1.000000,0.517133,1.000000,0.000000,0,0.000000,807751.000000,1.000000,3018955769273.000000,7818839.000000
808000,4,434382,0.600000,1.000000,0.657620,1.000000,0.000000,0,0.000000,807979.000000,1.000000,3018955769273.000000,7818839.000000
808000,5,434383,0.600000,1.000000,0.631155,1.000000,0.000000,1,724037.000000,808000.000000,1.000000,3018955769273.000000,7818839.000000
808000,6,434376,0.600000,1.000000,0.573982,1.000000,0.000000,0,0.000000,807960.000000,1.000000,3018955769273.000000,7818839.000000
808000,7,434382,0.600000,1.000000,0.701088,1.000000,0.000000,0,0.000000,807992.000000,1.000000,3018955769273.000000,7818839.000000
808000,8,434383,0.600000,1.000000,0.653819,1.000000,0.000000,0,0.000000,807998.000000,1.000000,3018955769273.000000,7818839.000000
808000,9,434379,0.600000,1.000000,0.640320,1.000000,0.000000,0,0.000000,807963.000000,1.000000,3018955769273.000000,7818839.000000
808000,10,434381,0.600000,1.000000,0.555970,1.000000,0.000000,0,0.000000,807909.000000,1.000000,3018955769273.000000,7818839.000000
808000,11,434374,0.600000,1.000000,0.623100,1.000000,0.000000,0,0.000000,807961.000000,1.000000,3018955769273.000000,7818839.000000
808000,12,434370,0.600000,1.000000,0.663768,1.000000,0.000000,0,0.000000,807595.000000,1.000000,3018955769273.000000,7818839.000000
808000,13,434371,0.600000,1.000000,0.576258,1.000000,0.000000,0,0.000000,807312.000000,1.000000,3018955769273.000000,7818839.000000
808000,14,434381,0.600000,1.000000,0.707550,1.000000,0.000000,0,0.000000,807923.000000,1.000000,3018955769273.000000,7818839.000000
808000,15,434382,0.600000,1.000000,0.695622,1.000000,0.000000,0,0.000000,807996.000000,1.000000,3018955769273.000000,7818839.000000
809000,0,434923,0.600000,1.000000,0.804273,1.000000,0.000000,0,0.000000,808995.000000,1.000000,3026473455117.000000,4349197.000000
809000,1,434918,0.600000,1.000000,0.641618,1.000000,0.000000,0,0.000000,808925.000000,1.000000,3026473455117.000000,4349197.000000
809000,2,434923,0.600000,1.000000,0.806593,1.000000,0.000000,1,724315.000000,809000.000000,1.000000,3026473455117.000000,4349197.000000
809000,3,434922,0.600000,1.000000,0.721294,1.000000,0.000000,0,0.000000,808946.000000,1.000000,3026473455117.000000,4349197.000000
809000,4,434917,0.600000,1.000000,0.609499,1.000000,0.000000,0,0.000000,808959.000000,1.000000,3026473455117.000000,4349197.000000
809000,5,434919,0.600000,1.000000,0.575937,1.000000,0.000000,0,0.000000,808935.000000,1.000000,3026473455117.000000,4349197.000000
809000,6,434917,0.600000,1.000000,0.623039,1.000000,0.000000,0,0.000000,808957.000000,1.000000,3026473455117.000000,4349197.000000
809000,7,434921,0.600000,1.000000,0.592371,1.000000,0.000000,0,0.000000,808963.000000,1.000000,3026473455117.000000,4349197.000000
809000,8,434911,0.600000,1.000000,0.602281,1.000000,0.000000,0,0.000000,808766.000000,1.000000,3026473455117.000000,4349197.000000
809000,9,434919,0.600000,1.000000,0.669134,1.000000,0.000000,0,0.000000,808962.000000,1.000000,3026473455117.000000,4349197.000000
809000,10,434920,0.600000,1.000000,0.757450,1.000000,0.000000,0,0.000000,808992.000000,1.000000,3026473455117.000000,4349197.000000
809000,11,434907,0.600000,1.000000,0.629008,1.000000,0.000000,0,0.000000,808882.000000,1.000000,3026473455117.000000,4349197.000000
809000,12,434921,0.600000,1.000000,0.698385,1.000000,0.000000,0,0.000000,808982.000000,1.000000,3026473455117.000000,4349197.000000
809000,13,434923,0.600000,1.000000,0.870642,1.000000,0.000000,0,0.000000,808999.000000,1.000000,3026473455117.000000,4349197.000000
809000,14,434923,0.600000,1.000000,0.740166,1.000000,0.000000,0,0.000000,808990.000000,1.000000,3026473455117.000000,4349197.000000
809000,15,434921,0.600000,1.000000,0.730105,1.000000,0.000000,0,0.000000,808979.000000,1.000000,3026473455117.000000,4349197.000000
810000,0,435461,0.600000,1.000000,0.643389,1.000000,0.000000,0,0.000000,809980.000000,1.000000,3034009198453.000000,5225520.000000
810000,1,435461,0.600000,1.000000,0.648784,1.000000,0.000000,0,0.000000,809997.000000,1.000000,3034009198453.000000,5225520.000000
810000,2,435460,0.600000,1.000000,0.671741,1.000000,0.000000,0,0.000000,809957.000000,1.000000,3034009198453.000000,5225520.000000
810000,3,435457,0.600000,1.000000,0.655495,1.000000,0.000000,0,0.000000,809902.000000,1.000000,3034009198453.000000,5225520.000000
810000,4,435458,0.600000,1.000000,0.665307,1.000000,0.000000,0,0.000000,809970.000000,1.000000,3034009198453.000000,5225520.000000
810000,5,435463,0.600000,1.000000,0.641718,1.000000,0.000000,0,0.000000,809995.000000,1.000000,3034009198453.000000,5225520.000000
810000,6,435461,0.600000,1.000000,0.637549,1.000000,0.000000,0,0.000000,809968.000000,1.000000,3034009198453.000000,5225520.000000
810000,7,435461,0.600000,1.000000,0.718690,1.000000,0.000000,0,0.000000,809996.000000,1.000000,3034009198453.000000,5225520.000000
810000,8,435462,0.600000,1.000000,0.594937,1.000000,0.000000,0,0.000000,809901.000000,1.000000,3034009198453.000000,5225520.000000
810000,9,435457,0.600000,1.000000,0.592493,1.000000,0.000000,0,0.000000,809905.000000,1.000000,3034009198453.000000,5225520.000000
810000,10,435461,0.600000,1.000000,0.637937,1.000000,0.000000,0,0.000000,809994.000000,1.000000,3034009198453.000000,5225520.000000
810000,11,435462,0.600000,1.000000,0.778458,1.000000,0.000000,1,726175.000000,810000.000000,1.000000,3034009198453.000000,5225520.000000
810000,12,435454,0.600000,1.000000,0.618405,1.000000,0.000000,0,0.000000,809944.000000,1.000000,3034009198453.000000,5225520.000000
810000,13,435460,0.600000,1.000000,0.707872,1.000000,0.000000,0,0.000000,809939.000000,1.000000,3034009198453.000000,5225520.000000
810000,14,435462,0.600000,1.000000,0.688693,1.000000,0.000000,0,0.000000,809929.000000,1.000000,3034009198453.000000,5225520.000000
810000,15,435463,0.600000,1.000000,0.591026,1.000000,0.000000,0,0.000000,809998.000000,1.000000,3034009198453.000000,5225520.000000
811000,0,435990,0.600000,1.000000,0.723602,1.000000,0.000000,0,0.000000,810998.000000,1.000000,3041330212056.000000,6975762.000000
811000,1,435990,0.600000,1.000000,0.664892,1.000000,0.000000,0,0.000000,810999.000000,1.000000,3041330212056.000000,6975762.000000
811000,2,435986,0.600000,1.000000,0.626527,1.000000,0.000000,0,0.000000,810992.000000,1.000000,3041330212056.000000,6975762.000000
811000,3,435973,0.600000,1.000000,0.744788,1.000000,0.000000,0,0.000000,810646.000000,1.000000,3041330212056.000000,6975762.000000
811000,4,435989,0.600000,1.000000,0.572612,1.000000,0.000000,0,0.000000,810990.000000,1.000000,3041330212056.000000,6975762.000000
811000,5,435990,0.600000,1.000000,0.702382,1.000000,0.000000,1,726696.000000,811000.000000,1.000000,3041330212056.000000,6975762.000000
811000,6,435972,0.600000,1.000000,0.547494,1.000000,0.000000,0,0.000000,810878.000000,1.000000,3041330212056.000000,6975762.000000
811000,7,435989,0.600000,1.000000,0.723418,1.000000,0.000000,0,0.000000,810994.000000,1.000000,3041330212056.000000,6975762.000000
811000,8,435983,0.600000,1.000000,0.546836,1.000000,0.000000,0,0.000000,810627.000000,1.000000,3041330212056.000000,6975762.000000
811000,9,435990,0.600000,1.000000,0.580834,1.000000,0.000000,0,0.000000,810979.000000,1.000000,3041330212056.000000,6975762.000000
811000,10,435985,0.600000,1.000000,0.666791,1.000000,0.000000,0,0.000000,810988.000000,1.000000,3041330212056.000000,6975762.000000
811000,11,435976,0.600000,1.000000,0.543367,1.000000,0.000000,0,0.000000,810820.000000,1.000000,3041330212056.000000,6975762.000000
811000,12,435991,0.600000,1.000000,0.671096,1.000000,0.000000,0,0.000000,810982.000000,1.000000,3041330212056.000000,6975762.000000
811000,13,435986,0.600000,1.000000,0.734110,1.000000,0.000000,0,0.000000,810814.000000,1.000000,3041330212056.000000,6975762.000000
811000,14,435987,0.600000,1.000000,0.684324,1.000000,0.000000,0,0.000000,810991.000000,1.000000,3041330212056.000000,6975762.000000
811000,15,435987,0.600000,1.000000,0.728489,1.000000,0.000000,0,0.000000,810987.000000,1.000000,3041330212056.000000,6975762.000000
812000,0,436535,0.600000,1.000000,0.664626,1.000000,0.000000,0,0.000000,811939.000000,1.000000,3048956881077.000000,7857579.000000
812000,1,436528,0.600000,1.000000,0.779233,1.000000,0.000000,0,0.000000,811871.000000,1.000000,3048956881077.000000,7857579.000000
812000,2,436526,0.600000,1.000000,0.570088,1.000000,0.000000,0,0.000000,811944.000000,1.000000,3048956881077.000000,7857579.000000
812000,3,436530,0.600000,1.000000,0.555862,1.000000,0.000000,0,0.000000,811963.000000,1.000000,3048956881077.000000,7857579.000000
812000,4,436533,0.600000,1.000000,0.603357,1.000000,0.000000,0,0.000000,811988.000000,1.000000,3048956881077.000000,7857579.000000
812000,5,436534,0.600000,1.000000,0.773522,1.000000,0.000000,0,0.000000,811997.000000,1.000000,3048956881077.000000,7857579.000000
812000,6,436535,0.600000,1.000000,0.654529,1.000000,0.000000,1,727867.000000,812000.000000,1.000000,3048956881077.000000,7857579.000000
812000,7,436532,0.600000,1.000000,0.560404,1.000000,0.000000,0,0.000000,811971.000000,1.000000,3048956881077.000000,7857579.000000
812000,8,436530,0.600000,1.000000,0.590080,1.000000,0.000000,0,0.000000,811975.000000,1.000000,3048956881077.000000,7857579.000000
812000,9,436535,0.600000,1.000000,0.738893,1.000000,0.000000,0,0.000000,811999.000000,1.000000,3048956881077.000000,7857579.000000
812000,10,436532,0.600000,1.000000,0.623774,1.000000,0.000000,0,0.000000,811985.000000,1.000000,3048956881077.000000,7857579.000000
812000,11,436532,0.600000,1.000000,0.598619,1.000000,0.000000,0,0.000000,811941.000000,1.000000,3048956881077.000000,7857579.000000
812000,12,436526,0.600000,1.000000,0.568772,1.000000,0.000000,0,0.000000,811983.000000,1.000000,3048956881077.000000,7857579.000000
812000,13,436535,0.600000,1.000000,0.740642,1.000000,0.000000,0,0.000000,811998.000000,1.000000,3048956881077.000000,7857579.000000
812000,14,436530,0.600000,1.000000,0.517994,1.000000,0.000000,0,0.000000,811976.000000,1.000000,3048956881077.000000,7857579.000000
812000,15,436532,0.600000,1.000000,0.612917,1.000000,0.000000,0,0.000000,811803.000000,1.000000,3048956881077.000000,7857579.000000
813000,0,437069,0.600000,1.000000,0.625065,1.000000,0.000000,0,0.000000,812871.000000,1.000000,3056453237848.000000,6993052.000000
813000,1,437067,0.600000,1.000000,0.762027,1.000000,0.000000,0,0.000000,812956.000000,1.000000,3056453237848.000000,6993052.000000
813000,2,437070,0.600000,1.000000,0.686751,1.000000,0.000000,0,0.000000,812996.000000,1.000000,3056453237848.000000,6993052.000000
813000,3,437071,0.600000,1.000000,0.804865,1.000000,0.000000,0,0.000000,812999.000000,1.000000,3056453237848.000000,6993052.000000
813000,4,437067,0.600000,1.000000,0.628485,1.000000,0.000000,0,0.000000,812947.000000,1.000000,3056453237848.000000,6993052.000000
813000,5,437069,0.600000,1.000000,0.705854,1.000000,0.000000,0,0.000000,812994.000000,1.000000,3056453237848.000000,6993052.000000
813000,6,437069,0.600000,1.000000,0.568218,1.000000,0.000000,0,0.000000,812891.000000,1.000000,3056453237848.000000,6993052.000000
813000,7,437065,0.600000,1.000000,0.639335,1.000000,0.000000,0,0.000000,812882.000000,1.000000,3056453237848.000000,6993052.000000
813000,8,437072,0.600000,1.000000,0.634042,1.000000,0.000000,0,0.000000,812998.000000,1.000000,3056453237848.000000,6993052.000000
813000,9,437062,0.600000,1.000000,0.597089,1.000000,0.000000,0,0.000000,812772.000000,1.000000,3056453237848.000000,6993052.000000
813000,10,437065,0.600000,1.000000,0.584997,1.000000,0.000000,0,0.000000,812641.000000,1.000000,3056453237848.000000,6993052.000000
813000,11,437069,0.600000,1.000000,0.711158,1.000000,0.000000,0,0.000000,812995.000000,1.000000,3056453237848.000000,6993052.000000
813000,12,437071,0.600000,1.000000,0.622762,1.000000,0.000000,0,0.000000,812984.000000,1.000000,3056453237848.000000,6993052.000000
813000,13,437066,0.600000,1.000000,0.656981,1.000000,0.000000,0,0.000000,812827.000000,1.000000,3056453237848.000000,6993052.000000
813000,14,437071,0.600000,1.000000,0.643661,1.000000,0.000000,1,728713.000000,813000.000000,1.000000,3056453237848.000000,6993052.000000
813000,15,437063,0.600000,1.000000,0.591496,1.000000,0.000000,0,0.000000,812949.000000,1.000000,3056453237848.000000,6993052.000000
814000,0,437604,0.600000,1.000000,0.602197,1.000000,0.000000,0,0.000000,813984.000000,1.000000,3063950046939.000000,6126481.000000
814000,1,437599,0.600000,1.000000,0.634169,1.000000,0.000000,0,0.000000,813797.000000,1.000000,3063950046939.000000,6126481.000000
814000,2,437608,0.600000,1.000000,0.764616,1.000000,0.000000,0,0.000000,813953.000000,1.000000,3063950046939.000000,6126481.000000
814000,3,437609,0.600000,1.000000,0.646942,1.000000,0.000000,0,0.000000,813977.000000,1.000000,3063950046939.000000,6126481.000000
814000,4,437603,0.600000,1.000000,0.565173,1.000000,0.000000,0,0.000000,813967.000000,1.000000,3063950046939.000000,6126481.000000
814000,5,437607,0.600000,1.000000,0.706195,1.000000,0.000000,0,0.000000,813982.000000,1.000000,3063950046939.000000,6126481.000000
814000,6,437600,0.600000,1.000000,0.545668,1.000000,0.000000,0,0.000000,813942.000000,1.000000,3063950046939.000000,6126481.000000
814000,7,437603,0.600000,1.000000,0.731438,1.000000,0.000000,0,0.000000,813979.000000,1.000000,3063950046939.000000,6126481.000000
814000,8,437606,0.600000,1.000000,0.666541,1.000000,0.000000,0,0.000000,813990.000000,1.000000,3063950046939.000000,6126481.000000
814000,9,437606,0.600000,1.000000,0.804582,1.000000,0.000000,0,0.000000,813999.000000,1.000000,3063950046939.000000,6126481.000000
814000,10,437601,0.600000,1.000000,0.579940,1.000000,0.000000,0,0.000000,813903.000000,1.000000,3063950046939.000000,6126481.000000
814000,11,437606,0.600000,1.000000,0.774832,1.000000,0.000000,0,0.000000,813995.000000,1.000000,3063950046939.000000,6126481.000000
814000,12,437608,0.600000,1.000000,0.798839,1.000000,0.000000,1,728849.000000,814000.000000,1.000000,3063950046939.000000,6126481.000000
814000,13,437608,0.600000,1.000000,0.707725,1.000000,0.000000,0,0.000000,813994.000000,1.000000,3063950046939.000000,6126481.000000
814000,14,437597,0.600000,1.000000,0.607661,1.000000,0.000000,0,0.000000,813617.000000,1.000000,3063950046939.000000,6126481.000000
814000,15,437592,0.600000,1.000000,0.494691,1.000000,0.000000,0,0.000000,813876.000000,1.000000,3063950046939.000000,6126481.000000
815000,0,438118,0.600000,1.000000,0.616700,1.000000,0.000000,0,0.000000,814677.000000,1.000000,3071304444101.000000,7886299.000000
815000,1,438127,0.600000,1.000000,0.642003,1.000000,0.000000,0,0.000000,814915.000000,1.000000,3071304444101.000000,7886299.000000
815000,2,438130,0.600000,1.000000,0.629798,1.000000,0.000000,0,0.000000,814996.000000,1.000000,3071304444101.000000,7886299.000000
815000,3,438128,0.600000,1.000000,0.691148,1.000000,0.000000,0,0.000000,814979.000000,1.000000,3071304444101.000000,7886299.000000
815000,4,438127,0.600000,1.000000,0.651188,1.000000,0.000000,0,0.000000,814990.000000,1.000000,3071304444101.000000,7886299.000000
815000,5,438128,0.600000,1.000000,0.581462,1.000000,0.000000,0,0.000000,814953.000000,1.000000,3071304444101.000000,7886299.000000
815000,6,438131,0.600000,1.000000,0.715467,1.000000,0.000000,0,0.000000,814997.000000,1.000000,3071304444101.000000,7886299.000000
815000,7,438129,0.600000,1.000000,0.604953,1.000000,0.000000,0,0.000000,814914.000000,1.000000,3071304444101.000000,7886299.000000
815000,8,438127,0.600000,1.000000,0.654169,1.000000,0.000000,0,0.000000,814989.000000,1.000000,3071304444101.000000,7886299.000000
815000,9,438130,0.600000,1.000000,0.666843,1.000000,0.000000,0,0.000000,814976.000000,1.000000,3071304444101.000000,7886299.000000
815000,10,438131,0.600000,1.000000,0.714602,1.000000,0.000000,1,730609.000000,815000.000000,1.000000,3071304444101.000000,7886299.000000
815000,11,438131,0.600000,1.000000,0.670331,1.000000,0.000000,0,0.000000,814892.000000,1.000000,3071304444101.000000,7886299.000000
815000,12,438128,0.600000,1.000000,0.689508,1.000000,0.000000,0,0.000000,814994.000000,1.000000,3071304444101.000000,7886299.000000
815000,13,438127,0.600000,1.000000,0.658784,1.000000,0.000000,0,0.000000,814992.000000,1.000000,3071304444101.000000,7886299.000000
815000,14,438132,0.600000,1.000000,0.694268,1.000000,0.000000,0,0.000000,814999.000000,1.000000,3071304444101.000000,7886299.000000
815000,15,438131,0.600000,1.000000,0.475641,1.000000,0.000000,0,0.000000,814947.000000,1.000000,3071304444101.000000,7886299.000000
816000,0,438680,0.600000,1.000000,0.650355,1.000000,0.000000,0,0.000000,815955.000000,1.000000,3079030873315.000000,6141527.000000
816000,1,438669,0.600000,1.000000,0.863399,1.000000,0.000000,0,0.000000,815608.000000,1.000000,3079030873315.000000,6141527.000000
816000,2,438664,0.600000,1.000000,0.509939,1.000000,0.000000,0,0.000000,815775.000000,1.000000,3079030873315.000000,6141527.000000
816000,3,438684,0.600000,1.000000,0.716779,1.000000,0.000000,0,0.000000,815993.000000,1.000000,3079030873315.000000,6141527.000000
816000,4,438684,0.600000,1.000000,0.656442,1.000000,0.000000,0,0.000000,815982.000000,1.000000,3079030873315.000000,6141527.000000
816000,5,438684,0.600000,1.000000,0.686972,1.000000,0.000000,1,731178.000000,816000.000000,1.000000,3079030873315.000000,6141527.000000
816000,6,438679,0.600000,1.000000,0.631739,1.000000,0.000000,0,0.000000,815968.000000,1.000000,3079030873315.000000,6141527.000000
816000,7,438683,0.600000,1.000000,0.761193,1.000000,0.000000,0,0.000000,815987.000000,1.000000,3079030873315.000000,6141527.000000
816000,8,438669,0.600000,1.000000,0.521619,1.000000,0.000000,0,0.000000,815780.000000,1.000000,3079030873315.000000,6141527.000000
816000,9,438682,0.600000,1.000000,0.766871,1.000000,0.000000,0,0.000000,815997.000000,1.000000,3079030873315.000000,6141527.000000
816000,10,438679,0.600000,1.000000,0.651605,1.000000,0.000000,0,0.000000,815803.000000,1.000000,3079030873315.000000,6141527.000000
816000,11,438680,0.600000,1.000000,0.646596,1.000000,0.000000,0,0.000000,815937.000000,1.000000,3079030873315.000000,6141527.000000
816000,12,438684,0.600000,1.000000,0.749378,1.000000,0.000000,0,0.000000,815999.000000,1.000000,3079030873315.000000,6141527.000000
816000,13,438680,0.600000,1.000000,0.586433,1.000000,0.000000,0,0.000000,815856.000000,1.000000,3079030873315.000000,6141527.000000
816000,14,438683,0.600000,1.000000,0.642499,1.000000,0.000000,0,0.000000,815866.000000,1.000000,3079030873315.000000,6141527.000000
816000,15,438683,0.600000,1.000000,0.697266,1.000000,0.000000,0,0.000000,815978.000000,1.000000,3079030873315.000000,6141527.000000
817000,0,439209,0.600000,1.000000,0.584790,1.000000,0.000000,0,0.000000,816878.000000,1.000000,3086534220542.000000,10541126.000000
817000,1,439210,0.600000,1.000000,0.586784,1.000000,0.000000,0,0.000000,816967.000000,1.000000,3086534220542.000000,10541126.000000
817000,2,439215,0.600000,1.000000,0.587727,1.000000,0.000000,0,0.000000,816996.000000,1.000000,3086534220542.000000,10541126.000000
817000,3,439210,0.600000,1.000000,0.643931,1.000000,0.000000,0,0.000000,816755.000000,1.000000,3086534220542.000000,10541126.000000
817000,4,439217,0.600000,1.000000,0.700725,1.000000,0.000000,0,0.000000,816998.000000,1.000000,3086534220542.000000,10541126.000000
817000,5,439214,0.600000,1.000000,0.633712,1.000000,0.000000,0,0.000000,816992.000000,1.000000,3086534220542.000000,10541126.000000
817000,6,439214,0.600000,1.000000,0.609375,1.000000,0.000000,0,0.000000,816896.000000,1.000000,3086534220542.000000,10541126.000000
817000,7,439214,0.600000,1.000000,0.607416,1.000000,0.000000,0,0.000000,816787.000000,1.000000,3086534220542.000000,10541126.000000
817000,8,439215,0.600000,1.000000,0.709692,1.000000,0.000000,0,0.000000,816942.000000,1.000000,3086534220542.000000,10541126.000000
817000,9,439216,0.600000,1.000000,0.729727,1.000000,0.000000,0,0.000000,816984.000000,1.000000,3086534220542.000000,10541126.000000
817000,10,439214,0.600000,1.000000,0.707741,1.000000,0.000000,0,0.000000,816963.000000,1.000000,3086534220542.000000,10541126.000000
817000,11,439212,0.600000,1.000000,0.711192,1.000000,0.000000,0,0.000000,816971.000000,1.000000,3086534220542.000000,10541126.000000
817000,12,439216,0.600000,1.000000,0.760935,1.000000,0.000000,1,731409.000000,817000.000000,1.000000,3086534220542.000000,10541126.000000
817000,13,439213,0.600000,1.000000,0.696709,1.000000,0.000000,0,0.000000,816985.000000,1.000000,3086534220542.000000,10541126.000000
817000,14,439213,0.600000,1.000000,0.644683,1.000000,0.000000,0,0.000000,816503.000000,1.000000,3086534220542.000000,10541126.000000
817000,15,439212,0.600000,1.000000,0.614379,1.000000,0.000000,0,0.000000,816980.000000,1.000000,3086534220542.000000,10541126.000000
818000,0,439759,0.600000,1.000000,0.689065,1.000000,0.000000,1,732330.000000,818000.000000,1.000000,3094144324860.000000,7036054.000000
818000,1,439759,0.600000,1.000000,0.643478,1.000000,0.000000,0,0.000000,817973.000000,1.000000,3094144324860.000000,7036054.000000
818000,2,439757,0.600000,1.000000,0.566303,1.000000,0.000000,0,0.000000,817991.000000,1.000000,3094144324860.000000,7036054.000000
818000,3,439758,0.600000,1.000000,0.684417,1.000000,0.000000,0,0.000000,817992.000000,1.000000,3094144324860.000000,7036054.000000
818000,4,439757,0.600000,1.000000,0.748115,1.000000,0.000000,0,0.000000,817938.000000,1.000000,3094144324860.000000,7036054.000000
818000,5,439754,0.600000,1.000000,0.583177,1.000000,0.000000,0,0.000000,817986.000000,1.000000,3094144324860.000000,7036054.000000
818000,6,439757,0.600000,1.000000,0.683699,1.000000,0.000000,0,0.000000,817843.000000,1.000000,3094144324860.000000,7036054.000000
818000,7,439756,0.600000,1.000000,0.704206,1.000000,0.000000,0,0.000000,817965.000000,1.000000,3094144324860.000000,7036054.000000
818000,8,439757,0.600000,1.000000,0.665385,1.000000,0.000000,0,0.000000,817993.000000,1.000000,3094144324860.000000,7036054.000000
818000,9,439755,0.600000,1.000000,0.691223,1.000000,0.000000,0,0.000000,817983.000000,1.000000,3094144324860.000000,7036054.000000
818000,10,439755,0.600000,1.000000,0.715735,1.000000,0.000000,0,0.000000,817869.000000,1.000000,3094144324860.000000,7036054.000000
818000,11,439741,0.600000,1.000000,0.542397,1.000000,0.000000,0,0.000000,817396.000000,1.000000,3094144324860.000000,7036054.000000
818000,12,439757,0.600000,1.000000,0.697840,1.000000,0.000000,0,0.000000,817899.000000,1.000000,3094144324860.000000,7036054.000000
818000,13,439759,0.600000,1.000000,0.749371,1.000000,0.000000,0,0.000000,817999.000000,1.000000,3094144324860.000000,7036054.000000
818000,14,439739,0.600000,1.000000,0.564642,1.000000,0.000000,0,0.000000,817454.000000,1.000000,3094144324860.000000,7036054.000000
818000,15,439752,0.600000,1.000000,0.724477,1.000000,0.000000,0,0.000000,817980.000000,1.000000,3094144324860.000000,7036054.000000
819000,0,440293,0.600000,1.000000,0.771661,1.000000,0.000000,0,0.000000,818999.000000,1.000000,3101660770285.000000,4402889.000000
819000,1,440294,0.600000,1.000000,0.657157,1.000000,0.000000,0,0.000000,818984.000000,1.000000,3101660770285.000000,4402889.000000
819000,2,440281,0.600000,1.000000,0.595740,1.000000,0.000000,0,0.000000,818838.000000,1.000000,3101660770285.000000,4402889.000000
819000,3,440284,0.600000,1.000000,0.707910,1.000000,0.000000,0,0.000000,818865.000000,1.000000,3101660770285.000000,4402889.000000
819000,4,440289,0.600000,1.000000,0.567942,1.000000,0.000000,0,0.000000,818920.000000,1.000000,3101660770285.000000,4402889.000000
819000,5,440293,0.600000,1.000000,0.774821,1.000000,0.000000,0,0.000000,818998.000000,1.000000,3101660770285.000000,4402889.000000
819000,6,440290,0.600000,1.000000,0.696512,1.000000,0.000000,0,0.000000,818975.000000,1.000000,3101660770285.000000,4402889.000000
819000,7,440293,0.600000,1.000000,0.766703,1.000000,0.000000,1,734651.000000,819000.000000,1.000000,3101660770285.000000,4402889.000000
819000,8,440284,0.600000,1.000000,0.637591,1.000000,0.000000,0,0.000000,818931.000000,1.000000,3101660770285.000000,4402889.000000
819000,9,440293,0.600000,1.000000,0.843709,1.000000,0.000000,0,0.000000,818997.000000,1.000000,3101660770285.000000,4402889.000000
819000,10,440280,0.600000,1.000000,0.653850,1.000000,0.000000,0,0.000000,818916.000000,1.000000,3101660770285.000000,4402889.000000
819000,11,440288,0.600000,1.000000,0.645657,1.000000,0.000000,0,0.000000,818947.000000,1.000000,3101660770285.000000,4402889.000000
819000,12,440289,0.600000,1.000000,0.632688,1.000000,0.000000,0,0.000000,818956.000000,1.000000,3101660770285.000000,4402889.000000
819000,13,440285,0.600000,1.000000,0.618826,1.000000,0.000000,0,0.000000,818883.000000,1.000000,3101660770285.000000,4402889.000000
819000,14,440290,0.600000,1.000000,0.521431,1.000000,0.000000,0,0.000000,818909.000000,1.000000,3101660770285.000000,4402889.000000
819000,15,440287,0.600000,1.000000,0.712318,1.000000,0.000000,0,0.000000,818987.000000,1.000000,3101660770285.000000,4402889.000000
820000,0,440824,0.600000,1.000000,0.622671,1.000000,0.000000,0,0.000000,819984.000000,1.000000,3109180163331.000000,12343032.000000
820000,1,440825,0.600000,1.000000,0.725315,1.000000,0.000000,0,0.000000,819803.000000,1.000000,3109180163331.000000,12343032.000000
820000,2,440820,0.600000,1.000000,0.731674,1.000000,0.000000,0,0.000000,819860.000000,1.000000,3109180163331.000000,12343032.000000
820000,3,440825,0.600000,1.000000,0.708482,1.000000,0.000000,1,735267.000000,820000.000000,1.000000,3109180163331.000000,12343032.000000
820000,4,440826,0.600000,1.000000,0.670316,1.000000,0.000000,0,0.000000,819991.000000,1.000000,3109180163331.000000,12343032.000000
820000,5,440824,0.600000,1.000000,0.648793,1.000000,0.000000,0,0.000000,819976.000000,1.000000,3109180163331.000000,12343032.000000
820000,6,440810,0.600000,1.000000,0.692928,1.000000,0.000000,0,0.000000,819817.000000,1.000000,3109180163331.000000,12343032.000000
820000,7,440821,0.600000,1.000000,0.664698,1.000000,0.000000,0,0.000000,819966.000000,1.000000,3109180163331.000000,12343032.000000
820000,8,440825,0.600000,1.000000,0.844321,1.000000,0.000000,0,0.000000,819997.000000,1.000000,3109180163331.000000,12343032.000000
820000,9,440822,0.600000,1.000000,0.620080,1.000000,0.000000,0,0.000000,819950.000000,1.000000,3109180163331.000000,12343032.000000
820000,10,440824,0.600000,1.000000,0.545225,1.000000,0.000000,0,0.000000,819960.000000,1.000000,3109180163331.000000,12343032.000000
820000,11,440826,0.600000,1.000000,0.647694,1.000000,0.000000,0,0.000000,819999.000000,1.000000,3109180163331.000000,12343032.000000
820000,12,440825,0.600000,1.000000,0.555804,1.000000,0.000000,0,0.000000,819952.000000,1.000000,3109180163331.000000,12343032.000000
820000,13,440821,0.600000,1.000000,0.479055,1.000000,0.000000,0,0.000000,819969.000000,1.000000,3109180163331.000000,12343032.000000
820000,14,440826,0.600000,1.000000,0.578415,1.000000,0.000000,0,0.000000,819989.000000,1.000000,3109180163331.000000,12343032.000000
820000,15,440803,0.600000,1.000000,0.684384,1.000000,0.000000,0,0.000000,819665.000000,1.000000,3109180163331.000000,12343032.000000
821000,0,441369,0.600000,1.000000,0.766756,1.000000,0.000000,0,0.000000,820997.000000,1.000000,3116848129093.000000,8827262.000000
821000,1,441365,0.600000,1.000000,0.633611,1.000000,0.000000,0,0.000000,820976.000000,1.000000,3116848129093.000000,8827262.000000
821000,2,441372,0.600000,1.000000,0.833947,1.000000,0.000000,1,735248.000000,821000.000000,1.000000,3116848129093.000000,8827262.000000
821000,3,441355,0.600000,1.000000,0.617096,1.000000,0.000000,0,0.000000,820530.000000,1.000000,3116848129093.000000,8827262.000000
821000,4,441360,0.600000,1.000000,0.622531,1.000000,0.000000,0,0.000000,820872.000000,1.000000,3116848129093.000000,8827262.000000
821000,5,441366,0.600000,1.000000,0.614254,1.000000,0.000000,0,0.000000,820973.000000,1.000000,3116848129093.000000,8827262.000000
821000,6,441366,0.600000,1.000000,0.763912,1.000000,0.000000,0,0.000000,820885.000000,1.000000,3116848129093.000000,8827262.000000
821000,7,441362,0.600000,1.000000,0.619360,1.000000,0.000000,0,0.000000,820895.000000,1.000000,3116848129093.000000,8827262.000000
821000,8,441365,0.600000,1.000000,0.738157,1.000000,0.000000,0,0.000000,820994.000000,1.000000,3116848129093.000000,8827262.000000
821000,9,441368,0.600000,1.000000,0.639179,1.000000,0.000000,0,0.000000,820974.000000,1.000000,3116848129093.000000,8827262.000000
821000,10,441367,0.600000,1.000000,0.750447,1.000000,0.000000,0,0.000000,820454.000000,1.000000,3116848129093.000000,8827262.000000
821000,11,441365,0.600000,1.000000,0.708166,1.000000,0.000000,0,0.000000,820991.000000,1.000000,3116848129093.000000,8827262.000000
821000,12,441364,0.600000,1.000000,0.592010,1.000000,0.000000,0,0.000000,820978.000000,1.000000,3116848129093.000000,8827262.000000
821000,13,441363,0.600000,1.000000,0.644253,1.000000,0.000000,0,0.000000,820975.000000,1.000000,3116848129093.000000,8827262.000000
821000,14,441365,0.600000,1.000000,0.584313,1.000000,0.000000,0,0.000000,820990.000000,1.000000,3116848129093.000000,8827262.000000
821000,15,441367,0.600000,1.000000,0.650278,1.000000,0.000000,0,0.000000,820995.000000,1.000000,3116848129093.000000,8827262.000000
822000,0,441901,0.600000,1.000000,0.659225,1.000000,0.000000,0,0.000000,821980.000000,1.000000,3124450415106.000000,9721877.000000
822000,1,441898,0.600000,1.000000,0.703790,1.000000,0.000000,0,0.000000,821858.000000,1.000000,3124450415106.000000,9721877.000000
822000,2,441904,0.600000,1.000000,0.641911,1.000000,0.000000,0,0.000000,821966.000000,1.000000,3124450415106.000000,9721877.000000
822000,3,441904,0.600000,1.000000,0.664391,1.000000,0.000000,0,0.000000,821976.000000,1.000000,3124450415106.000000,9721877.000000
822000,4,441894,0.600000,1.000000,0.684807,1.000000,0.000000,0,0.000000,821730.000000,1.000000,3124450415106.000000,9721877.000000
822000,5,441904,0.600000,1.000000,0.760258,1.000000,0.000000,0,0.000000,821991.000000,1.000000,3124450415106.000000,9721877.000000
822000,6,441905,0.600000,1.000000,0.798872,1.000000,0.000000,0,0.000000,821999.000000,1.000000,3124450415106.000000,9721877.000000
822000,7,441905,0.600000,1.000000,0.654046,1.000000,0.000000,0,0.000000,821987.000000,1.000000,3124450415106.000000,9721877.000000
822000,8,441903,0.600000,1.000000,0.564974,1.000000,0.000000,0,0.000000,821983.000000,1.000000,3124450415106.000000,9721877.000000
822000,9,441906,0.600000,1.000000,0.777018,1.000000,0.000000,0,0.000000,821997.000000,1.000000,3124450415106.000000,9721877.000000
822000,10,441905,0.600000,1.000000,0.653110,1.000000,0.000000,0,0.000000,821884.000000,1.000000,3124450415106.000000,9721877.000000
822000,11,441905,0.600000,1.000000,0.651549,1.000000,0.000000,0,0.000000,821990.000000,1.000000,3124450415106.000000,9721877.000000
822000,12,441904,0.600000,1.000000,0.749763,1.000000,0.000000,0,0.000000,821984.000000,1.000000,3124450415106.000000,9721877.000000
822000,13,441906,0.600000,1.000000,0.818442,1.000000,0.000000,1,736257.000000,822000.000000,1.000000,3124450415106.000000,9721877.000000
822000,14,441898,0.600000,1.000000,0.530246,1.000000,0.000000,0,0.000000,821916.000000,1.000000,3124450415106.000000,9721877.000000
822000,15,441904,0.600000,1.000000,0.739019,1.000000,0.000000,0,0.000000,821944.000000,1.000000,3124450415106.000000,9721877.000000
823000,0,442437,0.600000,1.000000,0.619368,1.000000,0.000000,0,0.000000,822875.000000,1.000000,3132069040363.000000,8848864.000000
823000,1,442444,0.600000,1.000000,0.649591,1.000000,0.000000,0,0.000000,822961.000000,1.000000,3132069040363.000000,8848864.000000
823000,2,442444,0.600000,1.000000,0.589620,1.000000,0.000000,0,0.000000,822908.000000,1.000000,3132069040363.000000,8848864.000000
823000,3,442443,0.600000,1.000000,0.620292,1.000000,0.000000,0,0.000000,822999.000000,1.000000,3132069040363.000000,8848864.000000
823000,4,442440,0.600000,1.000000,0.569287,1.000000,0.000000,0,0.000000,822964.000000,1.000000,3132069040363.000000,8848864.000000
823000,5,442442,0.600000,1.000000,0.727981,1.000000,0.000000,0,0.000000,822992.000000,1.000000,3132069040363.000000,8848864.000000
823000,6,442444,0.600000,1.000000,0.621157,1.000000,0.000000,0,0.000000,822972.000000,1.000000,3132069040363.000000,8848864.000000
823000,7,442446,0.600000,1.000000,0.703828,1.000000,0.000000,0,0.000000,822998.000000,1.000000,3132069040363.000000,8848864.000000
823000,8,442442,0.600000,1.000000,0.544998,1.000000,0.000000,0,0.000000,822827.000000,1.000000,3132069040363.000000,8848864.000000
823000,9,442445,0.600000,1.000000,0.708723,1.000000,0.000000,1,738078.000000,823000.000000,1.000000,3132069040363.000000,8848864.000000
823000,10,442443,0.600000,1.000000,0.693816,1.000000,0.000000,0,0.000000,822997.000000,1.000000,3132069040363.000000,8848864.000000
823000,11,442441,0.600000,1.000000,0.636590,1.000000,0.000000,0,0.000000,822943.000000,1.000000,3132069040363.000000,8848864.000000
823000,12,442442,0.600000,1.000000,0.553175,1.000000,0.000000,0,0.000000,822935.000000,1.000000,3132069040363.000000,8848864.000000
823000,13,442442,0.600000,1.000000,0.653073,1.000000,0.000000,0,0.000000,822991.000000,1.000000,3132069040363.000000,8848864.000000
823000,14,442437,0.600000,1.000000,0.570775,1.000000,0.000000,0,0.000000,822736.000000,1.000000,3132069040363.000000,8848864.000000
823000,15,442429,0.600000,1.000000,0.765846,1.000000,0.000000,0,0.000000,822027.000000,1.000000,3132069040363.000000,8848864.000000
824000,0,442972,0.600000,1.000000,0.691094,1.000000,0.000000,0,0.000000,823987.000000,1.000000,3139611891152.000000,9745407.000000
824000,1,442977,0.600000,1.000000,0.654025,1.000000,0.000000,0,0.000000,823985.000000,1.000000,3139611891152.000000,9745407.000000
824000,2,442978,0.600000,1.000000,0.658260,1.000000,0.000000,0,0.000000,823981.000000,1.000000,3139611891152.000000,9745407.000000
824000,3,442973,0.600000,1.000000,0.544858,1.000000,0.000000,0,0.000000,823897.000000,1.000000,3139611891152.000000,9745407.000000
824000,4,442969,0.600000,1.000000,0.618496,1.000000,0.000000,0,0.000000,823818.000000,1.000000,3139611891152.000000,9745407.000000
824000,5,442972,0.600000,1.000000,0.683994,1.000000,0.000000,0,0.000000,823898.000000,1.000000,3139611891152.000000,9745407.000000
824000,6,442977,0.600000,1.000000,0.650847,1.000000,0.000000,0,0.000000,823999.000000,1.000000,3139611891152.000000,9745407.000000
824000,7,442974,0.600000,1.000000,0.565833,1.000000,0.000000,0,0.000000,823748.000000,1.000000,3139611891152.000000,9745407.000000
824000,8,442973,0.600000,1.000000,0.673413,1.000000,0.000000,0,0.000000,823990.000000,1.000000,3139611891152.000000,9745407.000000
824000,9,442972,0.600000,1.000000,0.546040,1.000000,0.000000,0,0.000000,823978.000000,1.000000,3139611891152.000000,9745407.000000
824000,10,442977,0.600000,1.000000,0.728893,1.000000,0.000000,1,738717.000000,824000.000000,1.000000,3139611891152.000000,9745407.000000
824000,11,442975,0.600000,1.000000,0.669438,1.000000,0.000000,0,0.000000,823963.000000,1.000000,3139611891152.000000,9745407.000000
824000,12,442968,0.600000,1.000000,0.544699,1.000000,0.000000,0,0.000000,823933.000000,1.000000,3139611891152.000000,9745407.000000
824000,13,442972,0.600000,1.000000,0.626360,1.000000,0.000000,0,0.000000,823828.000000,1.000000,3139611891152.000000,9745407.000000
824000,14,442975,0.600000,1.000000,0.717823,1.000000,0.000000,0,0.000000,823989.000000,1.000000,3139611891152.000000,9745407.000000
824000,15,442976,0.600000,1.000000,0.689339,1.000000,0.000000,0,0.000000,823998.000000,1.000000,3139611891152.000000,9745407.000000
825000,0,443510,0.600000,1.000000,0.679594,1.000000,0.000000,0,0.000000,824985.000000,1.000000,3147216147984.000000,8870218.000000
825000,1,443514,0.600000,1.000000,0.701943,1.000000,0.000000,0,0.000000,824994.000000,1.000000,3147216147984.000000,8870218.000000
825000,2,443505,0.600000,1.000000,0.561288,1.000000,0.000000,0,0.000000,824776.000000,1.000000,3147216147984.000000,8870218.000000
825000,3,443505,0.600000,1.000000,0.523688,1.000000,0.000000,0,0.000000,824954.000000,1.000000,3147216147984.000000,8870218.000000
825000,4,443512,0.600000,1.000000,0.577026,1.000000,0.000000,0,0.000000,824961.000000,1.000000,3147216147984.000000,8870218.000000
825000,5,443510,0.600000,1.000000,0.686657,1.000000,0.000000,0,0.000000,824905.000000,1.000000,3147216147984.000000,8870218.000000
825000,6,443512,0.600000,1.000000,0.695281,1.000000,0.000000,0,0.000000,824973.000000,1.000000,3147216147984.000000,8870218.000000
825000,7,443508,0.600000,1.000000,0.720534,1.000000,0.000000,0,0.000000,824542.000000,1.000000,3147216147984.000000,8870218.000000
825000,8,443493,0.600000,1.000000,0.664554,1.000000,0.000000,0,0.000000,824268.000000,1.000000,3147216147984.000000,8870218.000000
825000,9,443514,0.600000,1.000000,0.719278,1.000000,0.000000,0,0.000000,824993.000000,1.000000,3147216147984.000000,8870218.000000
825000,10,443512,0.600000,1.000000,0.612847,1.000000,0.000000,0,0.000000,824987.000000,1.000000,3147216147984.000000,8870218.000000
825000,11,443514,0.600000,1.000000,0.636279,1.000000,0.000000,0,0.000000,824980.000000,1.000000,3147216147984.000000,8870218.000000
825000,12,443512,0.600000,1.000000,0.562787,1.000000,0.000000,0,0.000000,824953.000000,1.000000,3147216147984.000000,8870218.000000
825000,13,443513,0.600000,1.000000,0.757071,1.000000,0.000000,1,739097.000000,825000.000000,1.000000,3147216147984.000000,8870218.000000
825000,14,443512,0.600000,1.000000,0.627134,1.000000,0.000000,0,0.000000,824996.000000,1.000000,3147216147984.000000,8870218.000000
825000,15,443512,0.600000,1.000000,0.655114,1.000000,0.000000,0,0.000000,824986.000000,1.000000,3147216147984.000000,8870218.000000
826000,0,444053,0.600000,1.000000,0.754019,1.000000,0.000000,0,0.000000,825895.000000,1.000000,3154913083376.000000,9769169.000000
826000,1,444057,0.600000,1.000000,0.675389,1.000000,0.000000,1,739371.000000,826000.000000,1.000000,3154913083376.000000,9769169.000000
826000,2,444054,0.600000,1.000000,0.642684,1.000000,0.000000,0,0.000000,825961.000000,1.000000,3154913083376.000000,9769169.000000
826000,3,444056,0.600000,1.000000,0.693584,1.000000,0.000000,0,0.000000,825974.000000,1.000000,3154913083376.000000,9769169.000000
826000,4,444055,0.600000,1.000000,0.778268,1.000000,0.000000,0,0.000000,825993.000000,1.000000,3154913083376.000000,9769169.000000
826000,5,444048,0.600000,1.000000,0.607816,1.000000,0.000000,0,0.000000,825779.000000,1.000000,3154913083376.000000,9769169.000000
826000,6,444058,0.600000,1.000000,0.629850,1.000000,0.000000,0,0.000000,825999.000000,1.000000,3154913083376.000000,9769169.000000
826000,7,444054,0.600000,1.000000,0.601372,1.000000,0.000000,0,0.000000,825963.000000,1.000000,3154913083376.000000,9769169.000000
826000,8,444045,0.600000,1.000000,0.778243,1.000000,0.000000,0,0.000000,825872.000000,1.000000,3154913083376.000000,9769169.000000
826000,9,444046,0.600000,1.000000,0.589492,1.000000,0.000000,0,0.000000,825865.000000,1.000000,3154913083376.000000,9769169.000000
826000,10,444055,0.600000,1.000000,0.644987,1.000000,0.000000,0,0.000000,825996.000000,1.000000,3154913083376.000000,9769169.000000
826000,11,444054,0.600000,1.000000,0.666775,1.000000,0.000000,0,0.000000,825997.000000,1.000000,3154913083376.000000,9769169.000000
826000,12,444042,0.600000,1.000000,0.668047,1.000000,0.000000,0,0.000000,825880.000000,1.000000,3154913083376.000000,9769169.000000
826000,13,444051,0.600000,1.000000,0.636155,1.000000,0.000000,0,0.000000,825960.000000,1.000000,3154913083376.000000,9769169.000000
826000,14,444053,0.600000,1.000000,0.764606,1.000000,0.000000,0,0.000000,825992.000000,1.000000,3154913083376.000000,9769169.000000
826000,15,444049,0.600000,1.000000,0.597226,1.000000,0.000000,0,0.000000,825829.000000,1.000000,3154913083376.000000,9769169.000000
827000,0,444592,0.600000,1.000000,0.705524,1.000000,0.000000,0,0.000000,826995.000000,1.000000,3162554508795.000000,7113418.000000
827000,1,444592,0.600000,1.000000,0.800970,1.000000,0.000000,0,0.000000,826997.000000,1.000000,3162554508795.000000,7113418.000000
827000,2,444588,0.600000,1.000000,0.730177,1.000000,0.000000,0,0.000000,826796.000000,1.000000,3162554508795.000000,7113418.000000
827000,3,444588,0.600000,1.000000,0.561109,1.000000,0.000000,0,0.000000,826942.000000,1.000000,3162554508795.000000,7113418.000000
827000,4,444589,0.600000,1.000000,0.713943,1.000000,0.000000,0,0.000000,826990.000000,1.000000,3162554508795.000000,7113418.000000
827000,5,444585,0.600000,1.000000,0.598303,1.000000,0.000000,0,0.000000,826648.000000,1.000000,3162554508795.000000,7113418.000000
827000,6,444584,0.600000,1.000000,0.584784,1.000000,0.000000,0,0.000000,826973.000000,1.000000,3162554508795.000000,7113418.000000
827000,7,444591,0.600000,1.000000,0.674164,1.000000,0.000000,0,0.000000,826987.000000,1.000000,3162554508795.000000,7113418.000000
827000,8,444591,0.600000,1.000000,0.712383,1.000000,0.000000,0,0.000000,826910.000000,1.000000,3162554508795.000000,7113418.000000
827000,9,444582,0.600000,1.000000,0.680055,1.000000,0.000000,0,0.000000,826340.000000,1.000000,3162554508795.000000,7113418.000000
827000,10,444592,0.600000,1.000000,0.666586,1.000000,0.000000,0,0.000000,826988.000000,1.000000,3162554508795.000000,7113418.000000
827000,11,444589,0.600000,1.000000,0.638558,1.000000,0.000000,0,0.000000,826935.000000,1.000000,3162554508795.000000,7113418.000000
827000,12,444593,0.600000,1.000000,0.675768,1.000000,0.000000,1,740382.000000,827000.000000,1.000000,3162554508795.000000,7113418.000000
827000,13,444588,0.600000,1.000000,0.626736,1.000000,0.000000,0,0.000000,826961.000000,1.000000,3162554508795.000000,7113418.000000
827000,14,444592,0.600000,1.000000,0.738713,1.000000,0.000000,0,0.000000,826904.000000,1.000000,3162554508795.000000,7113418.000000
827000,15,444593,0.600000,1.000000,0.797334,1.000000,0.000000,0,0.000000,826999.000000,1.000000,3162554508795.000000,7113418.000000
828000,0,445130,0.600000,1.000000,0.810804,1.000000,0.000000,1,741395.000000,828000.000000,1.000000,3170190042927.000000,11573261.000000
828000,1,445128,0.600000,1.000000,0.691435,1.000000,0.000000,0,0.000000,827947.000000,1.000000,3170190042927.000000,11573261.000000
828000,2,445122,0.600000,1.000000,0.570596,1.000000,0.000000,0,0.000000,827870.000000,1.000000,3170190042927.000000,11573261.000000
828000,3,445128,0.600000,1.000000,0.610841,1.000000,0.000000,0,0.000000,827992.000000,1.000000,3170190042927.000000,11573261.000000
828000,4,445119,0.600000,1.000000,0.582042,1.000000,0.000000,0,0.000000,827972.000000,1.000000,3170190042927.000000,11573261.000000
828000,5,445130,0.600000,1.000000,0.725958,1.000000,0.000000,0,0.000000,827989.000000,1.000000,3170190042927.000000,11573261.000000
828000,6,445127,0.600000,1.000000,0.556721,1.000000,0.000000,0,0.000000,827665.000000,1.000000,3170190042927.000000,11573261.000000
828000,7,445126,0.600000,1.000000,0.662738,1.000000,0.000000,0,0.000000,827991.000000,1.000000,3170190042927.000000,11573261.000000
828000,8,445128,0.600000,1.000000,0.629557,1.000000,0.000000,0,0.000000,827977.000000,1.000000,3170190042927.000000,11573261.000000
828000,9,445127,0.600000,1.000000,0.615061,1.000000,0.000000,0,0.000000,827979.000000,1.000000,3170190042927.000000,11573261.000000
828000,10,445129,0.600000,1.000000,0.663685,1.000000,0.000000,0,0.000000,827999.000000,1.000000,3170190042927.000000,11573261.000000
828000,11,445125,0.600000,1.000000,0.655892,1.000000,0.000000,0,0.000000,827967.000000,1.000000,3170190042927.000000,11573261.000000
828000,12,445125,0.600000,1.000000,0.634402,1.000000,0.000000,0,0.000000,827988.000000,1.000000,3170190042927.000000,11573261.000000
828000,13,445120,0.600000,1.000000,0.556199,1.000000,0.000000,0,0.000000,827866.000000,1.000000,3170190042927.000000,11573261.000000
828000,14,445123,0.600000,1.000000,0.643740,1.000000,0.000000,0,0.000000,827940.000000,1.000000,3170190042927.000000,11573261.000000
828000,15,445124,0.600000,1.000000,0.639798,1.000000,0.000000,0,0.000000,827974.000000,1.000000,3170190042927.000000,11573261.000000
829000,0,445671,0.600000,1.000000,0.784465,1.000000,0.000000,0,0.000000,828634.000000,1.000000,3177919459770.000000,2674007.000000
829000,1,445671,0.600000,1.000000,0.765204,1.000000,0.000000,0,0.000000,828999.000000,1.000000,3177919459770.000000,2674007.000000
829000,2,445671,0.600000,1.000000,0.540575,1.000000,0.000000,0,0.000000,828994.000000,1.000000,3177919459770.000000,2674007.000000
829000,3,445671,0.600000,1.000000,0.636287,1.000000,0.000000,0,0.000000,828985.000000,1.000000,3177919459770.000000,2674007.000000
829000,4,445669,0.600000,1.000000,0.594933,1.000000,0.000000,0,0.000000,828954.000000,1.000000,3177919459770.000000,2674007.000000
829000,5,445660,0.600000,1.000000,0.574169,1.000000,0.000000,0,0.000000,828937.000000,1.000000,3177919459770.000000,2674007.000000
829000,6,445671,0.600000,1.000000,0.612115,1.000000,0.000000,1,742915.000000,829000.000000,1.000000,3177919459770.000000,2674007.000000
829000,7,445664,0.600000,1.000000,0.660631,1.000000,0.000000,0,0.000000,828891.000000,1.000000,3177919459770.000000,2674007.000000
829000,8,445665,0.600000,1.000000,0.645416,1.000000,0.000000,0,0.000000,828911.000000,1.000000,3177919459770.000000,2674007.000000
829000,9,445671,0.600000,1.000000,0.711657,1.000000,0.000000,0,0.000000,828984.000000,1.000000,3177919459770.000000,2674007.000000
829000,10,445669,0.600000,1.000000,0.663381,1.000000,0.000000,0,0.000000,828949.000000,1.000000,3177919459770.000000,2674007.000000
829000,11,445670,0.600000,1.000000,0.657583,1.000000,0.000000,0,0.000000,828995.000000,1.000000,3177919459770.000000,2674007.000000
829000,12,445670,0.600000,1.000000,0.630885,1.000000,0.000000,0,0.000000,828988.000000,1.000000,3177919459770.000000,2674007.000000
829000,13,445666,0.600000,1.000000,0.670650,1.000000,0.000000,0,0.000000,828959.000000,1.000000,3177919459770.000000,2674007.000000
829000,14,445666,0.600000,1.000000,0.680297,1.000000,0.000000,0,0.000000,828970.000000,1.000000,3177919459770.000000,2674007.000000
829000,15,445663,0.600000,1.000000,0.553960,1.000000,0.000000,0,0.000000,828793.000000,1.000000,3177919459770.000000,2674007.000000
830000,0,446214,0.600000,1.000000,0.689731,1.000000,0.000000,0,0.000000,829877.000000,1.000000,3185711833363.000000,6246989.000000
830000,1,446213,0.600000,1.000000,0.513102,1.000000,0.000000,0,0.000000,829939.000000,1.000000,3185711833363.000000,6246989.000000
830000,2,446213,0.600000,1.000000,0.588210,1.000000,0.000000,0,0.000000,829893.000000,1.000000,3185711833363.000000,6246989.000000
830000,3,446217,0.600000,1.000000,0.657182,1.000000,0.000000,0,0.000000,829940.000000,1.000000,3185711833363.000000,6246989.000000
830000,4,446208,0.600000,1.000000,0.670429,1.000000,0.000000,0,0.000000,829222.000000,1.000000,3185711833363.000000,6246989.000000
830000,5,446219,0.600000,1.000000,0.786997,1.000000,0.000000,1,743789.000000,830000.000000,1.000000,3185711833363.000000,6246989.000000
830000,6,446217,0.600000,1.000000,0.701521,1.000000,0.000000,0,0.000000,829989.000000,1.000000,3185711833363.000000,6246989.000000
830000,7,446217,0.600000,1.000000,0.634978,1.000000,0.000000,0,0.000000,829994.000000,1.000000,3185711833363.000000,6246989.000000
830000,8,446215,0.600000,1.000000,0.574056,1.000000,0.000000,0,0.000000,829977.000000,1.000000,3185711833363.000000,6246989.000000
830000,9,446208,0.600000,1.000000,0.574471,1.000000,0.000000,0,0.000000,829879.000000,1.000000,3185711833363.000000,6246989.000000
830000,10,446209,0.600000,1.000000,0.544408,1.000000,0.000000,0,0.000000,829809.000000,1.000000,3185711833363.000000,6246989.000000
830000,11,446219,0.600000,1.000000,0.846907,1.000000,0.000000,0,0.000000,829996.000000,1.000000,3185711833363.000000,6246989.000000
830000,12,446215,0.600000,1.000000,0.553562,1.000000,0.000000,0,0.000000,829901.000000,1.000000,3185711833363.000000,6246989.000000
830000,13,446210,0.600000,1.000000,0.772806,1.000000,0.000000,0,0.000000,829596.000000,1.000000,3185711833363.000000,6246989.000000
830000,14,446215,0.600000,1.000000,0.567980,1.000000,0.000000,0,0.000000,829965.000000,1.000000,3185711833363.000000,6246989.000000
830000,15,446216,0.600000,1.000000,0.533955,1.000000,0.000000,0,0.000000,829715.000000,1.000000,3185711833363.000000,6246989.000000
831000,0,446743,0.600000,1.000000,0.806932,1.000000,0.000000,0,0.000000,830997.000000,1.000000,3193249272248.000000,6254367.000000
831000,1,446739,0.600000,1.000000,0.593122,1.000000,0.000000,0,0.000000,830982.000000,1.000000,3193249272248.000000,6254367.000000
831000,2,446744,0.600000,1.000000,0.577773,1.000000,0.000000,0,0.000000,830996.000000,1.000000,3193249272248.000000,6254367.000000
831000,3,446744,0.600000,1.000000,0.647760,1.000000,0.000000,0,0.000000,830986.000000,1.000000,3193249272248.000000,6254367.000000
831000,4,446737,0.600000,1.000000,0.676982,1.000000,0.000000,0,0.000000,830973.000000,1.000000,3193249272248.000000,6254367.000000
831000,5,446743,0.600000,1.000000,0.736720,1.000000,0.000000,1,744571.000000,831000.000000,1.000000,3193249272248.000000,6254367.000000
831000,6,446734,0.600000,1.000000,0.581899,1.000000,0.000000,0,0.000000,830922.000000,1.000000,3193249272248.000000,6254367.000000
831000,7,446743,0.600000,1.000000,0.706996,1.000000,0.000000,0,0.000000,830950.000000,1.000000,3193249272248.000000,6254367.000000
831000,8,446744,0.600000,1.000000,0.634268,1.000000,0.000000,0,0.000000,830995.000000,1.000000,3193249272248.000000,6254367.000000
831000,9,446742,0.600000,1.000000,0.751386,1.000000,0.000000,0,0.000000,830993.000000,1.000000,3193249272248.000000,6254367.000000
831000,10,446742,0.600000,1.000000,0.662431,1.000000,0.000000,0,0.000000,830911.000000,1.000000,3193249272248.000000,6254367.000000
831000,11,446743,0.600000,1.000000,0.759466,1.000000,0.000000,0,0.000000,830999.000000,1.000000,3193249272248.000000,6254367.000000
831000,12,446739,0.600000,1.000000,0.541194,1.000000,0.000000,0,0.000000,830972.000000,1.000000,3193249272248.000000,6254367.000000
831000,13,446744,0.600000,1.000000,0.708976,1.000000,0.000000,0,0.000000,830998.000000,1.000000,3193249272248.000000,6254367.000000
831000,14,446743,0.600000,1.000000,0.619680,1.000000,0.000000,0,0.000000,830992.000000,1.000000,3193249272248.000000,6254367.000000
831000,15,446742,0.600000,1.000000,0.765891,1.000000,0.000000,0,0.000000,830232.000000,1.000000,3193249272248.000000,6254367.000000
832000,0,447280,0.600000,1.000000,0.521511,1.000000,0.000000,0,0.000000,831941.000000,1.000000,3201059511868.000000,5367448.000000
832000,1,447289,0.600000,1.000000,0.597967,1.000000,0.000000,0,0.000000,831952.000000,1.000000,3201059511868.000000,5367448.000000
832000,2,447283,0.600000,1.000000,0.525808,1.000000,0.000000,0,0.000000,831863.000000,1.000000,3201059511868.000000,5367448.000000
832000,3,447291,0.600000,1.000000,0.674278,1.000000,0.000000,0,0.000000,831997.000000,1.000000,3201059511868.000000,5367448.000000
832000,4,447284,0.600000,1.000000,0.668513,1.000000,0.000000,0,0.000000,831851.000000,1.000000,3201059511868.000000,5367448.000000
832000,5,447283,0.600000,1.000000,0.594750,1.000000,0.000000,0,0.000000,831935.000000,1.000000,3201059511868.000000,5367448.000000
832000,6,447293,0.600000,1.000000,0.656420,1.000000,0.000000,0,0.000000,831994.000000,1.000000,3201059511868.000000,5367448.000000
832000,7,447287,0.600000,1.000000,0.603726,1.000000,0.000000,0,0.000000,831939.000000,1.000000,3201059511868.000000,5367448.000000
832000,8,447290,0.600000,1.000000,0.619337,1.000000,0.000000,0,0.000000,831990.000000,1.000000,3201059511868.000000,5367448.000000
832000,9,447289,0.600000,1.000000,0.712154,1.000000,0.000000,0,0.000000,831992.000000,1.000000,3201059511868.000000,5367448.000000
832000,10,447292,0.600000,1.000000,0.851375,1.000000,0.000000,0,0.000000,831999.000000,1.000000,3201059511868.000000,5367448.000000
832000,11,447286,0.600000,1.000000,0.569533,1.000000,0.000000,0,0.000000,831943.000000,1.000000,3201059511868.000000,5367448.000000
832000,12,447285,0.600000,1.000000,0.650979,1.000000,0.000000,0,0.000000,831962.000000,1.000000,3201059511868.000000,5367448.000000
832000,13,447292,0.600000,1.000000,0.821898,1.000000,0.000000,1,745465.000000,832000.000000,1.000000,3201059511868.000000,5367448.000000
832000,14,447290,0.600000,1.000000,0.594346,1.000000,0.000000,0,0.000000,831928.000000,1.000000,3201059511868.000000,5367448.000000
832000,15,447288,0.600000,1.000000,0.751413,1.000000,0.000000,0,0.000000,831988.000000,1.000000,3201059511868.000000,5367448.000000
833000,0,447809,0.600000,1.000000,0.528227,1.000000,0.000000,0,0.000000,832915.000000,1.000000,3208611492287.000000,8956306.000000
833000,1,447809,0.600000,1.000000,0.594622,1.000000,0.000000,0,0.000000,832880.000000,1.000000,3208611492287.000000,8956306.000000
833000,2,447817,0.600000,1.000000,0.728247,1.000000,0.000000,0,0.000000,832995.000000,1.000000,3208611492287.000000,8956306.000000
833000,3,447820,0.600000,1.000000,0.613806,1.000000,0.000000,0,0.000000,832887.000000,1.000000,3208611492287.000000,8956306.000000
833000,4,447815,0.600000,1.000000,0.596729,1.000000,0.000000,0,0.000000,832665.000000,1.000000,3208611492287.000000,8956306.000000
833000,5,447811,0.600000,1.000000,0.662116,1.000000,0.000000,0,0.000000,832767.000000,1.000000,3208611492287.000000,8956306.000000
833000,6,447819,0.600000,1.000000,0.799914,1.000000,0.000000,1,746601.000000,833000.000000,1.000000,3208611492287.000000,8956306.000000
833000,7,447815,0.600000,1.000000,0.613968,1.000000,0.000000,0,0.000000,832964.000000,1.000000,3208611492287.000000,8956306.000000
833000,8,447817,0.600000,1.000000,0.722528,1.000000,0.000000,0,0.000000,832993.000000,1.000000,3208611492287.000000,8956306.000000
833000,9,447819,0.600000,1.000000,0.648283,1.000000,0.000000,0,0.000000,832992.000000,1.000000,3208611492287.000000,8956306.000000
833000,10,447818,0.600000,1.000000,0.650818,1.000000,0.000000,0,0.000000,832980.000000,1.000000,3208611492287.000000,8956306.000000
833000,11,447818,0.600000,1.000000,0.835957,1.000000,0.000000,0,0.000000,832999.000000,1.000000,3208611492287.000000,8956306.000000
833000,12,447817,0.600000,1.000000,0.670654,1.000000,0.000000,0,0.000000,832940.000000,1.000000,3208611492287.000000,8956306.000000
833000,13,447809,0.600000,1.000000,0.635100,1.000000,0.000000,0,0.000000,832851.000000,1.000000,3208611492287.000000,8956306.000000
833000,14,447820,0.600000,1.000000,0.649497,1.000000,0.000000,0,0.000000,832998.000000,1.000000,3208611492287.000000,8956306.000000
833000,15,447806,0.600000,1.000000,0.468955,1.000000,0.000000,0,0.000000,832907.000000,1.000000,3208611492287.000000,8956306.000000
834000,0,448352,0.600000,1.000000,0.841043,1.000000,0.000000,0,0.000000,833995.000000,1.000000,3216251279140.000000,10760314.000000
834000,1,448339,0.600000,1.000000,0.690867,1.000000,0.000000,0,0.000000,833839.000000,1.000000,3216251279140.000000,10760314.000000
834000,2,448347,0.600000,1.000000,0.636114,1.000000,0.000000,0,0.000000,833903.000000,1.000000,3216251279140.000000,10760314.000000
834000,3,448349,0.600000,1.000000,0.654517,1.000000,0.000000,0,0.000000,833987.000000,1.000000,3216251279140.000000,10760314.000000
834000,4,448343,0.600000,1.000000,0.603338,1.000000,0.000000,0,0.000000,833948.000000,1.000000,3216251279140.000000,10760314.000000
834000,5,448343,0.600000,1.000000,0.651060,1.000000,0.000000,0,0.000000,833649.000000,1.000000,3216251279140.000000,10760314.000000
834000,6,448345,0.600000,1.000000,0.586258,1.000000,0.000000,0,0.000000,833983.000000,1.000000,3216251279140.000000,10760314.000000
834000,7,448351,0.600000,1.000000,0.649383,1.000000,0.000000,0,0.000000,833968.000000,1.000000,3216251279140.000000,10760314.000000
834000,8,448351,0.600000,1.000000,0.703368,1.000000,0.000000,0,0.000000,833993.000000,1.000000,3216251279140.000000,10760314.000000
834000,9,448349,0.600000,1.000000,0.603967,1.000000,0.000000,0,0.000000,833980.000000,1.000000,3216251279140.000000,10760314.000000
834000,10,448350,0.600000,1.000000,0.696382,1.000000,0.000000,0,0.000000,833996.000000,1.000000,3216251279140.000000,10760314.000000
834000,11,448343,0.600000,1.000000,0.711787,1.000000,0.000000,0,0.000000,833905.000000,1.000000,3216251279140.000000,10760314.000000
834000,12,448352,0.600000,1.000000,0.708535,1.000000,0.000000,1,746504.000000,834000.000000,1.000000,3216251279140.000000,10760314.000000
834000,13,448351,0.600000,1.000000,0.684246,1.000000,0.000000,0,0.000000,833994.000000,1.000000,3216251279140.000000,10760314.000000
834000,14,448346,0.600000,1.000000,0.632837,1.000000,0.000000,0,0.000000,833706.000000,1.000000,3216251279140.000000,10760314.000000
834000,15,448353,0.600000,1.000000,0.663744,1.000000,0.000000,0,0.000000,833998.000000,1.000000,3216251279140.000000,10760314.000000
835000,0,448889,0.600000,1.000000,0.564278,1.000000,0.000000,0,0.000000,834933.000000,1.000000,3224027634033.000000,13466681.000000
835000,1,448891,0.600000,1.000000,0.712821,1.000000,0.000000,0,0.000000,834993.000000,1.000000,3224027634033.000000,13466681.000000
835000,2,448895,0.600000,1.000000,0.688217,1.000000,0.000000,0,0.000000,834999.000000,1.000000,3224027634033.000000,13466681.000000
835000,3,448893,0.600000,1.000000,0.610337,1.000000,0.000000,0,0.000000,834978.000000,1.000000,3224027634033.000000,13466681.000000
835000,4,448893,0.600000,1.000000,0.681458,1.000000,0.000000,0,0.000000,834992.000000,1.000000,3224027634033.000000,13466681.000000
835000,5,448889,0.600000,1.000000,0.603518,1.000000,0.000000,0,0.000000,834918.000000,1.000000,3224027634033.000000,13466681.000000
835000,6,448878,0.600000,1.000000,0.647141,1.000000,0.000000,0,0.000000,834882.000000,1.000000,3224027634033.000000,13466681.000000
835000,7,448882,0.600000,1.000000,0.613691,1.000000,0.000000,0,0.000000,834922.000000,1.000000,3224027634033.000000,13466681.000000
835000,8,448888,0.600000,1.000000,0.650418,1.000000,0.000000,0,0.000000,834928.000000,1.000000,3224027634033.000000,13466681.000000
835000,9,448893,0.600000,1.000000,0.675667,1.000000,0.000000,0,0.000000,834795.000000,1.000000,3224027634033.000000,13466681.000000
835000,10,448894,0.600000,1.000000,0.602946,1.000000,0.000000,0,0.000000,834975.000000,1.000000,3224027634033.000000,13466681.000000
835000,11,448880,0.600000,1.000000,0.510648,1.000000,0.000000,0,0.000000,834618.000000,1.000000,3224027634033.000000,13466681.000000
835000,12,448895,0.600000,1.000000,0.812746,1.000000,0.000000,1,747391.000000,835000.000000,1.000000,3224027634033.000000,13466681.000000
835000,13,448892,0.600000,1.000000,0.609913,1.000000,0.000000,0,0.000000,834980.000000,1.000000,3224027634033.000000,13466681.000000
835000,14,448894,0.600000,1.000000,0.698439,1.000000,0.000000,0,0.000000,834988.000000,1.000000,3224027634033.000000,13466681.000000
835000,15,448885,0.600000,1.000000,0.626901,1.000000,0.000000,0,0.000000,834931.000000,1.000000,3224027634033.000000,13466681.000000
836000,0,449420,0.600000,1.000000,0.796696,1.000000,0.000000,1,748513.000000,836000.000000,1.000000,3231615631366.000000,8089515.000000
836000,1,449416,0.600000,1.000000,0.690064,1.000000,0.000000,0,0.000000,835362.000000,1.000000,3231615631366.000000,8089515.000000
836000,2,449419,0.600000,1.000000,0.722358,1.000000,0.000000,0,0.000000,835990.000000,1.000000,3231615631366.000000,8089515.000000
836000,3,449420,0.600000,1.000000,0.624609,1.000000,0.000000,0,0.000000,835907.000000,1.000000,3231615631366.000000,8089515.000000
836000,4,449419,0.600000,1.000000,0.570219,1.000000,0.000000,0,0.000000,835975.000000,1.000000,3231615631366.000000,8089515.000000
836000,5,449418,0.600000,1.000000,0.517224,1.000000,0.000000,0,0.000000,835909.000000,1.000000,3231615631366.000000,8089515.000000
836000,6,449420,0.600000,1.000000,0.729169,1.000000,0.000000,0,0.000000,835998.000000,1.000000,3231615631366.000000,8089515.000000
836000,7,449416,0.600000,1.000000,0.664376,1.000000,0.000000,0,0.000000,835903.000000,1.000000,3231615631366.000000,8089515.000000
836000,8,449411,0.600000,1.000000,0.605558,1.000000,0.000000,0,0.000000,835900.000000,1.000000,3231615631366.000000,8089515.000000
836000,9,449418,0.600000,1.000000,0.532553,1.000000,0.000000,0,0.000000,835984.000000,1.000000,3231615631366.000000,8089515.000000
836000,10,449420,0.600000,1.000000,0.706585,1.000000,0.000000,0,0.000000,835995.000000,1.000000,3231615631366.000000,8089515.000000
836000,11,449411,0.600000,1.000000,0.642804,1.000000,0.000000,0,0.000000,835770.000000,1.000000,3231615631366.000000,8089515.000000
836000,12,449419,0.600000,1.000000,0.665849,1.000000,0.000000,0,0.000000,835993.000000,1.000000,3231615631366.000000,8089515.000000
836000,13,449419,0.600000,1.000000,0.609768,1.000000,0.000000,0,0.000000,835943.000000,1.000000,3231615631366.000000,8089515.000000
836000,14,449414,0.600000,1.000000,0.559330,1.000000,0.000000,0,0.000000,835949.000000,1.000000,3231615631366.000000,8089515.000000
836000,15,449418,0.600000,1.000000,0.668559,1.000000,0.000000,0,0.000000,835759.000000,1.000000,3231615631366.000000,8089515.000000
837000,0,449960,0.600000,1.000000,0.669990,1.000000,0.000000,0,0.000000,836903.000000,1.000000,3239432125315.000000,10799102.000000
837000,1,449958,0.600000,1.000000,0.554282,1.000000,0.000000,0,0.000000,836913.000000,1.000000,3239432125315.000000,10799102.000000
837000,2,449965,0.600000,1.000000,0.678358,1.000000,0.000000,0,0.000000,836999.000000,1.000000,3239432125315.000000,10799102.000000
837000,3,449943,0.600000,1.000000,0.570605,1.000000,0.000000,0,0.000000,836451.000000,1.000000,3239432125315.000000,10799102.000000
837000,4,449961,0.600000,1.000000,0.592399,1.000000,0.000000,0,0.000000,836987.000000,1.000000,3239432125315.000000,10799102.000000
837000,5,449960,0.600000,1.000000,0.640973,1.000000,0.000000,0,0.000000,836973.000000,1.000000,3239432125315.000000,10799102.000000
837000,6,449965,0.600000,1.000000,0.571591,1.000000,0.000000,0,0.000000,836942.000000,1.000000,3239432125315.000000,10799102.000000
837000,7,449964,0.600000,1.000000,0.706972,1.000000,0.000000,1,750574.000000,837000.000000,1.000000,3239432125315.000000,10799102.000000
837000,8,449964,0.600000,1.000000,0.674762,1.000000,0.000000,0,0.000000,836928.000000,1.000000,3239432125315.000000,10799102.000000
837000,9,449962,0.600000,1.000000,0.688322,1.000000,0.000000,0,0.000000,836992.000000,1.000000,3239432125315.000000,10799102.000000
837000,10,449962,0.600000,1.000000,0.690421,1.000000,0.000000,0,0.000000,836991.000000,1.000000,3239432125315.000000,10799102.000000
837000,11,449956,0.600000,1.000000,0.601952,1.000000,0.000000,0,0.000000,836966.000000,1.000000,3239432125315.000000,10799102.000000
837000,12,449963,0.600000,1.000000,0.614688,1.000000,0.000000,0,0.000000,836990.000000,1.000000,3239432125315.000000,10799102.000000
837000,13,449959,0.600000,1.000000,0.711600,1.000000,0.000000,0,0.000000,836959.000000,1.000000,3239432125315.000000,10799102.000000
837000,14,449964,0.600000,1.000000,0.593760,1.000000,0.000000,0,0.000000,836936.000000,1.000000,3239432125315.000000,10799102.000000
837000,15,449963,0.600000,1.000000,0.639003,1.000000,0.000000,0,0.000000,836979.000000,1.000000,3239432125315.000000,10799102.000000
838000,0,450487,0.600000,1.000000,0.616816,1.000000,0.000000,0,0.000000,837989.000000,1.000000,3247027406648.000000,6306847.000000
838000,1,450485,0.600000,1.000000,0.527742,1.000000,0.000000,0,0.000000,837915.000000,1.000000,3247027406648.000000,6306847.000000
838000,2,450476,0.600000,1.000000,0.676498,1.000000,0.000000,0,0.000000,837468.000000,1.000000,3247027406648.000000,6306847.000000
838000,3,450483,0.600000,1.000000,0.623826,1.000000,0.000000,0,0.000000,837977.000000,1.000000,3247027406648.000000,6306847.000000
838000,4,450492,0.600000,1.000000,0.633435,1.000000,0.000000,0,0.000000,837998.000000,1.000000,3247027406648.000000,6306847.000000
838000,5,450488,0.600000,1.000000,0.735953,1.000000,0.000000,0,0.000000,837740.000000,1.000000,3247027406648.000000,6306847.000000
838000,6,450485,0.600000,1.000000,0.602208,1.000000,0.000000,0,0.000000,837978.000000,1.000000,3247027406648.000000,6306847.000000
838000,7,450490,0.600000,1.000000,0.721170,1.000000,0.000000,0,0.000000,837999.000000,1.000000,3247027406648.000000,6306847.000000
838000,8,450490,0.600000,1.000000,0.490896,1.000000,0.000000,0,0.000000,837991.000000,1.000000,3247027406648.000000,6306847.000000
838000,9,450492,0.600000,1.000000,0.628699,1.000000,0.000000,1,751679.000000,838000.000000,1.000000,3247027406648.000000,6306847.000000
838000,10,450491,0.600000,1.000000,0.554454,1.000000,0.000000,0,0.000000,837992.000000,1.000000,3247027406648.000000,6306847.000000
838000,11,450487,0.600000,1.000000,0.509174,1.000000,0.000000,0,0.000000,837883.000000,1.000000,3247027406648.000000,6306847.000000
838000,12,450489,0.600000,1.000000,0.646828,1.000000,0.000000,0,0.000000,837777.000000,1.000000,3247027406648.000000,6306847.000000
838000,13,450489,0.600000,1.000000,0.641556,1.000000,0.000000,0,0.000000,837986.000000,1.000000,3247027406648.000000,6306847.000000
838000,14,450490,0.600000,1.000000,0.661795,1.000000,0.000000,0,0.000000,837997.000000,1.000000,3247027406648.000000,6306847.000000
838000,15,450490,0.600000,1.000000,0.577922,1.000000,0.000000,0,0.000000,837974.000000,1.000000,3247027406648.000000,6306847.000000
839000,0,451024,0.600000,1.000000,0.586275,1.000000,0.000000,0,0.000000,838992.000000,1.000000,3254743434421.000000,9922495.000000
839000,1,451019,0.600000,1.000000,0.683831,1.000000,0.000000,0,0.000000,838503.000000,1.000000,3254743434421.000000,9922495.000000
839000,2,451023,0.600000,1.000000,0.589084,1.000000,0.000000,0,0.000000,838981.000000,1.000000,3254743434421.000000,9922495.000000
839000,3,451023,0.600000,1.000000,0.611067,1.000000,0.000000,0,0.000000,838988.000000,1.000000,3254743434421.000000,9922495.000000
839000,4,451024,0.600000,1.000000,0.714506,1.000000,0.000000,0,0.000000,838974.000000,1.000000,3254743434421.000000,9922495.000000
839000,5,451023,0.600000,1.000000,0.648439,1.000000,0.000000,0,0.000000,838943.000000,1.000000,3254743434421.000000,9922495.000000
839000,6,451018,0.600000,1.000000,0.438171,1.000000,0.000000,0,0.000000,838916.000000,1.000000,3254743434421.000000,9922495.000000
839000,7,451013,0.600000,1.000000,0.635135,1.000000,0.000000,0,0.000000,838619.000000,1.000000,3254743434421.000000,9922495.000000
839000,8,451026,0.600000,1.000000,0.716570,1.000000,0.000000,0,0.000000,838997.000000,1.000000,3254743434421.000000,9922495.000000
839000,9,451023,0.600000,1.000000,0.539188,1.000000,0.000000,0,0.000000,838893.000000,1.000000,3254743434421.000000,9922495.000000
839000,10,451025,0.600000,1.000000,0.647986,1.000000,0.000000,0,0.000000,838991.000000,1.000000,3254743434421.000000,9922495.000000
839000,11,451027,0.600000,1.000000,0.586270,1.000000,0.000000,1,752244.000000,839000.000000,1.000000,3254743434421.000000,9922495.000000
839000,12,451024,0.600000,1.000000,0.694157,1.000000,0.000000,0,0.000000,838999.000000,1.000000,3254743434421.000000,9922495.000000
839000,13,451026,0.600000,1.000000,0.646778,1.000000,0.000000,0,0.000000,838971.000000,1.000000,3254743434421.000000,9922495.000000
839000,14,451024,0.600000,1.000000,0.648756,1.000000,0.000000,0,0.000000,838978.000000,1.000000,3254743434421.000000,9922495.000000
839000,15,451021,0.600000,1.000000,0.599997,1.000000,0.000000,0,0.000000,838965.000000,1.000000,3254743434421.000000,9922495.000000
840000,0,451565,0.600000,1.000000,0.722363,1.000000,0.000000,0,0.000000,839991.000000,1.000000,3262562544058.000000,3612490.000000
840000,1,451566,0.600000,1.000000,0.650757,1.000000,0.000000,0,0.000000,839975.000000,1.000000,3262562544058.000000,3612490.000000
840000,2,451552,0.600000,1.000000,0.706373,1.000000,0.000000,0,0.000000,839658.000000,1.000000,3262562544058.000000,3612490.000000
840000,3,451563,0.600000,1.000000,0.654053,1.000000,0.000000,0,0.000000,839886.000000,1.000000,3262562544058.000000,3612490.000000
840000,4,451564,0.600000,1.000000,0.720086,1.000000,0.000000,0,0.000000,839992.000000,1.000000,3262562544058.000000,3612490.000000
840000,5,451565,0.600000,1.000000,0.594317,1.000000,0.000000,0,0.000000,839969.000000,1.000000,3262562544058.000000,3612490.000000
840000,6,451569,0.600000,1.000000,0.668077,1.000000,0.000000,0,0.000000,839948.000000,1.000000,3262562544058.000000,3612490.000000
840000,7,451566,0.600000,1.000000,0.743804,1.000000,0.000000,0,0.000000,839993.000000,1.000000,3262562544058.000000,3612490.000000
840000,8,451568,0.600000,1.000000,0.755978,1.000000,0.000000,1,751879.000000,840000.000000,1.000000,3262562544058.000000,3612490.000000
840000,9,451565,0.600000,1.000000,0.672260,1.000000,0.000000,0,0.000000,839905.000000,1.000000,3262562544058.000000,3612490.000000
840000,10,451564,0.600000,1.000000,0.613693,1.000000,0.000000,0,0.000000,839953.000000,1.000000,3262562544058.000000,3612490.000000
840000,11,451563,0.600000,1.000000,0.671907,1.000000,0.000000,0,0.000000,839865.000000,1.000000,3262562544058.000000,3612490.000000
840000,12,451559,0.600000,1.000000,0.591453,1.000000,0.000000,0,0.000000,839928.000000,1.000000,3262562544058.000000,3612490.000000
840000,13,451561,0.600000,1.000000,0.583203,1.000000,0.000000,0,0.000000,839968.000000,1.000000,3262562544058.000000,3612490.000000
840000,14,451569,0.600000,1.000000,0.666334,1.000000,0.000000,0,0.000000,839998.000000,1.000000,3262562544058.000000,3612490.000000
840000,15,451567,0.600000,1.000000,0.666980,1.000000,0.000000,0,0.000000,839997.000000,1.000000,3262562544058.000000,3612490.000000
841000,0,452108,0.600000,1.000000,0.687900,1.000000,0.000000,0,0.000000,840994.000000,1.000000,3270396459811.000000,4521031.000000
841000,1,452109,0.600000,1.000000,0.795037,1.000000,0.000000,0,0.000000,840998.000000,1.000000,3270396459811.000000,4521031.000000
841000,2,452110,0.600000,1.000000,0.696352,1.000000,0.000000,1,753206.000000,841000.000000,1.000000,3270396459811.000000,4521031.000000
841000,3,452108,0.600000,1.000000,0.649413,1.000000,0.000000,0,0.000000,840970.000000,1.000000,3270396459811.000000,4521031.000000
841000,4,452100,0.600000,1.000000,0.719349,1.000000,0.000000,0,0.000000,840896.000000,1.000000,3270396459811.000000,4521031.000000
841000,5,452106,0.600000,1.000000,0.690965,1.000000,0.000000,0,0.000000,840988.000000,1.000000,3270396459811.000000,4521031.000000
841000,6,452109,0.600000,1.000000,0.611572,1.000000,0.000000,0,0.000000,840987.000000,1.000000,3270396459811.000000,4521031.000000
841000,7,452104,0.600000,1.000000,0.586186,1.000000,0.000000,0,0.000000,840981.000000,1.000000,3270396459811.000000,4521031.000000
841000,8,452105,0.600000,1.000000,0.676273,1.000000,0.000000,0,0.000000,840982.000000,1.000000,3270396459811.000000,4521031.000000
841000,9,452105,0.600000,1.000000,0.646769,1.000000,0.000000,0,0.000000,840983.000000,1.000000,3270396459811.000000,4521031.000000
841000,10,452102,0.600000,1.000000,0.560484,1.000000,0.000000,0,0.000000,840868.000000,1.000000,3270396459811.000000,4521031.000000
841000,11,452108,0.600000,1.000000,0.642100,1.000000,0.000000,0,0.000000,840944.000000,1.000000,3270396459811.000000,4521031.000000
841000,12,452095,0.600000,1.000000,0.687270,1.000000,0.000000,0,0.000000,840679.000000,1.000000,3270396459811.000000,4521031.000000
841000,13,452109,0.600000,1.000000,0.660484,1.000000,0.000000,0,0.000000,840991.000000,1.000000,3270396459811.000000,4521031.000000
841000,14,452109,0.600000,1.000000,0.644501,1.000000,0.000000,0,0.000000,840962.000000,1.000000,3270396459811.000000,4521031.000000
841000,15,452108,0.600000,1.000000,0.599763,1.000000,0.000000,0,0.000000,840986.000000,1.000000,3270396459811.000000,4521031.000000
842000,0,452642,0.600000,1.000000,0.668496,1.000000,0.000000,0,0.000000,841987.000000,1.000000,3278135661335.000000,11768655.000000
842000,1,452636,0.600000,1.000000,0.705696,1.000000,0.000000,0,0.000000,841905.000000,1.000000,3278135661335.000000,11768655.000000
842000,2,452644,0.600000,1.000000,0.644739,1.000000,0.000000,0,0.000000,841992.000000,1.000000,3278135661335.000000,11768655.000000
842000,3,452643,0.600000,1.000000,0.662150,1.000000,0.000000,0,0.000000,841985.000000,1.000000,3278135661335.000000,11768655.000000
842000,4,452643,0.600000,1.000000,0.572138,1.000000,0.000000,0,0.000000,841984.000000,1.000000,3278135661335.000000,11768655.000000
842000,5,452635,0.600000,1.000000,0.595588,1.000000,0.000000,0,0.000000,841950.000000,1.000000,3278135661335.000000,11768655.000000
842000,6,452644,0.600000,1.000000,0.677713,1.000000,0.000000,0,0.000000,841996.000000,1.000000,3278135661335.000000,11768655.000000
842000,7,452642,0.600000,1.000000,0.840357,1.000000,0.000000,0,0.000000,841999.000000,1.000000,3278135661335.000000,11768655.000000
842000,8,452640,0.600000,1.000000,0.704178,1.000000,0.000000,0,0.000000,841975.000000,1.000000,3278135661335.000000,11768655.000000
842000,9,452643,0.600000,1.000000,0.593543,1.000000,0.000000,0,0.000000,841989.000000,1.000000,3278135661335.000000,11768655.000000
842000,10,452644,0.600000,1.000000,0.727275,1.000000,0.000000,0,0.000000,841994.000000,1.000000,3278135661335.000000,11768655.000000
842000,11,452635,0.600000,1.000000,0.572610,1.000000,0.000000,0,0.000000,841940.000000,1.000000,3278135661335.000000,11768655.000000
842000,12,452633,0.600000,1.000000,0.567454,1.000000,0.000000,0,0.000000,841918.000000,1.000000,3278135661335.000000,11768655.000000
842000,13,452641,0.600000,1.000000,0.607652,1.000000,0.000000,0,0.000000,841838.000000,1.000000,3278135661335.000000,11768655.000000
842000,14,452640,0.600000,1.000000,0.576605,1.000000,0.000000,0,0.000000,841947.000000,1.000000,3278135661335.000000,11768655.000000
842000,15,452644,0.600000,1.000000,0.710901,1.000000,0.000000,1,754753.000000,842000.000000,1.000000,3278135661335.000000,11768655.000000
843000,0,453173,0.600000,1.000000,0.733816,1.000000,0.000000,0,0.000000,842983.000000,1.000000,3285825096656.000000,6344383.000000
843000,1,453167,0.600000,1.000000,0.703958,1.000000,0.000000,0,0.000000,842675.000000,1.000000,3285825096656.000000,6344383.000000
843000,2,453174,0.600000,1.000000,0.607569,1.000000,0.000000,0,0.000000,842979.000000,1.000000,3285825096656.000000,6344383.000000
843000,3,453174,0.600000,1.000000,0.678743,1.000000,0.000000,0,0.000000,842998.000000,1.000000,3285825096656.000000,6344383.000000
843000,4,453170,0.600000,1.000000,0.540815,1.000000,0.000000,0,0.000000,842967.000000,1.000000,3285825096656.000000,6344383.000000
843000,5,453173,0.600000,1.000000,0.716345,1.000000,0.000000,0,0.000000,842987.000000,1.000000,3285825096656.000000,6344383.000000
843000,6,453166,0.600000,1.000000,0.618041,1.000000,0.000000,0,0.000000,842912.000000,1.000000,3285825096656.000000,6344383.000000
843000,7,453167,0.600000,1.000000,0.664530,1.000000,0.000000,0,0.000000,842141.000000,1.000000,3285825096656.000000,6344383.000000
843000,8,453168,0.600000,1.000000,0.551820,1.000000,0.000000,0,0.000000,842969.000000,1.000000,3285825096656.000000,6344383.000000
843000,9,453171,0.600000,1.000000,0.672356,1.000000,0.000000,0,0.000000,842944.000000,1.000000,3285825096656.000000,6344383.000000
843000,10,453173,0.600000,1.000000,0.789426,1.000000,0.000000,0,0.000000,842999.000000,1.000000,3285825096656.000000,6344383.000000
843000,11,453174,0.600000,1.000000,0.707438,1.000000,0.000000,1,755980.000000,843000.000000,1.000000,3285825096656.000000,6344383.000000
843000,12,453171,0.600000,1.000000,0.567540,1.000000,0.000000,0,0.000000,842984.000000,1.000000,3285825096656.000000,6344383.000000
843000,13,453174,0.600000,1.000000,0.693828,1.000000,0.000000,0,0.000000,842994.000000,1.000000,3285825096656.000000,6344383.000000
843000,14,453171,0.600000,1.000000,0.530982,1.000000,0.000000,0,0.000000,842814.000000,1.000000,3285825096656.000000,6344383.000000
843000,15,453172,0.600000,1.000000,0.600937,1.000000,0.000000,0,0.000000,842943.000000,1.000000,3285825096656.000000,6344383.000000
844000,0,453724,0.600000,1.000000,0.690912,1.000000,0.000000,0,0.000000,843975.000000,1.000000,3293756747074.000000,15426437.000000
844000,1,453720,0.600000,1.000000,0.647423,1.000000,0.000000,0,0.000000,843979.000000,1.000000,3293756747074.000000,15426437.000000
844000,2,453719,0.600000,1.000000,0.516615,1.000000,0.000000,0,0.000000,843950.000000,1.000000,3293756747074.000000,15426437.000000
844000,3,453711,0.600000,1.000000,0.504688,1.000000,0.000000,0,0.000000,843815.000000,1.000000,3293756747074.000000,15426437.000000
844000,4,453719,0.600000,1.000000,0.587144,1.000000,0.000000,0,0.000000,843985.000000,1.000000,3293756747074.000000,15426437.000000
844000,5,453720,0.600000,1.000000,0.688922,1.000000,0.000000,0,0.000000,843989.000000,1.000000,3293756747074.000000,15426437.000000
844000,6,453721,0.600000,1.000000,0.673819,1.000000,0.000000,0,0.000000,843869.000000,1.000000,3293756747074.000000,15426437.000000
844000,7,453722,0.600000,1.000000,0.670647,1.000000,0.000000,0,0.000000,843976.000000,1.000000,3293756747074.000000,15426437.000000
844000,8,453722,0.600000,1.000000,0.883320,1.000000,0.000000,0,0.000000,843999.000000,1.000000,3293756747074.000000,15426437.000000
844000,9,453708,0.600000,1.000000,0.605214,1.000000,0.000000,0,0.000000,843703.000000,1.000000,3293756747074.000000,15426437.000000
844000,10,453722,0.600000,1.000000,0.709129,1.000000,0.000000,0,0.000000,843991.000000,1.000000,3293756747074.000000,15426437.000000
844000,11,453711,0.600000,1.000000,0.651099,1.000000,0.000000,0,0.000000,843933.000000,1.000000,3293756747074.000000,15426437.000000
844000,12,453725,0.600000,1.000000,0.782957,1.000000,0.000000,1,755390.000000,844000.000000,1.000000,3293756747074.000000,15426437.000000
844000,13,453716,0.600000,1.000000,0.672956,1.000000,0.000000,0,0.000000,843988.000000,1.000000,3293756747074.000000,15426437.000000
844000,14,453714,0.600000,1.000000,0.581477,1.000000,0.000000,0,0.000000,843962.000000,1.000000,3293756747074.000000,15426437.000000
844000,15,453710,0.600000,1.000000,0.606044,1.000000,0.000000,0,0.000000,843939.000000,1.000000,3293756747074.000000,15426437.000000
845000,0,454249,0.600000,1.000000,0.646547,1.000000,0.000000,0,0.000000,844999.000000,1.000000,3301433582115.000000,10901900.000000
845000,1,454252,0.600000,1.000000,0.665271,1.000000,0.000000,0,0.000000,844995.000000,1.000000,3301433582115.000000,10901900.000000
845000,2,454247,0.600000,1.000000,0.655950,1.000000,0.000000,0,0.000000,844982.000000,1.000000,3301433582115.000000,10901900.000000
845000,3,454236,0.600000,1.000000,0.649443,1.000000,0.000000,0,0.000000,844836.000000,1.000000,3301433582115.000000,10901900.000000
845000,4,454243,0.600000,1.000000,0.652018,1.000000,0.000000,0,0.000000,844930.000000,1.000000,3301433582115.000000,10901900.000000
845000,5,454249,0.600000,1.000000,0.752753,1.000000,0.000000,0,0.000000,844996.000000,1.000000,3301433582115.000000,10901900.000000
845000,6,454236,0.600000,1.000000,0.630685,1.000000,0.000000,0,0.000000,844658.000000,1.000000,3301433582115.000000,10901900.000000
845000,7,454244,0.600000,1.000000,0.699771,1.000000,0.000000,0,0.000000,844908.000000,1.000000,3301433582115.000000,10901900.000000
845000,8,454244,0.600000,1.000000,0.613393,1.000000,0.000000,0,0.000000,844814.000000,1.000000,3301433582115.000000,10901900.000000
845000,9,454251,0.600000,1.000000,0.678796,1.000000,0.000000,1,757865.000000,845000.000000,1.000000,3301433582115.000000,10901900.000000
845000,10,454250,0.600000,1.000000,0.743836,1.000000,0.000000,0,0.000000,844998.000000,1.000000,3301433582115.000000,10901900.000000
845000,11,454241,0.600000,1.000000,0.651942,1.000000,0.000000,0,0.000000,844843.000000,1.000000,3301433582115.000000,10901900.000000
845000,12,454250,0.600000,1.000000,0.592913,1.000000,0.000000,0,0.000000,844976.000000,1.000000,3301433582115.000000,10901900.000000
845000,13,454249,0.600000,1.000000,0.714683,1.000000,0.000000,0,0.000000,844974.000000,1.000000,3301433582115.000000,10901900.000000
845000,14,454248,0.600000,1.000000,0.639768,1.000000,0.000000,0,0.000000,844990.000000,1.000000,3301433582115.000000,10901900.000000
845000,15,454250,0.600000,1.000000,0.619943,1.000000,0.000000,0,0.000000,844997.000000,1.000000,3301433582115.000000,10901900.000000
846000,0,454784,0.600000,1.000000,0.456128,1.000000,0.000000,0,0.000000,845967.000000,1.000000,3309263063310.000000,15462629.000000
846000,1,454782,0.600000,1.000000,0.684470,1.000000,0.000000,0,0.000000,845418.000000,1.000000,3309263063310.000000,15462629.000000
846000,2,454787,0.600000,1.000000,0.699637,1.000000,0.000000,0,0.000000,845587.000000,1.000000,3309263063310.000000,15462629.000000
846000,3,454789,0.600000,1.000000,0.841380,1.000000,0.000000,1,758419.000000,846000.000000,1.000000,3309263063310.000000,15462629.000000
846000,4,454786,0.600000,1.000000,0.591361,1.000000,0.000000,0,0.000000,845989.000000,1.000000,3309263063310.000000,15462629.000000
846000,5,454773,0.600000,1.000000,0.603676,1.000000,0.000000,0,0.000000,845823.000000,1.000000,3309263063310.000000,15462629.000000
846000,6,454778,0.600000,1.000000,0.611062,1.000000,0.000000,0,0.000000,845976.000000,1.000000,3309263063310.000000,15462629.000000
846000,7,454784,0.600000,1.000000,0.715921,1.000000,0.000000,0,0.000000,845994.000000,1.000000,3309263063310.000000,15462629.000000
846000,8,454784,0.600000,1.000000,0.596430,1.000000,0.000000,0,0.000000,845987.000000,1.000000,3309263063310.000000,15462629.000000
846000,9,454787,0.600000,1.000000,0.635086,1.000000,0.000000,0,0.000000,845676.000000,1.000000,3309263063310.000000,15462629.000000
846000,10,454787,0.600000,1.000000,0.619706,1.000000,0.000000,0,0.000000,845986.000000,1.000000,3309263063310.000000,15462629.000000
846000,11,454789,0.600000,1.000000,0.616906,1.000000,0.000000,0,0.000000,845999.000000,1.000000,3309263063310.000000,15462629.000000
846000,12,454788,0.600000,1.000000,0.646487,1.000000,0.000000,0,0.000000,845988.000000,1.000000,3309263063310.000000,15462629.000000
846000,13,454782,0.600000,1.000000,0.754325,1.000000,0.000000,0,0.000000,845875.000000,1.000000,3309263063310.000000,15462629.000000
846000,14,454786,0.600000,1.000000,0.732790,1.000000,0.000000,0,0.000000,845996.000000,1.000000,3309263063310.000000,15462629.000000
846000,15,454786,0.600000,1.000000,0.664975,1.000000,0.000000,0,0.000000,845840.000000,1.000000,3309263063310.000000,15462629.000000
847000,0,455330,0.600000,1.000000,0.693740,1.000000,0.000000,0,0.000000,846943.000000,1.000000,3317152813835.000000,4553243.000000
847000,1,455326,0.600000,1.000000,0.625521,1.000000,0.000000,0,0.000000,846951.000000,1.000000,3317152813835.000000,4553243.000000
847000,2,455329,0.600000,1.000000,0.748228,1.000000,0.000000,0,0.000000,846988.000000,1.000000,3317152813835.000000,4553243.000000
847000,3,455326,0.600000,1.000000,0.576411,1.000000,0.000000,0,0.000000,846902.000000,1.000000,3317152813835.000000,4553243.000000
847000,4,455324,0.600000,1.000000,0.594585,1.000000,0.000000,0,0.000000,846835.000000,1.000000,3317152813835.000000,4553243.000000
847000,5,455324,0.600000,1.000000,0.702951,1.000000,0.000000,0,0.000000,846763.000000,1.000000,3317152813835.000000,4553243.000000
847000,6,455322,0.600000,1.000000,0.587139,1.000000,0.000000,0,0.000000,846967.000000,1.000000,3317152813835.000000,4553243.000000
847000,7,455330,0.600000,1.000000,0.811926,1.000000,0.000000,0,0.000000,846998.000000,1.000000,3317152813835.000000,4553243.000000
847000,8,455322,0.600000,1.000000,0.576262,1.000000,0.000000,0,0.000000,846935.000000,1.000000,3317152813835.000000,4553243.000000
847000,9,455328,0.600000,1.000000,0.620432,1.000000,0.000000,0,0.000000,846980.000000,1.000000,3317152813835.000000,4553243.000000
847000,10,455329,0.600000,1.000000,0.682100,1.000000,0.000000,0,0.000000,846930.000000,1.000000,3317152813835.000000,4553243.000000
847000,11,455327,0.600000,1.000000,0.642034,1.000000,0.000000,0,0.000000,846986.000000,1.000000,3317152813835.000000,4553243.000000
847000,12,455322,0.600000,1.000000,0.547116,1.000000,0.000000,0,0.000000,846977.000000,1.000000,3317152813835.000000,4553243.000000
847000,13,455330,0.600000,1.000000,0.808556,1.000000,0.000000,1,758879.000000,847000.000000,1.000000,3317152813835.000000,4553243.000000
847000,14,455322,0.600000,1.000000,0.656149,1.000000,0.000000,0,0.000000,846889.000000,1.000000,3317152813835.000000,4553243.000000
847000,15,455330,0.600000,1.000000,0.738895,1.000000,0.000000,0,0.000000,846996.000000,1.000000,3317152813835.000000,4553243.000000
848000,0,455869,0.600000,1.000000,0.606305,1.000000,0.000000,0,0.000000,847978.000000,1.000000,3325095721834.000000,10940918.000000
848000,1,455873,0.600000,1.000000,0.816642,1.000000,0.000000,0,0.000000,847997.000000,1.000000,3325095721834.000000,10940918.000000
848000,2,455873,0.600000,1.000000,0.637005,1.000000,0.000000,0,0.000000,847761.000000,1.000000,3325095721834.000000,10940918.000000
848000,3,455873,0.600000,1.000000,0.774041,1.000000,0.000000,0,0.000000,847992.000000,1.000000,3325095721834.000000,10940918.000000
848000,4,455872,0.600000,1.000000,0.611354,1.000000,0.000000,0,0.000000,847768.000000,1.000000,3325095721834.000000,10940918.000000
848000,5,455869,0.600000,1.000000,0.661654,1.000000,0.000000,0,0.000000,847979.000000,1.000000,3325095721834.000000,10940918.000000
848000,6,455871,0.600000,1.000000,0.612305,1.000000,0.000000,0,0.000000,847974.000000,1.000000,3325095721834.000000,10940918.000000
848000,7,455868,0.600000,1.000000,0.551557,1.000000,0.000000,0,0.000000,847975.000000,1.000000,3325095721834.000000,10940918.000000
848000,8,455874,0.600000,1.000000,0.677814,1.000000,0.000000,0,0.000000,847999.000000,1.000000,3325095721834.000000,10940918.000000
848000,9,455871,0.600000,1.000000,0.662104,1.000000,0.000000,0,0.000000,847922.000000,1.000000,3325095721834.000000,10940918.000000
848000,10,455874,0.600000,1.000000,0.700063,1.000000,0.000000,1,759935.000000,848000.000000,1.000000,3325095721834.000000,10940918.000000
848000,11,455870,0.600000,1.000000,0.743134,1.000000,0.000000,0,0.000000,847817.000000,1.000000,3325095721834.000000,10940918.000000
848000,12,455875,0.600000,1.000000,0.659111,1.000000,0.000000,0,0.000000,847998.000000,1.000000,3325095721834.000000,10940918.000000
848000,13,455869,0.600000,1.000000,0.615144,1.000000,0.000000,0,0.000000,847915.000000,1.000000,3325095721834.000000,10940918.000000
848000,14,455866,0.600000,1.000000,0.474552,1.000000,0.000000,0,0.000000,847884.000000,1.000000,3325095721834.000000,10940918.000000
848000,15,455871,0.600000,1.000000,0.654235,1.000000,0.000000,0,0.000000,847967.000000,1.000000,3325095721834.000000,10940918.000000
849000,0,456408,0.600000,1.000000,0.574861,1.000000,0.000000,0,0.000000,848910.000000,1.000000,3332946804980.000000,8215243.000000
849000,1,456410,0.600000,1.000000,0.576404,1.000000,0.000000,0,0.000000,848545.000000,1.000000,3332946804980.000000,8215243.000000
849000,2,456407,0.600000,1.000000,0.544687,1.000000,0.000000,0,0.000000,848877.000000,1.000000,3332946804980.000000,8215243.000000
849000,3,456406,0.600000,1.000000,0.706994,1.000000,0.000000,0,0.000000,848951.000000,1.000000,3332946804980.000000,8215243.000000
849000,4,456412,0.600000,1.000000,0.717929,1.000000,0.000000,0,0.000000,848998.000000,1.000000,3332946804980.000000,8215243.000000
849000,5,456412,0.600000,1.000000,0.726220,1.000000,0.000000,1,760738.000000,849000.000000,1.000000,3332946804980.000000,8215243.000000
849000,6,456409,0.600000,1.000000,0.573138,1.000000,0.000000,0,0.000000,848962.000000,1.000000,3332946804980.000000,8215243.000000
849000,7,456412,0.600000,1.000000,0.675059,1.000000,0.000000,0,0.000000,848976.000000,1.000000,3332946804980.000000,8215243.000000
849000,8,456411,0.600000,1.000000,0.687791,1.000000,0.000000,0,0.000000,848987.000000,1.000000,3332946804980.000000,8215243.000000
849000,9,456389,0.600000,1.000000,0.655049,1.000000,0.000000,0,0.000000,848534.000000,1.000000,3332946804980.000000,8215243.000000
849000,10,456412,0.600000,1.000000,0.687529,1.000000,0.000000,0,0.000000,848991.000000,1.000000,3332946804980.000000,8215243.000000
849000,11,456410,0.600000,1.000000,0.629447,1.000000,0.000000,0,0.000000,848961.000000,1.000000,3332946804980.000000,8215243.000000
849000,12,456410,0.600000,1.000000,0.722805,1.000000,0.000000,0,0.000000,848988.000000,1.000000,3332946804980.000000,8215243.000000
849000,13,456412,0.600000,1.000000,0.698676,1.000000,0.000000,0,0.000000,848997.000000,1.000000,3332946804980.000000,8215243.000000
849000,14,456412,0.600000,1.000000,0.670417,1.000000,0.000000,0,0.000000,848981.000000,1.000000,3332946804980.000000,8215243.000000
849000,15,456412,0.600000,1.000000,0.657478,1.000000,0.000000,0,0.000000,848994.000000,1.000000,3332946804980.000000,8215243.000000
850000,0,456933,0.600000,1.000000,0.565227,1.000000,0.000000,0,0.000000,849948.000000,1.000000,3340636249757.000000,7310928.000000
850000,1,456932,0.600000,1.000000,0.605835,1.000000,0.000000,0,0.000000,849952.000000,1.000000,3340636249757.000000,7310928.000000
850000,2,456940,0.600000,1.000000,0.730652,1.000000,0.000000,0,0.000000,849999.000000,1.000000,3340636249757.000000,7310928.000000
850000,3,456939,0.600000,1.000000,0.765650,1.000000,0.000000,0,0.000000,849994.000000,1.000000,3340636249757.000000,7310928.000000
850000,4,456919,0.600000,1.000000,0.494706,1.000000,0.000000,0,0.000000,849839.000000,1.000000,3340636249757.000000,7310928.000000
850000,5,456940,0.600000,1.000000,0.688975,1.000000,0.000000,1,761625.000000,850000.000000,1.000000,3340636249757.000000,7310928.000000
850000,6,456940,0.600000,1.000000,0.682282,1.000000,0.000000,0,0.000000,849995.000000,1.000000,3340636249757.000000,7310928.000000
850000,7,456939,0.600000,1.000000,0.683529,1.000000,0.000000,0,0.000000,849997.000000,1.000000,3340636249757.000000,7310928.000000
850000,8,456940,0.600000,1.000000,0.630976,1.000000,0.000000,0,0.000000,849973.000000,1.000000,3340636249757.000000,7310928.000000
850000,9,456933,0.600000,1.000000,0.552292,1.000000,0.000000,0,0.000000,849947.000000,1.000000,3340636249757.000000,7310928.000000
850000,10,456940,0.600000,1.000000,0.602003,1.000000,0.000000,0,0.000000,849896.000000,1.000000,3340636249757.000000,7310928.000000
850000,11,456933,0.600000,1.000000,0.563738,1.000000,0.000000,0,0.000000,849968.000000,1.000000,3340636249757.000000,7310928.000000
850000,12,456935,0.600000,1.000000,0.671612,1.000000,0.000000,0,0.000000,849752.000000,1.000000,3340636249757.000000,7310928.000000
850000,13,456925,0.600000,1.000000,0.516602,1.000000,0.000000,0,0.000000,849596.000000,1.000000,3340636249757.000000,7310928.000000
850000,14,456938,0.600000,1.000000,0.549960,1.000000,0.000000,0,0.000000,849858.000000,1.000000,3340636249757.000000,7310928.000000
850000,15,456937,0.600000,1.000000,0.750406,1.000000,0.000000,0,0.000000,849943.000000,1.000000,3340636249757.000000,7310928.000000
851000,0,457477,0.600000,1.000000,0.653121,1.000000,0.000000,0,0.000000,850990.000000,1.000000,3348524860652.000000,12809310.000000
851000,1,457470,0.600000,1.000000,0.645577,1.000000,0.000000,0,0.000000,850897.000000,1.000000,3348524860652.000000,12809310.000000
851000,2,457477,0.600000,1.000000,0.662635,1.000000,0.000000,0,0.000000,850684.000000,1.000000,3348524860652.000000,12809310.000000
851000,3,457468,0.600000,1.000000,0.572392,1.000000,0.000000,0,0.000000,850981.000000,1.000000,3348524860652.000000,12809310.000000
851000,4,457470,0.600000,1.000000,0.728957,1.000000,0.000000,0,0.000000,850972.000000,1.000000,3348524860652.000000,12809310.000000
851000,5,457477,0.600000,1.000000,0.730896,1.000000,0.000000,0,0.000000,850997.000000,1.000000,3348524860652.000000,12809310.000000
851000,6,457476,0.600000,1.000000,0.690351,1.000000,0.000000,0,0.000000,850985.000000,1.000000,3348524860652.000000,12809310.000000
851000,7,457472,0.600000,1.000000,0.674633,1.000000,0.000000,0,0.000000,850963.000000,1.000000,3348524860652.000000,12809310.000000
851000,8,457477,0.600000,1.000000,0.671756,1.000000,0.000000,0,0.000000,850991.000000,1.000000,3348524860652.000000,12809310.000000
851000,9,457473,0.600000,1.000000,0.532884,1.000000,0.000000,0,0.000000,850957.000000,1.000000,3348524860652.000000,12809310.000000
851000,10,457473,0.600000,1.000000,0.672505,1.000000,0.000000,0,0.000000,850953.000000,1.000000,3348524860652.000000,12809310.000000
851000,11,457478,0.600000,1.000000,0.693849,1.000000,0.000000,1,763298.000000,851000.000000,1.000000,3348524860652.000000,12809310.000000
851000,12,457477,0.600000,1.000000,0.771544,1.000000,0.000000,0,0.000000,850996.000000,1.000000,3348524860652.000000,12809310.000000
851000,13,457476,0.600000,1.000000,0.600669,1.000000,0.000000,0,0.000000,850995.000000,1.000000,3348524860652.000000,12809310.000000
851000,14,457473,0.600000,1.000000,0.608981,1.000000,0.000000,0,0.000000,850462.000000,1.000000,3348524860652.000000,12809310.000000
851000,15,457476,0.600000,1.000000,0.846473,1.000000,0.000000,0,0.000000,850999.000000,1.000000,3348524860652.000000,12809310.000000
852000,0,458021,0.600000,1.000000,0.664082,1.000000,0.000000,0,0.000000,851960.000000,1.000000,3356531783450.000000,8244333.000000
852000,1,458009,0.600000,1.000000,0.629418,1.000000,0.000000,0,0.000000,851802.000000,1.000000,3356531783450.000000,8244333.000000
852000,2,458025,0.600000,1.000000,0.806005,1.000000,0.000000,0,0.000000,851998.000000,1.000000,3356531783450.000000,8244333.000000
852000,3,458025,0.600000,1.000000,0.716680,1.000000,0.000000,0,0.000000,851990.000000,1.000000,3356531783450.000000,8244333.000000
852000,4,458014,0.600000,1.000000,0.606402,1.000000,0.000000,0,0.000000,851963.000000,1.000000,3356531783450.000000,8244333.000000
852000,5,458021,0.600000,1.000000,0.704354,1.000000,0.000000,0,0.000000,851976.000000,1.000000,3356531783450.000000,8244333.000000
852000,6,458025,0.600000,1.000000,0.740167,1.000000,0.000000,1,763699.000000,852000.000000,1.000000,3356531783450.000000,8244333.000000
852000,7,458026,0.600000,1.000000,0.578025,1.000000,0.000000,0,0.000000,851983.000000,1.000000,3356531783450.000000,8244333.000000
852000,8,458024,0.600000,1.000000,0.674707,1.000000,0.000000,0,0.000000,851965.000000,1.000000,3356531783450.000000,8244333.000000
852000,9,458012,0.600000,1.000000,0.657760,1.000000,0.000000,0,0.000000,851688.000000,1.000000,3356531783450.000000,8244333.000000
852000,10,458023,0.600000,1.000000,0.726709,1.000000,0.000000,0,0.000000,851991.000000,1.000000,3356531783450.000000,8244333.000000
852000,11,458020,0.600000,1.000000,0.527406,1.000000,0.000000,0,0.000000,851978.000000,1.000000,3356531783450.000000,8244333.000000
852000,12,458020,0.600000,1.000000,0.543792,1.000000,0.000000,0,0.000000,851961.000000,1.000000,3356531783450.000000,8244333.000000
852000,13,458025,0.600000,1.000000,0.633623,1.000000,0.000000,0,0.000000,851999.000000,1.000000,3356531783450.000000,8244333.000000
852000,14,458025,0.600000,1.000000,0.689695,1.000000,0.000000,0,0.000000,851986.000000,1.000000,3356531783450.000000,8244333.000000
852000,15,458021,0.600000,1.000000,0.595488,1.000000,0.000000,0,0.000000,851880.000000,1.000000,3356531783450.000000,8244333.000000
853000,0,458559,0.600000,1.000000,0.693782,1.000000,0.000000,0,0.000000,852851.000000,1.000000,3364464808427.000000,6419873.000000
853000,1,458564,0.600000,1.000000,0.754672,1.000000,0.000000,0,0.000000,852955.000000,1.000000,3364464808427.000000,6419873.000000
853000,2,458563,0.600000,1.000000,0.618172,1.000000,0.000000,0,0.000000,852997.000000,1.000000,3364464808427.000000,6419873.000000
853000,3,458558,0.600000,1.000000,0.652188,1.000000,0.000000,0,0.000000,852783.000000,1.000000,3364464808427.000000,6419873.000000
853000,4,458562,0.600000,1.000000,0.553814,1.000000,0.000000,0,0.000000,852902.000000,1.000000,3364464808427.000000,6419873.000000
853000,5,458564,0.600000,1.000000,0.703168,1.000000,0.000000,1,764403.000000,853000.000000,1.000000,3364464808427.000000,6419873.000000
853000,6,458563,0.600000,1.000000,0.554868,1.000000,0.000000,0,0.000000,852970.000000,1.000000,3364464808427.000000,6419873.000000
853000,7,458561,0.600000,1.000000,0.706900,1.000000,0.000000,0,0.000000,852987.000000,1.000000,3364464808427.000000,6419873.000000
853000,8,458560,0.600000,1.000000,0.596059,1.000000,0.000000,0,0.000000,852984.000000,1.000000,3364464808427.000000,6419873.000000
853000,9,458562,0.600000,1.000000,0.791526,1.000000,0.000000,0,0.000000,852995.000000,1.000000,3364464808427.000000,6419873.000000
853000,10,458564,0.600000,1.000000,0.740585,1.000000,0.000000,0,0.000000,852993.000000,1.000000,3364464808427.000000,6419873.000000
853000,11,458562,0.600000,1.000000,0.649114,1.000000,0.000000,0,0.000000,852998.000000,1.000000,3364464808427.000000,6419873.000000
853000,12,458563,0.600000,1.000000,0.817523,1.000000,0.000000,0,0.000000,852999.000000,1.000000,3364464808427.000000,6419873.000000
853000,13,458561,0.600000,1.000000,0.691219,1.000000,0.000000,0,0.000000,852929.000000,1.000000,3364464808427.000000,6419873.000000
853000,14,458562,0.600000,1.000000,0.639895,1.000000,0.000000,0,0.000000,852969.000000,1.000000,3364464808427.000000,6419873.000000
853000,15,458563,0.600000,1.000000,0.604789,1.000000,0.000000,0,0.000000,852915.000000,1.000000,3364464808427.000000,6419873.000000
854000,0,459097,0.600000,1.000000,0.706175,1.000000,0.000000,0,0.000000,853998.000000,1.000000,3372253859971.000000,8263731.000000
854000,1,459098,0.600000,1.000000,0.736737,1.000000,0.000000,1,764516.000000,854000.000000,1.000000,3372253859971.000000,8263731.000000
854000,2,459099,0.600000,1.000000,0.514009,1.000000,0.000000,0,0.000000,853997.000000,1.000000,3372253859971.000000,8263731.000000
854000,3,459086,0.600000,1.000000,0.582018,1.000000,0.000000,0,0.000000,853909.000000,1.000000,3372253859971.000000,8263731.000000
854000,4,459094,0.600000,1.000000,0.622228,1.000000,0.000000,0,0.000000,853979.000000,1.000000,3372253859971.000000,8263731.000000
854000,5,459065,0.600000,1.000000,0.559240,1.000000,0.000000,0,0.000000,853536.000000,1.000000,3372253859971.000000,8263731.000000
854000,6,459079,0.600000,1.000000,0.653111,1.000000,0.000000,0,0.000000,853650.000000,1.000000,3372253859971.000000,8263731.000000
854000,7,459088,0.600000,1.000000,0.508902,1.000000,0.000000,0,0.000000,853947.000000,1.000000,3372253859971.000000,8263731.000000
854000,8,459096,0.600000,1.000000,0.620910,1.000000,0.000000,0,0.000000,853857.000000,1.000000,3372253859971.000000,8263731.000000
854000,9,459096,0.600000,1.000000,0.703747,1.000000,0.000000,0,0.000000,853993.000000,1.000000,3372253859971.000000,8263731.000000
854000,10,459096,0.600000,1.000000,0.595102,1.000000,0.000000,0,0.000000,853913.000000,1.000000,3372253859971.000000,8263731.000000
854000,11,459098,0.600000,1.000000,0.779209,1.000000,0.000000,0,0.000000,853999.000000,1.000000,3372253859971.000000,8263731.000000
854000,12,459093,0.600000,1.000000,0.653658,1.000000,0.000000,0,0.000000,853976.000000,1.000000,3372253859971.000000,8263731.000000
854000,13,459098,0.600000,1.000000,0.664078,1.000000,0.000000,0,0.000000,853994.000000,1.000000,3372253859971.000000,8263731.000000
854000,14,459097,0.600000,1.000000,0.632302,1.000000,0.000000,0,0.000000,853860.000000,1.000000,3372253859971.000000,8263731.000000
854000,15,459099,0.600000,1.000000,0.677519,1.000000,0.000000,0,0.000000,853882.000000,1.000000,3372253859971.000000,8263731.000000
855000,0,459638,0.600000,1.000000,0.631419,1.000000,0.000000,0,0.000000,854993.000000,1.000000,3380223816252.000000,9192690.000000
855000,1,459635,0.600000,1.000000,0.577756,1.000000,0.000000,0,0.000000,854852.000000,1.000000,3380223816252.000000,9192690.000000
855000,2,459639,0.600000,1.000000,0.633767,1.000000,0.000000,0,0.000000,854999.000000,1.000000,3380223816252.000000,9192690.000000
855000,3,459627,0.600000,1.000000,0.575126,1.000000,0.000000,0,0.000000,854880.000000,1.000000,3380223816252.000000,9192690.000000
855000,4,459638,0.600000,1.000000,0.675321,1.000000,0.000000,0,0.000000,854997.000000,1.000000,3380223816252.000000,9192690.000000
855000,5,459638,0.600000,1.000000,0.730722,1.000000,0.000000,0,0.000000,854996.000000,1.000000,3380223816252.000000,9192690.000000
855000,6,459626,0.600000,1.000000,0.684286,1.000000,0.000000,0,0.000000,854359.000000,1.000000,3380223816252.000000,9192690.000000
855000,7,459638,0.600000,1.000000,0.737060,1.000000,0.000000,1,766835.000000,855000.000000,1.000000,3380223816252.000000,9192690.000000
855000,8,459637,0.600000,1.000000,0.702059,1.000000,0.000000,0,0.000000,854994.000000,1.000000,3380223816252.000000,9192690.000000
855000,9,459631,0.600000,1.000000,0.606062,1.000000,0.000000,0,0.000000,854946.000000,1.000000,3380223816252.000000,9192690.000000
855000,10,459637,0.600000,1.000000,0.572684,1.000000,0.000000,0,0.000000,854987.000000,1.000000,3380223816252.000000,9192690.000000
855000,11,459635,0.600000,1.000000,0.657024,1.000000,0.000000,0,0.000000,854908.000000,1.000000,3380223816252.000000,9192690.000000
855000,12,459636,0.600000,1.000000,0.661253,1.000000,0.000000,0,0.000000,854973.000000,1.000000,3380223816252.000000,9192690.000000
855000,13,459636,0.600000,1.000000,0.544992,1.000000,0.000000,0,0.000000,854775.000000,1.000000,3380223816252.000000,9192690.000000
855000,14,459628,0.600000,1.000000,0.648383,1.000000,0.000000,0,0.000000,854858.000000,1.000000,3380223816252.000000,9192690.000000
855000,15,459635,0.600000,1.000000,0.765811,1.000000,0.000000,0,0.000000,854990.000000,1.000000,3380223816252.000000,9192690.000000
856000,0,460172,0.600000,1.000000,0.684601,1.000000,0.000000,0,0.000000,855995.000000,1.000000,3388112066052.000000,10123737.000000
856000,1,460173,0.600000,1.000000,0.693752,1.000000,0.000000,0,0.000000,855983.000000,1.000000,3388112066052.000000,10123737.000000
856000,2,460176,0.600000,1.000000,0.757431,1.000000,0.000000,0,0.000000,855993.000000,1.000000,3388112066052.000000,10123737.000000
856000,3,460170,0.600000,1.000000,0.765521,1.000000,0.000000,0,0.000000,855959.000000,1.000000,3388112066052.000000,10123737.000000
856000,4,460174,0.600000,1.000000,0.652060,1.000000,0.000000,0,0.000000,855973.000000,1.000000,3388112066052.000000,10123737.000000
856000,5,460167,0.600000,1.000000,0.561152,1.000000,0.000000,0,0.000000,855955.000000,1.000000,3388112066052.000000,10123737.000000
856000,6,460174,0.600000,1.000000,0.857248,1.000000,0.000000,0,0.000000,855991.000000,1.000000,3388112066052.000000,10123737.000000
856000,7,460176,0.600000,1.000000,0.771912,1.000000,0.000000,1,767655.000000,856000.000000,1.000000,3388112066052.000000,10123737.000000
856000,8,460171,0.600000,1.000000,0.714593,1.000000,0.000000,0,0.000000,855925.000000,1.000000,3388112066052.000000,10123737.000000
856000,9,460165,0.600000,1.000000,0.524652,1.000000,0.000000,0,0.000000,855842.000000,1.000000,3388112066052.000000,10123737.000000
856000,10,460163,0.600000,1.000000,0.566137,1.000000,0.000000,0,0.000000,855854.000000,1.000000,3388112066052.000000,10123737.000000
856000,11,460169,0.600000,1.000000,0.623054,1.000000,0.000000,0,0.000000,855961.000000,1.000000,3388112066052.000000,10123737.000000
856000,12,460176,0.600000,1.000000,0.774949,1.000000,0.000000,0,0.000000,855997.000000,1.000000,3388112066052.000000,10123737.000000
856000,13,460167,0.600000,1.000000,0.737402,1.000000,0.000000,0,0.000000,855734.000000,1.000000,3388112066052.000000,10123737.000000
856000,14,460169,0.600000,1.000000,0.664107,1.000000,0.000000,0,0.000000,855941.000000,1.000000,3388112066052.000000,10123737.000000
856000,15,460168,0.600000,1.000000,0.589033,1.000000,0.000000,0,0.000000,855944.000000,1.000000,3388112066052.000000,10123737.000000
857000,0,460708,0.600000,1.000000,0.736470,1.000000,0.000000,0,0.000000,856968.000000,1.000000,3396015959271.000000,6449867.000000
857000,1,460706,0.600000,1.000000,0.630512,1.000000,0.000000,0,0.000000,856955.000000,1.000000,3396015959271.000000,6449867.000000
857000,2,460708,0.600000,1.000000,0.489755,1.000000,0.000000,0,0.000000,856976.000000,1.000000,3396015959271.000000,6449867.000000
857000,3,460707,0.600000,1.000000,0.688715,1.000000,0.000000,0,0.000000,856965.000000,1.000000,3396015959271.000000,6449867.000000
857000,4,460709,0.600000,1.000000,0.642095,1.000000,0.000000,0,0.000000,856925.000000,1.000000,3396015959271.000000,6449867.000000
857000,5,460710,0.600000,1.000000,0.767883,1.000000,0.000000,0,0.000000,856998.000000,1.000000,3396015959271.000000,6449867.000000
857000,6,460711,0.600000,1.000000,0.802664,1.000000,0.000000,0,0.000000,856999.000000,1.000000,3396015959271.000000,6449867.000000
857000,7,460704,0.600000,1.000000,0.588631,1.000000,0.000000,0,0.000000,856896.000000,1.000000,3396015959271.000000,6449867.000000
857000,8,460710,0.600000,1.000000,0.734474,1.000000,0.000000,0,0.000000,856994.000000,1.000000,3396015959271.000000,6449867.000000
857000,9,460699,0.600000,1.000000,0.697011,1.000000,0.000000,0,0.000000,856833.000000,1.000000,3396015959271.000000,6449867.000000
857000,10,460711,0.600000,1.000000,0.753612,1.000000,0.000000,1,767955.000000,857000.000000,1.000000,3396015959271.000000,6449867.000000
857000,11,460704,0.600000,1.000000,0.582872,1.000000,0.000000,0,0.000000,856977.000000,1.000000,3396015959271.000000,6449867.000000
857000,12,460697,0.600000,1.000000,0.660232,1.000000,0.000000,0,0.000000,856623.000000,1.000000,3396015959271.000000,6449867.000000
857000,13,460710,0.600000,1.000000,0.672886,1.000000,0.000000,0,0.000000,856997.000000,1.000000,3396015959271.000000,6449867.000000
857000,14,460712,0.600000,1.000000,0.690862,1.000000,0.000000,0,0.000000,856995.000000,1.000000,3396015959271.000000,6449867.000000
857000,15,460707,0.600000,1.000000,0.678701,1.000000,0.000000,0,0.000000,856930.000000,1.000000,3396015959271.000000,6449867.000000
858000,0,461243,0.600000,1.000000,0.730100,1.000000,0.000000,0,0.000000,857959.000000,1.000000,3403907843665.000000,6457359.000000
858000,1,461243,0.600000,1.000000,0.657661,1.000000,0.000000,0,0.000000,857929.000000,1.000000,3403907843665.000000,6457359.000000
858000,2,461243,0.600000,1.000000,0.663380,1.000000,0.000000,0,0.000000,857966.000000,1.000000,3403907843665.000000,6457359.000000
858000,3,461244,0.600000,1.000000,0.672908,1.000000,0.000000,0,0.000000,857995.000000,1.000000,3403907843665.000000,6457359.000000
858000,4,461239,0.600000,1.000000,0.571019,1.000000,0.000000,0,0.000000,857978.000000,1.000000,3403907843665.000000,6457359.000000
858000,5,461244,0.600000,1.000000,0.724172,1.000000,0.000000,1,768948.000000,858000.000000,1.000000,3403907843665.000000,6457359.000000
858000,6,461244,0.600000,1.000000,0.684229,1.000000,0.000000,0,0.000000,857955.000000,1.000000,3403907843665.000000,6457359.000000
858000,7,461238,0.600000,1.000000,0.556599,1.000000,0.000000,0,0.000000,857893.000000,1.000000,3403907843665.000000,6457359.000000
858000,8,461242,0.600000,1.000000,0.752480,1.000000,0.000000,0,0.000000,857993.000000,1.000000,3403907843665.000000,6457359.000000
858000,9,461245,0.600000,1.000000,0.599597,1.000000,0.000000,0,0.000000,857996.000000,1.000000,3403907843665.000000,6457359.000000
858000,10,461243,0.600000,1.000000,0.734183,1.000000,0.000000,0,0.000000,857920.000000,1.000000,3403907843665.000000,6457359.000000
858000,11,461244,0.600000,1.000000,0.526443,1.000000,0.000000,0,0.000000,857772.000000,1.000000,3403907843665.000000,6457359.000000
858000,12,461243,0.600000,1.000000,0.664363,1.000000,0.000000,0,0.000000,857910.000000,1.000000,3403907843665.000000,6457359.000000
858000,13,461243,0.600000,1.000000,0.801308,1.000000,0.000000,0,0.000000,857998.000000,1.000000,3403907843665.000000,6457359.000000
858000,14,461243,0.600000,1.000000,0.608147,1.000000,0.000000,0,0.000000,857988.000000,1.000000,3403907843665.000000,6457359.000000
858000,15,461232,0.600000,1.000000,0.549855,1.000000,0.000000,0,0.000000,857921.000000,1.000000,3403907843665.000000,6457359.000000
859000,0,461783,0.600000,1.000000,0.636722,1.000000,0.000000,0,0.000000,858961.000000,1.000000,3411855989060.000000,7388498.000000
859000,1,461780,0.600000,1.000000,0.799467,1.000000,0.000000,0,0.000000,858852.000000,1.000000,3411855989060.000000,7388498.000000
859000,2,461785,0.600000,1.000000,0.674710,1.000000,0.000000,1,769369.000000,859000.000000,1.000000,3411855989060.000000,7388498.000000
859000,3,461784,0.600000,1.000000,0.688069,1.000000,0.000000,0,0.000000,858994.000000,1.000000,3411855989060.000000,7388498.000000
859000,4,461783,0.600000,1.000000,0.578082,1.000000,0.000000,0,0.000000,858902.000000,1.000000,3411855989060.000000,7388498.000000
859000,5,461771,0.600000,1.000000,0.648189,1.000000,0.000000,0,0.000000,858791.000000,1.000000,3411855989060.000000,7388498.000000
859000,6,461783,0.600000,1.000000,0.580113,1.000000,0.000000,0,0.000000,858977.000000,1.000000,3411855989060.000000,7388498.000000
859000,7,461781,0.600000,1.000000,0.629318,1.000000,0.000000,0,0.000000,858762.000000,1.000000,3411855989060.000000,7388498.000000
859000,8,461780,0.600000,1.000000,0.604440,1.000000,0.000000,0,0.000000,858975.000000,1.000000,3411855989060.000000,7388498.000000
859000,9,461779,0.600000,1.000000,0.672461,1.000000,0.000000,0,0.000000,858910.000000,1.000000,3411855989060.000000,7388498.000000
859000,10,461772,0.600000,1.000000,0.766268,1.000000,0.000000,0,0.000000,858797.000000,1.000000,3411855989060.000000,7388498.000000
859000,11,461784,0.600000,1.000000,0.658221,1.000000,0.000000,0,0.000000,858996.000000,1.000000,3411855989060.000000,7388498.000000
859000,12,461785,0.600000,1.000000,0.755829,1.000000,0.000000,0,0.000000,858991.000000,1.000000,3411855989060.000000,7388498.000000
859000,13,461784,0.600000,1.000000,0.705418,1.000000,0.000000,0,0.000000,858999.000000,1.000000,3411855989060.000000,7388498.000000
859000,14,461768,0.600000,1.000000,0.693789,1.000000,0.000000,0,0.000000,858465.000000,1.000000,3411855989060.000000,7388498.000000
859000,15,461782,0.600000,1.000000,0.736850,1.000000,0.000000,0,0.000000,858992.000000,1.000000,3411855989060.000000,7388498.000000
860000,0,462291,0.600000,1.000000,0.648790,1.000000,0.000000,0,0.000000,859496.000000,1.000000,3419702447943.000000,7396924.000000
860000,1,462313,0.600000,1.000000,0.625175,1.000000,0.000000,0,0.000000,859980.000000,1.000000,3419702447943.000000,7396924.000000
860000,2,462316,0.600000,1.000000,0.661408,1.000000,0.000000,0,0.000000,859983.000000,1.000000,3419702447943.000000,7396924.000000
860000,3,462317,0.600000,1.000000,0.709533,1.000000,0.000000,0,0.000000,859998.000000,1.000000,3419702447943.000000,7396924.000000
860000,4,462314,0.600000,1.000000,0.684058,1.000000,0.000000,0,0.000000,859990.000000,1.000000,3419702447943.000000,7396924.000000
860000,5,462316,0.600000,1.000000,0.636801,1.000000,0.000000,0,0.000000,859805.000000,1.000000,3419702447943.000000,7396924.000000
860000,6,462309,0.600000,1.000000,0.708291,1.000000,0.000000,0,0.000000,859883.000000,1.000000,3419702447943.000000,7396924.000000
860000,7,462317,0.600000,1.000000,0.721086,1.000000,0.000000,1,771404.000000,860000.000000,1.000000,3419702447943.000000,7396924.000000
860000,8,462316,0.600000,1.000000,0.798809,1.000000,0.000000,0,0.000000,859999.000000,1.000000,3419702447943.000000,7396924.000000
860000,9,462297,0.600000,1.000000,0.620699,1.000000,0.000000,0,0.000000,859785.000000,1.000000,3419702447943.000000,7396924.000000
860000,10,462311,0.600000,1.000000,0.683186,1.000000,0.000000,0,0.000000,859941.000000,1.000000,3419702447943.000000,7396924.000000
860000,11,462316,0.600000,1.000000,0.709546,1.000000,0.000000,0,0.000000,859963.000000,1.000000,3419702447943.000000,7396924.000000
860000,12,462298,0.600000,1.000000,0.586362,1.000000,0.000000,0,0.000000,859439.000000,1.000000,3419702447943.000000,7396924.000000
860000,13,462316,0.600000,1.000000,0.717631,1.000000,0.000000,0,0.000000,859869.000000,1.000000,3419702447943.000000,7396924.000000
860000,14,462318,0.600000,1.000000,0.695524,1.000000,0.000000,0,0.000000,859997.000000,1.000000,3419702447943.000000,7396924.000000
860000,15,462310,0.600000,1.000000,0.595385,1.000000,0.000000,0,0.000000,859971.000000,1.000000,3419702447943.000000,7396924.000000
861000,0,462851,0.600000,1.000000,0.711738,1.000000,0.000000,0,0.000000,860999.000000,1.000000,3427631047287.000000,4628449.000000
861000,1,462847,0.600000,1.000000,0.750353,1.000000,0.000000,0,0.000000,860924.000000,1.000000,3427631047287.000000,4628449.000000
861000,2,462850,0.600000,1.000000,0.554706,1.000000,0.000000,0,0.000000,860814.000000,1.000000,3427631047287.000000,4628449.000000
861000,3,462843,0.600000,1.000000,0.506937,1.000000,0.000000,0,0.000000,860934.000000,1.000000,3427631047287.000000,4628449.000000
861000,4,462843,0.600000,1.000000,0.656367,1.000000,0.000000,0,0.000000,860800.000000,1.000000,3427631047287.000000,4628449.000000
861000,5,462831,0.600000,1.000000,0.656866,1.000000,0.000000,0,0.000000,860646.000000,1.000000,3427631047287.000000,4628449.000000
861000,6,462848,0.600000,1.000000,0.468175,1.000000,0.000000,0,0.000000,860821.000000,1.000000,3427631047287.000000,4628449.000000
861000,7,462833,0.600000,1.000000,0.744560,1.000000,0.000000,0,0.000000,860765.000000,1.000000,3427631047287.000000,4628449.000000
861000,8,462852,0.600000,1.000000,0.676509,1.000000,0.000000,1,770606.000000,861000.000000,1.000000,3427631047287.000000,4628449.000000
861000,9,462850,0.600000,1.000000,0.645578,1.000000,0.000000,0,0.000000,860981.000000,1.000000,3427631047287.000000,4628449.000000
861000,10,462847,0.600000,1.000000,0.640838,1.000000,0.000000,0,0.000000,860972.000000,1.000000,3427631047287.000000,4628449.000000
861000,11,462851,0.600000,1.000000,0.723597,1.000000,0.000000,0,0.000000,860998.000000,1.000000,3427631047287.000000,4628449.000000
861000,12,462850,0.600000,1.000000,0.687978,1.000000,0.000000,0,0.000000,860997.000000,1.000000,3427631047287.000000,4628449.000000
861000,13,462851,0.600000,1.000000,0.689805,1.000000,0.000000,0,0.000000,860962.000000,1.000000,3427631047287.000000,4628449.000000
861000,14,462851,0.600000,1.000000,0.700764,1.000000,0.000000,0,0.000000,860995.000000,1.000000,3427631047287.000000,4628449.000000
861000,15,462847,0.600000,1.000000,0.623191,1.000000,0.000000,0,0.000000,860911.000000,1.000000,3427631047287.000000,4628449.000000
862000,0,463376,0.600000,1.000000,0.652488,1.000000,0.000000,0,0.000000,861974.000000,1.000000,3435485418975.000000,12974520.000000
862000,1,463374,0.600000,1.000000,0.675678,1.000000,0.000000,0,0.000000,861954.000000,1.000000,3435485418975.000000,12974520.000000
862000,2,463371,0.600000,1.000000,0.537363,1.000000,0.000000,0,0.000000,861617.000000,1.000000,3435485418975.000000,12974520.000000
862000,3,463376,0.600000,1.000000,0.694144,1.000000,0.000000,0,0.000000,861958.000000,1.000000,3435485418975.000000,12974520.000000
862000,4,463370,0.600000,1.000000,0.423677,1.000000,0.000000,0,0.000000,861920.000000,1.000000,3435485418975.000000,12974520.000000
862000,5,463376,0.600000,1.000000,0.624945,1.000000,0.000000,0,0.000000,861934.000000,1.000000,3435485418975.000000,12974520.000000
862000,6,463381,0.600000,1.000000,0.645913,1.000000,0.000000,0,0.000000,861988.000000,1.000000,3435485418975.000000,12974520.000000
862000,7,463372,0.600000,1.000000,0.769666,1.000000,0.000000,0,0.000000,861779.000000,1.000000,3435485418975.000000,12974520.000000
862000,8,463378,0.600000,1.000000,0.767516,1.000000,0.000000,0,0.000000,861994.000000,1.000000,3435485418975.000000,12974520.000000
862000,9,463380,0.600000,1.000000,0.746702,1.000000,0.000000,1,772830.000000,862000.000000,1.000000,3435485418975.000000,12974520.000000
862000,10,463378,0.600000,1.000000,0.650666,1.000000,0.000000,0,0.000000,861996.000000,1.000000,3435485418975.000000,12974520.000000
862000,11,463375,0.600000,1.000000,0.604280,1.000000,0.000000,0,0.000000,861977.000000,1.000000,3435485418975.000000,12974520.000000
862000,12,463381,0.600000,1.000000,0.616124,1.000000,0.000000,0,0.000000,861997.000000,1.000000,3435485418975.000000,12974520.000000
862000,13,463381,0.600000,1.000000,0.702505,1.000000,0.000000,0,0.000000,861998.000000,1.000000,3435485418975.000000,12974520.000000
862000,14,463379,0.600000,1.000000,0.626956,1.000000,0.000000,0,0.000000,861992.000000,1.000000,3435485418975.000000,12974520.000000
862000,15,463377,0.600000,1.000000,0.603287,1.000000,0.000000,0,0.000000,861932.000000,1.000000,3435485418975.000000,12974520.000000
863000,0,463921,0.600000,1.000000,0.635602,1.000000,0.000000,1,772892.000000,863000.000000,1.000000,3443498159428.000000,12061821.000000
863000,1,463919,0.600000,1.000000,0.694876,1.000000,0.000000,0,0.000000,862984.000000,1.000000,3443498159428.000000,12061821.000000
863000,2,463912,0.600000,1.000000,0.619708,1.000000,0.000000,0,0.000000,862943.000000,1.000000,3443498159428.000000,12061821.000000
863000,3,463920,0.600000,1.000000,0.749278,1.000000,0.000000,0,0.000000,862969.000000,1.000000,3443498159428.000000,12061821.000000
863000,4,463918,0.600000,1.000000,0.661107,1.000000,0.000000,0,0.000000,862990.000000,1.000000,3443498159428.000000,12061821.000000
863000,5,463917,0.600000,1.000000,0.622650,1.000000,0.000000,0,0.000000,862765.000000,1.000000,3443498159428.000000,12061821.000000
863000,6,463916,0.600000,1.000000,0.664981,1.000000,0.000000,0,0.000000,862986.000000,1.000000,3443498159428.000000,12061821.000000
863000,7,463921,0.600000,1.000000,0.683959,1.000000,0.000000,0,0.000000,862963.000000,1.000000,3443498159428.000000,12061821.000000
863000,8,463915,0.600000,1.000000,0.756006,1.000000,0.000000,0,0.000000,862610.000000,1.000000,3443498159428.000000,12061821.000000
863000,9,463912,0.600000,1.000000,0.592825,1.000000,0.000000,0,0.000000,862973.000000,1.000000,3443498159428.000000,12061821.000000
863000,10,463913,0.600000,1.000000,0.656404,1.000000,0.000000,0,0.000000,862882.000000,1.000000,3443498159428.000000,12061821.000000
863000,11,463919,0.600000,1.000000,0.776040,1.000000,0.000000,0,0.000000,862996.000000,1.000000,3443498159428.000000,12061821.000000
863000,12,463908,0.600000,1.000000,0.502470,1.000000,0.000000,0,0.000000,862824.000000,1.000000,3443498159428.000000,12061821.000000
863000,13,463919,0.600000,1.000000,0.738323,1.000000,0.000000,0,0.000000,862999.000000,1.000000,3443498159428.000000,12061821.000000
863000,14,463918,0.600000,1.000000,0.657279,1.000000,0.000000,0,0.000000,862971.000000,1.000000,3443498159428.000000,12061821.000000
863000,15,463918,0.600000,1.000000,0.695309,1.000000,0.000000,0,0.000000,862992.000000,1.000000,3443498159428.000000,12061821.000000
864000,0,464459,0.600000,1.000000,0.749853,1.000000,0.000000,0,0.000000,863995.000000,1.000000,3451523948909.000000,4644551.000000
864000,1,464459,0.600000,1.000000,0.670548,1.000000,0.000000,1,773442.000000,864000.000000,1.000000,3451523948909.000000,4644551.000000
864000,2,464458,0.600000,1.000000,0.813285,1.000000,0.000000,0,0.000000,863999.000000,1.000000,3451523948909.000000,4644551.000000
864000,3,464458,0.600000,1.000000,0.625299,1.000000,0.000000,0,0.000000,863941.000000,1.000000,3451523948909.000000,4644551.000000
864000,4,464459,0.600000,1.000000,0.639229,1.000000,0.000000,0,0.000000,863961.000000,1.000000,3451523948909.000000,4644551.000000
864000,5,464459,0.600000,1.000000,0.672209,1.000000,0.000000,0,0.000000,863998.000000,1.000000,3451523948909.000000,4644551.000000
864000,6,464456,0.600000,1.000000,0.577628,1.000000,0.000000,0,0.000000,863778.000000,1.000000,3451523948909.000000,4644551.000000
864000,7,464458,0.600000,1.000000,0.645794,1.000000,0.000000,0,0.000000,863977.000000,1.000000,3451523948909.000000,4644551.000000
864000,8,464459,0.600000,1.000000,0.647265,1.000000,0.000000,0,0.000000,863976.000000,1.000000,3451523948909.000000,4644551.000000
864000,9,464457,0.600000,1.000000,0.663725,1.000000,0.000000,0,0.000000,863951.000000,1.000000,3451523948909.000000,4644551.000000
864000,10,464458,0.600000,1.000000,0.760778,1.000000,0.000000,0,0.000000,863957.000000,1.000000,3451523948909.000000,4644551.000000
864000,11,464444,0.600000,1.000000,0.656875,1.000000,0.000000,0,0.000000,863544.000000,1.000000,3451523948909.000000,4644551.000000
864000,12,464459,0.600000,1.000000,0.740783,1.000000,0.000000,0,0.000000,863970.000000,1.000000,3451523948909.000000,4644551.000000
864000,13,464458,0.600000,1.000000,0.736080,1.000000,0.000000,0,0.000000,863991.000000,1.000000,3451523948909.000000,4644551.000000
864000,14,464459,0.600000,1.000000,0.751970,1.000000,0.000000,0,0.000000,863837.000000,1.000000,3451523948909.000000,4644551.000000
864000,15,464451,0.600000,1.000000,0.615847,1.000000,0.000000,0,0.000000,863813.000000,1.000000,3451523948909.000000,4644551.000000
865000,0,465005,0.600000,1.000000,0.605207,1.000000,0.000000,0,0.000000,864981.000000,1.000000,3459660450401.000000,3720034.000000
865000,1,465007,0.600000,1.000000,0.714343,1.000000,0.000000,0,0.000000,864998.000000,1.000000,3459660450401.000000,3720034.000000
865000,2,465005,0.600000,1.000000,0.611225,1.000000,0.000000,0,0.000000,864985.000000,1.000000,3459660450401.000000,3720034.000000
865000,3,465001,0.600000,1.000000,0.660469,1.000000,0.000000,0,0.000000,864979.000000,1.000000,3459660450401.000000,3720034.000000
865000,4,465001,0.600000,1.000000,0.621941,1.000000,0.000000,0,0.000000,864954.000000,1.000000,3459660450401.000000,3720034.000000
865000,5,465003,0.600000,1.000000,0.791097,1.000000,0.000000,0,0.000000,864938.000000,1.000000,3459660450401.000000,3720034.000000
865000,6,465006,0.600000,1.000000,0.710702,1.000000,0.000000,0,0.000000,864973.000000,1.000000,3459660450401.000000,3720034.000000
865000,7,465006,0.600000,1.000000,0.773846,1.000000,0.000000,1,775886.000000,865000.000000,1.000000,3459660450401.000000,3720034.000000
865000,8,465005,0.600000,1.000000,0.729621,1.000000,0.000000,0,0.000000,864937.000000,1.000000,3459660450401.000000,3720034.000000
865000,9,465004,0.600000,1.000000,0.667891,1.000000,0.000000,0,0.000000,864966.000000,1.000000,3459660450401.000000,3720034.000000
865000,10,465004,0.600000,1.000000,0.612248,1.000000,0.000000,0,0.000000,864969.000000,1.000000,3459660450401.000000,3720034.000000
865000,11,465007,0.600000,1.000000,0.770140,1.000000,0.000000,0,0.000000,864995.000000,1.000000,3459660450401.000000,3720034.000000
865000,12,465006,0.600000,1.000000,0.784955,1.000000,0.000000,0,0.000000,864999.000000,1.000000,3459660450401.000000,3720034.000000
865000,13,464995,0.600000,1.000000,0.710198,1.000000,0.000000,0,0.000000,864685.000000,1.000000,3459660450401.000000,3720034.000000
865000,14,465006,0.600000,1.000000,0.605278,1.000000,0.000000,0,0.000000,864776.000000,1.000000,3459660450401.000000,3720034.000000
865000,15,465004,0.600000,1.000000,0.569490,1.000000,0.000000,0,0.000000,864956.000000,1.000000,3459660450401.000000,3720034.000000
866000,0,465543,0.600000,1.000000,0.583589,1.000000,0.000000,0,0.000000,865676.000000,1.000000,3467692937479.000000,3724352.000000
866000,1,465540,0.600000,1.000000,0.529405,1.000000,0.000000,0,0.000000,865844.000000,1.000000,3467692937479.000000,3724352.000000
866000,2,465547,0.600000,1.000000,0.654381,1.000000,0.000000,0,0.000000,865998.000000,1.000000,3467692937479.000000,3724352.000000
866000,3,465539,0.600000,1.000000,0.744074,1.000000,0.000000,0,0.000000,865858.000000,1.000000,3467692937479.000000,3724352.000000
866000,4,465538,0.600000,1.000000,0.479877,1.000000,0.000000,0,0.000000,865948.000000,1.000000,3467692937479.000000,3724352.000000
866000,5,465546,0.600000,1.000000,0.582537,1.000000,0.000000,0,0.000000,865987.000000,1.000000,3467692937479.000000,3724352.000000
866000,6,465544,0.600000,1.000000,0.695430,1.000000,0.000000,0,0.000000,865986.000000,1.000000,3467692937479.000000,3724352.000000
866000,7,465545,0.600000,1.000000,0.703264,1.000000,0.000000,0,0.000000,865000.000000,1.000000,3467692937479.000000,3724352.000000
866000,8,465544,0.600000,1.000000,0.646733,1.000000,0.000000,0,0.000000,865996.000000,1.000000,3467692937479.000000,3724352.000000
866000,9,465541,0.600000,1.000000,0.669587,1.000000,0.000000,0,0.000000,865970.000000,1.000000,3467692937479.000000,3724352.000000
866000,10,465542,0.600000,1.000000,0.642615,1.000000,0.000000,0,0.000000,865888.000000,1.000000,3467692937479.000000,3724352.000000
866000,11,465546,0.600000,1.000000,0.639045,1.000000,0.000000,0,0.000000,865965.000000,1.000000,3467692937479.000000,3724352.000000
866000,12,465545,0.600000,1.000000,0.792821,1.000000,0.000000,0,0.000000,865997.000000,1.000000,3467692937479.000000,3724352.000000
866000,13,465546,0.600000,1.000000,0.666739,1.000000,0.000000,0,0.000000,865975.000000,1.000000,3467692937479.000000,3724352.000000
866000,14,465545,0.600000,1.000000,0.627929,1.000000,0.000000,0,0.000000,865988.000000,1.000000,3467692937479.000000,3724352.000000
866000,15,465546,0.600000,1.000000,0.696164,1.000000,0.000000,1,776047.000000,866000.000000,1.000000,3467692937479.000000,3724352.000000
867000,0,466066,0.600000,1.000000,0.475370,1.000000,0.000000,0,0.000000,866942.000000,1.000000,3475560425616.000000,11185688.000000
867000,1,466074,0.600000,1.000000,0.577669,1.000000,0.000000,0,0.000000,866979.000000,1.000000,3475560425616.000000,11185688.000000
867000,2,466071,0.600000,1.000000,0.583718,1.000000,0.000000,0,0.000000,866959.000000,1.000000,3475560425616.000000,11185688.000000
867000,3,466073,0.600000,1.000000,0.608924,1.000000,0.000000,0,0.000000,866986.000000,1.000000,3475560425616.000000,11185688.000000
867000,4,466069,0.600000,1.000000,0.652246,1.000000,0.000000,0,0.000000,866769.000000,1.000000,3475560425616.000000,11185688.000000
867000,5,466072,0.600000,1.000000,0.467876,1.000000,0.000000,0,0.000000,866861.000000,1.000000,3475560425616.000000,11185688.000000
867000,6,466069,0.600000,1.000000,0.581051,1.000000,0.000000,0,0.000000,866864.000000,1.000000,3475560425616.000000,11185688.000000
867000,7,466068,0.600000,1.000000,0.624329,1.000000,0.000000,0,0.000000,866938.000000,1.000000,3475560425616.000000,11185688.000000
867000,8,466075,0.600000,1.000000,0.778048,1.000000,0.000000,1,776017.000000,867000.000000,1.000000,3475560425616.000000,11185688.000000
867000,9,466076,0.600000,1.000000,0.637821,1.000000,0.000000,0,0.000000,866998.000000,1.000000,3475560425616.000000,11185688.000000
867000,10,466071,0.600000,1.000000,0.586712,1.000000,0.000000,0,0.000000,866890.000000,1.000000,3475560425616.000000,11185688.000000
867000,11,466073,0.600000,1.000000,0.564189,1.000000,0.000000,0,0.000000,866995.000000,1.000000,3475560425616.000000,11185688.000000
867000,12,466069,0.600000,1.000000,0.562679,1.000000,0.000000,0,0.000000,866923.000000,1.000000,3475560425616.000000,11185688.000000
867000,13,466072,0.600000,1.000000,0.688526,1.000000,0.000000,0,0.000000,866897.000000,1.000000,3475560425616.000000,11185688.000000
867000,14,466072,0.600000,1.000000,0.661092,1.000000,0.000000,0,0.000000,866989.000000,1.000000,3475560425616.000000,11185688.000000
867000,15,466072,0.600000,1.000000,0.581049,1.000000,0.000000,0,0.000000,866924.000000,1.000000,3475560425616.000000,11185688.000000
868000,0,466612,0.600000,1.000000,0.618122,1.000000,0.000000,0,0.000000,867989.000000,1.000000,3483591741463.000000,10265399.000000
868000,1,466609,0.600000,1.000000,0.529658,1.000000,0.000000,0,0.000000,867853.000000,1.000000,3483591741463.000000,10265399.000000
868000,2,466614,0.600000,1.000000,0.642293,1.000000,0.000000,0,0.000000,867964.000000,1.000000,3483591741463.000000,10265399.000000
868000,3,466612,0.600000,1.000000,0.734912,1.000000,0.000000,0,0.000000,867998.000000,1.000000,3483591741463.000000,10265399.000000
868000,4,466610,0.600000,1.000000,0.711126,1.000000,0.000000,0,0.000000,867864.000000,1.000000,3483591741463.000000,10265399.000000
868000,5,466602,0.600000,1.000000,0.599622,1.000000,0.000000,0,0.000000,867940.000000,1.000000,3483591741463.000000,10265399.000000
868000,6,466615,0.600000,1.000000,0.744498,1.000000,0.000000,1,778113.000000,868000.000000,1.000000,3483591741463.000000,10265399.000000
868000,7,466607,0.600000,1.000000,0.687148,1.000000,0.000000,0,0.000000,867947.000000,1.000000,3483591741463.000000,10265399.000000
868000,8,466614,0.600000,1.000000,0.720950,1.000000,0.000000,0,0.000000,867992.000000,1.000000,3483591741463.000000,10265399.000000
868000,9,466605,0.600000,1.000000,0.555751,1.000000,0.000000,0,0.000000,867969.000000,1.000000,3483591741463.000000,10265399.000000
868000,10,466615,0.600000,1.000000,0.817059,1.000000,0.000000,0,0.000000,867999.000000,1.000000,3483591741463.000000,10265399.000000
868000,11,466611,0.600000,1.000000,0.717302,1.000000,0.000000,0,0.000000,867986.000000,1.000000,3483591741463.000000,10265399.000000
868000,12,466596,0.600000,1.000000,0.508671,1.000000,0.000000,0,0.000000,867901.000000,1.000000,3483591741463.000000,10265399.000000
868000,13,466612,0.600000,1.000000,0.542864,1.000000,0.000000,0,0.000000,867936.000000,1.000000,3483591741463.000000,10265399.000000
868000,14,466612,0.600000,1.000000,0.543493,1.000000,0.000000,0,0.000000,867976.000000,1.000000,3483591741463.000000,10265399.000000
868000,15,466607,0.600000,1.000000,0.553816,1.000000,0.000000,0,0.000000,867899.000000,1.000000,3483591741463.000000,10265399.000000
869000,0,467146,0.600000,1.000000,0.677740,1.000000,0.000000,0,0.000000,868818.000000,1.000000,3491711741155.000000,5605812.000000
869000,1,467146,0.600000,1.000000,0.652067,1.000000,0.000000,0,0.000000,868892.000000,1.000000,3491711741155.000000,5605812.000000
869000,2,467145,0.600000,1.000000,0.723340,1.000000,0.000000,0,0.000000,868769.000000,1.000000,3491711741155.000000,5605812.000000
869000,3,467157,0.600000,1.000000,0.746196,1.000000,0.000000,0,0.000000,868986.000000,1.000000,3491711741155.000000,5605812.000000
869000,4,467157,0.600000,1.000000,0.717586,1.000000,0.000000,0,0.000000,868999.000000,1.000000,3491711741155.000000,5605812.000000
869000,5,467155,0.600000,1.000000,0.725826,1.000000,0.000000,0,0.000000,868947.000000,1.000000,3491711741155.000000,5605812.000000
869000,6,467157,0.600000,1.000000,0.867712,1.000000,0.000000,0,0.000000,868996.000000,1.000000,3491711741155.000000,5605812.000000
869000,7,467155,0.600000,1.000000,0.719297,1.000000,0.000000,0,0.000000,868984.000000,1.000000,3491711741155.000000,5605812.000000
869000,8,467154,0.600000,1.000000,0.695943,1.000000,0.000000,0,0.000000,868845.000000,1.000000,3491711741155.000000,5605812.000000
869000,9,467153,0.600000,1.000000,0.572091,1.000000,0.000000,0,0.000000,868935.000000,1.000000,3491711741155.000000,5605812.000000
869000,10,467147,0.600000,1.000000,0.641986,1.000000,0.000000,0,0.000000,868963.000000,1.000000,3491711741155.000000,5605812.000000
869000,11,467154,0.600000,1.000000,0.723146,1.000000,0.000000,0,0.000000,868976.000000,1.000000,3491711741155.000000,5605812.000000
869000,12,467157,0.600000,1.000000,0.623465,1.000000,0.000000,0,0.000000,868950.000000,1.000000,3491711741155.000000,5605812.000000
869000,13,467157,0.600000,1.000000,0.712073,1.000000,0.000000,1,778864.000000,869000.000000,1.000000,3491711741155.000000,5605812.000000
869000,14,467152,0.600000,1.000000,0.691643,1.000000,0.000000,0,0.000000,868898.000000,1.000000,3491711741155.000000,5605812.000000
869000,15,467157,0.600000,1.000000,0.750358,1.000000,0.000000,0,0.000000,868998.000000,1.000000,3491711741155.000000,5605812.000000
870000,0,467688,0.600000,1.000000,0.636503,1.000000,0.000000,0,0.000000,869950.000000,1.000000,3499791617790.000000,7483128.000000
870000,1,467687,0.600000,1.000000,0.645388,1.000000,0.000000,0,0.000000,869850.000000,1.000000,3499791617790.000000,7483128.000000
870000,2,467689,0.600000,1.000000,0.537503,1.000000,0.000000,0,0.000000,869959.000000,1.000000,3499791617790.000000,7483128.000000
870000,3,467700,0.600000,1.000000,0.787444,1.000000,0.000000,1,779653.000000,870000.000000,1.000000,3499791617790.000000,7483128.000000
870000,4,467696,0.600000,1.000000,0.701318,1.000000,0.000000,0,0.000000,869945.000000,1.000000,3499791617790.000000,7483128.000000
870000,5,467695,0.600000,1.000000,0.632446,1.000000,0.000000,0,0.000000,869991.000000,1.000000,3499791617790.000000,7483128.000000
870000,6,467686,0.600000,1.000000,0.710402,1.000000,0.000000,0,0.000000,869778.000000,1.000000,3499791617790.000000,7483128.000000
870000,7,467697,0.600000,1.000000,0.671716,1.000000,0.000000,0,0.000000,869996.000000,1.000000,3499791617790.000000,7483128.000000
870000,8,467696,0.600000,1.000000,0.729727,1.000000,0.000000,0,0.000000,869931.000000,1.000000,3499791617790.000000,7483128.000000
870000,9,467698,0.600000,1.000000,0.761504,1.000000,0.000000,0,0.000000,869997.000000,1.000000,3499791617790.000000,7483128.000000
870000,10,467691,0.600000,1.000000,0.648801,1.000000,0.000000,0,0.000000,869957.000000,1.000000,3499791617790.000000,7483128.000000
870000,11,467697,0.600000,1.000000,0.742961,1.000000,0.000000,0,0.000000,869992.000000,1.000000,3499791617790.000000,7483128.000000
870000,12,467692,0.600000,1.000000,0.628207,1.000000,0.000000,0,0.000000,869962.000000,1.000000,3499791617790.000000,7483128.000000
870000,13,467692,0.600000,1.000000,0.559224,1.000000,0.000000,0,0.000000,869961.000000,1.000000,3499791617790.000000,7483128.000000
870000,14,467694,0.600000,1.000000,0.680108,1.000000,0.000000,0,0.000000,869970.000000,1.000000,3499791617790.000000,7483128.000000
870000,15,467694,0.600000,1.000000,0.703710,1.000000,0.000000,0,0.000000,869977.000000,1.000000,3499791617790.000000,7483128.000000
871000,0,468241,0.600000,1.000000,0.735373,1.000000,0.000000,0,0.000000,870898.000000,1.000000,3508003510238.000000,8428311.000000
871000,1,468239,0.600000,1.000000,0.643493,1.000000,0.000000,0,0.000000,870781.000000,1.000000,3508003510238.000000,8428311.000000
871000,2,468242,0.600000,1.000000,0.680182,1.000000,0.000000,0,0.000000,870992.000000,1.000000,3508003510238.000000,8428311.000000
871000,3,468244,0.600000,1.000000,0.730176,1.000000,0.000000,0,0.000000,870995.000000,1.000000,3508003510238.000000,8428311.000000
871000,4,468242,0.600000,1.000000,0.729264,1.000000,0.000000,0,0.000000,870998.000000,1.000000,3508003510238.000000,8428311.000000
871000,5,468242,0.600000,1.000000,0.656683,1.000000,0.000000,0,0.000000,870966.000000,1.000000,3508003510238.000000,8428311.000000
871000,6,468244,0.600000,1.000000,0.667948,1.000000,0.000000,1,780930.000000,871000.000000,1.000000,3508003510238.000000,8428311.000000
871000,7,468243,0.600000,1.000000,0.605555,1.000000,0.000000,0,0.000000,870983.000000,1.000000,3508003510238.000000,8428311.000000
871000,8,468243,0.600000,1.000000,0.662440,1.000000,0.000000,0,0.000000,870993.000000,1.000000,3508003510238.000000,8428311.000000
871000,9,468241,0.600000,1.000000,0.629633,1.000000,0.000000,0,0.000000,870947.000000,1.000000,3508003510238.000000,8428311.000000
871000,10,468242,0.600000,1.000000,0.636973,1.000000,0.000000,0,0.000000,870968.000000,1.000000,3508003510238.000000,8428311.000000
871000,11,468235,0.600000,1.000000,0.627644,1.000000,0.000000,0,0.000000,870274.000000,1.000000,3508003510238.000000,8428311.000000
871000,12,468244,0.600000,1.000000,0.645867,1.000000,0.000000,0,0.000000,870999.000000,1.000000,3508003510238.000000,8428311.000000
871000,13,468244,0.600000,1.000000,0.700970,1.000000,0.000000,0,0.000000,870996.000000,1.000000,3508003510238.000000,8428311.000000
871000,14,468244,0.600000,1.000000,0.646684,1.000000,0.000000,0,0.000000,870988.000000,1.000000,3508003510238.000000,8428311.000000
871000,15,468236,0.600000,1.000000,0.577971,1.000000,0.000000,0,0.000000,870867.000000,1.000000,3508003510238.000000,8428311.000000
872000,0,468786,0.600000,1.000000,0.715656,1.000000,0.000000,0,0.000000,871959.000000,1.000000,3516109704403.000000,7500526.000000
872000,1,468782,0.600000,1.000000,0.767784,1.000000,0.000000,0,0.000000,871972.000000,1.000000,3516109704403.000000,7500526.000000
872000,2,468783,0.600000,1.000000,0.729626,1.000000,0.000000,0,0.000000,871987.000000,1.000000,3516109704403.000000,7500526.000000
872000,3,468773,0.600000,1.000000,0.704903,1.000000,0.000000,0,0.000000,871365.000000,1.000000,3516109704403.000000,7500526.000000
872000,4,468779,0.600000,1.000000,0.741845,1.000000,0.000000,0,0.000000,871894.000000,1.000000,3516109704403.000000,7500526.000000
872000,5,468783,0.600000,1.000000,0.727176,1.000000,0.000000,0,0.000000,871920.000000,1.000000,3516109704403.000000,7500526.000000
872000,6,468785,0.600000,1.000000,0.661814,1.000000,0.000000,0,0.000000,871993.000000,1.000000,3516109704403.000000,7500526.000000
872000,7,468779,0.600000,1.000000,0.561417,1.000000,0.000000,0,0.000000,871953.000000,1.000000,3516109704403.000000,7500526.000000
872000,8,468783,0.600000,1.000000,0.593271,1.000000,0.000000,0,0.000000,871967.000000,1.000000,3516109704403.000000,7500526.000000
872000,9,468783,0.600000,1.000000,0.684081,1.000000,0.000000,0,0.000000,871895.000000,1.000000,3516109704403.000000,7500526.000000
872000,10,468783,0.600000,1.000000,0.603788,1.000000,0.000000,0,0.000000,871917.000000,1.000000,3516109704403.000000,7500526.000000
872000,11,468777,0.600000,1.000000,0.615428,1.000000,0.000000,0,0.000000,871931.000000,1.000000,3516109704403.000000,7500526.000000
872000,12,468785,0.600000,1.000000,0.800033,1.000000,0.000000,1,780830.000000,872000.000000,1.000000,3516109704403.000000,7500526.000000
872000,13,468786,0.600000,1.000000,0.601318,1.000000,0.000000,0,0.000000,871950.000000,1.000000,3516109704403.000000,7500526.000000
872000,14,468786,0.600000,1.000000,0.727922,1.000000,0.000000,0,0.000000,871999.000000,1.000000,3516109704403.000000,7500526.000000
872000,15,468784,0.600000,1.000000,0.646411,1.000000,0.000000,0,0.000000,871907.000000,1.000000,3516109704403.000000,7500526.000000
873000,0,469319,0.600000,1.000000,0.587474,1.000000,0.000000,0,0.000000,872973.000000,1.000000,3524166119003.000000,8447763.000000
873000,1,469319,0.600000,1.000000,0.642074,1.000000,0.000000,0,0.000000,872946.000000,1.000000,3524166119003.000000,8447763.000000
873000,2,469316,0.600000,1.000000,0.573409,1.000000,0.000000,0,0.000000,872918.000000,1.000000,3524166119003.000000,8447763.000000
873000,3,469322,0.600000,1.000000,0.631760,1.000000,0.000000,0,0.000000,872995.000000,1.000000,3524166119003.000000,8447763.000000
873000,4,469318,0.600000,1.000000,0.571403,1.000000,0.000000,0,0.000000,872943.000000,1.000000,3524166119003.000000,8447763.000000
873000,5,469321,0.600000,1.000000,0.685877,1.000000,0.000000,0,0.000000,872999.000000,1.000000,3524166119003.000000,8447763.000000
873000,6,469321,0.600000,1.000000,0.712252,1.000000,0.000000,0,0.000000,872967.000000,1.000000,3524166119003.000000,8447763.000000
873000,7,469315,0.600000,1.000000,0.589301,1.000000,0.000000,0,0.000000,872980.000000,1.000000,3524166119003.000000,8447763.000000
873000,8,469322,0.600000,1.000000,0.879015,1.000000,0.000000,0,0.000000,872996.000000,1.000000,3524166119003.000000,8447763.000000
873000,9,469322,0.600000,1.000000,0.648085,1.000000,0.000000,0,0.000000,872985.000000,1.000000,3524166119003.000000,8447763.000000
873000,10,469322,0.600000,1.000000,0.680919,1.000000,0.000000,0,0.000000,872994.000000,1.000000,3524166119003.000000,8447763.000000
873000,11,469320,0.600000,1.000000,0.584842,1.000000,0.000000,0,0.000000,872991.000000,1.000000,3524166119003.000000,8447763.000000
873000,12,469309,0.600000,1.000000,0.509538,1.000000,0.000000,0,0.000000,872497.000000,1.000000,3524166119003.000000,8447763.000000
873000,13,469318,0.600000,1.000000,0.709727,1.000000,0.000000,0,0.000000,872739.000000,1.000000,3524166119003.000000,8447763.000000
873000,14,469323,0.600000,1.000000,0.713143,1.000000,0.000000,1,782824.000000,873000.000000,1.000000,3524166119003.000000,8447763.000000
873000,15,469318,0.600000,1.000000,0.609014,1.000000,0.000000,0,0.000000,872926.000000,1.000000,3524166119003.000000,8447763.000000
874000,0,469851,0.600000,1.000000,0.679490,1.000000,0.000000,0,0.000000,873995.000000,1.000000,3532104893292.000000,12216013.000000
874000,1,469851,0.600000,1.000000,0.647368,1.000000,0.000000,0,0.000000,873990.000000,1.000000,3532104893292.000000,12216013.000000
874000,2,469848,0.600000,1.000000,0.661105,1.000000,0.000000,0,0.000000,873961.000000,1.000000,3532104893292.000000,12216013.000000
874000,3,469849,0.600000,1.000000,0.665979,1.000000,0.000000,0,0.000000,873962.000000,1.000000,3532104893292.000000,12216013.000000
874000,4,469852,0.600000,1.000000,0.723022,1.000000,0.000000,1,783038.000000,874000.000000,1.000000,3532104893292.000000,12216013.000000
874000,5,469839,0.600000,1.000000,0.673362,1.000000,0.000000,0,0.000000,873861.000000,1.000000,3532104893292.000000,12216013.000000
874000,6,469852,0.600000,1.000000,0.759700,1.000000,0.000000,0,0.000000,873999.000000,1.000000,3532104893292.000000,12216013.000000
874000,7,469848,0.600000,1.000000,0.662661,1.000000,0.000000,0,0.000000,873949.000000,1.000000,3532104893292.000000,12216013.000000
874000,8,469849,0.600000,1.000000,0.616062,1.000000,0.000000,0,0.000000,873985.000000,1.000000,3532104893292.000000,12216013.000000
874000,9,469849,0.600000,1.000000,0.646064,1.000000,0.000000,0,0.000000,873852.000000,1.000000,3532104893292.000000,12216013.000000
874000,10,469842,0.600000,1.000000,0.703604,1.000000,0.000000,0,0.000000,873509.000000,1.000000,3532104893292.000000,12216013.000000
874000,11,469851,0.600000,1.000000,0.767621,1.000000,0.000000,0,0.000000,873998.000000,1.000000,3532104893292.000000,12216013.000000
874000,12,469850,0.600000,1.000000,0.604857,1.000000,0.000000,0,0.000000,873944.000000,1.000000,3532104893292.000000,12216013.000000
874000,13,469828,0.600000,1.000000,0.687641,1.000000,0.000000,0,0.000000,873774.000000,1.000000,3532104893292.000000,12216013.000000
874000,14,469849,0.600000,1.000000,0.527267,1.000000,0.000000,0,0.000000,873929.000000,1.000000,3532104893292.000000,12216013.000000
874000,15,469850,0.600000,1.000000,0.680687,1.000000,0.000000,0,0.000000,873988.000000,1.000000,3532104893292.000000,12216013.000000
875000,0,470381,0.600000,1.000000,0.635513,1.000000,0.000000,0,0.000000,874587.000000,1.000000,3540194653358.000000,6585377.000000
875000,1,470385,0.600000,1.000000,0.672521,1.000000,0.000000,0,0.000000,874975.000000,1.000000,3540194653358.000000,6585377.000000
875000,2,470388,0.600000,1.000000,0.723808,1.000000,0.000000,0,0.000000,874982.000000,1.000000,3540194653358.000000,6585377.000000
875000,3,470384,0.600000,1.000000,0.602895,1.000000,0.000000,0,0.000000,874979.000000,1.000000,3540194653358.000000,6585377.000000
875000,4,470385,0.600000,1.000000,0.569511,1.000000,0.000000,0,0.000000,874969.000000,1.000000,3540194653358.000000,6585377.000000
875000,5,470376,0.600000,1.000000,0.667689,1.000000,0.000000,0,0.000000,874871.000000,1.000000,3540194653358.000000,6585377.000000
875000,6,470384,0.600000,1.000000,0.573235,1.000000,0.000000,0,0.000000,874973.000000,1.000000,3540194653358.000000,6585377.000000
875000,7,470384,0.600000,1.000000,0.688843,1.000000,0.000000,0,0.000000,874862.000000,1.000000,3540194653358.000000,6585377.000000
875000,8,470386,0.600000,1.000000,0.663823,1.000000,0.000000,0,0.000000,874965.000000,1.000000,3540194653358.000000,6585377.000000
875000,9,470390,0.600000,1.000000,0.753196,1.000000,0.000000,1,784439.000000,875000.000000,1.000000,3540194653358.000000,6585377.000000
875000,10,470389,0.600000,1.000000,0.788779,1.000000,0.000000,0,0.000000,874994.000000,1.000000,3540194653358.000000,6585377.000000
875000,11,470384,0.600000,1.000000,0.554783,1.000000,0.000000,0,0.000000,874978.000000,1.000000,3540194653358.000000,6585377.000000
875000,12,470389,0.600000,1.000000,0.799823,1.000000,0.000000,0,0.000000,874960.000000,1.000000,3540194653358.000000,6585377.000000
875000,13,470389,0.600000,1.000000,0.693850,1.000000,0.000000,0,0.000000,874998.000000,1.000000,3540194653358.000000,6585377.000000
875000,14,470380,0.600000,1.000000,0.569554,1.000000,0.000000,0,0.000000,874008.000000,1.000000,3540194653358.000000,6585377.000000
875000,15,470388,0.600000,1.000000,0.655686,1.000000,0.000000,0,0.000000,874996.000000,1.000000,3540194653358.000000,6585377.000000
876000,0,470926,0.600000,1.000000,0.842951,1.000000,0.000000,0,0.000000,875999.000000,1.000000,3548290841891.000000,5651088.000000
876000,1,470926,0.600000,1.000000,0.680467,1.000000,0.000000,1,784264.000000,876000.000000,1.000000,3548290841891.000000,5651088.000000
876000,2,470920,0.600000,1.000000,0.528585,1.000000,0.000000,0,0.000000,875931.000000,1.000000,3548290841891.000000,5651088.000000
876000,3,470925,0.600000,1.000000,0.699040,1.000000,0.000000,0,0.000000,875972.000000,1.000000,3548290841891.000000,5651088.000000
876000,4,470920,0.600000,1.000000,0.523557,1.000000,0.000000,0,0.000000,875956.000000,1.000000,3548290841891.000000,5651088.000000
876000,5,470925,0.600000,1.000000,0.637242,1.000000,0.000000,0,0.000000,875952.000000,1.000000,3548290841891.000000,5651088.000000
876000,6,470926,0.600000,1.000000,0.662067,1.000000,0.000000,0,0.000000,875998.000000,1.000000,3548290841891.000000,5651088.000000
876000,7,470925,0.600000,1.000000,0.626181,1.000000,0.000000,0,0.000000,875986.000000,1.000000,3548290841891.000000,5651088.000000
876000,8,470916,0.600000,1.000000,0.637288,1.000000,0.000000,0,0.000000,875826.000000,1.000000,3548290841891.000000,5651088.000000
876000,9,470925,0.600000,1.000000,0.767196,1.000000,0.000000,0,0.000000,875995.000000,1.000000,3548290841891.000000,5651088.000000
876000,10,470919,0.600000,1.000000,0.604252,1.000000,0.000000,0,0.000000,875879.000000,1.000000,3548290841891.000000,5651088.000000
876000,11,470925,0.600000,1.000000,0.597068,1.000000,0.000000,0,0.000000,875993.000000,1.000000,3548290841891.000000,5651088.000000
876000,12,470925,0.600000,1.000000,0.531152,1.000000,0.000000,0,0.000000,875984.000000,1.000000,3548290841891.000000,5651088.000000
876000,13,470924,0.600000,1.000000,0.697017,1.000000,0.000000,0,0.000000,875864.000000,1.000000,3548290841891.000000,5651088.000000
876000,14,470912,0.600000,1.000000,0.609927,1.000000,0.000000,0,0.000000,875151.000000,1.000000,3548290841891.000000,5651088.000000
876000,15,470924,0.600000,1.000000,0.772980,1.000000,0.000000,0,0.000000,875930.000000,1.000000,3548290841891.000000,5651088.000000
877000,0,471449,0.600000,1.000000,0.625487,1.000000,0.000000,0,0.000000,876954.000000,1.000000,3556210524519.000000,4714467.000000
877000,1,471447,0.600000,1.000000,0.591000,1.000000,0.000000,0,0.000000,876939.000000,1.000000,3556210524519.000000,4714467.000000
877000,2,471446,0.600000,1.000000,0.650945,1.000000,0.000000,0,0.000000,876920.000000,1.000000,3556210524519.000000,4714467.000000
877000,3,471442,0.600000,1.000000,0.696866,1.000000,0.000000,0,0.000000,876784.000000,1.000000,3556210524519.000000,4714467.000000
877000,4,471451,0.600000,1.000000,0.772450,1.000000,0.000000,0,0.000000,876996.000000,1.000000,3556210524519.000000,4714467.000000
877000,5,471446,0.600000,1.000000,0.668028,1.000000,0.000000,0,0.000000,876972.000000,1.000000,3556210524519.000000,4714467.000000
877000,6,471450,0.600000,1.000000,0.630188,1.000000,0.000000,0,0.000000,876985.000000,1.000000,3556210524519.000000,4714467.000000
877000,7,471448,0.600000,1.000000,0.565064,1.000000,0.000000,0,0.000000,876980.000000,1.000000,3556210524519.000000,4714467.000000
877000,8,471448,0.600000,1.000000,0.664437,1.000000,0.000000,0,0.000000,876940.000000,1.000000,3556210524519.000000,4714467.000000
877000,9,471447,0.600000,1.000000,0.615204,1.000000,0.000000,0,0.000000,876937.000000,1.000000,3556210524519.000000,4714467.000000
877000,10,471452,0.600000,1.000000,0.700571,1.000000,0.000000,0,0.000000,876994.000000,1.000000,3556210524519.000000,4714467.000000
877000,11,471451,0.600000,1.000000,0.618320,1.000000,0.000000,0,0.000000,876991.000000,1.000000,3556210524519.000000,4714467.000000
877000,12,471444,0.600000,1.000000,0.548578,1.000000,0.000000,0,0.000000,876975.000000,1.000000,3556210524519.000000,4714467.000000
877000,13,471443,0.600000,1.000000,0.600283,1.000000,0.000000,0,0.000000,876919.000000,1.000000,3556210524519.000000,4714467.000000
877000,14,471451,0.600000,1.000000,0.789085,1.000000,0.000000,0,0.000000,876999.000000,1.000000,3556210524519.000000,4714467.000000
877000,15,471452,0.600000,1.000000,0.577751,1.000000,0.000000,1,785826.000000,877000.000000,1.000000,3556210524519.000000,4714467.000000
878000,0,471990,0.600000,1.000000,0.707811,1.000000,0.000000,0,0.000000,877998.000000,1.000000,3564337267197.000000,8495767.000000
878000,1,471989,0.600000,1.000000,0.663497,1.000000,0.000000,0,0.000000,877960.000000,1.000000,3564337267197.000000,8495767.000000
878000,2,471983,0.600000,1.000000,0.771490,1.000000,0.000000,0,0.000000,877846.000000,1.000000,3564337267197.000000,8495767.000000
878000,3,471989,0.600000,1.000000,0.619969,1.000000,0.000000,0,0.000000,877996.000000,1.000000,3564337267197.000000,8495767.000000
878000,4,471987,0.600000,1.000000,0.529998,1.000000,0.000000,0,0.000000,877971.000000,1.000000,3564337267197.000000,8495767.000000
878000,5,471988,0.600000,1.000000,0.655262,1.000000,0.000000,0,0.000000,877982.000000,1.000000,3564337267197.000000,8495767.000000
878000,6,471982,0.600000,1.000000,0.582790,1.000000,0.000000,0,0.000000,877962.000000,1.000000,3564337267197.000000,8495767.000000
878000,7,471981,0.600000,1.000000,0.640487,1.000000,0.000000,0,0.000000,877815.000000,1.000000,3564337267197.000000,8495767.000000
878000,8,471988,0.600000,1.000000,0.588675,1.000000,0.000000,0,0.000000,877812.000000,1.000000,3564337267197.000000,8495767.000000
878000,9,471977,0.600000,1.000000,0.693746,1.000000,0.000000,0,0.000000,877768.000000,1.000000,3564337267197.000000,8495767.000000
878000,10,471989,0.600000,1.000000,0.726985,1.000000,0.000000,0,0.000000,877997.000000,1.000000,3564337267197.000000,8495767.000000
878000,11,471987,0.600000,1.000000,0.719718,1.000000,0.000000,0,0.000000,877979.000000,1.000000,3564337267197.000000,8495767.000000
878000,12,471986,0.600000,1.000000,0.609103,1.000000,0.000000,0,0.000000,877985.000000,1.000000,3564337267197.000000,8495767.000000
878000,13,471989,0.600000,1.000000,0.728326,1.000000,0.000000,1,787021.000000,878000.000000,1.000000,3564337267197.000000,8495767.000000
878000,14,471988,0.600000,1.000000,0.652982,1.000000,0.000000,0,0.000000,877995.000000,1.000000,3564337267197.000000,8495767.000000
878000,15,471988,0.600000,1.000000,0.708656,1.000000,0.000000,0,0.000000,877999.000000,1.000000,3564337267197.000000,8495767.000000
879000,0,472516,0.600000,1.000000,0.470563,1.000000,0.000000,0,0.000000,878867.000000,1.000000,3572398626594.000000,6615231.000000
879000,1,472525,0.600000,1.000000,0.684467,1.000000,0.000000,1,786972.000000,879000.000000,1.000000,3572398626594.000000,6615231.000000
879000,2,472525,0.600000,1.000000,0.694154,1.000000,0.000000,0,0.000000,878952.000000,1.000000,3572398626594.000000,6615231.000000
879000,3,472515,0.600000,1.000000,0.730639,1.000000,0.000000,0,0.000000,878804.000000,1.000000,3572398626594.000000,6615231.000000
879000,4,472523,0.600000,1.000000,0.692283,1.000000,0.000000,0,0.000000,878992.000000,1.000000,3572398626594.000000,6615231.000000
879000,5,472525,0.600000,1.000000,0.734684,1.000000,0.000000,0,0.000000,878999.000000,1.000000,3572398626594.000000,6615231.000000
879000,6,472512,0.600000,1.000000,0.805572,1.000000,0.000000,0,0.000000,878822.000000,1.000000,3572398626594.000000,6615231.000000
879000,7,472518,0.600000,1.000000,0.570598,1.000000,0.000000,0,0.000000,878675.000000,1.000000,3572398626594.000000,6615231.000000
879000,8,472525,0.600000,1.000000,0.719194,1.000000,0.000000,0,0.000000,878985.000000,1.000000,3572398626594.000000,6615231.000000
879000,9,472522,0.600000,1.000000,0.615792,1.000000,0.000000,0,0.000000,878965.000000,1.000000,3572398626594.000000,6615231.000000
879000,10,472525,0.600000,1.000000,0.791550,1.000000,0.000000,0,0.000000,878995.000000,1.000000,3572398626594.000000,6615231.000000
879000,11,472511,0.600000,1.000000,0.602985,1.000000,0.000000,0,0.000000,878827.000000,1.000000,3572398626594.000000,6615231.000000
879000,12,472520,0.600000,1.000000,0.684443,1.000000,0.000000,0,0.000000,878918.000000,1.000000,3572398626594.000000,6615231.000000
879000,13,472520,0.600000,1.000000,0.681394,1.000000,0.000000,0,0.000000,878924.000000,1.000000,3572398626594.000000,6615231.000000
879000,14,472519,0.600000,1.000000,0.751298,1.000000,0.000000,0,0.000000,878873.000000,1.000000,3572398626594.000000,6615231.000000
879000,15,472515,0.600000,1.000000,0.608773,1.000000,0.000000,0,0.000000,878849.000000,1.000000,3572398626594.000000,6615231.000000
880000,0,473061,0.600000,1.000000,0.748031,1.000000,0.000000,0,0.000000,879998.000000,1.000000,3580487067934.000000,11353326.000000
880000,1,473060,0.600000,1.000000,0.706518,1.000000,0.000000,0,0.000000,879663.000000,1.000000,3580487067934.000000,11353326.000000
880000,2,473058,0.600000,1.000000,0.679563,1.000000,0.000000,0,0.000000,879994.000000,1.000000,3580487067934.000000,11353326.000000
880000,3,473058,0.600000,1.000000,0.641325,1.000000,0.000000,0,0.000000,879982.000000,1.000000,3580487067934.000000,11353326.000000
880000,4,473056,0.600000,1.000000,0.598745,1.000000,0.000000,0,0.000000,879992.000000,1.000000,3580487067934.000000,11353326.000000
880000,5,473061,0.600000,1.000000,0.699568,1.000000,0.000000,1,788528.000000,880000.000000,1.000000,3580487067934.000000,11353326.000000
880000,6,473059,0.600000,1.000000,0.713571,1.000000,0.000000,0,0.000000,879999.000000,1.000000,3580487067934.000000,11353326.000000
880000,7,473041,0.600000,1.000000,0.556195,1.000000,0.000000,0,0.000000,879763.000000,1.000000,3580487067934.000000,11353326.000000
880000,8,473053,0.600000,1.000000,0.598443,1.000000,0.000000,0,0.000000,879959.000000,1.000000,3580487067934.000000,11353326.000000
880000,9,473047,0.600000,1.000000,0.612350,1.000000,0.000000,0,0.000000,879314.000000,1.000000,3580487067934.000000,11353326.000000
880000,10,473059,0.600000,1.000000,0.676268,1.000000,0.000000,0,0.000000,879987.000000,1.000000,3580487067934.000000,11353326.000000
880000,11,473048,0.600000,1.000000,0.467738,1.000000,0.000000,0,0.000000,879926.000000,1.000000,3580487067934.000000,11353326.000000
880000,12,473043,0.600000,1.000000,0.532564,1.000000,0.000000,0,0.000000,879932.000000,1.000000,3580487067934.000000,11353326.000000
880000,13,473051,0.600000,1.000000,0.664923,1.000000,0.000000,0,0.000000,879711.000000,1.000000,3580487067934.000000,11353326.000000
880000,14,473057,0.600000,1.000000,0.618130,1.000000,0.000000,0,0.000000,879979.000000,1.000000,3580487067934.000000,11353326.000000
880000,15,473058,0.600000,1.000000,0.586983,1.000000,0.000000,0,0.000000,879985.000000,1.000000,3580487067934.000000,11353326.000000
881000,0,473585,0.600000,1.000000,0.622388,1.000000,0.000000,1,788998.000000,881000.000000,1.000000,3588476677354.000000,8524461.000000
881000,1,473583,0.600000,1.000000,0.769136,1.000000,0.000000,0,0.000000,880998.000000,1.000000,3588476677354.000000,8524461.000000
881000,2,473580,0.600000,1.000000,0.698317,1.000000,0.000000,0,0.000000,880973.000000,1.000000,3588476677354.000000,8524461.000000
881000,3,473581,0.600000,1.000000,0.648162,1.000000,0.000000,0,0.000000,880892.000000,1.000000,3588476677354.000000,8524461.000000
881000,4,473583,0.600000,1.000000,0.661224,1.000000,0.000000,0,0.000000,880990.000000,1.000000,3588476677354.000000,8524461.000000
881000,5,473584,0.600000,1.000000,0.667431,1.000000,0.000000,0,0.000000,880981.000000,1.000000,3588476677354.000000,8524461.000000
881000,6,473576,0.600000,1.000000,0.626347,1.000000,0.000000,0,0.000000,880958.000000,1.000000,3588476677354.000000,8524461.000000
881000,7,473584,0.600000,1.000000,0.709757,1.000000,0.000000,0,0.000000,880992.000000,1.000000,3588476677354.000000,8524461.000000
881000,8,473580,0.600000,1.000000,0.568410,1.000000,0.000000,0,0.000000,880967.000000,1.000000,3588476677354.000000,8524461.000000
881000,9,473584,0.600000,1.000000,0.698964,1.000000,0.000000,0,0.000000,880965.000000,1.000000,3588476677354.000000,8524461.000000
881000,10,473583,0.600000,1.000000,0.554457,1.000000,0.000000,0,0.000000,880960.000000,1.000000,3588476677354.000000,8524461.000000
881000,11,473577,0.600000,1.000000,0.577893,1.000000,0.000000,0,0.000000,880929.000000,1.000000,3588476677354.000000,8524461.000000
881000,12,473583,0.600000,1.000000,0.767280,1.000000,0.000000,0,0.000000,880976.000000,1.000000,3588476677354.000000,8524461.000000
881000,13,473581,0.600000,1.000000,0.640862,1.000000,0.000000,0,0.000000,880927.000000,1.000000,3588476677354.000000,8524461.000000
881000,14,473583,0.600000,1.000000,0.579310,1.000000,0.000000,0,0.000000,880980.000000,1.000000,3588476677354.000000,8524461.000000
881000,15,473583,0.600000,1.000000,0.670339,1.000000,0.000000,0,0.000000,880943.000000,1.000000,3588476677354.000000,8524461.000000
882000,0,474126,0.600000,1.000000,0.711428,1.000000,0.000000,0,0.000000,881989.000000,1.000000,3596698026507.000000,4741259.000000
882000,1,474127,0.600000,1.000000,0.720923,1.000000,0.000000,0,0.000000,881999.000000,1.000000,3596698026507.000000,4741259.000000
882000,2,474122,0.600000,1.000000,0.586969,1.000000,0.000000,0,0.000000,881936.000000,1.000000,3596698026507.000000,4741259.000000
882000,3,474121,0.600000,1.000000,0.523116,1.000000,0.000000,0,0.000000,881950.000000,1.000000,3596698026507.000000,4741259.000000
882000,4,474126,0.600000,1.000000,0.678439,1.000000,0.000000,0,0.000000,881998.000000,1.000000,3596698026507.000000,4741259.000000
882000,5,474124,0.600000,1.000000,0.557724,1.000000,0.000000,0,0.000000,881980.000000,1.000000,3596698026507.000000,4741259.000000
882000,6,474127,0.600000,1.000000,0.734323,1.000000,0.000000,0,0.000000,881993.000000,1.000000,3596698026507.000000,4741259.000000
882000,7,474126,0.600000,1.000000,0.659867,1.000000,0.000000,0,0.000000,881977.000000,1.000000,3596698026507.000000,4741259.000000
882000,8,474128,0.600000,1.000000,0.637994,1.000000,0.000000,0,0.000000,881972.000000,1.000000,3596698026507.000000,4741259.000000
882000,9,474126,0.600000,1.000000,0.705392,1.000000,0.000000,0,0.000000,881969.000000,1.000000,3596698026507.000000,4741259.000000
882000,10,474126,0.600000,1.000000,0.656759,1.000000,0.000000,0,0.000000,881991.000000,1.000000,3596698026507.000000,4741259.000000
882000,11,474117,0.600000,1.000000,0.472313,1.000000,0.000000,0,0.000000,881491.000000,1.000000,3596698026507.000000,4741259.000000
882000,12,474127,0.600000,1.000000,0.703176,1.000000,0.000000,1,789462.000000,882000.000000,1.000000,3596698026507.000000,4741259.000000
882000,13,474121,0.600000,1.000000,0.548506,1.000000,0.000000,0,0.000000,881893.000000,1.000000,3596698026507.000000,4741259.000000
882000,14,474114,0.600000,1.000000,0.535017,1.000000,0.000000,0,0.000000,881753.000000,1.000000,3596698026507.000000,4741259.000000
882000,15,474127,0.600000,1.000000,0.687637,1.000000,0.000000,0,0.000000,881997.000000,1.000000,3596698026507.000000,4741259.000000
883000,0,474668,0.600000,1.000000,0.671566,1.000000,0.000000,0,0.000000,882990.000000,1.000000,3604950617101.000000,3797342.000000
883000,1,474671,0.600000,1.000000,0.704477,1.000000,0.000000,1,790532.000000,883000.000000,1.000000,3604950617101.000000,3797342.000000
883000,2,474665,0.600000,1.000000,0.546379,1.000000,0.000000,0,0.000000,882928.000000,1.000000,3604950617101.000000,3797342.000000
883000,3,474669,0.600000,1.000000,0.799311,1.000000,0.000000,0,0.000000,882997.000000,1.000000,3604950617101.000000,3797342.000000
883000,4,474670,0.600000,1.000000,0.697162,1.000000,0.000000,0,0.000000,882996.000000,1.000000,3604950617101.000000,3797342.000000
883000,5,474669,0.600000,1.000000,0.730451,1.000000,0.000000,0,0.000000,882994.000000,1.000000,3604950617101.000000,3797342.000000
883000,6,474670,0.600000,1.000000,0.738084,1.000000,0.000000,0,0.000000,882999.000000,1.000000,3604950617101.000000,3797342.000000
883000,7,474667,0.600000,1.000000,0.616309,1.000000,0.000000,0,0.000000,882977.000000,1.000000,3604950617101.000000,3797342.000000
883000,8,474670,0.600000,1.000000,0.742898,1.000000,0.000000,0,0.000000,882964.000000,1.000000,3604950617101.000000,3797342.000000
883000,9,474667,0.600000,1.000000,0.660254,1.000000,0.000000,0,0.000000,882972.000000,1.000000,3604950617101.000000,3797342.000000
883000,10,474668,0.600000,1.000000,0.667887,1.000000,0.000000,0,0.000000,882939.000000,1.000000,3604950617101.000000,3797342.000000
883000,11,474669,0.600000,1.000000,0.759595,1.000000,0.000000,0,0.000000,882961.000000,1.000000,3604950617101.000000,3797342.000000
883000,12,474656,0.600000,1.000000,0.413852,1.000000,0.000000,0,0.000000,882891.000000,1.000000,3604950617101.000000,3797342.000000
883000,13,474668,0.600000,1.000000,0.584140,1.000000,0.000000,0,0.000000,882988.000000,1.000000,3604950617101.000000,3797342.000000
883000,14,474665,0.600000,1.000000,0.525070,1.000000,0.000000,0,0.000000,882967.000000,1.000000,3604950617101.000000,3797342.000000
883000,15,474671,0.600000,1.000000,0.693729,1.000000,0.000000,0,0.000000,882993.000000,1.000000,3604950617101.000000,3797342.000000
884000,0,475195,0.600000,1.000000,0.556539,1.000000,0.000000,0,0.000000,883974.000000,1.000000,3613059648224.000000,5702430.000000
884000,1,475204,0.600000,1.000000,0.806980,1.000000,0.000000,0,0.000000,883999.000000,1.000000,3613059648224.000000,5702430.000000
884000,2,475199,0.600000,1.000000,0.551163,1.000000,0.000000,0,0.000000,883889.000000,1.000000,3613059648224.000000,5702430.000000
884000,3,475202,0.600000,1.000000,0.642963,1.000000,0.000000,0,0.000000,883967.000000,1.000000,3613059648224.000000,5702430.000000
884000,4,475199,0.600000,1.000000,0.639843,1.000000,0.000000,0,0.000000,883933.000000,1.000000,3613059648224.000000,5702430.000000
884000,5,475205,0.600000,1.000000,0.594122,1.000000,0.000000,1,792003.000000,884000.000000,1.000000,3613059648224.000000,5702430.000000
884000,6,475203,0.600000,1.000000,0.699660,1.000000,0.000000,0,0.000000,883785.000000,1.000000,3613059648224.000000,5702430.000000
884000,7,475197,0.600000,1.000000,0.548544,1.000000,0.000000,0,0.000000,883910.000000,1.000000,3613059648224.000000,5702430.000000
884000,8,475204,0.600000,1.000000,0.693307,1.000000,0.000000,0,0.000000,883985.000000,1.000000,3613059648224.000000,5702430.000000
884000,9,475200,0.600000,1.000000,0.729820,1.000000,0.000000,0,0.000000,883633.000000,1.000000,3613059648224.000000,5702430.000000
884000,10,475200,0.600000,1.000000,0.718384,1.000000,0.000000,0,0.000000,883898.000000,1.000000,3613059648224.000000,5702430.000000
884000,11,475205,0.600000,1.000000,0.643225,1.000000,0.000000,0,0.000000,883980.000000,1.000000,3613059648224.000000,5702430.000000
884000,12,475205,0.600000,1.000000,0.644679,1.000000,0.000000,0,0.000000,883991.000000,1.000000,3613059648224.000000,5702430.000000
884000,13,475204,0.600000,1.000000,0.679754,1.000000,0.000000,0,0.000000,883996.000000,1.000000,3613059648224.000000,5702430.000000
884000,14,475204,0.600000,1.000000,0.563235,1.000000,0.000000,0,0.000000,883995.000000,1.000000,3613059648224.000000,5702430.000000
884000,15,475194,0.600000,1.000000,0.559766,1.000000,0.000000,0,0.000000,883856.000000,1.000000,3613059648224.000000,5702430.000000
885000,0,475737,0.600000,1.000000,0.675439,1.000000,0.000000,0,0.000000,884975.000000,1.000000,3621180643734.000000,5708816.000000
885000,1,475737,0.600000,1.000000,0.686693,1.000000,0.000000,0,0.000000,884999.000000,1.000000,3621180643734.000000,5708816.000000
885000,2,475732,0.600000,1.000000,0.559660,1.000000,0.000000,0,0.000000,884764.000000,1.000000,3621180643734.000000,5708816.000000
885000,3,475737,0.600000,1.000000,0.634700,1.000000,0.000000,0,0.000000,884949.000000,1.000000,3621180643734.000000,5708816.000000
885000,4,475736,0.600000,1.000000,0.672111,1.000000,0.000000,0,0.000000,884414.000000,1.000000,3621180643734.000000,5708816.000000
885000,5,475736,0.600000,1.000000,0.659597,1.000000,0.000000,0,0.000000,884961.000000,1.000000,3621180643734.000000,5708816.000000
885000,6,475737,0.600000,1.000000,0.774418,1.000000,0.000000,0,0.000000,884998.000000,1.000000,3621180643734.000000,5708816.000000
885000,7,475737,0.600000,1.000000,0.713683,1.000000,0.000000,0,0.000000,884996.000000,1.000000,3621180643734.000000,5708816.000000
885000,8,475729,0.600000,1.000000,0.578803,1.000000,0.000000,0,0.000000,884966.000000,1.000000,3621180643734.000000,5708816.000000
885000,9,475736,0.600000,1.000000,0.650663,1.000000,0.000000,0,0.000000,884765.000000,1.000000,3621180643734.000000,5708816.000000
885000,10,475737,0.600000,1.000000,0.643638,1.000000,0.000000,0,0.000000,884971.000000,1.000000,3621180643734.000000,5708816.000000
885000,11,475737,0.600000,1.000000,0.696599,1.000000,0.000000,1,793713.000000,885000.000000,1.000000,3621180643734.000000,5708816.000000
885000,12,475738,0.600000,1.000000,0.597812,1.000000,0.000000,0,0.000000,884963.000000,1.000000,3621180643734.000000,5708816.000000
885000,13,475729,0.600000,1.000000,0.504684,1.000000,0.000000,0,0.000000,884815.000000,1.000000,3621180643734.000000,5708816.000000
885000,14,475732,0.600000,1.000000,0.671298,1.000000,0.000000,0,0.000000,884782.000000,1.000000,3621180643734.000000,5708816.000000
885000,15,475733,0.600000,1.000000,0.672484,1.000000,0.000000,0,0.000000,884974.000000,1.000000,3621180643734.000000,5708816.000000
886000,0,476267,0.600000,1.000000,0.717909,1.000000,0.000000,0,0.000000,885993.000000,1.000000,3629278369608.000000,8572823.000000
886000,1,476265,0.600000,1.000000,0.684630,1.000000,0.000000,0,0.000000,885989.000000,1.000000,3629278369608.000000,8572823.000000
886000,2,476269,0.600000,1.000000,0.736730,1.000000,0.000000,0,0.000000,885981.000000,1.000000,3629278369608.000000,8572823.000000
886000,3,476270,0.600000,1.000000,0.720744,1.000000,0.000000,0,0.000000,885994.000000,1.000000,3629278369608.000000,8572823.000000
886000,4,476270,0.600000,1.000000,0.676229,1.000000,0.000000,1,793767.000000,886000.000000,1.000000,3629278369608.000000,8572823.000000
886000,5,476267,0.600000,1.000000,0.771957,1.000000,0.000000,0,0.000000,885998.000000,1.000000,3629278369608.000000,8572823.000000
886000,6,476267,0.600000,1.000000,0.555453,1.000000,0.000000,0,0.000000,885974.000000,1.000000,3629278369608.000000,8572823.000000
886000,7,476270,0.600000,1.000000,0.660455,1.000000,0.000000,0,0.000000,885909.000000,1.000000,3629278369608.000000,8572823.000000
886000,8,476268,0.600000,1.000000,0.655823,1.000000,0.000000,0,0.000000,885448.000000,1.000000,3629278369608.000000,8572823.000000
886000,9,476264,0.600000,1.000000,0.596844,1.000000,0.000000,0,0.000000,885982.000000,1.000000,3629278369608.000000,8572823.000000
886000,10,476268,0.600000,1.000000,0.709988,1.000000,0.000000,0,0.000000,885968.000000,1.000000,3629278369608.000000,8572823.000000
886000,11,476266,0.600000,1.000000,0.668219,1.000000,0.000000,0,0.000000,885953.000000,1.000000,3629278369608.000000,8572823.000000
886000,12,476261,0.600000,1.000000,0.600627,1.000000,0.000000,0,0.000000,885949.000000,1.000000,3629278369608.000000,8572823.000000
886000,13,476257,0.600000,1.000000,0.653846,1.000000,0.000000,0,0.000000,885861.000000,1.000000,3629278369608.000000,8572823.000000
886000,14,476269,0.600000,1.000000,0.663706,1.000000,0.000000,0,0.000000,885997.000000,1.000000,3629278369608.000000,8572823.000000
886000,15,476268,0.600000,1.000000,0.769849,1.000000,0.000000,0,0.000000,885999.000000,1.000000,3629278369608.000000,8572823.000000
887000,0,476790,0.600000,1.000000,0.837283,1.000000,0.000000,0,0.000000,886799.000000,1.000000,3637421376214.000000,8582381.000000
887000,1,476801,0.600000,1.000000,0.676709,1.000000,0.000000,0,0.000000,886792.000000,1.000000,3637421376214.000000,8582381.000000
887000,2,476799,0.600000,1.000000,0.559193,1.000000,0.000000,0,0.000000,886972.000000,1.000000,3637421376214.000000,8582381.000000
887000,3,476803,0.600000,1.000000,0.630709,1.000000,0.000000,0,0.000000,886968.000000,1.000000,3637421376214.000000,8582381.000000
887000,4,476798,0.600000,1.000000,0.577913,1.000000,0.000000,0,0.000000,886923.000000,1.000000,3637421376214.000000,8582381.000000
887000,5,476802,0.600000,1.000000,0.676462,1.000000,0.000000,0,0.000000,886810.000000,1.000000,3637421376214.000000,8582381.000000
887000,6,476804,0.600000,1.000000,0.691716,1.000000,0.000000,1,795138.000000,887000.000000,1.000000,3637421376214.000000,8582381.000000
887000,7,476800,0.600000,1.000000,0.520083,1.000000,0.000000,0,0.000000,886653.000000,1.000000,3637421376214.000000,8582381.000000
887000,8,476802,0.600000,1.000000,0.652274,1.000000,0.000000,0,0.000000,886982.000000,1.000000,3637421376214.000000,8582381.000000
887000,9,476804,0.600000,1.000000,0.712077,1.000000,0.000000,0,0.000000,886994.000000,1.000000,3637421376214.000000,8582381.000000
887000,10,476804,0.600000,1.000000,0.686606,1.000000,0.000000,0,0.000000,886969.000000,1.000000,3637421376214.000000,8582381.000000
887000,11,476803,0.600000,1.000000,0.628848,1.000000,0.000000,0,0.000000,886967.000000,1.000000,3637421376214.000000,8582381.000000
887000,12,476804,0.600000,1.000000,0.779536,1.000000,0.000000,0,0.000000,886999.000000,1.000000,3637421376214.000000,8582381.000000
887000,13,476799,0.600000,1.000000,0.787215,1.000000,0.000000,0,0.000000,886311.000000,1.000000,3637421376214.000000,8582381.000000
887000,14,476796,0.600000,1.000000,0.550640,1.000000,0.000000,0,0.000000,886906.000000,1.000000,3637421376214.000000,8582381.000000
887000,15,476801,0.600000,1.000000,0.638489,1.000000,0.000000,0,0.000000,886964.000000,1.000000,3637421376214.000000,8582381.000000
888000,0,477335,0.600000,1.000000,0.596490,1.000000,0.000000,0,0.000000,887820.000000,1.000000,3645669930261.000000,6682771.000000
888000,1,477345,0.600000,1.000000,0.734716,1.000000,0.000000,0,0.000000,887990.000000,1.000000,3645669930261.000000,6682771.000000
888000,2,477344,0.600000,1.000000,0.630356,1.000000,0.000000,0,0.000000,887993.000000,1.000000,3645669930261.000000,6682771.000000
888000,3,477347,0.600000,1.000000,0.682987,1.000000,0.000000,1,795633.000000,888000.000000,1.000000,3645669930261.000000,6682771.000000
888000,4,477335,0.600000,1.000000,0.622361,1.000000,0.000000,0,0.000000,887873.000000,1.000000,3645669930261.000000,6682771.000000
888000,5,477342,0.600000,1.000000,0.579938,1.000000,0.000000,0,0.000000,887833.000000,1.000000,3645669930261.000000,6682771.000000
888000,6,477327,0.600000,1.000000,0.529669,1.000000,0.000000,0,0.000000,887826.000000,1.000000,3645669930261.000000,6682771.000000
888000,7,477344,0.600000,1.000000,0.737487,1.000000,0.000000,0,0.000000,887998.000000,1.000000,3645669930261.000000,6682771.000000
888000,8,477345,0.600000,1.000000,0.802679,1.000000,0.000000,0,0.000000,887999.000000,1.000000,3645669930261.000000,6682771.000000
888000,9,477345,0.600000,1.000000,0.736117,1.000000,0.000000,0,0.000000,887986.000000,1.000000,3645669930261.000000,6682771.000000
888000,10,477344,0.600000,1.000000,0.707500,1.000000,0.000000,0,0.000000,887872.000000,1.000000,3645669930261.000000,6682771.000000
888000,11,477345,0.600000,1.000000,0.699146,1.000000,0.000000,0,0.000000,887973.000000,1.000000,3645669930261.000000,6682771.000000
888000,12,477340,0.600000,1.000000,0.577626,1.000000,0.000000,0,0.000000,887941.000000,1.000000,3645669930261.000000,6682771.000000
888000,13,477337,0.600000,1.000000,0.510895,1.000000,0.000000,0,0.000000,887960.000000,1.000000,3645669930261.000000,6682771.000000
888000,14,477344,0.600000,1.000000,0.703198,1.000000,0.000000,0,0.000000,887985.000000,1.000000,3645669930261.000000,6682771.000000
888000,15,477336,0.600000,1.000000,0.617726,1.000000,0.000000,0,0.000000,887922.000000,1.000000,3645669930261.000000,6682771.000000
889000,0,477886,0.600000,1.000000,0.696308,1.000000,0.000000,0,0.000000,888998.000000,1.000000,3653948852684.000000,7646146.000000
889000,1,477880,0.600000,1.000000,0.632309,1.000000,0.000000,0,0.000000,888941.000000,1.000000,3653948852684.000000,7646146.000000
889000,2,477883,0.600000,1.000000,0.649039,1.000000,0.000000,0,0.000000,888981.000000,1.000000,3653948852684.000000,7646146.000000
889000,3,477885,0.600000,1.000000,0.665594,1.000000,0.000000,0,0.000000,888992.000000,1.000000,3653948852684.000000,7646146.000000
889000,4,477881,0.600000,1.000000,0.636078,1.000000,0.000000,0,0.000000,888952.000000,1.000000,3653948852684.000000,7646146.000000
889000,5,477886,0.600000,1.000000,0.634887,1.000000,0.000000,0,0.000000,888994.000000,1.000000,3653948852684.000000,7646146.000000
889000,6,477884,0.600000,1.000000,0.703973,1.000000,0.000000,0,0.000000,888991.000000,1.000000,3653948852684.000000,7646146.000000
889000,7,477881,0.600000,1.000000,0.617305,1.000000,0.000000,0,0.000000,888967.000000,1.000000,3653948852684.000000,7646146.000000
889000,8,477887,0.600000,1.000000,0.700674,1.000000,0.000000,1,795732.000000,889000.000000,1.000000,3653948852684.000000,7646146.000000
889000,9,477884,0.600000,1.000000,0.598048,1.000000,0.000000,0,0.000000,888974.000000,1.000000,3653948852684.000000,7646146.000000
889000,10,477873,0.600000,1.000000,0.675008,1.000000,0.000000,0,0.000000,888891.000000,1.000000,3653948852684.000000,7646146.000000
889000,11,477887,0.600000,1.000000,0.738208,1.000000,0.000000,0,0.000000,888997.000000,1.000000,3653948852684.000000,7646146.000000
889000,12,477886,0.600000,1.000000,0.770569,1.000000,0.000000,0,0.000000,888999.000000,1.000000,3653948852684.000000,7646146.000000
889000,13,477884,0.600000,1.000000,0.616432,1.000000,0.000000,0,0.000000,888969.000000,1.000000,3653948852684.000000,7646146.000000
889000,14,477880,0.600000,1.000000,0.459436,1.000000,0.000000,0,0.000000,888916.000000,1.000000,3653948852684.000000,7646146.000000
889000,15,477875,0.600000,1.000000,0.504712,1.000000,0.000000,0,0.000000,888519.000000,1.000000,3653948852684.000000,7646146.000000
890000,0,478414,0.600000,1.000000,0.662479,1.000000,0.000000,0,0.000000,889997.000000,1.000000,3662041970243.000000,12438709.000000
890000,1,478413,0.600000,1.000000,0.692543,1.000000,0.000000,0,0.000000,889996.000000,1.000000,3662041970243.000000,12438709.000000
890000,2,478414,0.600000,1.000000,0.652350,1.000000,0.000000,1,796919.000000,890000.000000,1.000000,3662041970243.000000,12438709.000000
890000,3,478409,0.600000,1.000000,0.588222,1.000000,0.000000,0,0.000000,889983.000000,1.000000,3662041970243.000000,12438709.000000
890000,4,478411,0.600000,1.000000,0.794482,1.000000,0.000000,0,0.000000,889993.000000,1.000000,3662041970243.000000,12438709.000000
890000,5,478414,0.600000,1.000000,0.653799,1.000000,0.000000,0,0.000000,889992.000000,1.000000,3662041970243.000000,12438709.000000
890000,6,478414,0.600000,1.000000,0.726219,1.000000,0.000000,0,0.000000,889999.000000,1.000000,3662041970243.000000,12438709.000000
890000,7,478414,0.600000,1.000000,0.597467,1.000000,0.000000,0,0.000000,889934.000000,1.000000,3662041970243.000000,12438709.000000
890000,8,478412,0.600000,1.000000,0.810333,1.000000,0.000000,0,0.000000,889998.000000,1.000000,3662041970243.000000,12438709.000000
890000,9,478406,0.600000,1.000000,0.573772,1.000000,0.000000,0,0.000000,889964.000000,1.000000,3662041970243.000000,12438709.000000
890000,10,478413,0.600000,1.000000,0.630400,1.000000,0.000000,0,0.000000,889988.000000,1.000000,3662041970243.000000,12438709.000000
890000,11,478407,0.600000,1.000000,0.457501,1.000000,0.000000,0,0.000000,889687.000000,1.000000,3662041970243.000000,12438709.000000
890000,12,478412,0.600000,1.000000,0.626272,1.000000,0.000000,0,0.000000,889415.000000,1.000000,3662041970243.000000,12438709.000000
890000,13,478409,0.600000,1.000000,0.642661,1.000000,0.000000,0,0.000000,889942.000000,1.000000,3662041970243.000000,12438709.000000
890000,14,478410,0.600000,1.000000,0.670231,1.000000,0.000000,0,0.000000,889980.000000,1.000000,3662041970243.000000,12438709.000000
890000,15,478413,0.600000,1.000000,0.480474,1.000000,0.000000,0,0.000000,889946.000000,1.000000,3662041970243.000000,12438709.000000
891000,0,478957,0.600000,1.000000,0.674046,1.000000,0.000000,0,0.000000,890998.000000,1.000000,3670318378200.000000,2873741.000000
891000,1,478957,0.600000,1.000000,0.674223,1.000000,0.000000,0,0.000000,890892.000000,1.000000,3670318378200.000000,2873741.000000
891000,2,478956,0.600000,1.000000,0.618760,1.000000,0.000000,0,0.000000,890986.000000,1.000000,3670318378200.000000,2873741.000000
891000,3,478957,0.600000,1.000000,0.635240,1.000000,0.000000,0,0.000000,890993.000000,1.000000,3670318378200.000000,2873741.000000
891000,4,478957,0.600000,1.000000,0.620268,1.000000,0.000000,0,0.000000,890999.000000,1.000000,3670318378200.000000,2873741.000000
891000,5,478958,0.600000,1.000000,0.629318,1.000000,0.000000,1,798316.000000,891000.000000,1.000000,3670318378200.000000,2873741.000000
891000,6,478957,0.600000,1.000000,0.692237,1.000000,0.000000,0,0.000000,890996.000000,1.000000,3670318378200.000000,2873741.000000
891000,7,478943,0.600000,1.000000,0.497012,1.000000,0.000000,0,0.000000,890834.000000,1.000000,3670318378200.000000,2873741.000000
891000,8,478957,0.600000,1.000000,0.614372,1.000000,0.000000,0,0.000000,890987.000000,1.000000,3670318378200.000000,2873741.000000
891000,9,478928,0.600000,1.000000,0.629913,1.000000,0.000000,0,0.000000,890563.000000,1.000000,3670318378200.000000,2873741.000000
891000,10,478954,0.600000,1.000000,0.551050,1.000000,0.000000,0,0.000000,890902.000000,1.000000,3670318378200.000000,2873741.000000
891000,11,478956,0.600000,1.000000,0.654664,1.000000,0.000000,0,0.000000,890919.000000,1.000000,3670318378200.000000,2873741.000000
891000,12,478956,0.600000,1.000000,0.764330,1.000000,0.000000,0,0.000000,890994.000000,1.000000,3670318378200.000000,2873741.000000
891000,13,478938,0.600000,1.000000,0.605967,1.000000,0.000000,0,0.000000,890717.000000,1.000000,3670318378200.000000,2873741.000000
891000,14,478945,0.600000,1.000000,0.682782,1.000000,0.000000,0,0.000000,890918.000000,1.000000,3670318378200.000000,2873741.000000
891000,15,478954,0.600000,1.000000,0.547341,1.000000,0.000000,0,0.000000,890955.000000,1.000000,3670318378200.000000,2873741.000000
892000,0,479485,0.600000,1.000000,0.642575,1.000000,0.000000,0,0.000000,891993.000000,1.000000,3678483295067.000000,7671754.000000
892000,1,479485,0.600000,1.000000,0.669558,1.000000,0.000000,0,0.000000,891996.000000,1.000000,3678483295067.000000,7671754.000000
892000,2,479486,0.600000,1.000000,0.648736,1.000000,0.000000,0,0.000000,891955.000000,1.000000,3678483295067.000000,7671754.000000
892000,3,479481,0.600000,1.000000,0.633780,1.000000,0.000000,0,0.000000,891956.000000,1.000000,3678483295067.000000,7671754.000000
892000,4,479478,0.600000,1.000000,0.533576,1.000000,0.000000,0,0.000000,891758.000000,1.000000,3678483295067.000000,7671754.000000
892000,5,479480,0.600000,1.000000,0.545474,1.000000,0.000000,0,0.000000,891973.000000,1.000000,3678483295067.000000,7671754.000000
892000,6,479486,0.600000,1.000000,0.746651,1.000000,0.000000,0,0.000000,891988.000000,1.000000,3678483295067.000000,7671754.000000
892000,7,479484,0.600000,1.000000,0.600508,1.000000,0.000000,0,0.000000,891950.000000,1.000000,3678483295067.000000,7671754.000000
892000,8,479487,0.600000,1.000000,0.637906,1.000000,0.000000,1,798408.000000,892000.000000,1.000000,3678483295067.000000,7671754.000000
892000,9,479485,0.600000,1.000000,0.594161,1.000000,0.000000,0,0.000000,891983.000000,1.000000,3678483295067.000000,7671754.000000
892000,10,479487,0.600000,1.000000,0.774159,1.000000,0.000000,0,0.000000,891999.000000,1.000000,3678483295067.000000,7671754.000000
892000,11,479488,0.600000,1.000000,0.632595,1.000000,0.000000,0,0.000000,891816.000000,1.000000,3678483295067.000000,7671754.000000
892000,12,479482,0.600000,1.000000,0.624849,1.000000,0.000000,0,0.000000,891960.000000,1.000000,3678483295067.000000,7671754.000000
892000,13,479485,0.600000,1.000000,0.596783,1.000000,0.000000,0,0.000000,891555.000000,1.000000,3678483295067.000000,7671754.000000
892000,14,479482,0.600000,1.000000,0.552472,1.000000,0.000000,0,0.000000,891924.000000,1.000000,3678483295067.000000,7671754.000000
892000,15,479488,0.600000,1.000000,0.625898,1.000000,0.000000,0,0.000000,891909.000000,1.000000,3678483295067.000000,7671754.000000
893000,0,480028,0.600000,1.000000,0.610098,1.000000,0.000000,0,0.000000,892985.000000,1.000000,3686785930386.000000,11520628.000000
893000,1,480027,0.600000,1.000000,0.724445,1.000000,0.000000,0,0.000000,892933.000000,1.000000,3686785930386.000000,11520628.000000
893000,2,480022,0.600000,1.000000,0.640879,1.000000,0.000000,0,0.000000,892945.000000,1.000000,3686785930386.000000,11520628.000000
893000,3,480025,0.600000,1.000000,0.669698,1.000000,0.000000,0,0.000000,892988.000000,1.000000,3686785930386.000000,11520628.000000
893000,4,480024,0.600000,1.000000,0.588371,1.000000,0.000000,0,0.000000,892974.000000,1.000000,3686785930386.000000,11520628.000000
893000,5,480028,0.600000,1.000000,0.583228,1.000000,0.000000,0,0.000000,892980.000000,1.000000,3686785930386.000000,11520628.000000
893000,6,480030,0.600000,1.000000,0.633197,1.000000,0.000000,1,800585.000000,893000.000000,1.000000,3686785930386.000000,11520628.000000
893000,7,480021,0.600000,1.000000,0.659733,1.000000,0.000000,0,0.000000,892807.000000,1.000000,3686785930386.000000,11520628.000000
893000,8,480012,0.600000,1.000000,0.536936,1.000000,0.000000,0,0.000000,892824.000000,1.000000,3686785930386.000000,11520628.000000
893000,9,480026,0.600000,1.000000,0.641137,1.000000,0.000000,0,0.000000,892983.000000,1.000000,3686785930386.000000,11520628.000000
893000,10,480029,0.600000,1.000000,0.710844,1.000000,0.000000,0,0.000000,892998.000000,1.000000,3686785930386.000000,11520628.000000
893000,11,480024,0.600000,1.000000,0.719319,1.000000,0.000000,0,0.000000,892971.000000,1.000000,3686785930386.000000,11520628.000000
893000,12,480024,0.600000,1.000000,0.674644,1.000000,0.000000,0,0.000000,892956.000000,1.000000,3686785930386.000000,11520628.000000
893000,13,480025,0.600000,1.000000,0.613609,1.000000,0.000000,0,0.000000,892977.000000,1.000000,3686785930386.000000,11520628.000000
893000,14,480028,0.600000,1.000000,0.654055,1.000000,0.000000,0,0.000000,892893.000000,1.000000,3686785930386.000000,11520628.000000
893000,15,480029,0.600000,1.000000,0.670123,1.000000,0.000000,0,0.000000,892999.000000,1.000000,3686785930386.000000,11520628.000000
894000,0,480556,0.600000,1.000000,0.568885,1.000000,0.000000,0,0.000000,893905.000000,1.000000,3695000851278.000000,14416769.000000
894000,1,480563,0.600000,1.000000,0.705907,1.000000,0.000000,0,0.000000,893986.000000,1.000000,3695000851278.000000,14416769.000000
894000,2,480563,0.600000,1.000000,0.705434,1.000000,0.000000,0,0.000000,893993.000000,1.000000,3695000851278.000000,14416769.000000
894000,3,480546,0.600000,1.000000,0.594655,1.000000,0.000000,0,0.000000,893591.000000,1.000000,3695000851278.000000,14416769.000000
894000,4,480561,0.600000,1.000000,0.672347,1.000000,0.000000,0,0.000000,893987.000000,1.000000,3695000851278.000000,14416769.000000
894000,5,480564,0.600000,1.000000,0.703307,1.000000,0.000000,0,0.000000,893989.000000,1.000000,3695000851278.000000,14416769.000000
894000,6,480564,0.600000,1.000000,0.643763,1.000000,0.000000,0,0.000000,893998.000000,1.000000,3695000851278.000000,14416769.000000
894000,7,480563,0.600000,1.000000,0.777197,1.000000,0.000000,0,0.000000,893999.000000,1.000000,3695000851278.000000,14416769.000000
894000,8,480564,0.600000,1.000000,0.715155,1.000000,0.000000,1,800213.000000,894000.000000,1.000000,3695000851278.000000,14416769.000000
894000,9,480562,0.600000,1.000000,0.736242,1.000000,0.000000,0,0.000000,893996.000000,1.000000,3695000851278.000000,14416769.000000
894000,10,480563,0.600000,1.000000,0.604400,1.000000,0.000000,0,0.000000,893984.000000,1.000000,3695000851278.000000,14416769.000000
894000,11,480562,0.600000,1.000000,0.799739,1.000000,0.000000,0,0.000000,893983.000000,1.000000,3695000851278.000000,14416769.000000
894000,12,480557,0.600000,1.000000,0.693584,1.000000,0.000000,0,0.000000,893880.000000,1.000000,3695000851278.000000,14416769.000000
894000,13,480552,0.600000,1.000000,0.595402,1.000000,0.000000,0,0.000000,893741.000000,1.000000,3695000851278.000000,14416769.000000
894000,14,480556,0.600000,1.000000,0.692364,1.000000,0.000000,0,0.000000,893928.000000,1.000000,3695000851278.000000,14416769.000000
894000,15,480558,0.600000,1.000000,0.536134,1.000000,0.000000,0,0.000000,893940.000000,1.000000,3695000851278.000000,14416769.000000
895000,0,481097,0.600000,1.000000,0.719348,1.000000,0.000000,0,0.000000,894995.000000,1.000000,3703218178671.000000,11546256.000000
895000,1,481092,0.600000,1.000000,0.567935,1.000000,0.000000,0,0.000000,894932.000000,1.000000,3703218178671.000000,11546256.000000
895000,2,481086,0.600000,1.000000,0.592918,1.000000,0.000000,0,0.000000,894877.000000,1.000000,3703218178671.000000,11546256.000000
895000,3,481089,0.600000,1.000000,0.652586,1.000000,0.000000,0,0.000000,894865.000000,1.000000,3703218178671.000000,11546256.000000
895000,4,481094,0.600000,1.000000,0.650598,1.000000,0.000000,0,0.000000,894973.000000,1.000000,3703218178671.000000,11546256.000000
895000,5,481096,0.600000,1.000000,0.659269,1.000000,0.000000,0,0.000000,894998.000000,1.000000,3703218178671.000000,11546256.000000
895000,6,481085,0.600000,1.000000,0.520853,1.000000,0.000000,0,0.000000,894606.000000,1.000000,3703218178671.000000,11546256.000000
895000,7,481096,0.600000,1.000000,0.684934,1.000000,0.000000,0,0.000000,894987.000000,1.000000,3703218178671.000000,11546256.000000
895000,8,481092,0.600000,1.000000,0.621650,1.000000,0.000000,0,0.000000,894975.000000,1.000000,3703218178671.000000,11546256.000000
895000,9,481096,0.600000,1.000000,0.675450,1.000000,0.000000,0,0.000000,894214.000000,1.000000,3703218178671.000000,11546256.000000
895000,10,481095,0.600000,1.000000,0.579781,1.000000,0.000000,0,0.000000,894986.000000,1.000000,3703218178671.000000,11546256.000000
895000,11,481095,0.600000,1.000000,0.560148,1.000000,0.000000,0,0.000000,894875.000000,1.000000,3703218178671.000000,11546256.000000
895000,12,481098,0.600000,1.000000,0.693124,1.000000,0.000000,0,0.000000,894999.000000,1.000000,3703218178671.000000,11546256.000000
895000,13,481094,0.600000,1.000000,0.671858,1.000000,0.000000,0,0.000000,894981.000000,1.000000,3703218178671.000000,11546256.000000
895000,14,481097,0.600000,1.000000,0.728417,1.000000,0.000000,1,802421.000000,895000.000000,1.000000,3703218178671.000000,11546256.000000
895000,15,481097,0.600000,1.000000,0.638994,1.000000,0.000000,0,0.000000,894993.000000,1.000000,3703218178671.000000,11546256.000000
896000,0,481634,0.600000,1.000000,0.729935,1.000000,0.000000,0,0.000000,895885.000000,1.000000,3711551555307.000000,3853058.000000
896000,1,481634,0.600000,1.000000,0.739131,1.000000,0.000000,0,0.000000,895971.000000,1.000000,3711551555307.000000,3853058.000000
896000,2,481636,0.600000,1.000000,0.721216,1.000000,0.000000,0,0.000000,895810.000000,1.000000,3711551555307.000000,3853058.000000
896000,3,481636,0.600000,1.000000,0.668455,1.000000,0.000000,0,0.000000,895874.000000,1.000000,3711551555307.000000,3853058.000000
896000,4,481634,0.600000,1.000000,0.646855,1.000000,0.000000,0,0.000000,895992.000000,1.000000,3711551555307.000000,3853058.000000
896000,5,481633,0.600000,1.000000,0.656106,1.000000,0.000000,0,0.000000,895969.000000,1.000000,3711551555307.000000,3853058.000000
896000,6,481636,0.600000,1.000000,0.644649,1.000000,0.000000,0,0.000000,895993.000000,1.000000,3711551555307.000000,3853058.000000
896000,7,481634,0.600000,1.000000,0.726060,1.000000,0.000000,0,0.000000,895994.000000,1.000000,3711551555307.000000,3853058.000000
896000,8,481636,0.600000,1.000000,0.764000,1.000000,0.000000,0,0.000000,895999.000000,1.000000,3711551555307.000000,3853058.000000
896000,9,481632,0.600000,1.000000,0.669748,1.000000,0.000000,0,0.000000,895857.000000,1.000000,3711551555307.000000,3853058.000000
896000,10,481636,0.600000,1.000000,0.721340,1.000000,0.000000,1,802699.000000,896000.000000,1.000000,3711551555307.000000,3853058.000000
896000,11,481630,0.600000,1.000000,0.600497,1.000000,0.000000,0,0.000000,895636.000000,1.000000,3711551555307.000000,3853058.000000
896000,12,481637,0.600000,1.000000,0.685262,1.000000,0.000000,0,0.000000,895995.000000,1.000000,3711551555307.000000,3853058.000000
896000,13,481636,0.600000,1.000000,0.773161,1.000000,0.000000,0,0.000000,895998.000000,1.000000,3711551555307.000000,3853058.000000
896000,14,481634,0.600000,1.000000,0.627315,1.000000,0.000000,0,0.000000,895836.000000,1.000000,3711551555307.000000,3853058.000000
896000,15,481637,0.600000,1.000000,0.677544,1.000000,0.000000,0,0.000000,895962.000000,1.000000,3711551555307.000000,3853058.000000
897000,0,482173,0.600000,1.000000,0.652681,1.000000,0.000000,0,0.000000,896985.000000,1.000000,3719817150385.000000,4821669.000000
897000,1,482172,0.600000,1.000000,0.742456,1.000000,0.000000,0,0.000000,896996.000000,1.000000,3719817150385.000000,4821669.000000
897000,2,482170,0.600000,1.000000,0.679519,1.000000,0.000000,0,0.000000,896990.000000,1.000000,3719817150385.000000,4821669.000000
897000,3,482174,0.600000,1.000000,0.782259,1.000000,0.000000,0,0.000000,896999.000000,1.000000,3719817150385.000000,4821669.000000
897000,4,482173,0.600000,1.000000,0.750751,1.000000,0.000000,0,0.000000,896953.000000,1.000000,3719817150385.000000,4821669.000000
897000,5,482158,0.600000,1.000000,0.679809,1.000000,0.000000,0,0.000000,896535.000000,1.000000,3719817150385.000000,4821669.000000
897000,6,482175,0.600000,1.000000,0.748617,1.000000,0.000000,1,804088.000000,897000.000000,1.000000,3719817150385.000000,4821669.000000
897000,7,482170,0.600000,1.000000,0.679507,1.000000,0.000000,0,0.000000,896977.000000,1.000000,3719817150385.000000,4821669.000000
897000,8,482173,0.600000,1.000000,0.779176,1.000000,0.000000,0,0.000000,896995.000000,1.000000,3719817150385.000000,4821669.000000
897000,9,482173,0.600000,1.000000,0.683683,1.000000,0.000000,0,0.000000,896997.000000,1.000000,3719817150385.000000,4821669.000000
897000,10,482169,0.600000,1.000000,0.636235,1.000000,0.000000,0,0.000000,896915.000000,1.000000,3719817150385.000000,4821669.000000
897000,11,482170,0.600000,1.000000,0.655975,1.000000,0.000000,0,0.000000,896941.000000,1.000000,3719817150385.000000,4821669.000000
897000,12,482170,0.600000,1.000000,0.575261,1.000000,0.000000,0,0.000000,896961.000000,1.000000,3719817150385.000000,4821669.000000
897000,13,482173,0.600000,1.000000,0.689627,1.000000,0.000000,0,0.000000,896994.000000,1.000000,3719817150385.000000,4821669.000000
897000,14,482171,0.600000,1.000000,0.714987,1.000000,0.000000,0,0.000000,896944.000000,1.000000,3719817150385.000000,4821669.000000
897000,15,482167,0.600000,1.000000,0.568435,1.000000,0.000000,0,0.000000,896355.000000,1.000000,3719817150385.000000,4821669.000000
898000,0,482725,0.600000,1.000000,0.823584,1.000000,0.000000,0,0.000000,897995.000000,1.000000,3728334261286.000000,7723524.000000
898000,1,482724,0.600000,1.000000,0.668976,1.000000,0.000000,0,0.000000,897982.000000,1.000000,3728334261286.000000,7723524.000000
898000,2,482722,0.600000,1.000000,0.623373,1.000000,0.000000,0,0.000000,897984.000000,1.000000,3728334261286.000000,7723524.000000
898000,3,482719,0.600000,1.000000,0.592956,1.000000,0.000000,0,0.000000,897911.000000,1.000000,3728334261286.000000,7723524.000000
898000,4,482723,0.600000,1.000000,0.550599,1.000000,0.000000,0,0.000000,897897.000000,1.000000,3728334261286.000000,7723524.000000
898000,5,482723,0.600000,1.000000,0.787612,1.000000,0.000000,0,0.000000,897260.000000,1.000000,3728334261286.000000,7723524.000000
898000,6,482723,0.600000,1.000000,0.667577,1.000000,0.000000,0,0.000000,897992.000000,1.000000,3728334261286.000000,7723524.000000
898000,7,482722,0.600000,1.000000,0.732681,1.000000,0.000000,0,0.000000,897962.000000,1.000000,3728334261286.000000,7723524.000000
898000,8,482723,0.600000,1.000000,0.655975,1.000000,0.000000,0,0.000000,897872.000000,1.000000,3728334261286.000000,7723524.000000
898000,9,482725,0.600000,1.000000,0.726931,1.000000,0.000000,1,805534.000000,898000.000000,1.000000,3728334261286.000000,7723524.000000
898000,10,482721,0.600000,1.000000,0.620261,1.000000,0.000000,0,0.000000,897944.000000,1.000000,3728334261286.000000,7723524.000000
898000,11,482724,0.600000,1.000000,0.644546,1.000000,0.000000,0,0.000000,897989.000000,1.000000,3728334261286.000000,7723524.000000
898000,12,482720,0.600000,1.000000,0.626881,1.000000,0.000000,0,0.000000,897956.000000,1.000000,3728334261286.000000,7723524.000000
898000,13,482717,0.600000,1.000000,0.591457,1.000000,0.000000,0,0.000000,897955.000000,1.000000,3728334261286.000000,7723524.000000
898000,14,482725,0.600000,1.000000,0.798283,1.000000,0.000000,0,0.000000,897998.000000,1.000000,3728334261286.000000,7723524.000000
898000,15,482722,0.600000,1.000000,0.729020,1.000000,0.000000,0,0.000000,897980.000000,1.000000,3728334261286.000000,7723524.000000
899000,0,483265,0.600000,1.000000,0.627800,1.000000,0.000000,0,0.000000,898925.000000,1.000000,3736697767216.000000,8698703.000000
899000,1,483261,0.600000,1.000000,0.607290,1.000000,0.000000,0,0.000000,898698.000000,1.000000,3736697767216.000000,8698703.000000
899000,2,483265,0.600000,1.000000,0.630694,1.000000,0.000000,0,0.000000,898868.000000,1.000000,3736697767216.000000,8698703.000000
899000,3,483268,0.600000,1.000000,0.756695,1.000000,0.000000,0,0.000000,898998.000000,1.000000,3736697767216.000000,8698703.000000
899000,4,483266,0.600000,1.000000,0.706343,1.000000,0.000000,0,0.000000,898995.000000,1.000000,3736697767216.000000,8698703.000000
899000,5,483263,0.600000,1.000000,0.510053,1.000000,0.000000,0,0.000000,898963.000000,1.000000,3736697767216.000000,8698703.000000
899000,6,483264,0.600000,1.000000,0.709089,1.000000,0.000000,0,0.000000,898772.000000,1.000000,3736697767216.000000,8698703.000000
899000,7,483261,0.600000,1.000000,0.555825,1.000000,0.000000,0,0.000000,898978.000000,1.000000,3736697767216.000000,8698703.000000
899000,8,483259,0.600000,1.000000,0.519467,1.000000,0.000000,0,0.000000,898938.000000,1.000000,3736697767216.000000,8698703.000000
899000,9,483264,0.600000,1.000000,0.701980,1.000000,0.000000,0,0.000000,898982.000000,1.000000,3736697767216.000000,8698703.000000
899000,10,483264,0.600000,1.000000,0.653941,1.000000,0.000000,0,0.000000,898992.000000,1.000000,3736697767216.000000,8698703.000000
899000,11,483267,0.600000,1.000000,0.731125,1.000000,0.000000,0,0.000000,898989.000000,1.000000,3736697767216.000000,8698703.000000
899000,12,483268,0.600000,1.000000,0.682226,1.000000,0.000000,1,804737.000000,899000.000000,1.000000,3736697767216.000000,8698703.000000
899000,13,483250,0.600000,1.000000,0.671572,1.000000,0.000000,0,0.000000,897955.000000,1.000000,3736697767216.000000,8698703.000000
899000,14,483263,0.600000,1.000000,0.597151,1.000000,0.000000,0,0.000000,898980.000000,1.000000,3736697767216.000000,8698703.000000
899000,15,483268,0.600000,1.000000,0.693081,1.000000,0.000000,0,0.000000,898999.000000,1.000000,3736697767216.000000,8698703.000000
900000,0,483802,0.600000,1.000000,0.668149,1.000000,0.000000,0,0.000000,899928.000000,1.000000,3744977753128.000000,11611160.000000
900000,1,483803,0.600000,1.000000,0.723144,1.000000,0.000000,0,0.000000,899996.000000,1.000000,3744977753128.000000,11611160.000000
900000,2,483800,0.600000,1.000000,0.624378,1.000000,0.000000,0,0.000000,899915.000000,1.000000,3744977753128.000000,11611160.000000
900000,3,483799,0.600000,1.000000,0.622139,1.000000,0.000000,0,0.000000,899978.000000,1.000000,3744977753128.000000,11611160.000000
900000,4,483800,0.600000,1.000000,0.539174,1.000000,0.000000,0,0.000000,899908.000000,1.000000,3744977753128.000000,11611160.000000
900000,5,483795,0.600000,1.000000,0.715017,1.000000,0.000000,0,0.000000,899410.000000,1.000000,3744977753128.000000,11611160.000000
900000,6,483802,0.600000,1.000000,0.720908,1.000000,0.000000,0,0.000000,899995.000000,1.000000,3744977753128.000000,11611160.000000
900000,7,483796,0.600000,1.000000,0.580660,1.000000,0.000000,0,0.000000,899952.000000,1.000000,3744977753128.000000,11611160.000000
900000,8,483802,0.600000,1.000000,0.730461,1.000000,0.000000,1,805445.000000,900000.000000,1.000000,3744977753128.000000,11611160.000000
900000,9,483801,0.600000,1.000000,0.659372,1.000000,0.000000,0,0.000000,899969.000000,1.000000,3744977753128.000000,11611160.000000
900000,10,483787,0.600000,1.000000,0.607134,1.000000,0.000000,0,0.000000,899688.000000,1.000000,3744977753128.000000,11611160.000000
900000,11,483802,0.600000,1.000000,0.631060,1.000000,0.000000,0,0.000000,899980.000000,1.000000,3744977753128.000000,11611160.000000
900000,12,483801,0.600000,1.000000,0.695606,1.000000,0.000000,0,0.000000,899985.000000,1.000000,3744977753128.000000,11611160.000000
900000,13,483795,0.600000,1.000000,0.511621,1.000000,0.000000,0,0.000000,899937.000000,1.000000,3744977753128.000000,11611160.000000
900000,14,483792,0.600000,1.000000,0.509320,1.000000,0.000000,0,0.000000,899958.000000,1.000000,3744977753128.000000,11611160.000000
900000,15,483801,0.600000,1.000000,0.537252,1.000000,0.000000,0,0.000000,899968.000000,1.000000,3744977753128.000000,11611160.000000
901000,0,484345,0.600000,1.000000,0.700021,1.000000,0.000000,1,806928.000000,901000.000000,1.000000,3753352145578.000000,9686800.000000
901000,1,484340,0.600000,1.000000,0.558092,1.000000,0.000000,0,0.000000,900989.000000,1.000000,3753352145578.000000,9686800.000000
901000,2,484336,0.600000,1.000000,0.756948,1.000000,0.000000,0,0.000000,900852.000000,1.000000,3753352145578.000000,9686800.000000
901000,3,484339,0.600000,1.000000,0.667341,1.000000,0.000000,0,0.000000,900992.000000,1.000000,3753352145578.000000,9686800.000000
901000,4,484340,0.600000,1.000000,0.566077,1.000000,0.000000,0,0.000000,900986.000000,1.000000,3753352145578.000000,9686800.000000
901000,5,484344,0.600000,1.000000,0.778624,1.000000,0.000000,0,0.000000,900999.000000,1.000000,3753352145578.000000,9686800.000000
901000,6,484340,0.600000,1.000000,0.601647,1.000000,0.000000,0,0.000000,900990.000000,1.000000,3753352145578.000000,9686800.000000
901000,7,484339,0.600000,1.000000,0.649828,1.000000,0.000000,0,0.000000,900931.000000,1.000000,3753352145578.000000,9686800.000000
901000,8,484340,0.600000,1.000000,0.618789,1.000000,0.000000,0,0.000000,900951.000000,1.000000,3753352145578.000000,9686800.000000
901000,9,484336,0.600000,1.000000,0.496520,1.000000,0.000000,0,0.000000,900968.000000,1.000000,3753352145578.000000,9686800.000000
901000,10,484342,0.600000,1.000000,0.679696,1.000000,0.000000,0,0.000000,900998.000000,1.000000,3753352145578.000000,9686800.000000
901000,11,484335,0.600000,1.000000,0.560880,1.000000,0.000000,0,0.000000,900921.000000,1.000000,3753352145578.000000,9686800.000000
901000,12,484340,0.600000,1.000000,0.639932,1.000000,0.000000,0,0.000000,900988.000000,1.000000,3753352145578.000000,9686800.000000
901000,13,484340,0.600000,1.000000,0.661274,1.000000,0.000000,0,0.000000,900991.000000,1.000000,3753352145578.000000,9686800.000000
901000,14,484335,0.600000,1.000000,0.671904,1.000000,0.000000,0,0.000000,900653.000000,1.000000,3753352145578.000000,9686800.000000
901000,15,484337,0.600000,1.000000,0.553178,1.000000,0.000000,0,0.000000,900722.000000,1.000000,3753352145578.000000,9686800.000000
902000,0,484857,0.600000,1.000000,0.532445,1.000000,0.000000,0,0.000000,901668.000000,1.000000,3761694191847.000000,7758056.000000
902000,1,484875,0.600000,1.000000,0.614754,1.000000,0.000000,0,0.000000,901920.000000,1.000000,3761694191847.000000,7758056.000000
902000,2,484874,0.600000,1.000000,0.631808,1.000000,0.000000,0,0.000000,901951.000000,1.000000,3761694191847.000000,7758056.000000
902000,3,484877,0.600000,1.000000,0.733954,1.000000,0.000000,0,0.000000,901975.000000,1.000000,3761694191847.000000,7758056.000000
902000,4,484879,0.600000,1.000000,0.659007,1.000000,0.000000,0,0.000000,901915.000000,1.000000,3761694191847.000000,7758056.000000
902000,5,484877,0.600000,1.000000,0.765659,1.000000,0.000000,0,0.000000,901976.000000,1.000000,3761694191847.000000,7758056.000000
902000,6,484876,0.600000,1.000000,0.556242,1.000000,0.000000,0,0.000000,901949.000000,1.000000,3761694191847.000000,7758056.000000
902000,7,484881,0.600000,1.000000,0.827326,1.000000,0.000000,0,0.000000,901999.000000,1.000000,3761694191847.000000,7758056.000000
902000,8,484878,0.600000,1.000000,0.519969,1.000000,0.000000,0,0.000000,901972.000000,1.000000,3761694191847.000000,7758056.000000
902000,9,484881,0.600000,1.000000,0.709399,1.000000,0.000000,0,0.000000,901996.000000,1.000000,3761694191847.000000,7758056.000000
902000,10,484880,0.600000,1.000000,0.676305,1.000000,0.000000,0,0.000000,901989.000000,1.000000,3761694191847.000000,7758056.000000
902000,11,484882,0.600000,1.000000,0.747117,1.000000,0.000000,0,0.000000,901998.000000,1.000000,3761694191847.000000,7758056.000000
902000,12,484882,0.600000,1.000000,0.677531,1.000000,0.000000,1,807448.000000,902000.000000,1.000000,3761694191847.000000,7758056.000000
902000,13,484878,0.600000,1.000000,0.569875,1.000000,0.000000,0,0.000000,901970.000000,1.000000,3761694191847.000000,7758056.000000
902000,14,484878,0.600000,1.000000,0.697270,1.000000,0.000000,0,0.000000,901986.000000,1.000000,3761694191847.000000,7758056.000000
902000,15,484880,0.600000,1.000000,0.582181,1.000000,0.000000,0,0.000000,901991.000000,1.000000,3761694191847.000000,7758056.000000
903000,0,485411,0.600000,1.000000,0.705225,1.000000,0.000000,1,808762.000000,903000.000000,1.000000,3769928028101.000000,10678911.000000
903000,1,485411,0.600000,1.000000,0.562368,1.000000,0.000000,0,0.000000,902981.000000,1.000000,3769928028101.000000,10678911.000000
903000,2,485411,0.600000,1.000000,0.674765,1.000000,0.000000,0,0.000000,902993.000000,1.000000,3769928028101.000000,10678911.000000
903000,3,485398,0.600000,1.000000,0.514379,1.000000,0.000000,0,0.000000,902903.000000,1.000000,3769928028101.000000,10678911.000000
903000,4,485409,0.600000,1.000000,0.589523,1.000000,0.000000,0,0.000000,902988.000000,1.000000,3769928028101.000000,10678911.000000
903000,5,485405,0.600000,1.000000,0.543515,1.000000,0.000000,0,0.000000,902949.000000,1.000000,3769928028101.000000,10678911.000000
903000,6,485411,0.600000,1.000000,0.728796,1.000000,0.000000,0,0.000000,902999.000000,1.000000,3769928028101.000000,10678911.000000
903000,7,485412,0.600000,1.000000,0.666101,1.000000,0.000000,0,0.000000,902997.000000,1.000000,3769928028101.000000,10678911.000000
903000,8,485411,0.600000,1.000000,0.672468,1.000000,0.000000,0,0.000000,902939.000000,1.000000,3769928028101.000000,10678911.000000
903000,9,485396,0.600000,1.000000,0.430761,1.000000,0.000000,0,0.000000,902914.000000,1.000000,3769928028101.000000,10678911.000000
903000,10,485404,0.600000,1.000000,0.595638,1.000000,0.000000,0,0.000000,902957.000000,1.000000,3769928028101.000000,10678911.000000
903000,11,485410,0.600000,1.000000,0.503490,1.000000,0.000000,0,0.000000,902857.000000,1.000000,3769928028101.000000,10678911.000000
903000,12,485403,0.600000,1.000000,0.576430,1.000000,0.000000,0,0.000000,902626.000000,1.000000,3769928028101.000000,10678911.000000
903000,13,485411,0.600000,1.000000,0.672575,1.000000,0.000000,0,0.000000,902994.000000,1.000000,3769928028101.000000,10678911.000000
903000,14,485412,0.600000,1.000000,0.650254,1.000000,0.000000,0,0.000000,902998.000000,1.000000,3769928028101.000000,10678911.000000
903000,15,485406,0.600000,1.000000,0.647766,1.000000,0.000000,0,0.000000,902798.000000,1.000000,3769928028101.000000,10678911.000000
904000,0,485944,0.600000,1.000000,0.630511,1.000000,0.000000,0,0.000000,903996.000000,1.000000,3778216544190.000000,5831294.000000
904000,1,485943,0.600000,1.000000,0.679185,1.000000,0.000000,0,0.000000,903990.000000,1.000000,3778216544190.000000,5831294.000000
904000,2,485944,0.600000,1.000000,0.729423,1.000000,0.000000,1,809603.000000,904000.000000,1.000000,3778216544190.000000,5831294.000000
904000,3,485943,0.600000,1.000000,0.778506,1.000000,0.000000,0,0.000000,903987.000000,1.000000,3778216544190.000000,5831294.000000
904000,4,485943,0.600000,1.000000,0.679392,1.000000,0.000000,0,0.000000,903998.000000,1.000000,3778216544190.000000,5831294.000000
904000,5,485936,0.600000,1.000000,0.609419,1.000000,0.000000,0,0.000000,903925.000000,1.000000,3778216544190.000000,5831294.000000
904000,6,485939,0.600000,1.000000,0.583576,1.000000,0.000000,0,0.000000,903936.000000,1.000000,3778216544190.000000,5831294.000000
904000,7,485942,0.600000,1.000000,0.614594,1.000000,0.000000,0,0.000000,903994.000000,1.000000,3778216544190.000000,5831294.000000
904000,8,485939,0.600000,1.000000,0.673222,1.000000,0.000000,0,0.000000,903849.000000,1.000000,3778216544190.000000,5831294.000000
904000,9,485941,0.600000,1.000000,0.586147,1.000000,0.000000,0,0.000000,903942.000000,1.000000,3778216544190.000000,5831294.000000
904000,10,485928,0.600000,1.000000,0.559077,1.000000,0.000000,0,0.000000,903579.000000,1.000000,3778216544190.000000,5831294.000000
904000,11,485943,0.600000,1.000000,0.766580,1.000000,0.000000,0,0.000000,903933.000000,1.000000,3778216544190.000000,5831294.000000
904000,12,485943,0.600000,1.000000,0.614969,1.000000,0.000000,0,0.000000,903997.000000,1.000000,3778216544190.000000,5831294.000000
904000,13,485939,0.600000,1.000000,0.657801,1.000000,0.000000,0,0.000000,903900.000000,1.000000,3778216544190.000000,5831294.000000
904000,14,485944,0.600000,1.000000,0.729534,1.000000,0.000000,0,0.000000,903999.000000,1.000000,3778216544190.000000,5831294.000000
904000,15,485943,0.600000,1.000000,0.531056,1.000000,0.000000,0,0.000000,903893.000000,1.000000,3778216544190.000000,5831294.000000
905000,0,486468,0.600000,1.000000,0.623959,1.000000,0.000000,0,0.000000,904989.000000,1.000000,3786399354731.000000,8756413.000000
905000,1,486458,0.600000,1.000000,0.636827,1.000000,0.000000,0,0.000000,904913.000000,1.000000,3786399354731.000000,8756413.000000
905000,2,486466,0.600000,1.000000,0.657451,1.000000,0.000000,0,0.000000,904895.000000,1.000000,3786399354731.000000,8756413.000000
905000,3,486467,0.600000,1.000000,0.635893,1.000000,0.000000,0,0.000000,904991.000000,1.000000,3786399354731.000000,8756413.000000
905000,4,486468,0.600000,1.000000,0.701771,1.000000,0.000000,1,811147.000000,905000.000000,1.000000,3786399354731.000000,8756413.000000
905000,5,486468,0.600000,1.000000,0.524643,1.000000,0.000000,0,0.000000,904921.000000,1.000000,3786399354731.000000,8756413.000000
905000,6,486469,0.600000,1.000000,0.636516,1.000000,0.000000,0,0.000000,904995.000000,1.000000,3786399354731.000000,8756413.000000
905000,7,486469,0.600000,1.000000,0.570224,1.000000,0.000000,0,0.000000,904983.000000,1.000000,3786399354731.000000,8756413.000000
905000,8,486469,0.600000,1.000000,0.698769,1.000000,0.000000,0,0.000000,904984.000000,1.000000,3786399354731.000000,8756413.000000
905000,9,486466,0.600000,1.000000,0.655004,1.000000,0.000000,0,0.000000,904931.000000,1.000000,3786399354731.000000,8756413.000000
905000,10,486469,0.600000,1.000000,0.594025,1.000000,0.000000,0,0.000000,904999.000000,1.000000,3786399354731.000000,8756413.000000
905000,11,486467,0.600000,1.000000,0.590182,1.000000,0.000000,0,0.000000,904835.000000,1.000000,3786399354731.000000,8756413.000000
905000,12,486466,0.600000,1.000000,0.650082,1.000000,0.000000,0,0.000000,904811.000000,1.000000,3786399354731.000000,8756413.000000
905000,13,486465,0.600000,1.000000,0.636669,1.000000,0.000000,0,0.000000,904956.000000,1.000000,3786399354731.000000,8756413.000000
905000,14,486468,0.600000,1.000000,0.688338,1.000000,0.000000,0,0.000000,904994.000000,1.000000,3786399354731.000000,8756413.000000
905000,15,486466,0.600000,1.000000,0.647033,1.000000,0.000000,0,0.000000,904972.000000,1.000000,3786399354731.000000,8756413.000000
906000,0,487008,0.600000,1.000000,0.675313,1.000000,0.000000,0,0.000000,905874.000000,1.000000,3794848153824.000000,7792122.000000
906000,1,487014,0.600000,1.000000,0.745257,1.000000,0.000000,1,810950.000000,906000.000000,1.000000,3794848153824.000000,7792122.000000
906000,2,487013,0.600000,1.000000,0.714846,1.000000,0.000000,0,0.000000,905992.000000,1.000000,3794848153824.000000,7792122.000000
906000,3,487014,0.600000,1.000000,0.747719,1.000000,0.000000,0,0.000000,905998.000000,1.000000,3794848153824.000000,7792122.000000
906000,4,487004,0.600000,1.000000,0.617738,1.000000,0.000000,0,0.000000,905870.000000,1.000000,3794848153824.000000,7792122.000000
906000,5,487012,0.600000,1.000000,0.589742,1.000000,0.000000,0,0.000000,905982.000000,1.000000,3794848153824.000000,7792122.000000
906000,6,487007,0.600000,1.000000,0.519752,1.000000,0.000000,0,0.000000,905962.000000,1.000000,3794848153824.000000,7792122.000000
906000,7,487010,0.600000,1.000000,0.563934,1.000000,0.000000,0,0.000000,905903.000000,1.000000,3794848153824.000000,7792122.000000
906000,8,486994,0.600000,1.000000,0.593138,1.000000,0.000000,0,0.000000,905881.000000,1.000000,3794848153824.000000,7792122.000000
906000,9,487009,0.600000,1.000000,0.680521,1.000000,0.000000,0,0.000000,905985.000000,1.000000,3794848153824.000000,7792122.000000
906000,10,487008,0.600000,1.000000,0.515027,1.000000,0.000000,0,0.000000,905725.000000,1.000000,3794848153824.000000,7792122.000000
906000,11,487014,0.600000,1.000000,0.714278,1.000000,0.000000,0,0.000000,905988.000000,1.000000,3794848153824.000000,7792122.000000
906000,12,487012,0.600000,1.000000,0.667675,1.000000,0.000000,0,0.000000,905989.000000,1.000000,3794848153824.000000,7792122.000000
906000,13,487013,0.600000,1.000000,0.693940,1.000000,0.000000,0,0.000000,905986.000000,1.000000,3794848153824.000000,7792122.000000
906000,14,487014,0.600000,1.000000,0.694567,1.000000,0.000000,0,0.000000,905952.000000,1.000000,3794848153824.000000,7792122.000000
906000,15,487002,0.600000,1.000000,0.591890,1.000000,0.000000,0,0.000000,905926.000000,1.000000,3794848153824.000000,7792122.000000
907000,0,487548,0.600000,1.000000,0.776076,1.000000,0.000000,0,0.000000,906994.000000,1.000000,3803226409877.000000,12676187.000000
907000,1,487547,0.600000,1.000000,0.645604,1.000000,0.000000,0,0.000000,906993.000000,1.000000,3803226409877.000000,12676187.000000
907000,2,487537,0.600000,1.000000,0.751344,1.000000,0.000000,0,0.000000,906766.000000,1.000000,3803226409877.000000,12676187.000000
907000,3,487547,0.600000,1.000000,0.685111,1.000000,0.000000,0,0.000000,906971.000000,1.000000,3803226409877.000000,12676187.000000
907000,4,487548,0.600000,1.000000,0.781647,1.000000,0.000000,0,0.000000,906921.000000,1.000000,3803226409877.000000,12676187.000000
907000,5,487549,0.600000,1.000000,0.604772,1.000000,0.000000,0,0.000000,906999.000000,1.000000,3803226409877.000000,12676187.000000
907000,6,487549,0.600000,1.000000,0.613108,1.000000,0.000000,0,0.000000,906995.000000,1.000000,3803226409877.000000,12676187.000000
907000,7,487550,0.600000,1.000000,0.723133,1.000000,0.000000,0,0.000000,906998.000000,1.000000,3803226409877.000000,12676187.000000
907000,8,487540,0.600000,1.000000,0.429463,1.000000,0.000000,0,0.000000,906931.000000,1.000000,3803226409877.000000,12676187.000000
907000,9,487544,0.600000,1.000000,0.620733,1.000000,0.000000,0,0.000000,906963.000000,1.000000,3803226409877.000000,12676187.000000
907000,10,487549,0.600000,1.000000,0.589218,1.000000,0.000000,0,0.000000,906982.000000,1.000000,3803226409877.000000,12676187.000000
907000,11,487547,0.600000,1.000000,0.670561,1.000000,0.000000,0,0.000000,906946.000000,1.000000,3803226409877.000000,12676187.000000
907000,12,487549,0.600000,1.000000,0.725164,1.000000,0.000000,1,812006.000000,907000.000000,1.000000,3803226409877.000000,12676187.000000
907000,13,487546,0.600000,1.000000,0.610825,1.000000,0.000000,0,0.000000,906966.000000,1.000000,3803226409877.000000,12676187.000000
907000,14,487546,0.600000,1.000000,0.634488,1.000000,0.000000,0,0.000000,906958.000000,1.000000,3803226409877.000000,12676187.000000
907000,15,487549,0.600000,1.000000,0.662627,1.000000,0.000000,0,0.000000,906978.000000,1.000000,3803226409877.000000,12676187.000000
908000,0,488084,0.600000,1.000000,0.725231,1.000000,0.000000,0,0.000000,907998.000000,1.000000,3811589500541.000000,10737793.000000
908000,1,488085,0.600000,1.000000,0.602511,1.000000,0.000000,0,0.000000,907667.000000,1.000000,3811589500541.000000,10737793.000000
908000,2,488085,0.600000,1.000000,0.679110,1.000000,0.000000,0,0.000000,907997.000000,1.000000,3811589500541.000000,10737793.000000
908000,3,488083,0.600000,1.000000,0.843052,1.000000,0.000000,0,0.000000,907989.000000,1.000000,3811589500541.000000,10737793.000000
908000,4,488079,0.600000,1.000000,0.649778,1.000000,0.000000,0,0.000000,907937.000000,1.000000,3811589500541.000000,10737793.000000
908000,5,488082,0.600000,1.000000,0.528342,1.000000,0.000000,0,0.000000,907967.000000,1.000000,3811589500541.000000,10737793.000000
908000,6,488086,0.600000,1.000000,0.598573,1.000000,0.000000,0,0.000000,907890.000000,1.000000,3811589500541.000000,10737793.000000
908000,7,488085,0.600000,1.000000,0.691458,1.000000,0.000000,0,0.000000,907999.000000,1.000000,3811589500541.000000,10737793.000000
908000,8,488084,0.600000,1.000000,0.718571,1.000000,0.000000,0,0.000000,907892.000000,1.000000,3811589500541.000000,10737793.000000
908000,9,488079,0.600000,1.000000,0.724258,1.000000,0.000000,0,0.000000,907833.000000,1.000000,3811589500541.000000,10737793.000000
908000,10,488082,0.600000,1.000000,0.653614,1.000000,0.000000,0,0.000000,907749.000000,1.000000,3811589500541.000000,10737793.000000
908000,11,488085,0.600000,1.000000,0.725666,1.000000,0.000000,1,814007.000000,908000.000000,1.000000,3811589500541.000000,10737793.000000
908000,12,488080,0.600000,1.000000,0.628946,1.000000,0.000000,0,0.000000,907916.000000,1.000000,3811589500541.000000,10737793.000000
908000,13,488077,0.600000,1.000000,0.555883,1.000000,0.000000,0,0.000000,907933.000000,1.000000,3811589500541.000000,10737793.000000
908000,14,488084,0.600000,1.000000,0.661254,1.000000,0.000000,0,0.000000,907973.000000,1.000000,3811589500541.000000,10737793.000000
908000,15,488077,0.600000,1.000000,0.649873,1.000000,0.000000,0,0.000000,907856.000000,1.000000,3811589500541.000000,10737793.000000
909000,0,488622,0.600000,1.000000,0.794406,1.000000,0.000000,0,0.000000,908998.000000,1.000000,3819985229945.000000,4886145.000000
909000,1,488618,0.600000,1.000000,0.606770,1.000000,0.000000,0,0.000000,908989.000000,1.000000,3819985229945.000000,4886145.000000
909000,2,488616,0.600000,1.000000,0.630284,1.000000,0.000000,0,0.000000,908877.000000,1.000000,3819985229945.000000,4886145.000000
909000,3,488623,0.600000,1.000000,0.696917,1.000000,0.000000,0,0.000000,908999.000000,1.000000,3819985229945.000000,4886145.000000
909000,4,488617,0.600000,1.000000,0.697358,1.000000,0.000000,0,0.000000,908814.000000,1.000000,3819985229945.000000,4886145.000000
909000,5,488618,0.600000,1.000000,0.555900,1.000000,0.000000,0,0.000000,908957.000000,1.000000,3819985229945.000000,4886145.000000
909000,6,488621,0.600000,1.000000,0.684023,1.000000,0.000000,0,0.000000,908994.000000,1.000000,3819985229945.000000,4886145.000000
909000,7,488613,0.600000,1.000000,0.537054,1.000000,0.000000,0,0.000000,908936.000000,1.000000,3819985229945.000000,4886145.000000
909000,8,488622,0.600000,1.000000,0.773984,1.000000,0.000000,0,0.000000,908988.000000,1.000000,3819985229945.000000,4886145.000000
909000,9,488621,0.600000,1.000000,0.522744,1.000000,0.000000,0,0.000000,908993.000000,1.000000,3819985229945.000000,4886145.000000
909000,10,488623,0.600000,1.000000,0.627531,1.000000,0.000000,0,0.000000,908861.000000,1.000000,3819985229945.000000,4886145.000000
909000,11,488624,0.600000,1.000000,0.700716,1.000000,0.000000,1,814891.000000,909000.000000,1.000000,3819985229945.000000,4886145.000000
909000,12,488611,0.600000,1.000000,0.679215,1.000000,0.000000,0,0.000000,908857.000000,1.000000,3819985229945.000000,4886145.000000
909000,13,488619,0.600000,1.000000,0.548503,1.000000,0.000000,0,0.000000,908987.000000,1.000000,3819985229945.000000,4886145.000000
909000,14,488621,0.600000,1.000000,0.594310,1.000000,0.000000,0,0.000000,908913.000000,1.000000,3819985229945.000000,4886145.000000
909000,15,488624,0.600000,1.000000,0.607535,1.000000,0.000000,0,0.000000,908911.000000,1.000000,3819985229945.000000,4886145.000000
910000,0,489158,0.600000,1.000000,0.657473,1.000000,0.000000,0,0.000000,909749.000000,1.000000,3828425414911.000000,6848207.000000
910000,1,489155,0.600000,1.000000,0.603542,1.000000,0.000000,0,0.000000,909867.000000,1.000000,3828425414911.000000,6848207.000000
910000,2,489157,0.600000,1.000000,0.706713,1.000000,0.000000,0,0.000000,909966.000000,1.000000,3828425414911.000000,6848207.000000
910000,3,489162,0.600000,1.000000,0.654077,1.000000,0.000000,0,0.000000,909996.000000,1.000000,3828425414911.000000,6848207.000000
910000,4,489155,0.600000,1.000000,0.621976,1.000000,0.000000,0,0.000000,909907.000000,1.000000,3828425414911.000000,6848207.000000
910000,5,489160,0.600000,1.000000,0.573127,1.000000,0.000000,0,0.000000,909984.000000,1.000000,3828425414911.000000,6848207.000000
910000,6,489162,0.600000,1.000000,0.828225,1.000000,0.000000,0,0.000000,909999.000000,1.000000,3828425414911.000000,6848207.000000
910000,7,489163,0.600000,1.000000,0.702708,1.000000,0.000000,1,816557.000000,910000.000000,1.000000,3828425414911.000000,6848207.000000
910000,8,489162,0.600000,1.000000,0.728770,1.000000,0.000000,0,0.000000,909995.000000,1.000000,3828425414911.000000,6848207.000000
910000,9,489160,0.600000,1.000000,0.761387,1.000000,0.000000,0,0.000000,909901.000000,1.000000,3828425414911.000000,6848207.000000
910000,10,489160,0.600000,1.000000,0.660958,1.000000,0.000000,0,0.000000,909988.000000,1.000000,3828425414911.000000,6848207.000000
910000,11,489157,0.600000,1.000000,0.497927,1.000000,0.000000,0,0.000000,909930.000000,1.000000,3828425414911.000000,6848207.000000
910000,12,489160,0.600000,1.000000,0.635635,1.000000,0.000000,0,0.000000,909989.000000,1.000000,3828425414911.000000,6848207.000000
910000,13,489157,0.600000,1.000000,0.533011,1.000000,0.000000,0,0.000000,909975.000000,1.000000,3828425414911.000000,6848207.000000
910000,14,489160,0.600000,1.000000,0.624994,1.000000,0.000000,0,0.000000,909906.000000,1.000000,3828425414911.000000,6848207.000000
910000,15,489157,0.600000,1.000000,0.628038,1.000000,0.000000,0,0.000000,909613.000000,1.000000,3828425414911.000000,6848207.000000
911000,0,489695,0.600000,1.000000,0.657770,1.000000,0.000000,0,0.000000,910679.000000,1.000000,3836914090193.000000,9794002.000000
911000,1,489702,0.600000,1.000000,0.697230,1.000000,0.000000,0,0.000000,910950.000000,1.000000,3836914090193.000000,9794002.000000
911000,2,489705,0.600000,1.000000,0.648649,1.000000,0.000000,0,0.000000,910997.000000,1.000000,3836914090193.000000,9794002.000000
911000,3,489702,0.600000,1.000000,0.571761,1.000000,0.000000,0,0.000000,910971.000000,1.000000,3836914090193.000000,9794002.000000
911000,4,489705,0.600000,1.000000,0.656941,1.000000,0.000000,0,0.000000,910995.000000,1.000000,3836914090193.000000,9794002.000000
911000,5,489704,0.600000,1.000000,0.783272,1.000000,0.000000,0,0.000000,910992.000000,1.000000,3836914090193.000000,9794002.000000
911000,6,489701,0.600000,1.000000,0.734455,1.000000,0.000000,0,0.000000,910887.000000,1.000000,3836914090193.000000,9794002.000000
911000,7,489703,0.600000,1.000000,0.708013,1.000000,0.000000,0,0.000000,910963.000000,1.000000,3836914090193.000000,9794002.000000
911000,8,489704,0.600000,1.000000,0.641009,1.000000,0.000000,0,0.000000,910913.000000,1.000000,3836914090193.000000,9794002.000000
911000,9,489705,0.600000,1.000000,0.720496,1.000000,0.000000,0,0.000000,910984.000000,1.000000,3836914090193.000000,9794002.000000
911000,10,489687,0.600000,1.000000,0.700336,1.000000,0.000000,0,0.000000,910626.000000,1.000000,3836914090193.000000,9794002.000000
911000,11,489704,0.600000,1.000000,0.697989,1.000000,0.000000,0,0.000000,910980.000000,1.000000,3836914090193.000000,9794002.000000
911000,12,489698,0.600000,1.000000,0.715518,1.000000,0.000000,0,0.000000,910923.000000,1.000000,3836914090193.000000,9794002.000000
911000,13,489695,0.600000,1.000000,0.643858,1.000000,0.000000,0,0.000000,910832.000000,1.000000,3836914090193.000000,9794002.000000
911000,14,489702,0.600000,1.000000,0.681838,1.000000,0.000000,0,0.000000,910946.000000,1.000000,3836914090193.000000,9794002.000000
911000,15,489705,0.600000,1.000000,0.667566,1.000000,0.000000,1,816482.000000,911000.000000,1.000000,3836914090193.000000,9794002.000000
912000,0,490241,0.600000,1.000000,0.692463,1.000000,0.000000,1,816775.000000,912000.000000,1.000000,3845337648807.000000,3921882.000000
912000,1,490240,0.600000,1.000000,0.665984,1.000000,0.000000,0,0.000000,911990.000000,1.000000,3845337648807.000000,3921882.000000
912000,2,490240,0.600000,1.000000,0.750295,1.000000,0.000000,0,0.000000,911999.000000,1.000000,3845337648807.000000,3921882.000000
912000,3,490235,0.600000,1.000000,0.535876,1.000000,0.000000,0,0.000000,911979.000000,1.000000,3845337648807.000000,3921882.000000
912000,4,490240,0.600000,1.000000,0.618357,1.000000,0.000000,0,0.000000,911959.000000,1.000000,3845337648807.000000,3921882.000000
912000,5,490240,0.600000,1.000000,0.670232,1.000000,0.000000,0,0.000000,911986.000000,1.000000,3845337648807.000000,3921882.000000
912000,6,490240,0.600000,1.000000,0.566253,1.000000,0.000000,0,0.000000,911968.000000,1.000000,3845337648807.000000,3921882.000000
912000,7,490239,0.600000,1.000000,0.661763,1.000000,0.000000,0,0.000000,911818.000000,1.000000,3845337648807.000000,3921882.000000
912000,8,490231,0.600000,1.000000,0.628640,1.000000,0.000000,0,0.000000,911319.000000,1.000000,3845337648807.000000,3921882.000000
912000,9,490234,0.600000,1.000000,0.571938,1.000000,0.000000,0,0.000000,911875.000000,1.000000,3845337648807.000000,3921882.000000
912000,10,490241,0.600000,1.000000,0.711351,1.000000,0.000000,0,0.000000,911996.000000,1.000000,3845337648807.000000,3921882.000000
912000,11,490239,0.600000,1.000000,0.719348,1.000000,0.000000,0,0.000000,911993.000000,1.000000,3845337648807.000000,3921882.000000
912000,12,490238,0.600000,1.000000,0.633734,1.000000,0.000000,0,0.000000,911970.000000,1.000000,3845337648807.000000,3921882.000000
912000,13,490240,0.600000,1.000000,0.562030,1.000000,0.000000,0,0.000000,911978.000000,1.000000,3845337648807.000000,3921882.000000
912000,14,490239,0.600000,1.000000,0.655487,1.000000,0.000000,0,0.000000,911975.000000,1.000000,3845337648807.000000,3921882.000000
912000,15,490236,0.600000,1.000000,0.672219,1.000000,0.000000,0,0.000000,911724.000000,1.000000,3845337648807.000000,3921882.000000
913000,0,490774,0.600000,1.000000,0.767003,1.000000,0.000000,0,0.000000,912691.000000,1.000000,3853768481675.000000,2944673.000000
913000,1,490779,0.600000,1.000000,0.634214,1.000000,0.000000,0,0.000000,912983.000000,1.000000,3853768481675.000000,2944673.000000
913000,2,490780,0.600000,1.000000,0.715400,1.000000,0.000000,0,0.000000,912999.000000,1.000000,3853768481675.000000,2944673.000000
913000,3,490781,0.600000,1.000000,0.597436,1.000000,0.000000,1,818014.000000,913000.000000,1.000000,3853768481675.000000,2944673.000000
913000,4,490777,0.600000,1.000000,0.678867,1.000000,0.000000,0,0.000000,912988.000000,1.000000,3853768481675.000000,2944673.000000
913000,5,490777,0.600000,1.000000,0.634359,1.000000,0.000000,0,0.000000,912976.000000,1.000000,3853768481675.000000,2944673.000000
913000,6,490773,0.600000,1.000000,0.677346,1.000000,0.000000,0,0.000000,912643.000000,1.000000,3853768481675.000000,2944673.000000
913000,7,490780,0.600000,1.000000,0.610242,1.000000,0.000000,0,0.000000,912979.000000,1.000000,3853768481675.000000,2944673.000000
913000,8,490779,0.600000,1.000000,0.543993,1.000000,0.000000,0,0.000000,912958.000000,1.000000,3853768481675.000000,2944673.000000
913000,9,490778,0.600000,1.000000,0.656954,1.000000,0.000000,0,0.000000,912994.000000,1.000000,3853768481675.000000,2944673.000000
913000,10,490776,0.600000,1.000000,0.694695,1.000000,0.000000,0,0.000000,912865.000000,1.000000,3853768481675.000000,2944673.000000
913000,11,490777,0.600000,1.000000,0.684367,1.000000,0.000000,0,0.000000,912995.000000,1.000000,3853768481675.000000,2944673.000000
913000,12,490751,0.600000,1.000000,0.464055,1.000000,0.000000,0,0.000000,912511.000000,1.000000,3853768481675.000000,2944673.000000
913000,13,490781,0.600000,1.000000,0.745025,1.000000,0.000000,0,0.000000,912998.000000,1.000000,3853768481675.000000,2944673.000000
913000,14,490777,0.600000,1.000000,0.571120,1.000000,0.000000,0,0.000000,912987.000000,1.000000,3853768481675.000000,2944673.000000
913000,15,490767,0.600000,1.000000,0.546211,1.000000,0.000000,0,0.000000,912911.000000,1.000000,3853768481675.000000,2944673.000000
914000,0,491323,0.600000,1.000000,0.557639,1.000000,0.000000,0,0.000000,913967.000000,1.000000,3862389350451.000000,4913235.000000
914000,1,491321,0.600000,1.000000,0.598407,1.000000,0.000000,0,0.000000,913914.000000,1.000000,3862389350451.000000,4913235.000000
914000,2,491327,0.600000,1.000000,0.737767,1.000000,0.000000,0,0.000000,913753.000000,1.000000,3862389350451.000000,4913235.000000
914000,3,491320,0.600000,1.000000,0.583574,1.000000,0.000000,0,0.000000,913931.000000,1.000000,3862389350451.000000,4913235.000000
914000,4,491316,0.600000,1.000000,0.623464,1.000000,0.000000,0,0.000000,913751.000000,1.000000,3862389350451.000000,4913235.000000
914000,5,491323,0.600000,1.000000,0.607048,1.000000,0.000000,0,0.000000,913738.000000,1.000000,3862389350451.000000,4913235.000000
914000,6,491319,0.600000,1.000000,0.650446,1.000000,0.000000,0,0.000000,913768.000000,1.000000,3862389350451.000000,4913235.000000
914000,7,491326,0.600000,1.000000,0.676164,1.000000,0.000000,0,0.000000,913986.000000,1.000000,3862389350451.000000,4913235.000000
914000,8,491327,0.600000,1.000000,0.766300,1.000000,0.000000,0,0.000000,913988.000000,1.000000,3862389350451.000000,4913235.000000
914000,9,491327,0.600000,1.000000,0.733274,1.000000,0.000000,0,0.000000,913998.000000,1.000000,3862389350451.000000,4913235.000000
914000,10,491327,0.600000,1.000000,0.694825,1.000000,0.000000,1,819025.000000,914000.000000,1.000000,3862389350451.000000,4913235.000000
914000,11,491328,0.600000,1.000000,0.626323,1.000000,0.000000,0,0.000000,913991.000000,1.000000,3862389350451.000000,4913235.000000
914000,12,491323,0.600000,1.000000,0.509629,1.000000,0.000000,0,0.000000,913960.000000,1.000000,3862389350451.000000,4913235.000000
914000,13,491326,0.600000,1.000000,0.607089,1.000000,0.000000,0,0.000000,913978.000000,1.000000,3862389350451.000000,4913235.000000
914000,14,491325,0.600000,1.000000,0.600000,1.000000,0.000000,0,0.000000,913973.000000,1.000000,3862389350451.000000,4913235.000000
914000,15,491327,0.600000,1.000000,0.668365,1.000000,0.000000,0,0.000000,913997.000000,1.000000,3862389350451.000000,4913235.000000
915000,0,491865,0.600000,1.000000,0.678191,1.000000,0.000000,0,0.000000,914981.000000,1.000000,3870913608371.000000,3934958.000000
915000,1,491873,0.600000,1.000000,0.800915,1.000000,0.000000,1,818982.000000,915000.000000,1.000000,3870913608371.000000,3934958.000000
915000,2,491864,0.600000,1.000000,0.632359,1.000000,0.000000,0,0.000000,914978.000000,1.000000,3870913608371.000000,3934958.000000
915000,3,491852,0.600000,1.000000,0.559350,1.000000,0.000000,0,0.000000,914883.000000,1.000000,3870913608371.000000,3934958.000000
915000,4,491864,0.600000,1.000000,0.701984,1.000000,0.000000,0,0.000000,914960.000000,1.000000,3870913608371.000000,3934958.000000
915000,5,491871,0.600000,1.000000,0.703683,1.000000,0.000000,0,0.000000,914985.000000,1.000000,3870913608371.000000,3934958.000000
915000,6,491856,0.600000,1.000000,0.591990,1.000000,0.000000,0,0.000000,914848.000000,1.000000,3870913608371.000000,3934958.000000
915000,7,491865,0.600000,1.000000,0.695905,1.000000,0.000000,0,0.000000,914982.000000,1.000000,3870913608371.000000,3934958.000000
915000,8,491865,0.600000,1.000000,0.576053,1.000000,0.000000,0,0.000000,914907.000000,1.000000,3870913608371.000000,3934958.000000
915000,9,491856,0.600000,1.000000,0.655263,1.000000,0.000000,0,0.000000,914941.000000,1.000000,3870913608371.000000,3934958.000000
915000,10,491874,0.600000,1.000000,0.761741,1.000000,0.000000,0,0.000000,914999.000000,1.000000,3870913608371.000000,3934958.000000
915000,11,491858,0.600000,1.000000,0.523058,1.000000,0.000000,0,0.000000,914908.000000,1.000000,3870913608371.000000,3934958.000000
915000,12,491873,0.600000,1.000000,0.823690,1.000000,0.000000,0,0.000000,914986.000000,1.000000,3870913608371.000000,3934958.000000
915000,13,491872,0.600000,1.000000,0.769969,1.000000,0.000000,0,0.000000,914952.000000,1.000000,3870913608371.000000,3934958.000000
915000,14,491873,0.600000,1.000000,0.796728,1.000000,0.000000,0,0.000000,914994.000000,1.000000,3870913608371.000000,3934958.000000
915000,15,491874,0.600000,1.000000,0.706146,1.000000,0.000000,0,0.000000,914993.000000,1.000000,3870913608371.000000,3934958.000000
916000,0,492400,0.600000,1.000000,0.616865,1.000000,0.000000,0,0.000000,915800.000000,1.000000,3879413777493.000000,10832937.000000
916000,1,492404,0.600000,1.000000,0.611002,1.000000,0.000000,0,0.000000,915969.000000,1.000000,3879413777493.000000,10832937.000000
916000,2,492409,0.600000,1.000000,0.604724,1.000000,0.000000,0,0.000000,915991.000000,1.000000,3879413777493.000000,10832937.000000
916000,3,492403,0.600000,1.000000,0.724502,1.000000,0.000000,0,0.000000,915912.000000,1.000000,3879413777493.000000,10832937.000000
916000,4,492408,0.600000,1.000000,0.738875,1.000000,0.000000,0,0.000000,915996.000000,1.000000,3879413777493.000000,10832937.000000
916000,5,492406,0.600000,1.000000,0.743641,1.000000,0.000000,0,0.000000,915988.000000,1.000000,3879413777493.000000,10832937.000000
916000,6,492405,0.600000,1.000000,0.582424,1.000000,0.000000,0,0.000000,915789.000000,1.000000,3879413777493.000000,10832937.000000
916000,7,492409,0.600000,1.000000,0.768474,1.000000,0.000000,0,0.000000,915997.000000,1.000000,3879413777493.000000,10832937.000000
916000,8,492403,0.600000,1.000000,0.601787,1.000000,0.000000,0,0.000000,915979.000000,1.000000,3879413777493.000000,10832937.000000
916000,9,492406,0.600000,1.000000,0.620913,1.000000,0.000000,0,0.000000,915932.000000,1.000000,3879413777493.000000,10832937.000000
916000,10,492398,0.600000,1.000000,0.564366,1.000000,0.000000,0,0.000000,915950.000000,1.000000,3879413777493.000000,10832937.000000
916000,11,492408,0.600000,1.000000,0.728196,1.000000,0.000000,0,0.000000,915999.000000,1.000000,3879413777493.000000,10832937.000000
916000,12,492409,0.600000,1.000000,0.674545,1.000000,0.000000,0,0.000000,915953.000000,1.000000,3879413777493.000000,10832937.000000
916000,13,492405,0.600000,1.000000,0.682314,1.000000,0.000000,0,0.000000,915935.000000,1.000000,3879413777493.000000,10832937.000000
916000,14,492409,0.600000,1.000000,0.640882,1.000000,0.000000,0,0.000000,915992.000000,1.000000,3879413777493.000000,10832937.000000
916000,15,492409,0.600000,1.000000,0.653020,1.000000,0.000000,1,820889.000000,916000.000000,1.000000,3879413777493.000000,10832937.000000
917000,0,492937,0.600000,1.000000,0.686359,1.000000,0.000000,0,0.000000,916961.000000,1.000000,3887791161607.000000,6901123.000000
917000,1,492932,0.600000,1.000000,0.584189,1.000000,0.000000,0,0.000000,916760.000000,1.000000,3887791161607.000000,6901123.000000
917000,2,492939,0.600000,1.000000,0.694579,1.000000,0.000000,0,0.000000,916698.000000,1.000000,3887791161607.000000,6901123.000000
917000,3,492929,0.600000,1.000000,0.514946,1.000000,0.000000,0,0.000000,916893.000000,1.000000,3887791161607.000000,6901123.000000
917000,4,492938,0.600000,1.000000,0.483064,1.000000,0.000000,0,0.000000,916933.000000,1.000000,3887791161607.000000,6901123.000000
917000,5,492942,0.600000,1.000000,0.760305,1.000000,0.000000,0,0.000000,916999.000000,1.000000,3887791161607.000000,6901123.000000
917000,6,492938,0.600000,1.000000,0.650610,1.000000,0.000000,0,0.000000,916994.000000,1.000000,3887791161607.000000,6901123.000000
917000,7,492942,0.600000,1.000000,0.601796,1.000000,0.000000,1,822717.000000,917000.000000,1.000000,3887791161607.000000,6901123.000000
917000,8,492936,0.600000,1.000000,0.733516,1.000000,0.000000,0,0.000000,916988.000000,1.000000,3887791161607.000000,6901123.000000
917000,9,492932,0.600000,1.000000,0.602130,1.000000,0.000000,0,0.000000,916791.000000,1.000000,3887791161607.000000,6901123.000000
917000,10,492939,0.600000,1.000000,0.657351,1.000000,0.000000,0,0.000000,916904.000000,1.000000,3887791161607.000000,6901123.000000
917000,11,492940,0.600000,1.000000,0.594404,1.000000,0.000000,0,0.000000,916962.000000,1.000000,3887791161607.000000,6901123.000000
917000,12,492940,0.600000,1.000000,0.536777,1.000000,0.000000,0,0.000000,916989.000000,1.000000,3887791161607.000000,6901123.000000
917000,13,492933,0.600000,1.000000,0.597815,1.000000,0.000000,0,0.000000,916859.000000,1.000000,3887791161607.000000,6901123.000000
917000,14,492935,0.600000,1.000000,0.603395,1.000000,0.000000,0,0.000000,916935.000000,1.000000,3887791161607.000000,6901123.000000
917000,15,492941,0.600000,1.000000,0.594634,1.000000,0.000000,0,0.000000,916964.000000,1.000000,3887791161607.000000,6901123.000000
918000,0,493484,0.600000,1.000000,0.688254,1.000000,0.000000,0,0.000000,917989.000000,1.000000,3896398658127.000000,13817526.000000
918000,1,493477,0.600000,1.000000,0.666152,1.000000,0.000000,0,0.000000,917805.000000,1.000000,3896398658127.000000,13817526.000000
918000,2,493484,0.600000,1.000000,0.566321,1.000000,0.000000,0,0.000000,917973.000000,1.000000,3896398658127.000000,13817526.000000
918000,3,493486,0.600000,1.000000,0.644655,1.000000,0.000000,0,0.000000,917984.000000,1.000000,3896398658127.000000,13817526.000000
918000,4,493478,0.600000,1.000000,0.693349,1.000000,0.000000,0,0.000000,917981.000000,1.000000,3896398658127.000000,13817526.000000
918000,5,493482,0.600000,1.000000,0.741303,1.000000,0.000000,0,0.000000,917770.000000,1.000000,3896398658127.000000,13817526.000000
918000,6,493482,0.600000,1.000000,0.712540,1.000000,0.000000,0,0.000000,917983.000000,1.000000,3896398658127.000000,13817526.000000
918000,7,493474,0.600000,1.000000,0.667041,1.000000,0.000000,0,0.000000,917880.000000,1.000000,3896398658127.000000,13817526.000000
918000,8,493481,0.600000,1.000000,0.633811,1.000000,0.000000,0,0.000000,917967.000000,1.000000,3896398658127.000000,13817526.000000
918000,9,493485,0.600000,1.000000,0.752438,1.000000,0.000000,0,0.000000,917999.000000,1.000000,3896398658127.000000,13817526.000000
918000,10,493484,0.600000,1.000000,0.705880,1.000000,0.000000,0,0.000000,917996.000000,1.000000,3896398658127.000000,13817526.000000
918000,11,493487,0.600000,1.000000,0.647504,1.000000,0.000000,1,823095.000000,918000.000000,1.000000,3896398658127.000000,13817526.000000
918000,12,493483,0.600000,1.000000,0.678290,1.000000,0.000000,0,0.000000,917993.000000,1.000000,3896398658127.000000,13817526.000000
918000,13,493483,0.600000,1.000000,0.710702,1.000000,0.000000,0,0.000000,917933.000000,1.000000,3896398658127.000000,13817526.000000
918000,14,493487,0.600000,1.000000,0.576106,1.000000,0.000000,0,0.000000,917946.000000,1.000000,3896398658127.000000,13817526.000000
918000,15,493482,0.600000,1.000000,0.693893,1.000000,0.000000,0,0.000000,917944.000000,1.000000,3896398658127.000000,13817526.000000
919000,0,494015,0.600000,1.000000,0.672921,1.000000,0.000000,0,0.000000,918673.000000,1.000000,3904932676451.000000,10868511.000000
919000,1,494021,0.600000,1.000000,0.632126,1.000000,0.000000,0,0.000000,918919.000000,1.000000,3904932676451.000000,10868511.000000
919000,2,494026,0.600000,1.000000,0.639807,1.000000,0.000000,0,0.000000,918890.000000,1.000000,3904932676451.000000,10868511.000000
919000,3,494028,0.600000,1.000000,0.598952,1.000000,0.000000,0,0.000000,918972.000000,1.000000,3904932676451.000000,10868511.000000
919000,4,494014,0.600000,1.000000,0.540113,1.000000,0.000000,0,0.000000,918897.000000,1.000000,3904932676451.000000,10868511.000000
919000,5,494024,0.600000,1.000000,0.715997,1.000000,0.000000,0,0.000000,918962.000000,1.000000,3904932676451.000000,10868511.000000
919000,6,494026,0.600000,1.000000,0.700525,1.000000,0.000000,0,0.000000,918986.000000,1.000000,3904932676451.000000,10868511.000000
919000,7,494026,0.600000,1.000000,0.735780,1.000000,0.000000,0,0.000000,918998.000000,1.000000,3904932676451.000000,10868511.000000
919000,8,494020,0.600000,1.000000,0.609990,1.000000,0.000000,0,0.000000,918943.000000,1.000000,3904932676451.000000,10868511.000000
919000,9,494023,0.600000,1.000000,0.675870,1.000000,0.000000,0,0.000000,918980.000000,1.000000,3904932676451.000000,10868511.000000
919000,10,494027,0.600000,1.000000,0.728860,1.000000,0.000000,1,823474.000000,919000.000000,1.000000,3904932676451.000000,10868511.000000
919000,11,494018,0.600000,1.000000,0.495870,1.000000,0.000000,0,0.000000,918951.000000,1.000000,3904932676451.000000,10868511.000000
919000,12,494020,0.600000,1.000000,0.526205,1.000000,0.000000,0,0.000000,918964.000000,1.000000,3904932676451.000000,10868511.000000
919000,13,494027,0.600000,1.000000,0.741208,1.000000,0.000000,0,0.000000,918994.000000,1.000000,3904932676451.000000,10868511.000000
919000,14,494019,0.600000,1.000000,0.502402,1.000000,0.000000,0,0.000000,918920.000000,1.000000,3904932676451.000000,10868511.000000
919000,15,494027,0.600000,1.000000,0.651252,1.000000,0.000000,0,0.000000,918999.000000,1.000000,3904932676451.000000,10868511.000000
920000,0,494563,0.600000,1.000000,0.894072,1.000000,0.000000,0,0.000000,919999.000000,1.000000,3913428552363.000000,10880287.000000
920000,1,494553,0.600000,1.000000,0.568753,1.000000,0.000000,0,0.000000,919893.000000,1.000000,3913428552363.000000,10880287.000000
920000,2,494556,0.600000,1.000000,0.521550,1.000000,0.000000,0,0.000000,919966.000000,1.000000,3913428552363.000000,10880287.000000
920000,3,494564,0.600000,1.000000,0.658645,1.000000,0.000000,0,0.000000,919972.000000,1.000000,3913428552363.000000,10880287.000000
920000,4,494563,0.600000,1.000000,0.707635,1.000000,0.000000,0,0.000000,919974.000000,1.000000,3913428552363.000000,10880287.000000
920000,5,494556,0.600000,1.000000,0.639634,1.000000,0.000000,0,0.000000,919890.000000,1.000000,3913428552363.000000,10880287.000000
920000,6,494551,0.600000,1.000000,0.504824,1.000000,0.000000,0,0.000000,919780.000000,1.000000,3913428552363.000000,10880287.000000
920000,7,494561,0.600000,1.000000,0.659880,1.000000,0.000000,0,0.000000,919975.000000,1.000000,3913428552363.000000,10880287.000000
920000,8,494560,0.600000,1.000000,0.739210,1.000000,0.000000,0,0.000000,919800.000000,1.000000,3913428552363.000000,10880287.000000
920000,9,494565,0.600000,1.000000,0.782200,1.000000,0.000000,1,825314.000000,920000.000000,1.000000,3913428552363.000000,10880287.000000
920000,10,494564,0.600000,1.000000,0.808447,1.000000,0.000000,0,0.000000,919998.000000,1.000000,3913428552363.000000,10880287.000000
920000,11,494566,0.600000,1.000000,0.697571,1.000000,0.000000,0,0.000000,919980.000000,1.000000,3913428552363.000000,10880287.000000
920000,12,494560,0.600000,1.000000,0.675432,1.000000,0.000000,0,0.000000,919956.000000,1.000000,3913428552363.000000,10880287.000000
920000,13,494552,0.600000,1.000000,0.480330,1.000000,0.000000,0,0.000000,919874.000000,1.000000,3913428552363.000000,10880287.000000
920000,14,494564,0.600000,1.000000,0.616389,1.000000,0.000000,0,0.000000,919987.000000,1.000000,3913428552363.000000,10880287.000000
920000,15,494557,0.600000,1.000000,0.687634,1.000000,0.000000,0,0.000000,919951.000000,1.000000,3913428552363.000000,10880287.000000
921000,0,495102,0.600000,1.000000,0.692735,1.000000,0.000000,0,0.000000,920879.000000,1.000000,3921993072181.000000,12872643.000000
921000,1,495104,0.600000,1.000000,0.650670,1.000000,0.000000,0,0.000000,920976.000000,1.000000,3921993072181.000000,12872643.000000
921000,2,495091,0.600000,1.000000,0.685436,1.000000,0.000000,0,0.000000,920823.000000,1.000000,3921993072181.000000,12872643.000000
921000,3,495107,0.600000,1.000000,0.850087,1.000000,0.000000,0,0.000000,920999.000000,1.000000,3921993072181.000000,12872643.000000
921000,4,495101,0.600000,1.000000,0.632672,1.000000,0.000000,0,0.000000,920880.000000,1.000000,3921993072181.000000,12872643.000000
921000,5,495094,0.600000,1.000000,0.766141,1.000000,0.000000,0,0.000000,920666.000000,1.000000,3921993072181.000000,12872643.000000
921000,6,495107,0.600000,1.000000,0.729930,1.000000,0.000000,0,0.000000,920998.000000,1.000000,3921993072181.000000,12872643.000000
921000,7,495107,0.600000,1.000000,0.757923,1.000000,0.000000,1,826272.000000,921000.000000,1.000000,3921993072181.000000,12872643.000000
921000,8,495101,0.600000,1.000000,0.568440,1.000000,0.000000,0,0.000000,920929.000000,1.000000,3921993072181.000000,12872643.000000
921000,9,495099,0.600000,1.000000,0.711965,1.000000,0.000000,0,0.000000,920967.000000,1.000000,3921993072181.000000,12872643.000000
921000,10,495098,0.600000,1.000000,0.601696,1.000000,0.000000,0,0.000000,920978.000000,1.000000,3921993072181.000000,12872643.000000
921000,11,495102,0.600000,1.000000,0.732497,1.000000,0.000000,0,0.000000,920988.000000,1.000000,3921993072181.000000,12872643.000000
921000,12,495094,0.600000,1.000000,0.615090,1.000000,0.000000,0,0.000000,920921.000000,1.000000,3921993072181.000000,12872643.000000
921000,13,495095,0.600000,1.000000,0.622051,1.000000,0.000000,0,0.000000,920868.000000,1.000000,3921993072181.000000,12872643.000000
921000,14,495103,0.600000,1.000000,0.613411,1.000000,0.000000,0,0.000000,920989.000000,1.000000,3921993072181.000000,12872643.000000
921000,15,495104,0.600000,1.000000,0.759475,1.000000,0.000000,0,0.000000,920920.000000,1.000000,3921993072181.000000,12872643.000000
922000,0,495633,0.600000,1.000000,0.599974,1.000000,0.000000,0,0.000000,921965.000000,1.000000,3930413305836.000000,7930098.000000
922000,1,495633,0.600000,1.000000,0.625538,1.000000,0.000000,0,0.000000,921995.000000,1.000000,3930413305836.000000,7930098.000000
922000,2,495629,0.600000,1.000000,0.573277,1.000000,0.000000,0,0.000000,921876.000000,1.000000,3930413305836.000000,7930098.000000
922000,3,495635,0.600000,1.000000,0.629327,1.000000,0.000000,0,0.000000,921996.000000,1.000000,3930413305836.000000,7930098.000000
922000,4,495633,0.600000,1.000000,0.662999,1.000000,0.000000,0,0.000000,921984.000000,1.000000,3930413305836.000000,7930098.000000
922000,5,495633,0.600000,1.000000,0.681426,1.000000,0.000000,0,0.000000,921990.000000,1.000000,3930413305836.000000,7930098.000000
922000,6,495631,0.600000,1.000000,0.666611,1.000000,0.000000,0,0.000000,921945.000000,1.000000,3930413305836.000000,7930098.000000
922000,7,495634,0.600000,1.000000,0.715449,1.000000,0.000000,0,0.000000,921997.000000,1.000000,3930413305836.000000,7930098.000000
922000,8,495633,0.600000,1.000000,0.646598,1.000000,0.000000,0,0.000000,921972.000000,1.000000,3930413305836.000000,7930098.000000
922000,9,495634,0.600000,1.000000,0.705459,1.000000,0.000000,1,827091.000000,922000.000000,1.000000,3930413305836.000000,7930098.000000
922000,10,495633,0.600000,1.000000,0.610597,1.000000,0.000000,0,0.000000,921976.000000,1.000000,3930413305836.000000,7930098.000000
922000,11,495625,0.600000,1.000000,0.561891,1.000000,0.000000,0,0.000000,921837.000000,1.000000,3930413305836.000000,7930098.000000
922000,12,495632,0.600000,1.000000,0.571734,1.000000,0.000000,0,0.000000,921973.000000,1.000000,3930413305836.000000,7930098.000000
922000,13,495633,0.600000,1.000000,0.690116,1.000000,0.000000,0,0.000000,921999.000000,1.000000,3930413305836.000000,7930098.000000
922000,14,495628,0.600000,1.000000,0.524919,1.000000,0.000000,0,0.000000,921847.000000,1.000000,3930413305836.000000,7930098.000000
922000,15,495629,0.600000,1.000000,0.703259,1.000000,0.000000,0,0.000000,921617.000000,1.000000,3930413305836.000000,7930098.000000
923000,0,496164,0.600000,1.000000,0.474885,1.000000,0.000000,0,0.000000,922454.000000,1.000000,3938900124001.000000,5954000.000000
923000,1,496170,0.600000,1.000000,0.778580,1.000000,0.000000,1,826155.000000,923000.000000,1.000000,3938900124001.000000,5954000.000000
923000,2,496170,0.600000,1.000000,0.596296,1.000000,0.000000,0,0.000000,922991.000000,1.000000,3938900124001.000000,5954000.000000
923000,3,496165,0.600000,1.000000,0.599360,1.000000,0.000000,0,0.000000,922927.000000,1.000000,3938900124001.000000,5954000.000000
923000,4,496170,0.600000,1.000000,0.824886,1.000000,0.000000,0,0.000000,922999.000000,1.000000,3938900124001.000000,5954000.000000
923000,5,496168,0.600000,1.000000,0.676729,1.000000,0.000000,0,0.000000,922989.000000,1.000000,3938900124001.000000,5954000.000000
923000,6,496167,0.600000,1.000000,0.625976,1.000000,0.000000,0,0.000000,922984.000000,1.000000,3938900124001.000000,5954000.000000
923000,7,496169,0.600000,1.000000,0.686065,1.000000,0.000000,0,0.000000,922810.000000,1.000000,3938900124001.000000,5954000.000000
923000,8,496167,0.600000,1.000000,0.609508,1.000000,0.000000,0,0.000000,922979.000000,1.000000,3938900124001.000000,5954000.000000
923000,9,496167,0.600000,1.000000,0.526768,1.000000,0.000000,0,0.000000,922825.000000,1.000000,3938900124001.000000,5954000.000000
923000,10,496165,0.600000,1.000000,0.659302,1.000000,0.000000,0,0.000000,922568.000000,1.000000,3938900124001.000000,5954000.000000
923000,11,496169,0.600000,1.000000,0.691695,1.000000,0.000000,0,0.000000,922990.000000,1.000000,3938900124001.000000,5954000.000000
923000,12,496161,0.600000,1.000000,0.714998,1.000000,0.000000,0,0.000000,922900.000000,1.000000,3938900124001.000000,5954000.000000
923000,13,496166,0.600000,1.000000,0.697313,1.000000,0.000000,0,0.000000,922980.000000,1.000000,3938900124001.000000,5954000.000000
923000,14,496164,0.600000,1.000000,0.644734,1.000000,0.000000,0,0.000000,922893.000000,1.000000,3938900124001.000000,5954000.000000
923000,15,496163,0.600000,1.000000,0.671022,1.000000,0.000000,0,0.000000,922933.000000,1.000000,3938900124001.000000,5954000.000000
924000,0,496707,0.600000,1.000000,0.756104,1.000000,0.000000,0,0.000000,923999.000000,1.000000,3947414969943.000000,4967033.000000
924000,1,496706,0.600000,1.000000,0.665722,1.000000,0.000000,0,0.000000,923992.000000,1.000000,3947414969943.000000,4967033.000000
924000,2,496704,0.600000,1.000000,0.616031,1.000000,0.000000,0,0.000000,923985.000000,1.000000,3947414969943.000000,4967033.000000
924000,3,496701,0.600000,1.000000,0.744874,1.000000,0.000000,0,0.000000,923915.000000,1.000000,3947414969943.000000,4967033.000000
924000,4,496707,0.600000,1.000000,0.722726,1.000000,0.000000,1,827942.000000,924000.000000,1.000000,3947414969943.000000,4967033.000000
924000,5,496708,0.600000,1.000000,0.675683,1.000000,0.000000,0,0.000000,923995.000000,1.000000,3947414969943.000000,4967033.000000
924000,6,496707,0.600000,1.000000,0.811768,1.000000,0.000000,0,0.000000,923989.000000,1.000000,3947414969943.000000,4967033.000000
924000,7,496705,0.600000,1.000000,0.666844,1.000000,0.000000,0,0.000000,923997.000000,1.000000,3947414969943.000000,4967033.000000
924000,8,496702,0.600000,1.000000,0.668493,1.000000,0.000000,0,0.000000,923943.000000,1.000000,3947414969943.000000,4967033.000000
924000,9,496694,0.600000,1.000000,0.558083,1.000000,0.000000,0,0.000000,923758.000000,1.000000,3947414969943.000000,4967033.000000
924000,10,496698,0.600000,1.000000,0.428170,1.000000,0.000000,0,0.000000,923945.000000,1.000000,3947414969943.000000,4967033.000000
924000,11,496692,0.600000,1.000000,0.646016,1.000000,0.000000,0,0.000000,923774.000000,1.000000,3947414969943.000000,4967033.000000
924000,12,496705,0.600000,1.000000,0.474723,1.000000,0.000000,0,0.000000,923962.000000,1.000000,3947414969943.000000,4967033.000000
924000,13,496693,0.600000,1.000000,0.586574,1.000000,0.000000,0,0.000000,923714.000000,1.000000,3947414969943.000000,4967033.000000
924000,14,496706,0.600000,1.000000,0.608537,1.000000,0.000000,0,0.000000,923972.000000,1.000000,3947414969943.000000,4967033.000000
924000,15,496706,0.600000,1.000000,0.784660,1.000000,0.000000,0,0.000000,923994.000000,1.000000,3947414969943.000000,4967033.000000
925000,0,497237,0.600000,1.000000,0.658110,1.000000,0.000000,1,828526.000000,925000.000000,1.000000,3955851495287.000000,4972337.000000
925000,1,497236,0.600000,1.000000,0.785951,1.000000,0.000000,0,0.000000,924996.000000,1.000000,3955851495287.000000,4972337.000000
925000,2,497231,0.600000,1.000000,0.605627,1.000000,0.000000,0,0.000000,924783.000000,1.000000,3955851495287.000000,4972337.000000
925000,3,497232,0.600000,1.000000,0.599887,1.000000,0.000000,0,0.000000,924960.000000,1.000000,3955851495287.000000,4972337.000000
925000,4,497237,0.600000,1.000000,0.659664,1.000000,0.000000,0,0.000000,924987.000000,1.000000,3955851495287.000000,4972337.000000
925000,5,497234,0.600000,1.000000,0.793383,1.000000,0.000000,0,0.000000,924989.000000,1.000000,3955851495287.000000,4972337.000000
925000,6,497227,0.600000,1.000000,0.514562,1.000000,0.000000,0,0.000000,924931.000000,1.000000,3955851495287.000000,4972337.000000
925000,7,497234,0.600000,1.000000,0.594112,1.000000,0.000000,0,0.000000,924962.000000,1.000000,3955851495287.000000,4972337.000000
925000,8,497229,0.600000,1.000000,0.481581,1.000000,0.000000,0,0.000000,924949.000000,1.000000,3955851495287.000000,4972337.000000
925000,9,497226,0.600000,1.000000,0.715104,1.000000,0.000000,0,0.000000,924908.000000,1.000000,3955851495287.000000,4972337.000000
925000,10,497235,0.600000,1.000000,0.598776,1.000000,0.000000,0,0.000000,924984.000000,1.000000,3955851495287.000000,4972337.000000
925000,11,497235,0.600000,1.000000,0.690879,1.000000,0.000000,0,0.000000,924982.000000,1.000000,3955851495287.000000,4972337.000000
925000,12,497229,0.600000,1.000000,0.586150,1.000000,0.000000,0,0.000000,924866.000000,1.000000,3955851495287.000000,4972337.000000
925000,13,497235,0.600000,1.000000,0.744465,1.000000,0.000000,0,0.000000,924998.000000,1.000000,3955851495287.000000,4972337.000000
925000,14,497237,0.600000,1.000000,0.649089,1.000000,0.000000,0,0.000000,924954.000000,1.000000,3955851495287.000000,4972337.000000
925000,15,497235,0.600000,1.000000,0.620081,1.000000,0.000000,0,0.000000,924985.000000,1.000000,3955851495287.000000,4972337.000000
926000,0,497773,0.600000,1.000000,0.733685,1.000000,0.000000,0,0.000000,925998.000000,1.000000,3964362731955.000000,7964282.000000
926000,1,497767,0.600000,1.000000,0.647670,1.000000,0.000000,0,0.000000,925977.000000,1.000000,3964362731955.000000,7964282.000000
926000,2,497771,0.600000,1.000000,0.782752,1.000000,0.000000,0,0.000000,925995.000000,1.000000,3964362731955.000000,7964282.000000
926000,3,497770,0.600000,1.000000,0.623518,1.000000,0.000000,0,0.000000,925975.000000,1.000000,3964362731955.000000,7964282.000000
926000,4,497770,0.600000,1.000000,0.554466,1.000000,0.000000,0,0.000000,925988.000000,1.000000,3964362731955.000000,7964282.000000
926000,5,497773,0.600000,1.000000,0.735117,1.000000,0.000000,1,829930.000000,926000.000000,1.000000,3964362731955.000000,7964282.000000
926000,6,497769,0.600000,1.000000,0.702303,1.000000,0.000000,0,0.000000,925915.000000,1.000000,3964362731955.000000,7964282.000000
926000,7,497769,0.600000,1.000000,0.613615,1.000000,0.000000,0,0.000000,925989.000000,1.000000,3964362731955.000000,7964282.000000
926000,8,497762,0.600000,1.000000,0.571503,1.000000,0.000000,0,0.000000,925564.000000,1.000000,3964362731955.000000,7964282.000000
926000,9,497773,0.600000,1.000000,0.530430,1.000000,0.000000,0,0.000000,925971.000000,1.000000,3964362731955.000000,7964282.000000
926000,10,497773,0.600000,1.000000,0.638063,1.000000,0.000000,0,0.000000,925991.000000,1.000000,3964362731955.000000,7964282.000000
926000,11,497757,0.600000,1.000000,0.513546,1.000000,0.000000,0,0.000000,925837.000000,1.000000,3964362731955.000000,7964282.000000
926000,12,497763,0.600000,1.000000,0.739132,1.000000,0.000000,0,0.000000,925957.000000,1.000000,3964362731955.000000,7964282.000000
926000,13,497767,0.600000,1.000000,0.565640,1.000000,0.000000,0,0.000000,925867.000000,1.000000,3964362731955.000000,7964282.000000
926000,14,497756,0.600000,1.000000,0.609234,1.000000,0.000000,0,0.000000,925656.000000,1.000000,3964362731955.000000,7964282.000000
926000,15,497770,0.600000,1.000000,0.639674,1.000000,0.000000,0,0.000000,925966.000000,1.000000,3964362731955.000000,7964282.000000
927000,0,498308,0.600000,1.000000,0.632888,1.000000,0.000000,0,0.000000,926999.000000,1.000000,3972905039763.000000,14949093.000000
927000,1,498305,0.600000,1.000000,0.702918,1.000000,0.000000,0,0.000000,926988.000000,1.000000,3972905039763.000000,14949093.000000
927000,2,498306,0.600000,1.000000,0.694469,1.000000,0.000000,0,0.000000,926994.000000,1.000000,3972905039763.000000,14949093.000000
927000,3,498307,0.600000,1.000000,0.744408,1.000000,0.000000,1,830322.000000,927000.000000,1.000000,3972905039763.000000,14949093.000000
927000,4,498295,0.600000,1.000000,0.704328,1.000000,0.000000,0,0.000000,926815.000000,1.000000,3972905039763.000000,14949093.000000
927000,5,498305,0.600000,1.000000,0.700072,1.000000,0.000000,0,0.000000,926874.000000,1.000000,3972905039763.000000,14949093.000000
927000,6,498301,0.600000,1.000000,0.661789,1.000000,0.000000,0,0.000000,926981.000000,1.000000,3972905039763.000000,14949093.000000
927000,7,498300,0.600000,1.000000,0.696484,1.000000,0.000000,0,0.000000,926748.000000,1.000000,3972905039763.000000,14949093.000000
927000,8,498304,0.600000,1.000000,0.593155,1.000000,0.000000,0,0.000000,926978.000000,1.000000,3972905039763.000000,14949093.000000
927000,9,498305,0.600000,1.000000,0.648585,1.000000,0.000000,0,0.000000,926952.000000,1.000000,3972905039763.000000,14949093.000000
927000,10,498305,0.600000,1.000000,0.590105,1.000000,0.000000,0,0.000000,926998.000000,1.000000,3972905039763.000000,14949093.000000
927000,11,498305,0.600000,1.000000,0.672405,1.000000,0.000000,0,0.000000,926819.000000,1.000000,3972905039763.000000,14949093.000000
927000,12,498305,0.600000,1.000000,0.673083,1.000000,0.000000,0,0.000000,926954.000000,1.000000,3972905039763.000000,14949093.000000
927000,13,498303,0.600000,1.000000,0.638166,1.000000,0.000000,0,0.000000,926911.000000,1.000000,3972905039763.000000,14949093.000000
927000,14,498302,0.600000,1.000000,0.620286,1.000000,0.000000,0,0.000000,926980.000000,1.000000,3972905039763.000000,14949093.000000
927000,15,498303,0.600000,1.000000,0.680889,1.000000,0.000000,0,0.000000,926687.000000,1.000000,3972905039763.000000,14949093.000000
928000,0,498835,0.600000,1.000000,0.705377,1.000000,0.000000,0,0.000000,927995.000000,1.000000,3981300905195.000000,13967224.000000
928000,1,498830,0.600000,1.000000,0.751450,1.000000,0.000000,0,0.000000,927889.000000,1.000000,3981300905195.000000,13967224.000000
928000,2,498828,0.600000,1.000000,0.583344,1.000000,0.000000,0,0.000000,927745.000000,1.000000,3981300905195.000000,13967224.000000
928000,3,498836,0.600000,1.000000,0.860266,1.000000,0.000000,0,0.000000,927998.000000,1.000000,3981300905195.000000,13967224.000000
928000,4,498821,0.600000,1.000000,0.559088,1.000000,0.000000,0,0.000000,927943.000000,1.000000,3981300905195.000000,13967224.000000
928000,5,498819,0.600000,1.000000,0.479004,1.000000,0.000000,0,0.000000,927932.000000,1.000000,3981300905195.000000,13967224.000000
928000,6,498825,0.600000,1.000000,0.554059,1.000000,0.000000,0,0.000000,927920.000000,1.000000,3981300905195.000000,13967224.000000
928000,7,498833,0.600000,1.000000,0.707865,1.000000,0.000000,0,0.000000,927977.000000,1.000000,3981300905195.000000,13967224.000000
928000,8,498836,0.600000,1.000000,0.676088,1.000000,0.000000,1,830363.000000,928000.000000,1.000000,3981300905195.000000,13967224.000000
928000,9,498833,0.600000,1.000000,0.708037,1.000000,0.000000,0,0.000000,927983.000000,1.000000,3981300905195.000000,13967224.000000
928000,10,498828,0.600000,1.000000,0.650535,1.000000,0.000000,0,0.000000,927860.000000,1.000000,3981300905195.000000,13967224.000000
928000,11,498830,0.600000,1.000000,0.653651,1.000000,0.000000,0,0.000000,927978.000000,1.000000,3981300905195.000000,13967224.000000
928000,12,498836,0.600000,1.000000,0.670781,1.000000,0.000000,0,0.000000,927947.000000,1.000000,3981300905195.000000,13967224.000000
928000,13,498823,0.600000,1.000000,0.570218,1.000000,0.000000,0,0.000000,927508.000000,1.000000,3981300905195.000000,13967224.000000
928000,14,498834,0.600000,1.000000,0.639795,1.000000,0.000000,0,0.000000,927989.000000,1.000000,3981300905195.000000,13967224.000000
928000,15,498832,0.600000,1.000000,0.759444,1.000000,0.000000,0,0.000000,927993.000000,1.000000,3981300905195.000000,13967224.000000
929000,0,499373,0.600000,1.000000,0.678558,1.000000,0.000000,0,0.000000,928999.000000,1.000000,3989918360800.000000,4993675.000000
929000,1,499366,0.600000,1.000000,0.648378,1.000000,0.000000,0,0.000000,928951.000000,1.000000,3989918360800.000000,4993675.000000
929000,2,499373,0.600000,1.000000,0.813150,1.000000,0.000000,0,0.000000,928995.000000,1.000000,3989918360800.000000,4993675.000000
929000,3,499369,0.600000,1.000000,0.701773,1.000000,0.000000,0,0.000000,928801.000000,1.000000,3989918360800.000000,4993675.000000
929000,4,499372,0.600000,1.000000,0.714026,1.000000,0.000000,0,0.000000,928984.000000,1.000000,3989918360800.000000,4993675.000000
929000,5,499374,0.600000,1.000000,0.690710,1.000000,0.000000,0,0.000000,928979.000000,1.000000,3989918360800.000000,4993675.000000
929000,6,499370,0.600000,1.000000,0.635215,1.000000,0.000000,0,0.000000,928982.000000,1.000000,3989918360800.000000,4993675.000000
929000,7,499373,0.600000,1.000000,0.714711,1.000000,0.000000,0,0.000000,928966.000000,1.000000,3989918360800.000000,4993675.000000
929000,8,499372,0.600000,1.000000,0.736183,1.000000,0.000000,0,0.000000,928992.000000,1.000000,3989918360800.000000,4993675.000000
929000,9,499367,0.600000,1.000000,0.611754,1.000000,0.000000,0,0.000000,928978.000000,1.000000,3989918360800.000000,4993675.000000
929000,10,499373,0.600000,1.000000,0.731075,1.000000,0.000000,0,0.000000,928985.000000,1.000000,3989918360800.000000,4993675.000000
929000,11,499373,0.600000,1.000000,0.726375,1.000000,0.000000,1,832877.000000,929000.000000,1.000000,3989918360800.000000,4993675.000000
929000,12,499362,0.600000,1.000000,0.617660,1.000000,0.000000,0,0.000000,928861.000000,1.000000,3989918360800.000000,4993675.000000
929000,13,499366,0.600000,1.000000,0.645295,1.000000,0.000000,0,0.000000,928972.000000,1.000000,3989918360800.000000,4993675.000000
929000,14,499371,0.600000,1.000000,0.629158,1.000000,0.000000,0,0.000000,928747.000000,1.000000,3989918360800.000000,4993675.000000
929000,15,499358,0.600000,1.000000,0.496730,1.000000,0.000000,0,0.000000,928923.000000,1.000000,3989918360800.000000,4993675.000000
930000,0,499916,0.600000,1.000000,0.643530,1.000000,0.000000,0,0.000000,929912.000000,1.000000,3998620119236.000000,7998628.000000
930000,1,499916,0.600000,1.000000,0.669554,1.000000,0.000000,0,0.000000,929996.000000,1.000000,3998620119236.000000,7998628.000000
930000,2,499906,0.600000,1.000000,0.608392,1.000000,0.000000,0,0.000000,929773.000000,1.000000,3998620119236.000000,7998628.000000
930000,3,499907,0.600000,1.000000,0.628315,1.000000,0.000000,0,0.000000,929784.000000,1.000000,3998620119236.000000,7998628.000000
930000,4,499916,0.600000,1.000000,0.545025,1.000000,0.000000,0,0.000000,929946.000000,1.000000,3998620119236.000000,7998628.000000
930000,5,499916,0.600000,1.000000,0.740771,1.000000,0.000000,1,833498.000000,930000.000000,1.000000,3998620119236.000000,7998628.000000
930000,6,499916,0.600000,1.000000,0.677191,1.000000,0.000000,0,0.000000,929926.000000,1.000000,3998620119236.000000,7998628.000000
930000,7,499915,0.600000,1.000000,0.677950,1.000000,0.000000,0,0.000000,929967.000000,1.000000,3998620119236.000000,7998628.000000
930000,8,499911,0.600000,1.000000,0.491644,1.000000,0.000000,0,0.000000,929498.000000,1.000000,3998620119236.000000,7998628.000000
930000,9,499915,0.600000,1.000000,0.528594,1.000000,0.000000,0,0.000000,929986.000000,1.000000,3998620119236.000000,7998628.000000
930000,10,499916,0.600000,1.000000,0.701938,1.000000,0.000000,0,0.000000,929998.000000,1.000000,3998620119236.000000,7998628.000000
930000,11,499916,0.600000,1.000000,0.649829,1.000000,0.000000,0,0.000000,929981.000000,1.000000,3998620119236.000000,7998628.000000
930000,12,499915,0.600000,1.000000,0.562525,1.000000,0.000000,0,0.000000,929954.000000,1.000000,3998620119236.000000,7998628.000000
930000,13,499907,0.600000,1.000000,0.523465,1.000000,0.000000,0,0.000000,929739.000000,1.000000,3998620119236.000000,7998628.000000
930000,14,499917,0.600000,1.000000,0.723817,1.000000,0.000000,0,0.000000,929999.000000,1.000000,3998620119236.000000,7998628.000000
930000,15,499915,0.600000,1.000000,0.585224,1.000000,0.000000,0,0.000000,929985.000000,1.000000,3998620119236.000000,7998628.000000
931000,0,500461,0.600000,1.000000,0.673132,1.000000,0.000000,1,833719.000000,931000.000000,1.000000,4007333358326.000000,14012826.000000
931000,1,500461,0.600000,1.000000,0.667859,1.000000,0.000000,0,0.000000,930907.000000,1.000000,4007333358326.000000,14012826.000000
931000,2,500459,0.600000,1.000000,0.585370,1.000000,0.000000,0,0.000000,930969.000000,1.000000,4007333358326.000000,14012826.000000
931000,3,500454,0.600000,1.000000,0.694402,1.000000,0.000000,0,0.000000,930756.000000,1.000000,4007333358326.000000,14012826.000000
931000,4,500457,0.600000,1.000000,0.658346,1.000000,0.000000,0,0.000000,930978.000000,1.000000,4007333358326.000000,14012826.000000
931000,5,500459,0.600000,1.000000,0.655469,1.000000,0.000000,0,0.000000,930946.000000,1.000000,4007333358326.000000,14012826.000000
931000,6,500459,0.600000,1.000000,0.616515,1.000000,0.000000,0,0.000000,930991.000000,1.000000,4007333358326.000000,14012826.000000
931000,7,500461,0.600000,1.000000,0.692859,1.000000,0.000000,0,0.000000,930990.000000,1.000000,4007333358326.000000,14012826.000000
931000,8,500461,0.600000,1.000000,0.555378,1.000000,0.000000,0,0.000000,930986.000000,1.000000,4007333358326.000000,14012826.000000
931000,9,500457,0.600000,1.000000,0.651832,1.000000,0.000000,0,0.000000,930973.000000,1.000000,4007333358326.000000,14012826.000000
931000,10,500460,0.600000,1.000000,0.724589,1.000000,0.000000,0,0.000000,930999.000000,1.000000,4007333358326.000000,14012826.000000
931000,11,500460,0.600000,1.000000,0.593920,1.000000,0.000000,0,0.000000,930940.000000,1.000000,4007333358326.000000,14012826.000000
931000,12,500462,0.600000,1.000000,0.663377,1.000000,0.000000,0,0.000000,930881.000000,1.000000,4007333358326.000000,14012826.000000
931000,13,500461,0.600000,1.000000,0.709190,1.000000,0.000000,0,0.000000,930997.000000,1.000000,4007333358326.000000,14012826.000000
931000,14,500452,0.600000,1.000000,0.657597,1.000000,0.000000,0,0.000000,930844.000000,1.000000,4007333358326.000000,14012826.000000
931000,15,500446,0.600000,1.000000,0.632495,1.000000,0.000000,0,0.000000,930845.000000,1.000000,4007333358326.000000,14012826.000000
932000,0,500996,0.600000,1.000000,0.515027,1.000000,0.000000,0,0.000000,931955.000000,1.000000,4015975920146.000000,6011954.000000
932000,1,500999,0.600000,1.000000,0.654644,1.000000,0.000000,0,0.000000,931997.000000,1.000000,4015975920146.000000,6011954.000000
932000,2,500999,0.600000,1.000000,0.639651,1.000000,0.000000,0,0.000000,931995.000000,1.000000,4015975920146.000000,6011954.000000
932000,3,500998,0.600000,1.000000,0.676504,1.000000,0.000000,0,0.000000,931993.000000,1.000000,4015975920146.000000,6011954.000000
932000,4,500993,0.600000,1.000000,0.588211,1.000000,0.000000,0,0.000000,931875.000000,1.000000,4015975920146.000000,6011954.000000
932000,5,500998,0.600000,1.000000,0.718514,1.000000,0.000000,0,0.000000,931994.000000,1.000000,4015975920146.000000,6011954.000000
932000,6,500998,0.600000,1.000000,0.634855,1.000000,0.000000,0,0.000000,931902.000000,1.000000,4015975920146.000000,6011954.000000
932000,7,500996,0.600000,1.000000,0.694498,1.000000,0.000000,0,0.000000,931829.000000,1.000000,4015975920146.000000,6011954.000000
932000,8,500996,0.600000,1.000000,0.636991,1.000000,0.000000,0,0.000000,931931.000000,1.000000,4015975920146.000000,6011954.000000
932000,9,500999,0.600000,1.000000,0.718080,1.000000,0.000000,0,0.000000,931989.000000,1.000000,4015975920146.000000,6011954.000000
932000,10,500998,0.600000,1.000000,0.676220,1.000000,0.000000,0,0.000000,931996.000000,1.000000,4015975920146.000000,6011954.000000
932000,11,500996,0.600000,1.000000,0.639127,1.000000,0.000000,0,0.000000,931967.000000,1.000000,4015975920146.000000,6011954.000000
932000,12,500998,0.600000,1.000000,0.524156,1.000000,0.000000,0,0.000000,931985.000000,1.000000,4015975920146.000000,6011954.000000
932000,13,500999,0.600000,1.000000,0.716867,1.000000,0.000000,1,835685.000000,932000.000000,1.000000,4015975920146.000000,6011954.000000
932000,14,501000,0.600000,1.000000,0.708819,1.000000,0.000000,0,0.000000,931998.000000,1.000000,4015975920146.000000,6011954.000000
932000,15,500997,0.600000,1.000000,0.769575,1.000000,0.000000,0,0.000000,931933.000000,1.000000,4015975920146.000000,6011954.000000
933000,0,501537,0.600000,1.000000,0.643384,1.000000,0.000000,0,0.000000,932953.000000,1.000000,4024664905719.000000,8024612.000000
933000,1,501543,0.600000,1.000000,0.723336,1.000000,0.000000,1,835084.000000,933000.000000,1.000000,4024664905719.000000,8024612.000000
933000,2,501543,0.600000,1.000000,0.642964,1.000000,0.000000,0,0.000000,932994.000000,1.000000,4024664905719.000000,8024612.000000
933000,3,501536,0.600000,1.000000,0.577335,1.000000,0.000000,0,0.000000,932944.000000,1.000000,4024664905719.000000,8024612.000000
933000,4,501537,0.600000,1.000000,0.549659,1.000000,0.000000,0,0.000000,932970.000000,1.000000,4024664905719.000000,8024612.000000
933000,5,501541,0.600000,1.000000,0.646461,1.000000,0.000000,0,0.000000,932978.000000,1.000000,4024664905719.000000,8024612.000000
933000,6,501535,0.600000,1.000000,0.561379,1.000000,0.000000,0,0.000000,932827.000000,1.000000,4024664905719.000000,8024612.000000
933000,7,501542,0.600000,1.000000,0.605071,1.000000,0.000000,0,0.000000,932960.000000,1.000000,4024664905719.000000,8024612.000000
933000,8,501542,0.600000,1.000000,0.666514,1.000000,0.000000,0,0.000000,932993.000000,1.000000,4024664905719.000000,8024612.000000
933000,9,501543,0.600000,1.000000,0.749091,1.000000,0.000000,0,0.000000,932998.000000,1.000000,4024664905719.000000,8024612.000000
933000,10,501542,0.600000,1.000000,0.706426,1.000000,0.000000,0,0.000000,932999.000000,1.000000,4024664905719.000000,8024612.000000
933000,11,501536,0.600000,1.000000,0.482847,1.000000,0.000000,0,0.000000,932864.000000,1.000000,4024664905719.000000,8024612.000000
933000,12,501538,0.600000,1.000000,0.591256,1.000000,0.000000,0,0.000000,932936.000000,1.000000,4024664905719.000000,8024612.000000
933000,13,501540,0.600000,1.000000,0.594946,1.000000,0.000000,0,0.000000,932975.000000,1.000000,4024664905719.000000,8024612.000000
933000,14,501534,0.600000,1.000000,0.628370,1.000000,0.000000,0,0.000000,932543.000000,1.000000,4024664905719.000000,8024612.000000
933000,15,501538,0.600000,1.000000,0.571149,1.000000,0.000000,0,0.000000,932838.000000,1.000000,4024664905719.000000,8024612.000000
934000,0,502083,0.600000,1.000000,0.714778,1.000000,0.000000,0,0.000000,933691.000000,1.000000,4033431564266.000000,11045849.000000
934000,1,502090,0.600000,1.000000,0.770060,1.000000,0.000000,1,835958.000000,934000.000000,1.000000,4033431564266.000000,11045849.000000
934000,2,502089,0.600000,1.000000,0.784843,1.000000,0.000000,0,0.000000,933998.000000,1.000000,4033431564266.000000,11045849.000000
934000,3,502084,0.600000,1.000000,0.627333,1.000000,0.000000,0,0.000000,933958.000000,1.000000,4033431564266.000000,11045849.000000
934000,4,502083,0.600000,1.000000,0.587233,1.000000,0.000000,0,0.000000,933703.000000,1.000000,4033431564266.000000,11045849.000000
934000,5,502087,0.600000,1.000000,0.647554,1.000000,0.000000,0,0.000000,933972.000000,1.000000,4033431564266.000000,11045849.000000
934000,6,502088,0.600000,1.000000,0.673839,1.000000,0.000000,0,0.000000,933926.000000,1.000000,4033431564266.000000,11045849.000000
934000,7,502080,0.600000,1.000000,0.642529,1.000000,0.000000,0,0.000000,933849.000000,1.000000,4033431564266.000000,11045849.000000
934000,8,502090,0.600000,1.000000,0.657161,1.000000,0.000000,0,0.000000,933988.000000,1.000000,4033431564266.000000,11045849.000000
934000,9,502088,0.600000,1.000000,0.641292,1.000000,0.000000,0,0.000000,933968.000000,1.000000,4033431564266.000000,11045849.000000
934000,10,502090,0.600000,1.000000,0.799941,1.000000,0.000000,0,0.000000,933995.000000,1.000000,4033431564266.000000,11045849.000000
934000,11,502082,0.600000,1.000000,0.736202,1.000000,0.000000,0,0.000000,933828.000000,1.000000,4033431564266.000000,11045849.000000
934000,12,502076,0.600000,1.000000,0.517408,1.000000,0.000000,0,0.000000,933858.000000,1.000000,4033431564266.000000,11045849.000000
934000,13,502085,0.600000,1.000000,0.567670,1.000000,0.000000,0,0.000000,933969.000000,1.000000,4033431564266.000000,11045849.000000
934000,14,502077,0.600000,1.000000,0.469498,1.000000,0.000000,0,0.000000,933887.000000,1.000000,4033431564266.000000,11045849.000000
934000,15,502090,0.600000,1.000000,0.782581,1.000000,0.000000,0,0.000000,933999.000000,1.000000,4033431564266.000000,11045849.000000
935000,0,502621,0.600000,1.000000,0.525802,1.000000,0.000000,0,0.000000,934888.000000,1.000000,4042115276877.000000,7036751.000000
935000,1,502629,0.600000,1.000000,0.653047,1.000000,0.000000,0,0.000000,934969.000000,1.000000,4042115276877.000000,7036751.000000
935000,2,502626,0.600000,1.000000,0.636802,1.000000,0.000000,0,0.000000,934933.000000,1.000000,4042115276877.000000,7036751.000000
935000,3,502621,0.600000,1.000000,0.466167,1.000000,0.000000,0,0.000000,934915.000000,1.000000,4042115276877.000000,7036751.000000
935000,4,502629,0.600000,1.000000,0.550762,1.000000,0.000000,0,0.000000,934989.000000,1.000000,4042115276877.000000,7036751.000000
935000,5,502630,0.600000,1.000000,0.613965,1.000000,0.000000,0,0.000000,934996.000000,1.000000,4042115276877.000000,7036751.000000
935000,6,502631,0.600000,1.000000,0.598912,1.000000,0.000000,0,0.000000,934963.000000,1.000000,4042115276877.000000,7036751.000000
935000,7,502623,0.600000,1.000000,0.509230,1.000000,0.000000,0,0.000000,934855.000000,1.000000,4042115276877.000000,7036751.000000
935000,8,502629,0.600000,1.000000,0.689121,1.000000,0.000000,0,0.000000,934990.000000,1.000000,4042115276877.000000,7036751.000000
935000,9,502626,0.600000,1.000000,0.542250,1.000000,0.000000,0,0.000000,934942.000000,1.000000,4042115276877.000000,7036751.000000
935000,10,502618,0.600000,1.000000,0.583023,1.000000,0.000000,0,0.000000,934844.000000,1.000000,4042115276877.000000,7036751.000000
935000,11,502630,0.600000,1.000000,0.758387,1.000000,0.000000,0,0.000000,934998.000000,1.000000,4042115276877.000000,7036751.000000
935000,12,502630,0.600000,1.000000,0.738319,1.000000,0.000000,1,837264.000000,935000.000000,1.000000,4042115276877.000000,7036751.000000
935000,13,502627,0.600000,1.000000,0.688533,1.000000,0.000000,0,0.000000,934771.000000,1.000000,4042115276877.000000,7036751.000000
935000,14,502606,0.600000,1.000000,0.511162,1.000000,0.000000,0,0.000000,934339.000000,1.000000,4042115276877.000000,7036751.000000
935000,15,502629,0.600000,1.000000,0.657226,1.000000,0.000000,0,0.000000,934994.000000,1.000000,4042115276877.000000,7036751.000000
936000,0,503151,0.600000,1.000000,0.598034,1.000000,0.000000,0,0.000000,935712.000000,1.000000,4050832478662.000000,15095055.000000
936000,1,503163,0.600000,1.000000,0.640086,1.000000,0.000000,0,0.000000,935931.000000,1.000000,4050832478662.000000,15095055.000000
936000,2,503171,0.600000,1.000000,0.653975,1.000000,0.000000,0,0.000000,935987.000000,1.000000,4050832478662.000000,15095055.000000
936000,3,503168,0.600000,1.000000,0.590945,1.000000,0.000000,0,0.000000,935913.000000,1.000000,4050832478662.000000,15095055.000000
936000,4,503171,0.600000,1.000000,0.675135,1.000000,0.000000,0,0.000000,935999.000000,1.000000,4050832478662.000000,15095055.000000
936000,5,503166,0.600000,1.000000,0.605311,1.000000,0.000000,0,0.000000,935988.000000,1.000000,4050832478662.000000,15095055.000000
936000,6,503167,0.600000,1.000000,0.592864,1.000000,0.000000,0,0.000000,935970.000000,1.000000,4050832478662.000000,15095055.000000
936000,7,503173,0.600000,1.000000,0.680204,1.000000,0.000000,0,0.000000,935998.000000,1.000000,4050832478662.000000,15095055.000000
936000,8,503164,0.600000,1.000000,0.619934,1.000000,0.000000,0,0.000000,935854.000000,1.000000,4050832478662.000000,15095055.000000
936000,9,503171,0.600000,1.000000,0.583609,1.000000,0.000000,0,0.000000,935959.000000,1.000000,4050832478662.000000,15095055.000000
936000,10,503166,0.600000,1.000000,0.675848,1.000000,0.000000,0,0.000000,935975.000000,1.000000,4050832478662.000000,15095055.000000
936000,11,503163,0.600000,1.000000,0.706535,1.000000,0.000000,0,0.000000,935783.000000,1.000000,4050832478662.000000,15095055.000000
936000,12,503170,0.600000,1.000000,0.752705,1.000000,0.000000,0,0.000000,935994.000000,1.000000,4050832478662.000000,15095055.000000
936000,13,503172,0.600000,1.000000,0.793215,1.000000,0.000000,1,839007.000000,936000.000000,1.000000,4050832478662.000000,15095055.000000
936000,14,503165,0.600000,1.000000,0.601059,1.000000,0.000000,0,0.000000,935966.000000,1.000000,4050832478662.000000,15095055.000000
936000,15,503171,0.600000,1.000000,0.702378,1.000000,0.000000,0,0.000000,935977.000000,1.000000,4050832478662.000000,15095055.000000
937000,0,503704,0.600000,1.000000,0.601790,1.000000,0.000000,0,0.000000,936896.000000,1.000000,4059487543688.000000,19140709.000000
937000,1,503707,0.600000,1.000000,0.697400,1.000000,0.000000,0,0.000000,936993.000000,1.000000,4059487543688.000000,19140709.000000
937000,2,503706,0.600000,1.000000,0.722813,1.000000,0.000000,0,0.000000,936790.000000,1.000000,4059487543688.000000,19140709.000000
937000,3,503707,0.600000,1.000000,0.755583,1.000000,0.000000,0,0.000000,936999.000000,1.000000,4059487543688.000000,19140709.000000
937000,4,503707,0.600000,1.000000,0.586969,1.000000,0.000000,1,839888.000000,937000.000000,1.000000,4059487543688.000000,19140709.000000
937000,5,503697,0.600000,1.000000,0.714121,1.000000,0.000000,0,0.000000,936601.000000,1.000000,4059487543688.000000,19140709.000000
937000,6,503706,0.600000,1.000000,0.630642,1.000000,0.000000,0,0.000000,936932.000000,1.000000,4059487543688.000000,19140709.000000
937000,7,503706,0.600000,1.000000,0.653610,1.000000,0.000000,0,0.000000,936956.000000,1.000000,4059487543688.000000,19140709.000000
937000,8,503701,0.600000,1.000000,0.687745,1.000000,0.000000,0,0.000000,936814.000000,1.000000,4059487543688.000000,19140709.000000
937000,9,503708,0.600000,1.000000,0.585339,1.000000,0.000000,0,0.000000,936980.000000,1.000000,4059487543688.000000,19140709.000000
937000,10,503701,0.600000,1.000000,0.616578,1.000000,0.000000,0,0.000000,936869.000000,1.000000,4059487543688.000000,19140709.000000
937000,11,503704,0.600000,1.000000,0.599540,1.000000,0.000000,0,0.000000,936928.000000,1.000000,4059487543688.000000,19140709.000000
937000,12,503696,0.600000,1.000000,0.574840,1.000000,0.000000,0,0.000000,936921.000000,1.000000,4059487543688.000000,19140709.000000
937000,13,503707,0.600000,1.000000,0.755631,1.000000,0.000000,0,0.000000,936926.000000,1.000000,4059487543688.000000,19140709.000000
937000,14,503705,0.600000,1.000000,0.647885,1.000000,0.000000,0,0.000000,936997.000000,1.000000,4059487543688.000000,19140709.000000
937000,15,503706,0.600000,1.000000,0.731104,1.000000,0.000000,0,0.000000,936998.000000,1.000000,4059487543688.000000,19140709.000000
938000,0,504236,0.600000,1.000000,0.651938,1.000000,0.000000,0,0.000000,937960.000000,1.000000,4068069150198.000000,10084716.000000
938000,1,504238,0.600000,1.000000,0.783082,1.000000,0.000000,0,0.000000,937997.000000,1.000000,4068069150198.000000,10084716.000000
938000,2,504239,0.600000,1.000000,0.556973,1.000000,0.000000,1,839830.000000,938000.000000,1.000000,4068069150198.000000,10084716.000000
938000,3,504236,0.600000,1.000000,0.741516,1.000000,0.000000,0,0.000000,937920.000000,1.000000,4068069150198.000000,10084716.000000
938000,4,504238,0.600000,1.000000,0.726988,1.000000,0.000000,0,0.000000,937991.000000,1.000000,4068069150198.000000,10084716.000000
938000,5,504236,0.600000,1.000000,0.706464,1.000000,0.000000,0,0.000000,937976.000000,1.000000,4068069150198.000000,10084716.000000
938000,6,504238,0.600000,1.000000,0.714722,1.000000,0.000000,0,0.000000,937979.000000,1.000000,4068069150198.000000,10084716.000000
938000,7,504239,0.600000,1.000000,0.607074,1.000000,0.000000,0,0.000000,937977.000000,1.000000,4068069150198.000000,10084716.000000
938000,8,504239,0.600000,1.000000,0.616628,1.000000,0.000000,0,0.000000,937998.000000,1.000000,4068069150198.000000,10084716.000000
938000,9,504239,0.600000,1.000000,0.669260,1.000000,0.000000,0,0.000000,937978.000000,1.000000,4068069150198.000000,10084716.000000
938000,10,504239,0.600000,1.000000,0.731729,1.000000,0.000000,0,0.000000,937968.000000,1.000000,4068069150198.000000,10084716.000000
938000,11,504228,0.600000,1.000000,0.683081,1.000000,0.000000,0,0.000000,937767.000000,1.000000,4068069150198.000000,10084716.000000
938000,12,504226,0.600000,1.000000,0.566626,1.000000,0.000000,0,0.000000,937917.000000,1.000000,4068069150198.000000,10084716.000000
938000,13,504236,0.600000,1.000000,0.718413,1.000000,0.000000,0,0.000000,937966.000000,1.000000,4068069150198.000000,10084716.000000
938000,14,504236,0.600000,1.000000,0.539514,1.000000,0.000000,0,0.000000,937932.000000,1.000000,4068069150198.000000,10084716.000000
938000,15,504239,0.600000,1.000000,0.747065,1.000000,0.000000,0,0.000000,937996.000000,1.000000,4068069150198.000000,10084716.000000
939000,0,504785,0.600000,1.000000,0.722544,1.000000,0.000000,0,0.000000,938956.000000,1.000000,4076869804074.000000,6057392.000000
939000,1,504785,0.600000,1.000000,0.714160,1.000000,0.000000,0,0.000000,938999.000000,1.000000,4076869804074.000000,6057392.000000
939000,2,504777,0.600000,1.000000,0.578429,1.000000,0.000000,0,0.000000,938942.000000,1.000000,4076869804074.000000,6057392.000000
939000,3,504785,0.600000,1.000000,0.753725,1.000000,0.000000,1,840976.000000,939000.000000,1.000000,4076869804074.000000,6057392.000000
939000,4,504784,0.600000,1.000000,0.675684,1.000000,0.000000,0,0.000000,938995.000000,1.000000,4076869804074.000000,6057392.000000
939000,5,504784,0.600000,1.000000,0.670518,1.000000,0.000000,0,0.000000,938989.000000,1.000000,4076869804074.000000,6057392.000000
939000,6,504783,0.600000,1.000000,0.806906,1.000000,0.000000,0,0.000000,938991.000000,1.000000,4076869804074.000000,6057392.000000
939000,7,504782,0.600000,1.000000,0.661742,1.000000,0.000000,0,0.000000,938951.000000,1.000000,4076869804074.000000,6057392.000000
939000,8,504778,0.600000,1.000000,0.613726,1.000000,0.000000,0,0.000000,938947.000000,1.000000,4076869804074.000000,6057392.000000
939000,9,504784,0.600000,1.000000,0.684467,1.000000,0.000000,0,0.000000,938996.000000,1.000000,4076869804074.000000,6057392.000000
939000,10,504778,0.600000,1.000000,0.591853,1.000000,0.000000,0,0.000000,938878.000000,1.000000,4076869804074.000000,6057392.000000
939000,11,504783,0.600000,1.000000,0.576627,1.000000,0.000000,0,0.000000,938936.000000,1.000000,4076869804074.000000,6057392.000000
939000,12,504782,0.600000,1.000000,0.630429,1.000000,0.000000,0,0.000000,938985.000000,1.000000,4076869804074.000000,6057392.000000
939000,13,504782,0.600000,1.000000,0.668594,1.000000,0.000000,0,0.000000,938858.000000,1.000000,4076869804074.000000,6057392.000000
939000,14,504772,0.600000,1.000000,0.662338,1.000000,0.000000,0,0.000000,938828.000000,1.000000,4076869804074.000000,6057392.000000
939000,15,504780,0.600000,1.000000,0.758592,1.000000,0.000000,0,0.000000,938616.000000,1.000000,4076869804074.000000,6057392.000000
940000,0,505319,0.600000,1.000000,0.662783,1.000000,0.000000,0,0.000000,939996.000000,1.000000,4085533423567.000000,6063800.000000
940000,1,505319,0.600000,1.000000,0.638437,1.000000,0.000000,1,841438.000000,940000.000000,1.000000,4085533423567.000000,6063800.000000
940000,2,505319,0.600000,1.000000,0.738127,1.000000,0.000000,0,0.000000,939999.000000,1.000000,4085533423567.000000,6063800.000000
940000,3,505319,0.600000,1.000000,0.632362,1.000000,0.000000,0,0.000000,939958.000000,1.000000,4085533423567.000000,6063800.000000
940000,4,505316,0.600000,1.000000,0.653638,1.000000,0.000000,0,0.000000,939903.000000,1.000000,4085533423567.000000,6063800.000000
940000,5,505319,0.600000,1.000000,0.656524,1.000000,0.000000,0,0.000000,939998.000000,1.000000,4085533423567.000000,6063800.000000
940000,6,505317,0.600000,1.000000,0.705822,1.000000,0.000000,0,0.000000,939987.000000,1.000000,4085533423567.000000,6063800.000000
940000,7,505315,0.600000,1.000000,0.613399,1.000000,0.000000,0,0.000000,939824.000000,1.000000,4085533423567.000000,6063800.000000
940000,8,505319,0.600000,1.000000,0.723874,1.000000,0.000000,0,0.000000,939994.000000,1.000000,4085533423567.000000,6063800.000000
940000,9,505319,0.600000,1.000000,0.643389,1.000000,0.000000,0,0.000000,939991.000000,1.000000,4085533423567.000000,6063800.000000
940000,10,505318,0.600000,1.000000,0.745568,1.000000,0.000000,0,0.000000,939995.000000,1.000000,4085533423567.000000,6063800.000000
940000,11,505316,0.600000,1.000000,0.592544,1.000000,0.000000,0,0.000000,939971.000000,1.000000,4085533423567.000000,6063800.000000
940000,12,505316,0.600000,1.000000,0.589468,1.000000,0.000000,0,0.000000,939960.000000,1.000000,4085533423567.000000,6063800.000000
940000,13,505317,0.600000,1.000000,0.647396,1.000000,0.000000,0,0.000000,939913.000000,1.000000,4085533423567.000000,6063800.000000
940000,14,505317,0.600000,1.000000,0.691121,1.000000,0.000000,0,0.000000,939492.000000,1.000000,4085533423567.000000,6063800.000000
940000,15,505316,0.600000,1.000000,0.594313,1.000000,0.000000,0,0.000000,939970.000000,1.000000,4085533423567.000000,6063800.000000
941000,0,505857,0.600000,1.000000,0.708919,1.000000,0.000000,0,0.000000,940950.000000,1.000000,4094184993241.000000,8093658.000000
941000,1,505856,0.600000,1.000000,0.770993,1.000000,0.000000,1,842327.000000,941000.000000,1.000000,4094184993241.000000,8093658.000000
941000,2,505851,0.600000,1.000000,0.768696,1.000000,0.000000,0,0.000000,940576.000000,1.000000,4094184993241.000000,8093658.000000
941000,3,505847,0.600000,1.000000,0.688646,1.000000,0.000000,0,0.000000,940896.000000,1.000000,4094184993241.000000,8093658.000000
941000,4,505844,0.600000,1.000000,0.626849,1.000000,0.000000,0,0.000000,940667.000000,1.000000,4094184993241.000000,8093658.000000
941000,5,505850,0.600000,1.000000,0.582328,1.000000,0.000000,0,0.000000,940958.000000,1.000000,4094184993241.000000,8093658.000000
941000,6,505857,0.600000,1.000000,0.684502,1.000000,0.000000,0,0.000000,940996.000000,1.000000,4094184993241.000000,8093658.000000
941000,7,505856,0.600000,1.000000,0.702414,1.000000,0.000000,0,0.000000,940999.000000,1.000000,4094184993241.000000,8093658.000000
941000,8,505853,0.600000,1.000000,0.679687,1.000000,0.000000,0,0.000000,940982.000000,1.000000,4094184993241.000000,8093658.000000
941000,9,505849,0.600000,1.000000,0.671068,1.000000,0.000000,0,0.000000,940951.000000,1.000000,4094184993241.000000,8093658.000000
941000,10,505857,0.600000,1.000000,0.760569,1.000000,0.000000,0,0.000000,940998.000000,1.000000,4094184993241.000000,8093658.000000
941000,11,505852,0.600000,1.000000,0.647211,1.000000,0.000000,0,0.000000,940978.000000,1.000000,4094184993241.000000,8093658.000000
941000,12,505854,0.600000,1.000000,0.662372,1.000000,0.000000,0,0.000000,940980.000000,1.000000,4094184993241.000000,8093658.000000
941000,13,505847,0.600000,1.000000,0.588999,1.000000,0.000000,0,0.000000,940867.000000,1.000000,4094184993241.000000,8093658.000000
941000,14,505856,0.600000,1.000000,0.682309,1.000000,0.000000,0,0.000000,940986.000000,1.000000,4094184993241.000000,8093658.000000
941000,15,505851,0.600000,1.000000,0.614417,1.000000,0.000000,0,0.000000,940977.000000,1.000000,4094184993241.000000,8093658.000000
942000,0,506411,0.600000,1.000000,0.730275,1.000000,0.000000,1,843465.000000,942000.000000,1.000000,4103173858603.000000,9115303.000000
942000,1,506398,0.600000,1.000000,0.553843,1.000000,0.000000,0,0.000000,941900.000000,1.000000,4103173858603.000000,9115303.000000
942000,2,506411,0.600000,1.000000,0.681039,1.000000,0.000000,0,0.000000,941981.000000,1.000000,4103173858603.000000,9115303.000000
942000,3,506408,0.600000,1.000000,0.551521,1.000000,0.000000,0,0.000000,941994.000000,1.000000,4103173858603.000000,9115303.000000
942000,4,506408,0.600000,1.000000,0.598357,1.000000,0.000000,0,0.000000,941990.000000,1.000000,4103173858603.000000,9115303.000000
942000,5,506409,0.600000,1.000000,0.719490,1.000000,0.000000,0,0.000000,941996.000000,1.000000,4103173858603.000000,9115303.000000
942000,6,506406,0.600000,1.000000,0.537019,1.000000,0.000000,0,0.000000,941953.000000,1.000000,4103173858603.000000,9115303.000000
942000,7,506406,0.600000,1.000000,0.606919,1.000000,0.000000,0,0.000000,941975.000000,1.000000,4103173858603.000000,9115303.000000
942000,8,506408,0.600000,1.000000,0.602417,1.000000,0.000000,0,0.000000,941967.000000,1.000000,4103173858603.000000,9115303.000000
942000,9,506407,0.600000,1.000000,0.762350,1.000000,0.000000,0,0.000000,941523.000000,1.000000,4103173858603.000000,9115303.000000
942000,10,506407,0.600000,1.000000,0.731912,1.000000,0.000000,0,0.000000,941991.000000,1.000000,4103173858603.000000,9115303.000000
942000,11,506407,0.600000,1.000000,0.599568,1.000000,0.000000,0,0.000000,941940.000000,1.000000,4103173858603.000000,9115303.000000
942000,12,506407,0.600000,1.000000,0.677834,1.000000,0.000000,0,0.000000,941970.000000,1.000000,4103173858603.000000,9115303.000000
942000,13,506410,0.600000,1.000000,0.587047,1.000000,0.000000,0,0.000000,941976.000000,1.000000,4103173858603.000000,9115303.000000
942000,14,506404,0.600000,1.000000,0.553366,1.000000,0.000000,0,0.000000,941844.000000,1.000000,4103173858603.000000,9115303.000000
942000,15,506410,0.600000,1.000000,0.683191,1.000000,0.000000,0,0.000000,941989.000000,1.000000,4103173858603.000000,9115303.000000
943000,0,506946,0.600000,1.000000,0.648407,1.000000,0.000000,0,0.000000,942942.000000,1.000000,4111847117844.000000,11152675.000000
943000,1,506939,0.600000,1.000000,0.641533,1.000000,0.000000,0,0.000000,942720.000000,1.000000,4111847117844.000000,11152675.000000
943000,2,506942,0.600000,1.000000,0.700482,1.000000,0.000000,0,0.000000,942884.000000,1.000000,4111847117844.000000,11152675.000000
943000,3,506947,0.600000,1.000000,0.718963,1.000000,0.000000,0,0.000000,942810.000000,1.000000,4111847117844.000000,11152675.000000
943000,4,506931,0.600000,1.000000,0.552861,1.000000,0.000000,0,0.000000,942791.000000,1.000000,4111847117844.000000,11152675.000000
943000,5,506931,0.600000,1.000000,0.708050,1.000000,0.000000,0,0.000000,942515.000000,1.000000,4111847117844.000000,11152675.000000
943000,6,506945,0.600000,1.000000,0.655378,1.000000,0.000000,0,0.000000,942982.000000,1.000000,4111847117844.000000,11152675.000000
943000,7,506938,0.600000,1.000000,0.687369,1.000000,0.000000,0,0.000000,942952.000000,1.000000,4111847117844.000000,11152675.000000
943000,8,506945,0.600000,1.000000,0.666545,1.000000,0.000000,0,0.000000,942983.000000,1.000000,4111847117844.000000,11152675.000000
943000,9,506947,0.600000,1.000000,0.649151,1.000000,0.000000,0,0.000000,942995.000000,1.000000,4111847117844.000000,11152675.000000
943000,10,506948,0.600000,1.000000,0.779075,1.000000,0.000000,0,0.000000,942992.000000,1.000000,4111847117844.000000,11152675.000000
943000,11,506945,0.600000,1.000000,0.789421,1.000000,0.000000,0,0.000000,942851.000000,1.000000,4111847117844.000000,11152675.000000
943000,12,506948,0.600000,1.000000,0.907083,1.000000,0.000000,1,844418.000000,943000.000000,1.000000,4111847117844.000000,11152675.000000
943000,13,506942,0.600000,1.000000,0.580307,1.000000,0.000000,0,0.000000,942931.000000,1.000000,4111847117844.000000,11152675.000000
943000,14,506946,0.600000,1.000000,0.723988,1.000000,0.000000,0,0.000000,942979.000000,1.000000,4111847117844.000000,11152675.000000
943000,15,506936,0.600000,1.000000,0.579897,1.000000,0.000000,0,0.000000,942635.000000,1.000000,4111847117844.000000,11152675.000000
944000,0,507471,0.600000,1.000000,0.583803,1.000000,0.000000,0,0.000000,943982.000000,1.000000,4120386426232.000000,5074671.000000
944000,1,507470,0.600000,1.000000,0.658381,1.000000,0.000000,0,0.000000,943991.000000,1.000000,4120386426232.000000,5074671.000000
944000,2,507470,0.600000,1.000000,0.628298,1.000000,0.000000,0,0.000000,943983.000000,1.000000,4120386426232.000000,5074671.000000
944000,3,507463,0.600000,1.000000,0.653185,1.000000,0.000000,0,0.000000,943945.000000,1.000000,4120386426232.000000,5074671.000000
944000,4,507471,0.600000,1.000000,0.693142,1.000000,0.000000,0,0.000000,943996.000000,1.000000,4120386426232.000000,5074671.000000
944000,5,507459,0.600000,1.000000,0.643142,1.000000,0.000000,0,0.000000,943817.000000,1.000000,4120386426232.000000,5074671.000000
944000,6,507470,0.600000,1.000000,0.695825,1.000000,0.000000,0,0.000000,943937.000000,1.000000,4120386426232.000000,5074671.000000
944000,7,507463,0.600000,1.000000,0.687643,1.000000,0.000000,0,0.000000,943913.000000,1.000000,4120386426232.000000,5074671.000000
944000,8,507469,0.600000,1.000000,0.562482,1.000000,0.000000,0,0.000000,943984.000000,1.000000,4120386426232.000000,5074671.000000
944000,9,507471,0.600000,1.000000,0.745207,1.000000,0.000000,0,0.000000,943995.000000,1.000000,4120386426232.000000,5074671.000000
944000,10,507472,0.600000,1.000000,0.685566,1.000000,0.000000,0,0.000000,943999.000000,1.000000,4120386426232.000000,5074671.000000
944000,11,507468,0.600000,1.000000,0.570247,1.000000,0.000000,0,0.000000,943978.000000,1.000000,4120386426232.000000,5074671.000000
944000,12,507464,0.600000,1.000000,0.725380,1.000000,0.000000,0,0.000000,943652.000000,1.000000,4120386426232.000000,5074671.000000
944000,13,507472,0.600000,1.000000,0.669515,1.000000,0.000000,1,846020.000000,944000.000000,1.000000,4120386426232.000000,5074671.000000
944000,14,507470,0.600000,1.000000,0.664600,1.000000,0.000000,0,0.000000,943970.000000,1.000000,4120386426232.000000,5074671.000000
944000,15,507471,0.600000,1.000000,0.750737,1.000000,0.000000,0,0.000000,943998.000000,1.000000,4120386426232.000000,5074671.000000
945000,0,508012,0.600000,1.000000,0.643604,1.000000,0.000000,0,0.000000,944993.000000,1.000000,4129145921358.000000,7112125.000000
945000,1,508000,0.600000,1.000000,0.649857,1.000000,0.000000,0,0.000000,944846.000000,1.000000,4129145921358.000000,7112125.000000
945000,2,508009,0.600000,1.000000,0.705235,1.000000,0.000000,0,0.000000,944989.000000,1.000000,4129145921358.000000,7112125.000000
945000,3,508015,0.600000,1.000000,0.654905,1.000000,0.000000,1,846452.000000,945000.000000,1.000000,4129145921358.000000,7112125.000000
945000,4,508013,0.600000,1.000000,0.690381,1.000000,0.000000,0,0.000000,944999.000000,1.000000,4129145921358.000000,7112125.000000
945000,5,507996,0.600000,1.000000,0.596389,1.000000,0.000000,0,0.000000,944825.000000,1.000000,4129145921358.000000,7112125.000000
945000,6,508011,0.600000,1.000000,0.656995,1.000000,0.000000,0,0.000000,944998.000000,1.000000,4129145921358.000000,7112125.000000
945000,7,507997,0.600000,1.000000,0.541803,1.000000,0.000000,0,0.000000,944452.000000,1.000000,4129145921358.000000,7112125.000000
945000,8,508007,0.600000,1.000000,0.578331,1.000000,0.000000,0,0.000000,944952.000000,1.000000,4129145921358.000000,7112125.000000
945000,9,508009,0.600000,1.000000,0.693315,1.000000,0.000000,0,0.000000,944994.000000,1.000000,4129145921358.000000,7112125.000000
945000,10,508007,0.600000,1.000000,0.616113,1.000000,0.000000,0,0.000000,944943.000000,1.000000,4129145921358.000000,7112125.000000
945000,11,508006,0.600000,1.000000,0.803192,1.000000,0.000000,0,0.000000,944983.000000,1.000000,4129145921358.000000,7112125.000000
945000,12,508010,0.600000,1.000000,0.640396,1.000000,0.000000,0,0.000000,944941.000000,1.000000,4129145921358.000000,7112125.000000
945000,13,508006,0.600000,1.000000,0.687878,1.000000,0.000000,0,0.000000,944416.000000,1.000000,4129145921358.000000,7112125.000000
945000,14,508011,0.600000,1.000000,0.656996,1.000000,0.000000,0,0.000000,944881.000000,1.000000,4129145921358.000000,7112125.000000
945000,15,508011,0.600000,1.000000,0.780858,1.000000,0.000000,0,0.000000,944970.000000,1.000000,4129145921358.000000,7112125.000000
946000,0,508545,0.600000,1.000000,0.685915,1.000000,0.000000,0,0.000000,945944.000000,1.000000,4137893358107.000000,6102542.000000
946000,1,508548,0.600000,1.000000,0.726769,1.000000,0.000000,0,0.000000,945987.000000,1.000000,4137893358107.000000,6102542.000000
946000,2,508534,0.600000,1.000000,0.673962,1.000000,0.000000,0,0.000000,945464.000000,1.000000,4137893358107.000000,6102542.000000
946000,3,508547,0.600000,1.000000,0.624088,1.000000,0.000000,0,0.000000,945994.000000,1.000000,4137893358107.000000,6102542.000000
946000,4,508549,0.600000,1.000000,0.768601,1.000000,0.000000,1,847847.000000,946000.000000,1.000000,4137893358107.000000,6102542.000000
946000,5,508546,0.600000,1.000000,0.699017,1.000000,0.000000,0,0.000000,945779.000000,1.000000,4137893358107.000000,6102542.000000
946000,6,508542,0.600000,1.000000,0.651771,1.000000,0.000000,0,0.000000,945968.000000,1.000000,4137893358107.000000,6102542.000000
946000,7,508544,0.600000,1.000000,0.554590,1.000000,0.000000,0,0.000000,945960.000000,1.000000,4137893358107.000000,6102542.000000
946000,8,508548,0.600000,1.000000,0.646412,1.000000,0.000000,0,0.000000,945993.000000,1.000000,4137893358107.000000,6102542.000000
946000,9,508542,0.600000,1.000000,0.588923,1.000000,0.000000,0,0.000000,945919.000000,1.000000,4137893358107.000000,6102542.000000
946000,10,508546,0.600000,1.000000,0.625547,1.000000,0.000000,0,0.000000,945422.000000,1.000000,4137893358107.000000,6102542.000000
946000,11,508549,0.600000,1.000000,0.696715,1.000000,0.000000,0,0.000000,945998.000000,1.000000,4137893358107.000000,6102542.000000
946000,12,508540,0.600000,1.000000,0.706300,1.000000,0.000000,0,0.000000,945309.000000,1.000000,4137893358107.000000,6102542.000000
946000,13,508549,0.600000,1.000000,0.756089,1.000000,0.000000,0,0.000000,945999.000000,1.000000,4137893358107.000000,6102542.000000
946000,14,508547,0.600000,1.000000,0.706833,1.000000,0.000000,0,0.000000,945963.000000,1.000000,4137893358107.000000,6102542.000000
946000,15,508549,0.600000,1.000000,0.587683,1.000000,0.000000,0,0.000000,945997.000000,1.000000,4137893358107.000000,6102542.000000
947000,0,509091,0.600000,1.000000,0.698213,1.000000,0.000000,0,0.000000,946994.000000,1.000000,4146739650484.000000,8145464.000000
947000,1,509086,0.600000,1.000000,0.590860,1.000000,0.000000,0,0.000000,946924.000000,1.000000,4146739650484.000000,8145464.000000
947000,2,509093,0.600000,1.000000,0.722022,1.000000,0.000000,0,0.000000,946986.000000,1.000000,4146739650484.000000,8145464.000000
947000,3,509092,0.600000,1.000000,0.675214,1.000000,0.000000,0,0.000000,946992.000000,1.000000,4146739650484.000000,8145464.000000
947000,4,509094,0.600000,1.000000,0.682577,1.000000,0.000000,0,0.000000,946887.000000,1.000000,4146739650484.000000,8145464.000000
947000,5,509092,0.600000,1.000000,0.674970,1.000000,0.000000,0,0.000000,946997.000000,1.000000,4146739650484.000000,8145464.000000
947000,6,509092,0.600000,1.000000,0.738793,1.000000,0.000000,0,0.000000,946999.000000,1.000000,4146739650484.000000,8145464.000000
947000,7,509090,0.600000,1.000000,0.803679,1.000000,0.000000,0,0.000000,946993.000000,1.000000,4146739650484.000000,8145464.000000
947000,8,509093,0.600000,1.000000,0.652951,1.000000,0.000000,0,0.000000,946998.000000,1.000000,4146739650484.000000,8145464.000000
947000,9,509071,0.600000,1.000000,0.652543,1.000000,0.000000,0,0.000000,946506.000000,1.000000,4146739650484.000000,8145464.000000
947000,10,509084,0.600000,1.000000,0.627630,1.000000,0.000000,0,0.000000,946620.000000,1.000000,4146739650484.000000,8145464.000000
947000,11,509092,0.600000,1.000000,0.742532,1.000000,0.000000,0,0.000000,946979.000000,1.000000,4146739650484.000000,8145464.000000
947000,12,509071,0.600000,1.000000,0.617726,1.000000,0.000000,0,0.000000,946486.000000,1.000000,4146739650484.000000,8145464.000000
947000,13,509091,0.600000,1.000000,0.657976,1.000000,0.000000,0,0.000000,946948.000000,1.000000,4146739650484.000000,8145464.000000
947000,14,509093,0.600000,1.000000,0.657579,1.000000,0.000000,0,0.000000,946811.000000,1.000000,4146739650484.000000,8145464.000000
947000,15,509093,0.600000,1.000000,0.743382,1.000000,0.000000,1,848581.000000,947000.000000,1.000000,4146739650484.000000,8145464.000000
948000,0,509629,0.600000,1.000000,0.537419,1.000000,0.000000,0,0.000000,947946.000000,1.000000,4155509769995.000000,10192538.000000
948000,1,509629,0.600000,1.000000,0.639855,1.000000,0.000000,0,0.000000,947989.000000,1.000000,4155509769995.000000,10192538.000000
948000,2,509630,0.600000,1.000000,0.645844,1.000000,0.000000,0,0.000000,947990.000000,1.000000,4155509769995.000000,10192538.000000
948000,3,509629,0.600000,1.000000,0.672585,1.000000,0.000000,0,0.000000,947991.000000,1.000000,4155509769995.000000,10192538.000000
948000,4,509630,0.600000,1.000000,0.551304,1.000000,0.000000,0,0.000000,947554.000000,1.000000,4155509769995.000000,10192538.000000
948000,5,509626,0.600000,1.000000,0.719026,1.000000,0.000000,0,0.000000,947970.000000,1.000000,4155509769995.000000,10192538.000000
948000,6,509630,0.600000,1.000000,0.658050,1.000000,0.000000,1,850053.000000,948000.000000,1.000000,4155509769995.000000,10192538.000000
948000,7,509623,0.600000,1.000000,0.550262,1.000000,0.000000,0,0.000000,947959.000000,1.000000,4155509769995.000000,10192538.000000
948000,8,509625,0.600000,1.000000,0.664758,1.000000,0.000000,0,0.000000,947791.000000,1.000000,4155509769995.000000,10192538.000000
948000,9,509626,0.600000,1.000000,0.745911,1.000000,0.000000,0,0.000000,947640.000000,1.000000,4155509769995.000000,10192538.000000
948000,10,509629,0.600000,1.000000,0.732011,1.000000,0.000000,0,0.000000,947996.000000,1.000000,4155509769995.000000,10192538.000000
948000,11,509624,0.600000,1.000000,0.646437,1.000000,0.000000,0,0.000000,947961.000000,1.000000,4155509769995.000000,10192538.000000
948000,12,509630,0.600000,1.000000,0.703770,1.000000,0.000000,0,0.000000,947997.000000,1.000000,4155509769995.000000,10192538.000000
948000,13,509618,0.600000,1.000000,0.610347,1.000000,0.000000,0,0.000000,947684.000000,1.000000,4155509769995.000000,10192538.000000
948000,14,509621,0.600000,1.000000,0.649754,1.000000,0.000000,0,0.000000,947872.000000,1.000000,4155509769995.000000,10192538.000000
948000,15,509628,0.600000,1.000000,0.741401,1.000000,0.000000,0,0.000000,947995.000000,1.000000,4155509769995.000000,10192538.000000
949000,0,510161,0.600000,1.000000,0.609025,1.000000,0.000000,0,0.000000,948894.000000,1.000000,4164283032372.000000,13264245.000000
949000,1,510164,0.600000,1.000000,0.684534,1.000000,0.000000,0,0.000000,948976.000000,1.000000,4164283032372.000000,13264245.000000
949000,2,510167,0.600000,1.000000,0.689812,1.000000,0.000000,0,0.000000,948987.000000,1.000000,4164283032372.000000,13264245.000000
949000,3,510161,0.600000,1.000000,0.626560,1.000000,0.000000,0,0.000000,948922.000000,1.000000,4164283032372.000000,13264245.000000
949000,4,510165,0.600000,1.000000,0.653424,1.000000,0.000000,0,0.000000,948997.000000,1.000000,4164283032372.000000,13264245.000000
949000,5,510163,0.600000,1.000000,0.629640,1.000000,0.000000,0,0.000000,948859.000000,1.000000,4164283032372.000000,13264245.000000
949000,6,510166,0.600000,1.000000,0.624709,1.000000,0.000000,0,0.000000,948962.000000,1.000000,4164283032372.000000,13264245.000000
949000,7,510166,0.600000,1.000000,0.707769,1.000000,0.000000,0,0.000000,948986.000000,1.000000,4164283032372.000000,13264245.000000
949000,8,510166,0.600000,1.000000,0.610272,1.000000,0.000000,0,0.000000,948998.000000,1.000000,4164283032372.000000,13264245.000000
949000,9,510165,0.600000,1.000000,0.754488,1.000000,0.000000,0,0.000000,948999.000000,1.000000,4164283032372.000000,13264245.000000
949000,10,510165,0.600000,1.000000,0.702277,1.000000,0.000000,0,0.000000,948994.000000,1.000000,4164283032372.000000,13264245.000000
949000,11,510164,0.600000,1.000000,0.711795,1.000000,0.000000,0,0.000000,948917.000000,1.000000,4164283032372.000000,13264245.000000
949000,12,510166,0.600000,1.000000,0.599863,1.000000,0.000000,0,0.000000,948952.000000,1.000000,4164283032372.000000,13264245.000000
949000,13,510166,0.600000,1.000000,0.694051,1.000000,0.000000,1,850639.000000,949000.000000,1.000000,4164283032372.000000,13264245.000000
949000,14,510160,0.600000,1.000000,0.572790,1.000000,0.000000,0,0.000000,948890.000000,1.000000,4164283032372.000000,13264245.000000
949000,15,510165,0.600000,1.000000,0.631805,1.000000,0.000000,0,0.000000,948971.000000,1.000000,4164283032372.000000,13264245.000000
950000,0,510705,0.600000,1.000000,0.799861,1.000000,0.000000,0,0.000000,949989.000000,1.000000,4173042054320.000000,6128446.000000
950000,1,510700,0.600000,1.000000,0.641886,1.000000,0.000000,0,0.000000,949907.000000,1.000000,4173042054320.000000,6128446.000000
950000,2,510701,0.600000,1.000000,0.710899,1.000000,0.000000,0,0.000000,949900.000000,1.000000,4173042054320.000000,6128446.000000
950000,3,510706,0.600000,1.000000,0.708003,1.000000,0.000000,0,0.000000,949970.000000,1.000000,4173042054320.000000,6128446.000000
950000,4,510705,0.600000,1.000000,0.745699,1.000000,0.000000,0,0.000000,949998.000000,1.000000,4173042054320.000000,6128446.000000
950000,5,510693,0.600000,1.000000,0.554418,1.000000,0.000000,0,0.000000,949944.000000,1.000000,4173042054320.000000,6128446.000000
950000,6,510702,0.600000,1.000000,0.648749,1.000000,0.000000,0,0.000000,949968.000000,1.000000,4173042054320.000000,6128446.000000
950000,7,510699,0.600000,1.000000,0.716068,1.000000,0.000000,0,0.000000,949874.000000,1.000000,4173042054320.000000,6128446.000000
950000,8,510703,0.600000,1.000000,0.575684,1.000000,0.000000,0,0.000000,949960.000000,1.000000,4173042054320.000000,6128446.000000
950000,9,510694,0.600000,1.000000,0.441428,1.000000,0.000000,0,0.000000,949913.000000,1.000000,4173042054320.000000,6128446.000000
950000,10,510695,0.600000,1.000000,0.594092,1.000000,0.000000,0,0.000000,949794.000000,1.000000,4173042054320.000000,6128446.000000
950000,11,510706,0.600000,1.000000,0.712714,1.000000,0.000000,1,851376.000000,950000.000000,1.000000,4173042054320.000000,6128446.000000
950000,12,510704,0.600000,1.000000,0.639085,1.000000,0.000000,0,0.000000,949784.000000,1.000000,4173042054320.000000,6128446.000000
950000,13,510705,0.600000,1.000000,0.677402,1.000000,0.000000,0,0.000000,949999.000000,1.000000,4173042054320.000000,6128446.000000
950000,14,510696,0.600000,1.000000,0.629003,1.000000,0.000000,0,0.000000,949825.000000,1.000000,4173042054320.000000,6128446.000000
950000,15,510696,0.600000,1.000000,0.592899,1.000000,0.000000,0,0.000000,949962.000000,1.000000,4173042054320.000000,6128446.000000
951000,0,511235,0.600000,1.000000,0.727402,1.000000,0.000000,0,0.000000,950994.000000,1.000000,4181795963194.000000,15337061.000000
951000,1,511239,0.600000,1.000000,0.586693,1.000000,0.000000,1,851103.000000,951000.000000,1.000000,4181795963194.000000,15337061.000000
951000,2,511237,0.600000,1.000000,0.467350,1.000000,0.000000,0,0.000000,950984.000000,1.000000,4181795963194.000000,15337061.000000
951000,3,511236,0.600000,1.000000,0.581538,1.000000,0.000000,0,0.000000,950988.000000,1.000000,4181795963194.000000,15337061.000000
951000,4,511235,0.600000,1.000000,0.788107,1.000000,0.000000,0,0.000000,950749.000000,1.000000,4181795963194.000000,15337061.000000
951000,5,511237,0.600000,1.000000,0.618576,1.000000,0.000000,0,0.000000,950891.000000,1.000000,4181795963194.000000,15337061.000000
951000,6,511232,0.600000,1.000000,0.583279,1.000000,0.000000,0,0.000000,950793.000000,1.000000,4181795963194.000000,15337061.000000
951000,7,511233,0.600000,1.000000,0.609143,1.000000,0.000000,0,0.000000,950946.000000,1.000000,4181795963194.000000,15337061.000000
951000,8,511237,0.600000,1.000000,0.552273,1.000000,0.000000,0,0.000000,950999.000000,1.000000,4181795963194.000000,15337061.000000
951000,9,511237,0.600000,1.000000,0.657724,1.000000,0.000000,0,0.000000,950998.000000,1.000000,4181795963194.000000,15337061.000000
951000,10,511238,0.600000,1.000000,0.550902,1.000000,0.000000,0,0.000000,950970.000000,1.000000,4181795963194.000000,15337061.000000
951000,11,511235,0.600000,1.000000,0.573804,1.000000,0.000000,0,0.000000,950890.000000,1.000000,4181795963194.000000,15337061.000000
951000,12,511236,0.600000,1.000000,0.748149,1.000000,0.000000,0,0.000000,950996.000000,1.000000,4181795963194.000000,15337061.000000
951000,13,511234,0.600000,1.000000,0.644692,1.000000,0.000000,0,0.000000,950930.000000,1.000000,4181795963194.000000,15337061.000000
951000,14,511239,0.600000,1.000000,0.649747,1.000000,0.000000,0,0.000000,950987.000000,1.000000,4181795963194.000000,15337061.000000
951000,15,511236,0.600000,1.000000,0.661802,1.000000,0.000000,0,0.000000,950955.000000,1.000000,4181795963194.000000,15337061.000000
952000,0,511776,0.600000,1.000000,0.680819,1.000000,0.000000,0,0.000000,951999.000000,1.000000,4190570303649.000000,5117735.000000
952000,1,511775,0.600000,1.000000,0.665197,1.000000,0.000000,0,0.000000,951998.000000,1.000000,4190570303649.000000,5117735.000000
952000,2,511775,0.600000,1.000000,0.708938,1.000000,0.000000,1,852443.000000,952000.000000,1.000000,4190570303649.000000,5117735.000000
952000,3,511759,0.600000,1.000000,0.787202,1.000000,0.000000,0,0.000000,951838.000000,1.000000,4190570303649.000000,5117735.000000
952000,4,511772,0.600000,1.000000,0.577306,1.000000,0.000000,0,0.000000,951934.000000,1.000000,4190570303649.000000,5117735.000000
952000,5,511773,0.600000,1.000000,0.688478,1.000000,0.000000,0,0.000000,951979.000000,1.000000,4190570303649.000000,5117735.000000
952000,6,511775,0.600000,1.000000,0.725706,1.000000,0.000000,0,0.000000,951996.000000,1.000000,4190570303649.000000,5117735.000000
952000,7,511773,0.600000,1.000000,0.671150,1.000000,0.000000,0,0.000000,951970.000000,1.000000,4190570303649.000000,5117735.000000
952000,8,511774,0.600000,1.000000,0.721717,1.000000,0.000000,0,0.000000,951986.000000,1.000000,4190570303649.000000,5117735.000000
952000,9,511771,0.600000,1.000000,0.520713,1.000000,0.000000,0,0.000000,951798.000000,1.000000,4190570303649.000000,5117735.000000
952000,10,511761,0.600000,1.000000,0.526259,1.000000,0.000000,0,0.000000,951764.000000,1.000000,4190570303649.000000,5117735.000000
952000,11,511773,0.600000,1.000000,0.676150,1.000000,0.000000,0,0.000000,951865.000000,1.000000,4190570303649.000000,5117735.000000
952000,12,511775,0.600000,1.000000,0.674608,1.000000,0.000000,0,0.000000,951973.000000,1.000000,4190570303649.000000,5117735.000000
952000,13,511775,0.600000,1.000000,0.679345,1.000000,0.000000,0,0.000000,951985.000000,1.000000,4190570303649.000000,5117735.000000
952000,14,511773,0.600000,1.000000,0.664774,1.000000,0.000000,0,0.000000,951974.000000,1.000000,4190570303649.000000,5117735.000000
952000,15,511773,0.600000,1.000000,0.666096,1.000000,0.000000,0,0.000000,951948.000000,1.000000,4190570303649.000000,5117735.000000
953000,0,512310,0.600000,1.000000,0.731903,1.000000,0.000000,0,0.000000,952994.000000,1.000000,4199325150770.000000,3073863.000000
953000,1,512288,0.600000,1.000000,0.651119,1.000000,0.000000,0,0.000000,952490.000000,1.000000,4199325150770.000000,3073863.000000
953000,2,512311,0.600000,1.000000,0.658903,1.000000,0.000000,0,0.000000,952984.000000,1.000000,4199325150770.000000,3073863.000000
953000,3,512310,0.600000,1.000000,0.583126,1.000000,0.000000,0,0.000000,952986.000000,1.000000,4199325150770.000000,3073863.000000
953000,4,512311,0.600000,1.000000,0.748968,1.000000,0.000000,0,0.000000,952997.000000,1.000000,4199325150770.000000,3073863.000000
953000,5,512290,0.600000,1.000000,0.597648,1.000000,0.000000,0,0.000000,952720.000000,1.000000,4199325150770.000000,3073863.000000
953000,6,512312,0.600000,1.000000,0.711510,1.000000,0.000000,0,0.000000,952935.000000,1.000000,4199325150770.000000,3073863.000000
953000,7,512312,0.600000,1.000000,0.670303,1.000000,0.000000,0,0.000000,952926.000000,1.000000,4199325150770.000000,3073863.000000
953000,8,512297,0.600000,1.000000,0.435843,1.000000,0.000000,0,0.000000,952920.000000,1.000000,4199325150770.000000,3073863.000000
953000,9,512305,0.600000,1.000000,0.588716,1.000000,0.000000,0,0.000000,952841.000000,1.000000,4199325150770.000000,3073863.000000
953000,10,512312,0.600000,1.000000,0.703663,1.000000,0.000000,1,853875.000000,953000.000000,1.000000,4199325150770.000000,3073863.000000
953000,11,512308,0.600000,1.000000,0.659370,1.000000,0.000000,0,0.000000,952976.000000,1.000000,4199325150770.000000,3073863.000000
953000,12,512312,0.600000,1.000000,0.581698,1.000000,0.000000,0,0.000000,952972.000000,1.000000,4199325150770.000000,3073863.000000
953000,13,512308,0.600000,1.000000,0.524884,1.000000,0.000000,0,0.000000,952834.000000,1.000000,4199325150770.000000,3073863.000000
953000,14,512305,0.600000,1.000000,0.545851,1.000000,0.000000,0,0.000000,952843.000000,1.000000,4199325150770.000000,3073863.000000
953000,15,512311,0.600000,1.000000,0.746447,1.000000,0.000000,0,0.000000,952993.000000,1.000000,4199325150770.000000,3073863.000000
954000,0,512843,0.600000,1.000000,0.603311,1.000000,0.000000,0,0.000000,953971.000000,1.000000,4208074772787.000000,8205426.000000
954000,1,512843,0.600000,1.000000,0.657507,1.000000,0.000000,0,0.000000,953995.000000,1.000000,4208074772787.000000,8205426.000000
954000,2,512843,0.600000,1.000000,0.565812,1.000000,0.000000,0,0.000000,953997.000000,1.000000,4208074772787.000000,8205426.000000
954000,3,512840,0.600000,1.000000,0.617436,1.000000,0.000000,0,0.000000,953978.000000,1.000000,4208074772787.000000,8205426.000000
954000,4,512841,0.600000,1.000000,0.713766,1.000000,0.000000,0,0.000000,953998.000000,1.000000,4208074772787.000000,8205426.000000
954000,5,512842,0.600000,1.000000,0.676698,1.000000,0.000000,0,0.000000,953983.000000,1.000000,4208074772787.000000,8205426.000000
954000,6,512829,0.600000,1.000000,0.598741,1.000000,0.000000,0,0.000000,953737.000000,1.000000,4208074772787.000000,8205426.000000
954000,7,512836,0.600000,1.000000,0.650364,1.000000,0.000000,0,0.000000,953883.000000,1.000000,4208074772787.000000,8205426.000000
954000,8,512838,0.600000,1.000000,0.615602,1.000000,0.000000,0,0.000000,953944.000000,1.000000,4208074772787.000000,8205426.000000
954000,9,512843,0.600000,1.000000,0.655592,1.000000,0.000000,0,0.000000,953999.000000,1.000000,4208074772787.000000,8205426.000000
954000,10,512841,0.600000,1.000000,0.685114,1.000000,0.000000,0,0.000000,953996.000000,1.000000,4208074772787.000000,8205426.000000
954000,11,512842,0.600000,1.000000,0.679689,1.000000,0.000000,0,0.000000,953965.000000,1.000000,4208074772787.000000,8205426.000000
954000,12,512842,0.600000,1.000000,0.723166,1.000000,0.000000,1,854408.000000,954000.000000,1.000000,4208074772787.000000,8205426.000000
954000,13,512840,0.600000,1.000000,0.713048,1.000000,0.000000,0,0.000000,953989.000000,1.000000,4208074772787.000000,8205426.000000
954000,14,512834,0.600000,1.000000,0.680405,1.000000,0.000000,0,0.000000,953695.000000,1.000000,4208074772787.000000,8205426.000000
954000,15,512840,0.600000,1.000000,0.585664,1.000000,0.000000,0,0.000000,953992.000000,1.000000,4208074772787.000000,8205426.000000
955000,0,513382,0.600000,1.000000,0.632275,1.000000,0.000000,0,0.000000,954737.000000,1.000000,4216954658364.000000,11294379.000000
955000,1,513387,0.600000,1.000000,0.743400,1.000000,0.000000,0,0.000000,954999.000000,1.000000,4216954658364.000000,11294379.000000
955000,2,513380,0.600000,1.000000,0.642654,1.000000,0.000000,0,0.000000,954982.000000,1.000000,4216954658364.000000,11294379.000000
955000,3,513381,0.600000,1.000000,0.631119,1.000000,0.000000,0,0.000000,954985.000000,1.000000,4216954658364.000000,11294379.000000
955000,4,513380,0.600000,1.000000,0.608683,1.000000,0.000000,0,0.000000,954940.000000,1.000000,4216954658364.000000,11294379.000000
955000,5,513377,0.600000,1.000000,0.567738,1.000000,0.000000,0,0.000000,954951.000000,1.000000,4216954658364.000000,11294379.000000
955000,6,513369,0.600000,1.000000,0.519555,1.000000,0.000000,0,0.000000,954922.000000,1.000000,4216954658364.000000,11294379.000000
955000,7,513383,0.600000,1.000000,0.712708,1.000000,0.000000,0,0.000000,954635.000000,1.000000,4216954658364.000000,11294379.000000
955000,8,513384,0.600000,1.000000,0.679405,1.000000,0.000000,0,0.000000,954975.000000,1.000000,4216954658364.000000,11294379.000000
955000,9,513381,0.600000,1.000000,0.693563,1.000000,0.000000,0,0.000000,954986.000000,1.000000,4216954658364.000000,11294379.000000
955000,10,513386,0.600000,1.000000,0.803351,1.000000,0.000000,1,855564.000000,955000.000000,1.000000,4216954658364.000000,11294379.000000
955000,11,513384,0.600000,1.000000,0.599652,1.000000,0.000000,0,0.000000,954977.000000,1.000000,4216954658364.000000,11294379.000000
955000,12,513379,0.600000,1.000000,0.736287,1.000000,0.000000,0,0.000000,954861.000000,1.000000,4216954658364.000000,11294379.000000
955000,13,513371,0.600000,1.000000,0.437616,1.000000,0.000000,0,0.000000,954406.000000,1.000000,4216954658364.000000,11294379.000000
955000,14,513384,0.600000,1.000000,0.695335,1.000000,0.000000,0,0.000000,954967.000000,1.000000,4216954658364.000000,11294379.000000
955000,15,513382,0.600000,1.000000,0.675315,1.000000,0.000000,0,0.000000,954812.000000,1.000000,4216954658364.000000,11294379.000000
956000,0,513912,0.600000,1.000000,0.566306,1.000000,0.000000,0,0.000000,955951.000000,1.000000,4225751398321.000000,10278306.000000
956000,1,513916,0.600000,1.000000,0.530060,1.000000,0.000000,0,0.000000,955969.000000,1.000000,4225751398321.000000,10278306.000000
956000,2,513907,0.600000,1.000000,0.566532,1.000000,0.000000,0,0.000000,955867.000000,1.000000,4225751398321.000000,10278306.000000
956000,3,513922,0.600000,1.000000,0.758173,1.000000,0.000000,0,0.000000,955983.000000,1.000000,4225751398321.000000,10278306.000000
956000,4,513922,0.600000,1.000000,0.584416,1.000000,0.000000,0,0.000000,955997.000000,1.000000,4225751398321.000000,10278306.000000
956000,5,513892,0.600000,1.000000,0.569751,1.000000,0.000000,0,0.000000,955383.000000,1.000000,4225751398321.000000,10278306.000000
956000,6,513920,0.600000,1.000000,0.717176,1.000000,0.000000,0,0.000000,955878.000000,1.000000,4225751398321.000000,10278306.000000
956000,7,513917,0.600000,1.000000,0.622730,1.000000,0.000000,0,0.000000,955952.000000,1.000000,4225751398321.000000,10278306.000000
956000,8,513922,0.600000,1.000000,0.746035,1.000000,0.000000,1,855560.000000,956000.000000,1.000000,4225751398321.000000,10278306.000000
956000,9,513921,0.600000,1.000000,0.627157,1.000000,0.000000,0,0.000000,955979.000000,1.000000,4225751398321.000000,10278306.000000
956000,10,513918,0.600000,1.000000,0.652148,1.000000,0.000000,0,0.000000,955988.000000,1.000000,4225751398321.000000,10278306.000000
956000,11,513914,0.600000,1.000000,0.554044,1.000000,0.000000,0,0.000000,955911.000000,1.000000,4225751398321.000000,10278306.000000
956000,12,513919,0.600000,1.000000,0.719758,1.000000,0.000000,0,0.000000,955996.000000,1.000000,4225751398321.000000,10278306.000000
956000,13,513910,0.600000,1.000000,0.608500,1.000000,0.000000,0,0.000000,955923.000000,1.000000,4225751398321.000000,10278306.000000
956000,14,513922,0.600000,1.000000,0.806165,1.000000,0.000000,0,0.000000,955999.000000,1.000000,4225751398321.000000,10278306.000000
956000,15,513919,0.600000,1.000000,0.589877,1.000000,0.000000,0,0.000000,955992.000000,1.000000,4225751398321.000000,10278306.000000
957000,0,514454,0.600000,1.000000,0.655203,1.000000,0.000000,0,0.000000,956860.000000,1.000000,4234649904394.000000,6173444.000000
957000,1,514460,0.600000,1.000000,0.590140,1.000000,0.000000,0,0.000000,956968.000000,1.000000,4234649904394.000000,6173444.000000
957000,2,514459,0.600000,1.000000,0.681870,1.000000,0.000000,0,0.000000,956992.000000,1.000000,4234649904394.000000,6173444.000000
957000,3,514447,0.600000,1.000000,0.677183,1.000000,0.000000,0,0.000000,956682.000000,1.000000,4234649904394.000000,6173444.000000
957000,4,514458,0.600000,1.000000,0.661494,1.000000,0.000000,0,0.000000,956981.000000,1.000000,4234649904394.000000,6173444.000000
957000,5,514451,0.600000,1.000000,0.725296,1.000000,0.000000,0,0.000000,955383.000000,1.000000,4234649904394.000000,6173444.000000
957000,6,514460,0.600000,1.000000,0.640652,1.000000,0.000000,0,0.000000,956998.000000,1.000000,4234649904394.000000,6173444.000000
957000,7,514460,0.600000,1.000000,0.752386,1.000000,0.000000,0,0.000000,956995.000000,1.000000,4234649904394.000000,6173444.000000
957000,8,514460,0.600000,1.000000,0.701206,1.000000,0.000000,0,0.000000,956955.000000,1.000000,4234649904394.000000,6173444.000000
957000,9,514460,0.600000,1.000000,0.744267,1.000000,0.000000,1,858309.000000,957000.000000,1.000000,4234649904394.000000,6173444.000000
957000,10,514460,0.600000,1.000000,0.741959,1.000000,0.000000,0,0.000000,956999.000000,1.000000,4234649904394.000000,6173444.000000
957000,11,514461,0.600000,1.000000,0.666516,1.000000,0.000000,0,0.000000,956934.000000,1.000000,4234649904394.000000,6173444.000000
957000,12,514459,0.600000,1.000000,0.552851,1.000000,0.000000,0,0.000000,956910.000000,1.000000,4234649904394.000000,6173444.000000
957000,13,514451,0.600000,1.000000,0.579115,1.000000,0.000000,0,0.000000,956902.000000,1.000000,4234649904394.000000,6173444.000000
957000,14,514452,0.600000,1.000000,0.511043,1.000000,0.000000,0,0.000000,956923.000000,1.000000,4234649904394.000000,6173444.000000
957000,15,514454,0.600000,1.000000,0.612943,1.000000,0.000000,0,0.000000,956969.000000,1.000000,4234649904394.000000,6173444.000000
958000,0,514973,0.600000,1.000000,0.620852,1.000000,0.000000,0,0.000000,957991.000000,1.000000,4243143722377.000000,6179672.000000
958000,1,514976,0.600000,1.000000,0.604393,1.000000,0.000000,0,0.000000,957999.000000,1.000000,4243143722377.000000,6179672.000000
958000,2,514976,0.600000,1.000000,0.650196,1.000000,0.000000,0,0.000000,957998.000000,1.000000,4243143722377.000000,6179672.000000
958000,3,514965,0.600000,1.000000,0.606044,1.000000,0.000000,0,0.000000,957817.000000,1.000000,4243143722377.000000,6179672.000000
958000,4,514973,0.600000,1.000000,0.642995,1.000000,0.000000,0,0.000000,957938.000000,1.000000,4243143722377.000000,6179672.000000
958000,5,514972,0.600000,1.000000,0.589651,1.000000,0.000000,0,0.000000,957992.000000,1.000000,4243143722377.000000,6179672.000000
958000,6,514971,0.600000,1.000000,0.561898,1.000000,0.000000,0,0.000000,957690.000000,1.000000,4243143722377.000000,6179672.000000
958000,7,514972,0.600000,1.000000,0.624316,1.000000,0.000000,0,0.000000,957967.000000,1.000000,4243143722377.000000,6179672.000000
958000,8,514975,0.600000,1.000000,0.709953,1.000000,0.000000,1,857406.000000,958000.000000,1.000000,4243143722377.000000,6179672.000000
958000,9,514972,0.600000,1.000000,0.629129,1.000000,0.000000,0,0.000000,957809.000000,1.000000,4243143722377.000000,6179672.000000
958000,10,514975,0.600000,1.000000,0.564336,1.000000,0.000000,0,0.000000,957978.000000,1.000000,4243143722377.000000,6179672.000000
958000,11,514971,0.600000,1.000000,0.526221,1.000000,0.000000,0,0.000000,957945.000000,1.000000,4243143722377.000000,6179672.000000
958000,12,514971,0.600000,1.000000,0.483973,1.000000,0.000000,0,0.000000,957982.000000,1.000000,4243143722377.000000,6179672.000000
958000,13,514970,0.600000,1.000000,0.670130,1.000000,0.000000,0,0.000000,957959.000000,1.000000,4243143722377.000000,6179672.000000
958000,14,514971,0.600000,1.000000,0.639131,1.000000,0.000000,0,0.000000,957770.000000,1.000000,4243143722377.000000,6179672.000000
958000,15,514974,0.600000,1.000000,0.719463,1.000000,0.000000,0,0.000000,957997.000000,1.000000,4243143722377.000000,6179672.000000
959000,0,515516,0.600000,1.000000,0.702481,1.000000,0.000000,0,0.000000,958995.000000,1.000000,4252051233803.000000,11341291.000000
959000,1,515509,0.600000,1.000000,0.666684,1.000000,0.000000,0,0.000000,958182.000000,1.000000,4252051233803.000000,11341291.000000
959000,2,515507,0.600000,1.000000,0.607998,1.000000,0.000000,0,0.000000,958887.000000,1.000000,4252051233803.000000,11341291.000000
959000,3,515513,0.600000,1.000000,0.657618,1.000000,0.000000,0,0.000000,958926.000000,1.000000,4252051233803.000000,11341291.000000
959000,4,515515,0.600000,1.000000,0.703449,1.000000,0.000000,0,0.000000,958986.000000,1.000000,4252051233803.000000,11341291.000000
959000,5,515516,0.600000,1.000000,0.633982,1.000000,0.000000,0,0.000000,958913.000000,1.000000,4252051233803.000000,11341291.000000
959000,6,515513,0.600000,1.000000,0.615352,1.000000,0.000000,0,0.000000,958991.000000,1.000000,4252051233803.000000,11341291.000000
959000,7,515506,0.600000,1.000000,0.694748,1.000000,0.000000,0,0.000000,958064.000000,1.000000,4252051233803.000000,11341291.000000
959000,8,515512,0.600000,1.000000,0.624180,1.000000,0.000000,0,0.000000,958966.000000,1.000000,4252051233803.000000,11341291.000000
959000,9,515516,0.600000,1.000000,0.734883,1.000000,0.000000,0,0.000000,958829.000000,1.000000,4252051233803.000000,11341291.000000
959000,10,515518,0.600000,1.000000,0.820095,1.000000,0.000000,1,859024.000000,959000.000000,1.000000,4252051233803.000000,11341291.000000
959000,11,515505,0.600000,1.000000,0.580010,1.000000,0.000000,0,0.000000,958951.000000,1.000000,4252051233803.000000,11341291.000000
959000,12,515513,0.600000,1.000000,0.672684,1.000000,0.000000,0,0.000000,958969.000000,1.000000,4252051233803.000000,11341291.000000
959000,13,515508,0.600000,1.000000,0.646795,1.000000,0.000000,0,0.000000,958920.000000,1.000000,4252051233803.000000,11341291.000000
959000,14,515516,0.600000,1.000000,0.690602,1.000000,0.000000,0,0.000000,958992.000000,1.000000,4252051233803.000000,11341291.000000
959000,15,515518,0.600000,1.000000,0.734059,1.000000,0.000000,0,0.000000,958999.000000,1.000000,4252051233803.000000,11341291.000000
960000,0,516061,0.600000,1.000000,0.580311,1.000000,0.000000,0,0.000000,959990.000000,1.000000,4261042397165.000000,6192700.000000
960000,1,516063,0.600000,1.000000,0.773734,1.000000,0.000000,0,0.000000,959999.000000,1.000000,4261042397165.000000,6192700.000000
960000,2,516058,0.600000,1.000000,0.651099,1.000000,0.000000,0,0.000000,959983.000000,1.000000,4261042397165.000000,6192700.000000
960000,3,516060,0.600000,1.000000,0.579959,1.000000,0.000000,0,0.000000,959847.000000,1.000000,4261042397165.000000,6192700.000000
960000,4,516063,0.600000,1.000000,0.678877,1.000000,0.000000,0,0.000000,959918.000000,1.000000,4261042397165.000000,6192700.000000
960000,5,516052,0.600000,1.000000,0.459830,1.000000,0.000000,0,0.000000,959814.000000,1.000000,4261042397165.000000,6192700.000000
960000,6,516061,0.600000,1.000000,0.660790,1.000000,0.000000,0,0.000000,959997.000000,1.000000,4261042397165.000000,6192700.000000
960000,7,516054,0.600000,1.000000,0.570995,1.000000,0.000000,0,0.000000,959770.000000,1.000000,4261042397165.000000,6192700.000000
960000,8,516061,0.600000,1.000000,0.688553,1.000000,0.000000,0,0.000000,959974.000000,1.000000,4261042397165.000000,6192700.000000
960000,9,516055,0.600000,1.000000,0.568724,1.000000,0.000000,0,0.000000,959940.000000,1.000000,4261042397165.000000,6192700.000000
960000,10,516056,0.600000,1.000000,0.565401,1.000000,0.000000,0,0.000000,959971.000000,1.000000,4261042397165.000000,6192700.000000
960000,11,516061,0.600000,1.000000,0.659053,1.000000,0.000000,0,0.000000,959935.000000,1.000000,4261042397165.000000,6192700.000000
960000,12,516043,0.600000,1.000000,0.668855,1.000000,0.000000,0,0.000000,959707.000000,1.000000,4261042397165.000000,6192700.000000
960000,13,516063,0.600000,1.000000,0.713902,1.000000,0.000000,1,860317.000000,960000.000000,1.000000,4261042397165.000000,6192700.000000
960000,14,516044,0.600000,1.000000,0.501951,1.000000,0.000000,0,0.000000,959882.000000,1.000000,4261042397165.000000,6192700.000000
960000,15,516062,0.600000,1.000000,0.686101,1.000000,0.000000,0,0.000000,959979.000000,1.000000,4261042397165.000000,6192700.000000
961000,0,516590,0.600000,1.000000,0.663656,1.000000,0.000000,0,0.000000,960974.000000,1.000000,4269817820273.000000,4132708.000000
961000,1,516590,0.600000,1.000000,0.513346,1.000000,0.000000,0,0.000000,960988.000000,1.000000,4269817820273.000000,4132708.000000
961000,2,516588,0.600000,1.000000,0.664770,1.000000,0.000000,0,0.000000,960969.000000,1.000000,4269817820273.000000,4132708.000000
961000,3,516590,0.600000,1.000000,0.753859,1.000000,0.000000,0,0.000000,960994.000000,1.000000,4269817820273.000000,4132708.000000
961000,4,516583,0.600000,1.000000,0.573488,1.000000,0.000000,0,0.000000,960757.000000,1.000000,4269817820273.000000,4132708.000000
961000,5,516580,0.600000,1.000000,0.645946,1.000000,0.000000,0,0.000000,960924.000000,1.000000,4269817820273.000000,4132708.000000
961000,6,516590,0.600000,1.000000,0.803167,1.000000,0.000000,0,0.000000,960683.000000,1.000000,4269817820273.000000,4132708.000000
961000,7,516590,0.600000,1.000000,0.547008,1.000000,0.000000,0,0.000000,960971.000000,1.000000,4269817820273.000000,4132708.000000
961000,8,516590,0.600000,1.000000,0.669607,1.000000,0.000000,0,0.000000,960998.000000,1.000000,4269817820273.000000,4132708.000000
961000,9,516590,0.600000,1.000000,0.677314,1.000000,0.000000,1,861894.000000,961000.000000,1.000000,4269817820273.000000,4132708.000000
961000,10,516590,0.600000,1.000000,0.757535,1.000000,0.000000,0,0.000000,960997.000000,1.000000,4269817820273.000000,4132708.000000
961000,11,516589,0.600000,1.000000,0.673851,1.000000,0.000000,0,0.000000,960940.000000,1.000000,4269817820273.000000,4132708.000000
961000,12,516587,0.600000,1.000000,0.690597,1.000000,0.000000,0,0.000000,960953.000000,1.000000,4269817820273.000000,4132708.000000
961000,13,516587,0.600000,1.000000,0.611656,1.000000,0.000000,0,0.000000,960889.000000,1.000000,4269817820273.000000,4132708.000000
961000,14,516590,0.600000,1.000000,0.673165,1.000000,0.000000,0,0.000000,960978.000000,1.000000,4269817820273.000000,4132708.000000
961000,15,516591,0.600000,1.000000,0.587354,1.000000,0.000000,0,0.000000,960999.000000,1.000000,4269817820273.000000,4132708.000000
962000,0,517119,0.600000,1.000000,0.681927,1.000000,0.000000,0,0.000000,961612.000000,1.000000,4278693284425.000000,12410950.000000
962000,1,517122,0.600000,1.000000,0.622676,1.000000,0.000000,0,0.000000,961660.000000,1.000000,4278693284425.000000,12410950.000000
962000,2,517122,0.600000,1.000000,0.492606,1.000000,0.000000,0,0.000000,961929.000000,1.000000,4278693284425.000000,12410950.000000
962000,3,517127,0.600000,1.000000,0.661343,1.000000,0.000000,0,0.000000,961992.000000,1.000000,4278693284425.000000,12410950.000000
962000,4,517127,0.600000,1.000000,0.675315,1.000000,0.000000,0,0.000000,961986.000000,1.000000,4278693284425.000000,12410950.000000
962000,5,517128,0.600000,1.000000,0.808790,1.000000,0.000000,0,0.000000,961999.000000,1.000000,4278693284425.000000,12410950.000000
962000,6,517127,0.600000,1.000000,0.598319,1.000000,0.000000,0,0.000000,961802.000000,1.000000,4278693284425.000000,12410950.000000
962000,7,517128,0.600000,1.000000,0.737840,1.000000,0.000000,0,0.000000,961994.000000,1.000000,4278693284425.000000,12410950.000000
962000,8,517129,0.600000,1.000000,0.643962,1.000000,0.000000,0,0.000000,961975.000000,1.000000,4278693284425.000000,12410950.000000
962000,9,517123,0.600000,1.000000,0.568900,1.000000,0.000000,0,0.000000,961978.000000,1.000000,4278693284425.000000,12410950.000000
962000,10,517128,0.600000,1.000000,0.729786,1.000000,0.000000,1,861619.000000,962000.000000,1.000000,4278693284425.000000,12410950.000000
962000,11,517123,0.600000,1.000000,0.643686,1.000000,0.000000,0,0.000000,961941.000000,1.000000,4278693284425.000000,12410950.000000
962000,12,517119,0.600000,1.000000,0.627075,1.000000,0.000000,0,0.000000,961764.000000,1.000000,4278693284425.000000,12410950.000000
962000,13,517123,0.600000,1.000000,0.696289,1.000000,0.000000,0,0.000000,961728.000000,1.000000,4278693284425.000000,12410950.000000
962000,14,517128,0.600000,1.000000,0.664428,1.000000,0.000000,0,0.000000,961993.000000,1.000000,4278693284425.000000,12410950.000000
962000,15,517128,0.600000,1.000000,0.681968,1.000000,0.000000,0,0.000000,961861.000000,1.000000,4278693284425.000000,12410950.000000
963000,0,517672,0.600000,1.000000,0.713680,1.000000,0.000000,0,0.000000,962994.000000,1.000000,4287681497723.000000,7247297.000000
963000,1,517673,0.600000,1.000000,0.684440,1.000000,0.000000,1,862129.000000,963000.000000,1.000000,4287681497723.000000,7247297.000000
963000,2,517662,0.600000,1.000000,0.586597,1.000000,0.000000,0,0.000000,962811.000000,1.000000,4287681497723.000000,7247297.000000
963000,3,517672,0.600000,1.000000,0.728269,1.000000,0.000000,0,0.000000,962998.000000,1.000000,4287681497723.000000,7247297.000000
963000,4,517659,0.600000,1.000000,0.623414,1.000000,0.000000,0,0.000000,962740.000000,1.000000,4287681497723.000000,7247297.000000
963000,5,517663,0.600000,1.000000,0.678711,1.000000,0.000000,0,0.000000,962883.000000,1.000000,4287681497723.000000,7247297.000000
963000,6,517674,0.600000,1.000000,0.633313,1.000000,0.000000,0,0.000000,962997.000000,1.000000,4287681497723.000000,7247297.000000
963000,7,517672,0.600000,1.000000,0.673408,1.000000,0.000000,0,0.000000,962948.000000,1.000000,4287681497723.000000,7247297.000000
963000,8,517673,0.600000,1.000000,0.735567,1.000000,0.000000,0,0.000000,962999.000000,1.000000,4287681497723.000000,7247297.000000
963000,9,517672,0.600000,1.000000,0.564589,1.000000,0.000000,0,0.000000,962962.000000,1.000000,4287681497723.000000,7247297.000000
963000,10,517670,0.600000,1.000000,0.633323,1.000000,0.000000,0,0.000000,962920.000000,1.000000,4287681497723.000000,7247297.000000
963000,11,517671,0.600000,1.000000,0.689277,1.000000,0.000000,0,0.000000,962845.000000,1.000000,4287681497723.000000,7247297.000000
963000,12,517674,0.600000,1.000000,0.605709,1.000000,0.000000,0,0.000000,962995.000000,1.000000,4287681497723.000000,7247297.000000
963000,13,517674,0.600000,1.000000,0.670646,1.000000,0.000000,0,0.000000,962988.000000,1.000000,4287681497723.000000,7247297.000000
963000,14,517635,0.600000,1.000000,0.634352,1.000000,0.000000,0,0.000000,962767.000000,1.000000,4287681497723.000000,7247297.000000
963000,15,517671,0.600000,1.000000,0.602913,1.000000,0.000000,0,0.000000,962800.000000,1.000000,4287681497723.000000,7247297.000000
964000,0,518202,0.600000,1.000000,0.742057,1.000000,0.000000,1,862852.000000,964000.000000,1.000000,4296451129899.000000,10363942.000000
964000,1,518200,0.600000,1.000000,0.655748,1.000000,0.000000,0,0.000000,963986.000000,1.000000,4296451129899.000000,10363942.000000
964000,2,518197,0.600000,1.000000,0.657775,1.000000,0.000000,0,0.000000,963971.000000,1.000000,4296451129899.000000,10363942.000000
964000,3,518200,0.600000,1.000000,0.744651,1.000000,0.000000,0,0.000000,963991.000000,1.000000,4296451129899.000000,10363942.000000
964000,4,518201,0.600000,1.000000,0.823881,1.000000,0.000000,0,0.000000,963999.000000,1.000000,4296451129899.000000,10363942.000000
964000,5,518201,0.600000,1.000000,0.759860,1.000000,0.000000,0,0.000000,963963.000000,1.000000,4296451129899.000000,10363942.000000
964000,6,518200,0.600000,1.000000,0.687880,1.000000,0.000000,0,0.000000,963994.000000,1.000000,4296451129899.000000,10363942.000000
964000,7,518193,0.600000,1.000000,0.749520,1.000000,0.000000,0,0.000000,963847.000000,1.000000,4296451129899.000000,10363942.000000
964000,8,518187,0.600000,1.000000,0.479285,1.000000,0.000000,0,0.000000,963887.000000,1.000000,4296451129899.000000,10363942.000000
964000,9,518198,0.600000,1.000000,0.703056,1.000000,0.000000,0,0.000000,963987.000000,1.000000,4296451129899.000000,10363942.000000
964000,10,518198,0.600000,1.000000,0.739167,1.000000,0.000000,0,0.000000,963995.000000,1.000000,4296451129899.000000,10363942.000000
964000,11,518203,0.600000,1.000000,0.679383,1.000000,0.000000,0,0.000000,963996.000000,1.000000,4296451129899.000000,10363942.000000
964000,12,518180,0.600000,1.000000,0.635251,1.000000,0.000000,0,0.000000,963816.000000,1.000000,4296451129899.000000,10363942.000000
964000,13,518193,0.600000,1.000000,0.525220,1.000000,0.000000,0,0.000000,963861.000000,1.000000,4296451129899.000000,10363942.000000
964000,14,518200,0.600000,1.000000,0.653987,1.000000,0.000000,0,0.000000,963992.000000,1.000000,4296451129899.000000,10363942.000000
964000,15,518200,0.600000,1.000000,0.697523,1.000000,0.000000,0,0.000000,963990.000000,1.000000,4296451129899.000000,10363942.000000
965000,0,518741,0.600000,1.000000,0.734197,1.000000,0.000000,0,0.000000,964969.000000,1.000000,4305457964465.000000,7262389.000000
965000,1,518743,0.600000,1.000000,0.637953,1.000000,0.000000,0,0.000000,964985.000000,1.000000,4305457964465.000000,7262389.000000
965000,2,518744,0.600000,1.000000,0.599555,1.000000,0.000000,0,0.000000,964997.000000,1.000000,4305457964465.000000,7262389.000000
965000,3,518739,0.600000,1.000000,0.815313,1.000000,0.000000,0,0.000000,964803.000000,1.000000,4305457964465.000000,7262389.000000
965000,4,518737,0.600000,1.000000,0.583217,1.000000,0.000000,0,0.000000,964790.000000,1.000000,4305457964465.000000,7262389.000000
965000,5,518737,0.600000,1.000000,0.715393,1.000000,0.000000,0,0.000000,964950.000000,1.000000,4305457964465.000000,7262389.000000
965000,6,518744,0.600000,1.000000,0.847507,1.000000,0.000000,0,0.000000,964999.000000,1.000000,4305457964465.000000,7262389.000000
965000,7,518740,0.600000,1.000000,0.808769,1.000000,0.000000,0,0.000000,964971.000000,1.000000,4305457964465.000000,7262389.000000
965000,8,518740,0.600000,1.000000,0.685534,1.000000,0.000000,0,0.000000,964966.000000,1.000000,4305457964465.000000,7262389.000000
965000,9,518738,0.600000,1.000000,0.562466,1.000000,0.000000,0,0.000000,964887.000000,1.000000,4305457964465.000000,7262389.000000
965000,10,518743,0.600000,1.000000,0.650210,1.000000,0.000000,0,0.000000,964989.000000,1.000000,4305457964465.000000,7262389.000000
965000,11,518744,0.600000,1.000000,0.731703,1.000000,0.000000,1,864818.000000,965000.000000,1.000000,4305457964465.000000,7262389.000000
965000,12,518745,0.600000,1.000000,0.723550,1.000000,0.000000,0,0.000000,964996.000000,1.000000,4305457964465.000000,7262389.000000
965000,13,518726,0.600000,1.000000,0.698564,1.000000,0.000000,0,0.000000,964764.000000,1.000000,4305457964465.000000,7262389.000000
965000,14,518735,0.600000,1.000000,0.610654,1.000000,0.000000,0,0.000000,964903.000000,1.000000,4305457964465.000000,7262389.000000
965000,15,518743,0.600000,1.000000,0.665458,1.000000,0.000000,0,0.000000,964959.000000,1.000000,4305457964465.000000,7262389.000000
966000,0,519282,0.600000,1.000000,0.723344,1.000000,0.000000,0,0.000000,965971.000000,1.000000,4314424378823.000000,4154232.000000
966000,1,519278,0.600000,1.000000,0.613859,1.000000,0.000000,0,0.000000,965982.000000,1.000000,4314424378823.000000,4154232.000000
966000,2,519278,0.600000,1.000000,0.509264,1.000000,0.000000,0,0.000000,965959.000000,1.000000,4314424378823.000000,4154232.000000
966000,3,519278,0.600000,1.000000,0.687844,1.000000,0.000000,0,0.000000,965913.000000,1.000000,4314424378823.000000,4154232.000000
966000,4,519282,0.600000,1.000000,0.723523,1.000000,0.000000,0,0.000000,965993.000000,1.000000,4314424378823.000000,4154232.000000
966000,5,519275,0.600000,1.000000,0.515841,1.000000,0.000000,0,0.000000,965958.000000,1.000000,4314424378823.000000,4154232.000000
966000,6,519279,0.600000,1.000000,0.620079,1.000000,0.000000,0,0.000000,965912.000000,1.000000,4314424378823.000000,4154232.000000
966000,7,519281,0.600000,1.000000,0.595551,1.000000,0.000000,0,0.000000,965984.000000,1.000000,4314424378823.000000,4154232.000000
966000,8,519276,0.600000,1.000000,0.659814,1.000000,0.000000,0,0.000000,965928.000000,1.000000,4314424378823.000000,4154232.000000
966000,9,519283,0.600000,1.000000,0.613468,1.000000,0.000000,0,0.000000,965995.000000,1.000000,4314424378823.000000,4154232.000000
966000,10,519282,0.600000,1.000000,0.752244,1.000000,0.000000,1,865137.000000,966000.000000,1.000000,4314424378823.000000,4154232.000000
966000,11,519278,0.600000,1.000000,0.626731,1.000000,0.000000,0,0.000000,965972.000000,1.000000,4314424378823.000000,4154232.000000
966000,12,519278,0.600000,1.000000,0.640024,1.000000,0.000000,0,0.000000,965929.000000,1.000000,4314424378823.000000,4154232.000000
966000,13,519283,0.600000,1.000000,0.682332,1.000000,0.000000,0,0.000000,965881.000000,1.000000,4314424378823.000000,4154232.000000
966000,14,519283,0.600000,1.000000,0.704803,1.000000,0.000000,0,0.000000,965999.000000,1.000000,4314424378823.000000,4154232.000000
966000,15,519281,0.600000,1.000000,0.742302,1.000000,0.000000,0,0.000000,965931.000000,1.000000,4314424378823.000000,4154232.000000
967000,0,519805,0.600000,1.000000,0.741035,1.000000,0.000000,0,0.000000,966430.000000,1.000000,4323382446804.000000,5198229.000000
967000,1,519810,0.600000,1.000000,0.525286,1.000000,0.000000,0,0.000000,966901.000000,1.000000,4323382446804.000000,5198229.000000
967000,2,519818,0.600000,1.000000,0.583277,1.000000,0.000000,0,0.000000,966924.000000,1.000000,4323382446804.000000,5198229.000000
967000,3,519822,0.600000,1.000000,0.749170,1.000000,0.000000,0,0.000000,966727.000000,1.000000,4323382446804.000000,5198229.000000
967000,4,519817,0.600000,1.000000,0.503080,1.000000,0.000000,0,0.000000,966915.000000,1.000000,4323382446804.000000,5198229.000000
967000,5,519824,0.600000,1.000000,0.658432,1.000000,0.000000,0,0.000000,966970.000000,1.000000,4323382446804.000000,5198229.000000
967000,6,519824,0.600000,1.000000,0.687391,1.000000,0.000000,0,0.000000,966999.000000,1.000000,4323382446804.000000,5198229.000000
967000,7,519820,0.600000,1.000000,0.595654,1.000000,0.000000,0,0.000000,966986.000000,1.000000,4323382446804.000000,5198229.000000
967000,8,519813,0.600000,1.000000,0.510713,1.000000,0.000000,0,0.000000,966762.000000,1.000000,4323382446804.000000,5198229.000000
967000,9,519816,0.600000,1.000000,0.745725,1.000000,0.000000,0,0.000000,966808.000000,1.000000,4323382446804.000000,5198229.000000
967000,10,519823,0.600000,1.000000,0.701322,1.000000,0.000000,1,865997.000000,967000.000000,1.000000,4323382446804.000000,5198229.000000
967000,11,519823,0.600000,1.000000,0.626470,1.000000,0.000000,0,0.000000,966997.000000,1.000000,4323382446804.000000,5198229.000000
967000,12,519823,0.600000,1.000000,0.730205,1.000000,0.000000,0,0.000000,966995.000000,1.000000,4323382446804.000000,5198229.000000
967000,13,519820,0.600000,1.000000,0.779150,1.000000,0.000000,0,0.000000,966990.000000,1.000000,4323382446804.000000,5198229.000000
967000,14,519817,0.600000,1.000000,0.669803,1.000000,0.000000,0,0.000000,966927.000000,1.000000,4323382446804.000000,5198229.000000
967000,15,519823,0.600000,1.000000,0.715704,1.000000,0.000000,0,0.000000,966991.000000,1.000000,4323382446804.000000,5198229.000000
968000,0,520357,0.600000,1.000000,0.713293,1.000000,0.000000,1,866506.000000,968000.000000,1.000000,4332316501519.000000,10407082.000000
968000,1,520357,0.600000,1.000000,0.626554,1.000000,0.000000,0,0.000000,967976.000000,1.000000,4332316501519.000000,10407082.000000
968000,2,520357,0.600000,1.000000,0.701996,1.000000,0.000000,0,0.000000,967998.000000,1.000000,4332316501519.000000,10407082.000000
968000,3,520357,0.600000,1.000000,0.701543,1.000000,0.000000,0,0.000000,967995.000000,1.000000,4332316501519.000000,10407082.000000
968000,4,520357,0.600000,1.000000,0.645121,1.000000,0.000000,0,0.000000,967958.000000,1.000000,4332316501519.000000,10407082.000000
968000,5,520354,0.600000,1.000000,0.771837,1.000000,0.000000,0,0.000000,967750.000000,1.000000,4332316501519.000000,10407082.000000
968000,6,520356,0.600000,1.000000,0.595300,1.000000,0.000000,0,0.000000,967840.000000,1.000000,4332316501519.000000,10407082.000000
968000,7,520345,0.600000,1.000000,0.715805,1.000000,0.000000,0,0.000000,967759.000000,1.000000,4332316501519.000000,10407082.000000
968000,8,520358,0.600000,1.000000,0.624699,1.000000,0.000000,0,0.000000,967972.000000,1.000000,4332316501519.000000,10407082.000000
968000,9,520355,0.600000,1.000000,0.689965,1.000000,0.000000,0,0.000000,967914.000000,1.000000,4332316501519.000000,10407082.000000
968000,10,520355,0.600000,1.000000,0.528139,1.000000,0.000000,0,0.000000,967882.000000,1.000000,4332316501519.000000,10407082.000000
968000,11,520356,0.600000,1.000000,0.619240,1.000000,0.000000,0,0.000000,967991.000000,1.000000,4332316501519.000000,10407082.000000
968000,12,520358,0.600000,1.000000,0.671512,1.000000,0.000000,0,0.000000,967993.000000,1.000000,4332316501519.000000,10407082.000000
968000,13,520357,0.600000,1.000000,0.677532,1.000000,0.000000,0,0.000000,967980.000000,1.000000,4332316501519.000000,10407082.000000
968000,14,520353,0.600000,1.000000,0.569205,1.000000,0.000000,0,0.000000,967886.000000,1.000000,4332316501519.000000,10407082.000000
968000,15,520355,0.600000,1.000000,0.614840,1.000000,0.000000,0,0.000000,967977.000000,1.000000,4332316501519.000000,10407082.000000
969000,0,520904,0.600000,1.000000,0.698330,1.000000,0.000000,0,0.000000,968996.000000,1.000000,4341371249955.000000,5208977.000000
969000,1,520902,0.600000,1.000000,0.642101,1.000000,0.000000,0,0.000000,968978.000000,1.000000,4341371249955.000000,5208977.000000
969000,2,520905,0.600000,1.000000,0.813249,1.000000,0.000000,1,867834.000000,969000.000000,1.000000,4341371249955.000000,5208977.000000
969000,3,520882,0.600000,1.000000,0.459755,1.000000,0.000000,0,0.000000,968687.000000,1.000000,4341371249955.000000,5208977.000000
969000,4,520902,0.600000,1.000000,0.745258,1.000000,0.000000,0,0.000000,968993.000000,1.000000,4341371249955.000000,5208977.000000
969000,5,520905,0.600000,1.000000,0.692303,1.000000,0.000000,0,0.000000,968988.000000,1.000000,4341371249955.000000,5208977.000000
969000,6,520897,0.600000,1.000000,0.662627,1.000000,0.000000,0,0.000000,968888.000000,1.000000,4341371249955.000000,5208977.000000
969000,7,520891,0.600000,1.000000,0.616826,1.000000,0.000000,0,0.000000,968811.000000,1.000000,4341371249955.000000,5208977.000000
969000,8,520898,0.600000,1.000000,0.732330,1.000000,0.000000,0,0.000000,968938.000000,1.000000,4341371249955.000000,5208977.000000
969000,9,520894,0.600000,1.000000,0.548256,1.000000,0.000000,0,0.000000,968923.000000,1.000000,4341371249955.000000,5208977.000000
969000,10,520897,0.600000,1.000000,0.650550,1.000000,0.000000,0,0.000000,968758.000000,1.000000,4341371249955.000000,5208977.000000
969000,11,520902,0.600000,1.000000,0.736700,1.000000,0.000000,0,0.000000,968942.000000,1.000000,4341371249955.000000,5208977.000000
969000,12,520900,0.600000,1.000000,0.732900,1.000000,0.000000,0,0.000000,968977.000000,1.000000,4341371249955.000000,5208977.000000
969000,13,520903,0.600000,1.000000,0.629899,1.000000,0.000000,0,0.000000,968995.000000,1.000000,4341371249955.000000,5208977.000000
969000,14,520902,0.600000,1.000000,0.680514,1.000000,0.000000,0,0.000000,968989.000000,1.000000,4341371249955.000000,5208977.000000
969000,15,520899,0.600000,1.000000,0.579823,1.000000,0.000000,0,0.000000,968962.000000,1.000000,4341371249955.000000,5208977.000000
970000,0,521436,0.600000,1.000000,0.671574,1.000000,0.000000,0,0.000000,969979.000000,1.000000,4350347848367.000000,7300151.000000
970000,1,521439,0.600000,1.000000,0.678385,1.000000,0.000000,0,0.000000,969994.000000,1.000000,4350347848367.000000,7300151.000000
970000,2,521430,0.600000,1.000000,0.563693,1.000000,0.000000,0,0.000000,969867.000000,1.000000,4350347848367.000000,7300151.000000
970000,3,521440,0.600000,1.000000,0.781276,1.000000,0.000000,0,0.000000,969997.000000,1.000000,4350347848367.000000,7300151.000000
970000,4,521437,0.600000,1.000000,0.685755,1.000000,0.000000,0,0.000000,969980.000000,1.000000,4350347848367.000000,7300151.000000
970000,5,521438,0.600000,1.000000,0.614201,1.000000,0.000000,0,0.000000,969948.000000,1.000000,4350347848367.000000,7300151.000000
970000,6,521439,0.600000,1.000000,0.676717,1.000000,0.000000,0,0.000000,969881.000000,1.000000,4350347848367.000000,7300151.000000
970000,7,521441,0.600000,1.000000,0.740160,1.000000,0.000000,0,0.000000,969998.000000,1.000000,4350347848367.000000,7300151.000000
970000,8,521434,0.600000,1.000000,0.687466,1.000000,0.000000,0,0.000000,969619.000000,1.000000,4350347848367.000000,7300151.000000
970000,9,521441,0.600000,1.000000,0.836199,1.000000,0.000000,0,0.000000,969924.000000,1.000000,4350347848367.000000,7300151.000000
970000,10,521441,0.600000,1.000000,0.717890,1.000000,0.000000,0,0.000000,969999.000000,1.000000,4350347848367.000000,7300151.000000
970000,11,521438,0.600000,1.000000,0.606619,1.000000,0.000000,0,0.000000,969908.000000,1.000000,4350347848367.000000,7300151.000000
970000,12,521429,0.600000,1.000000,0.634613,1.000000,0.000000,0,0.000000,969944.000000,1.000000,4350347848367.000000,7300151.000000
970000,13,521438,0.600000,1.000000,0.573954,1.000000,0.000000,0,0.000000,969969.000000,1.000000,4350347848367.000000,7300151.000000
970000,14,521432,0.600000,1.000000,0.672286,1.000000,0.000000,0,0.000000,969983.000000,1.000000,4350347848367.000000,7300151.000000
970000,15,521442,0.600000,1.000000,0.795265,1.000000,0.000000,1,869229.000000,970000.000000,1.000000,4350347848367.000000,7300151.000000
971000,0,521977,0.600000,1.000000,0.594271,1.000000,0.000000,0,0.000000,970920.000000,1.000000,4359441245440.000000,9395639.000000
971000,1,521983,0.600000,1.000000,0.602308,1.000000,0.000000,0,0.000000,970931.000000,1.000000,4359441245440.000000,9395639.000000
971000,2,521985,0.600000,1.000000,0.774216,1.000000,0.000000,0,0.000000,970987.000000,1.000000,4359441245440.000000,9395639.000000
971000,3,521978,0.600000,1.000000,0.650710,1.000000,0.000000,0,0.000000,970972.000000,1.000000,4359441245440.000000,9395639.000000
971000,4,521981,0.600000,1.000000,0.617390,1.000000,0.000000,0,0.000000,970934.000000,1.000000,4359441245440.000000,9395639.000000
971000,5,521985,0.600000,1.000000,0.747232,1.000000,0.000000,0,0.000000,970999.000000,1.000000,4359441245440.000000,9395639.000000
971000,6,521984,0.600000,1.000000,0.668597,1.000000,0.000000,0,0.000000,970817.000000,1.000000,4359441245440.000000,9395639.000000
971000,7,521980,0.600000,1.000000,0.775955,1.000000,0.000000,0,0.000000,970992.000000,1.000000,4359441245440.000000,9395639.000000
971000,8,521984,0.600000,1.000000,0.585659,1.000000,0.000000,0,0.000000,970966.000000,1.000000,4359441245440.000000,9395639.000000
971000,9,521981,0.600000,1.000000,0.562142,1.000000,0.000000,0,0.000000,970981.000000,1.000000,4359441245440.000000,9395639.000000
971000,10,521983,0.600000,1.000000,0.743987,1.000000,0.000000,0,0.000000,970997.000000,1.000000,4359441245440.000000,9395639.000000
971000,11,521973,0.600000,1.000000,0.584896,1.000000,0.000000,0,0.000000,970794.000000,1.000000,4359441245440.000000,9395639.000000
971000,12,521983,0.600000,1.000000,0.765928,1.000000,0.000000,0,0.000000,970998.000000,1.000000,4359441245440.000000,9395639.000000
971000,13,521983,0.600000,1.000000,0.610996,1.000000,0.000000,0,0.000000,970969.000000,1.000000,4359441245440.000000,9395639.000000
971000,14,521987,0.600000,1.000000,0.612214,1.000000,0.000000,1,870810.000000,971000.000000,1.000000,4359441245440.000000,9395639.000000
971000,15,521983,0.600000,1.000000,0.613823,1.000000,0.000000,0,0.000000,970957.000000,1.000000,4359441245440.000000,9395639.000000
972000,0,522533,0.600000,1.000000,0.625644,1.000000,0.000000,0,0.000000,971791.000000,1.000000,4368523236091.000000,9405449.000000
972000,1,522526,0.600000,1.000000,0.632285,1.000000,0.000000,0,0.000000,971849.000000,1.000000,4368523236091.000000,9405449.000000
972000,2,522531,0.600000,1.000000,0.752563,1.000000,0.000000,0,0.000000,971977.000000,1.000000,4368523236091.000000,9405449.000000
972000,3,522519,0.600000,1.000000,0.727021,1.000000,0.000000,0,0.000000,971728.000000,1.000000,4368523236091.000000,9405449.000000
972000,4,522532,0.600000,1.000000,0.591208,1.000000,0.000000,0,0.000000,971987.000000,1.000000,4368523236091.000000,9405449.000000
972000,5,522526,0.600000,1.000000,0.701818,1.000000,0.000000,0,0.000000,971958.000000,1.000000,4368523236091.000000,9405449.000000
972000,6,522532,0.600000,1.000000,0.632514,1.000000,0.000000,0,0.000000,971988.000000,1.000000,4368523236091.000000,9405449.000000
972000,7,522532,0.600000,1.000000,0.646071,1.000000,0.000000,1,872606.000000,972000.000000,1.000000,4368523236091.000000,9405449.000000
972000,8,522509,0.600000,1.000000,0.695291,1.000000,0.000000,0,0.000000,971706.000000,1.000000,4368523236091.000000,9405449.000000
972000,9,522517,0.600000,1.000000,0.578414,1.000000,0.000000,0,0.000000,971650.000000,1.000000,4368523236091.000000,9405449.000000
972000,10,522531,0.600000,1.000000,0.647932,1.000000,0.000000,0,0.000000,971981.000000,1.000000,4368523236091.000000,9405449.000000
972000,11,522530,0.600000,1.000000,0.567933,1.000000,0.000000,0,0.000000,971971.000000,1.000000,4368523236091.000000,9405449.000000
972000,12,522530,0.600000,1.000000,0.650911,1.000000,0.000000,0,0.000000,971994.000000,1.000000,4368523236091.000000,9405449.000000
972000,13,522520,0.600000,1.000000,0.541243,1.000000,0.000000,0,0.000000,971930.000000,1.000000,4368523236091.000000,9405449.000000
972000,14,522514,0.600000,1.000000,0.656654,1.000000,0.000000,0,0.000000,971750.000000,1.000000,4368523236091.000000,9405449.000000
972000,15,522523,0.600000,1.000000,0.560310,1.000000,0.000000,0,0.000000,971900.000000,1.000000,4368523236091.000000,9405449.000000
973000,0,523053,0.600000,1.000000,0.540555,1.000000,0.000000,0,0.000000,972901.000000,1.000000,4377435788167.000000,4184462.000000
973000,1,523055,0.600000,1.000000,0.596298,1.000000,0.000000,0,0.000000,972932.000000,1.000000,4377435788167.000000,4184462.000000
973000,2,523060,0.600000,1.000000,0.551307,1.000000,0.000000,0,0.000000,972935.000000,1.000000,4377435788167.000000,4184462.000000
973000,3,523059,0.600000,1.000000,0.564409,1.000000,0.000000,0,0.000000,972925.000000,1.000000,4377435788167.000000,4184462.000000
973000,4,523062,0.600000,1.000000,0.641589,1.000000,0.000000,0,0.000000,972953.000000,1.000000,4377435788167.000000,4184462.000000
973000,5,523062,0.600000,1.000000,0.805095,1.000000,0.000000,0,0.000000,972999.000000,1.000000,4377435788167.000000,4184462.000000
973000,6,523059,0.600000,1.000000,0.606369,1.000000,0.000000,0,0.000000,972963.000000,1.000000,4377435788167.000000,4184462.000000
973000,7,523062,0.600000,1.000000,0.698426,1.000000,0.000000,0,0.000000,972991.000000,1.000000,4377435788167.000000,4184462.000000
973000,8,523061,0.600000,1.000000,0.684370,1.000000,0.000000,0,0.000000,972995.000000,1.000000,4377435788167.000000,4184462.000000
973000,9,523058,0.600000,1.000000,0.561529,1.000000,0.000000,0,0.000000,972978.000000,1.000000,4377435788167.000000,4184462.000000
973000,10,523057,0.600000,1.000000,0.546862,1.000000,0.000000,0,0.000000,972947.000000,1.000000,4377435788167.000000,4184462.000000
973000,11,523056,0.600000,1.000000,0.514127,1.000000,0.000000,0,0.000000,972808.000000,1.000000,4377435788167.000000,4184462.000000
973000,12,523062,0.600000,1.000000,0.762006,1.000000,0.000000,1,871060.000000,973000.000000,1.000000,4377435788167.000000,4184462.000000
973000,13,523052,0.600000,1.000000,0.760957,1.000000,0.000000,0,0.000000,972486.000000,1.000000,4377435788167.000000,4184462.000000
973000,14,523050,0.600000,1.000000,0.633914,1.000000,0.000000,0,0.000000,972781.000000,1.000000,4377435788167.000000,4184462.000000
973000,15,523061,0.600000,1.000000,0.730984,1.000000,0.000000,0,0.000000,972997.000000,1.000000,4377435788167.000000,4184462.000000
974000,0,523598,0.600000,1.000000,0.762259,1.000000,0.000000,1,871976.000000,974000.000000,1.000000,4386393027847.000000,11519093.000000
974000,1,523592,0.600000,1.000000,0.585588,1.000000,0.000000,0,0.000000,973973.000000,1.000000,4386393027847.000000,11519093.000000
974000,2,523595,0.600000,1.000000,0.597470,1.000000,0.000000,0,0.000000,973927.000000,1.000000,4386393027847.000000,11519093.000000
974000,3,523593,0.600000,1.000000,0.681210,1.000000,0.000000,0,0.000000,973669.000000,1.000000,4386393027847.000000,11519093.000000
974000,4,523591,0.600000,1.000000,0.681357,1.000000,0.000000,0,0.000000,973961.000000,1.000000,4386393027847.000000,11519093.000000
974000,5,523596,0.600000,1.000000,0.679903,1.000000,0.000000,0,0.000000,973994.000000,1.000000,4386393027847.000000,11519093.000000
974000,6,523599,0.600000,1.000000,0.671823,1.000000,0.000000,0,0.000000,973997.000000,1.000000,4386393027847.000000,11519093.000000
974000,7,523598,0.600000,1.000000,0.676410,1.000000,0.000000,0,0.000000,973990.000000,1.000000,4386393027847.000000,11519093.000000
974000,8,523590,0.600000,1.000000,0.569074,1.000000,0.000000,0,0.000000,973769.000000,1.000000,4386393027847.000000,11519093.000000
974000,9,523595,0.600000,1.000000,0.661834,1.000000,0.000000,0,0.000000,973980.000000,1.000000,4386393027847.000000,11519093.000000
974000,10,523594,0.600000,1.000000,0.541663,1.000000,0.000000,0,0.000000,973662.000000,1.000000,4386393027847.000000,11519093.000000
974000,11,523599,0.600000,1.000000,0.755569,1.000000,0.000000,0,0.000000,973995.000000,1.000000,4386393027847.000000,11519093.000000
974000,12,523592,0.600000,1.000000,0.509403,1.000000,0.000000,0,0.000000,973963.000000,1.000000,4386393027847.000000,11519093.000000
974000,13,523594,0.600000,1.000000,0.638783,1.000000,0.000000,0,0.000000,973924.000000,1.000000,4386393027847.000000,11519093.000000
974000,14,523590,0.600000,1.000000,0.441022,1.000000,0.000000,0,0.000000,973974.000000,1.000000,4386393027847.000000,11519093.000000
974000,15,523571,0.600000,1.000000,0.550936,1.000000,0.000000,0,0.000000,973611.000000,1.000000,4386393027847.000000,11519093.000000
975000,0,524126,0.600000,1.000000,0.616623,1.000000,0.000000,0,0.000000,974986.000000,1.000000,4395293381960.000000,8385974.000000
975000,1,524129,0.600000,1.000000,0.612944,1.000000,0.000000,0,0.000000,974999.000000,1.000000,4395293381960.000000,8385974.000000
975000,2,524129,0.600000,1.000000,0.730518,1.000000,0.000000,1,873317.000000,975000.000000,1.000000,4395293381960.000000,8385974.000000
975000,3,524126,0.600000,1.000000,0.665386,1.000000,0.000000,0,0.000000,974994.000000,1.000000,4395293381960.000000,8385974.000000
975000,4,524127,0.600000,1.000000,0.646582,1.000000,0.000000,0,0.000000,974916.000000,1.000000,4395293381960.000000,8385974.000000
975000,5,524114,0.600000,1.000000,0.658781,1.000000,0.000000,0,0.000000,974886.000000,1.000000,4395293381960.000000,8385974.000000
975000,6,524118,0.600000,1.000000,0.483477,1.000000,0.000000,0,0.000000,974838.000000,1.000000,4395293381960.000000,8385974.000000
975000,7,524128,0.600000,1.000000,0.649049,1.000000,0.000000,0,0.000000,974896.000000,1.000000,4395293381960.000000,8385974.000000
975000,8,524124,0.600000,1.000000,0.718807,1.000000,0.000000,0,0.000000,974991.000000,1.000000,4395293381960.000000,8385974.000000
975000,9,524111,0.600000,1.000000,0.648437,1.000000,0.000000,0,0.000000,974803.000000,1.000000,4395293381960.000000,8385974.000000
975000,10,524125,0.600000,1.000000,0.660192,1.000000,0.000000,0,0.000000,974981.000000,1.000000,4395293381960.000000,8385974.000000
975000,11,524126,0.600000,1.000000,0.786168,1.000000,0.000000,0,0.000000,974820.000000,1.000000,4395293381960.000000,8385974.000000
975000,12,524126,0.600000,1.000000,0.632565,1.000000,0.000000,0,0.000000,974974.000000,1.000000,4395293381960.000000,8385974.000000
975000,13,524119,0.600000,1.000000,0.638349,1.000000,0.000000,0,0.000000,974948.000000,1.000000,4395293381960.000000,8385974.000000
975000,14,524127,0.600000,1.000000,0.660392,1.000000,0.000000,0,0.000000,974983.000000,1.000000,4395293381960.000000,8385974.000000
975000,15,524127,0.600000,1.000000,0.752420,1.000000,0.000000,0,0.000000,974998.000000,1.000000,4395293381960.000000,8385974.000000
976000,0,524664,0.600000,1.000000,0.586622,1.000000,0.000000,0,0.000000,975970.000000,1.000000,4404350711210.000000,9443937.000000
976000,1,524663,0.600000,1.000000,0.575893,1.000000,0.000000,0,0.000000,975968.000000,1.000000,4404350711210.000000,9443937.000000
976000,2,524669,0.600000,1.000000,0.742912,1.000000,0.000000,0,0.000000,975995.000000,1.000000,4404350711210.000000,9443937.000000
976000,3,524668,0.600000,1.000000,0.566790,1.000000,0.000000,0,0.000000,975985.000000,1.000000,4404350711210.000000,9443937.000000
976000,4,524652,0.600000,1.000000,0.539622,1.000000,0.000000,0,0.000000,975830.000000,1.000000,4404350711210.000000,9443937.000000
976000,5,524665,0.600000,1.000000,0.581430,1.000000,0.000000,0,0.000000,975960.000000,1.000000,4404350711210.000000,9443937.000000
976000,6,524670,0.600000,1.000000,0.763478,1.000000,0.000000,1,875305.000000,976000.000000,1.000000,4404350711210.000000,9443937.000000
976000,7,524667,0.600000,1.000000,0.609707,1.000000,0.000000,0,0.000000,975965.000000,1.000000,4404350711210.000000,9443937.000000
976000,8,524668,0.600000,1.000000,0.641104,1.000000,0.000000,0,0.000000,975977.000000,1.000000,4404350711210.000000,9443937.000000
976000,9,524669,0.600000,1.000000,0.742111,1.000000,0.000000,0,0.000000,975990.000000,1.000000,4404350711210.000000,9443937.000000
976000,10,524663,0.600000,1.000000,0.698688,1.000000,0.000000,0,0.000000,975501.000000,1.000000,4404350711210.000000,9443937.000000
976000,11,524657,0.600000,1.000000,0.589319,1.000000,0.000000,0,0.000000,975885.000000,1.000000,4404350711210.000000,9443937.000000
976000,12,524669,0.600000,1.000000,0.676778,1.000000,0.000000,0,0.000000,975971.000000,1.000000,4404350711210.000000,9443937.000000
976000,13,524665,0.600000,1.000000,0.726773,1.000000,0.000000,0,0.000000,975987.000000,1.000000,4404350711210.000000,9443937.000000
976000,14,524667,0.600000,1.000000,0.637595,1.000000,0.000000,0,0.000000,975927.000000,1.000000,4404350711210.000000,9443937.000000
976000,15,524642,0.600000,1.000000,0.562590,1.000000,0.000000,0,0.000000,975609.000000,1.000000,4404350711210.000000,9443937.000000
977000,0,525190,0.600000,1.000000,0.710472,1.000000,0.000000,0,0.000000,976973.000000,1.000000,4413235643497.000000,4201524.000000
977000,1,525191,0.600000,1.000000,0.639638,1.000000,0.000000,0,0.000000,976948.000000,1.000000,4413235643497.000000,4201524.000000
977000,2,525196,0.600000,1.000000,0.615680,1.000000,0.000000,0,0.000000,976962.000000,1.000000,4413235643497.000000,4201524.000000
977000,3,525192,0.600000,1.000000,0.653280,1.000000,0.000000,0,0.000000,976967.000000,1.000000,4413235643497.000000,4201524.000000
977000,4,525196,0.600000,1.000000,0.651004,1.000000,0.000000,0,0.000000,976994.000000,1.000000,4413235643497.000000,4201524.000000
977000,5,525193,0.600000,1.000000,0.642042,1.000000,0.000000,0,0.000000,976946.000000,1.000000,4413235643497.000000,4201524.000000
977000,6,525193,0.600000,1.000000,0.664058,1.000000,0.000000,0,0.000000,976979.000000,1.000000,4413235643497.000000,4201524.000000
977000,7,525196,0.600000,1.000000,0.714790,1.000000,0.000000,0,0.000000,976995.000000,1.000000,4413235643497.000000,4201524.000000
977000,8,525196,0.600000,1.000000,0.706995,1.000000,0.000000,0,0.000000,976942.000000,1.000000,4413235643497.000000,4201524.000000
977000,9,525196,0.600000,1.000000,0.661922,1.000000,0.000000,1,876250.000000,977000.000000,1.000000,4413235643497.000000,4201524.000000
977000,10,525186,0.600000,1.000000,0.582877,1.000000,0.000000,0,0.000000,976927.000000,1.000000,4413235643497.000000,4201524.000000
977000,11,525195,0.600000,1.000000,0.734735,1.000000,0.000000,0,0.000000,976996.000000,1.000000,4413235643497.000000,4201524.000000
977000,12,525186,0.600000,1.000000,0.670800,1.000000,0.000000,0,0.000000,976900.000000,1.000000,4413235643497.000000,4201524.000000
977000,13,525194,0.600000,1.000000,0.677267,1.000000,0.000000,0,0.000000,976968.000000,1.000000,4413235643497.000000,4201524.000000
977000,14,525186,0.600000,1.000000,0.561116,1.000000,0.000000,0,0.000000,976922.000000,1.000000,4413235643497.000000,4201524.000000
977000,15,525195,0.600000,1.000000,0.803296,1.000000,0.000000,0,0.000000,976997.000000,1.000000,4413235643497.000000,4201524.000000
978000,0,525726,0.600000,1.000000,0.584700,1.000000,0.000000,0,0.000000,977979.000000,1.000000,4422237828557.000000,8411694.000000
978000,1,525723,0.600000,1.000000,0.566406,1.000000,0.000000,0,0.000000,977907.000000,1.000000,4422237828557.000000,8411694.000000
978000,2,525725,0.600000,1.000000,0.649593,1.000000,0.000000,0,0.000000,977887.000000,1.000000,4422237828557.000000,8411694.000000
978000,3,525727,0.600000,1.000000,0.657355,1.000000,0.000000,0,0.000000,977936.000000,1.000000,4422237828557.000000,8411694.000000
978000,4,525722,0.600000,1.000000,0.613174,1.000000,0.000000,0,0.000000,977929.000000,1.000000,4422237828557.000000,8411694.000000
978000,5,525734,0.600000,1.000000,0.764909,1.000000,0.000000,0,0.000000,977999.000000,1.000000,4422237828557.000000,8411694.000000
978000,6,525723,0.600000,1.000000,0.620955,1.000000,0.000000,0,0.000000,977967.000000,1.000000,4422237828557.000000,8411694.000000
978000,7,525725,0.600000,1.000000,0.561077,1.000000,0.000000,0,0.000000,977930.000000,1.000000,4422237828557.000000,8411694.000000
978000,8,525730,0.600000,1.000000,0.498934,1.000000,0.000000,0,0.000000,977965.000000,1.000000,4422237828557.000000,8411694.000000
978000,9,525725,0.600000,1.000000,0.741620,1.000000,0.000000,0,0.000000,977989.000000,1.000000,4422237828557.000000,8411694.000000
978000,10,525725,0.600000,1.000000,0.551602,1.000000,0.000000,0,0.000000,977952.000000,1.000000,4422237828557.000000,8411694.000000
978000,11,525731,0.600000,1.000000,0.625625,1.000000,0.000000,0,0.000000,977981.000000,1.000000,4422237828557.000000,8411694.000000
978000,12,525732,0.600000,1.000000,0.595160,1.000000,0.000000,0,0.000000,977987.000000,1.000000,4422237828557.000000,8411694.000000
978000,13,525732,0.600000,1.000000,0.694902,1.000000,0.000000,0,0.000000,977976.000000,1.000000,4422237828557.000000,8411694.000000
978000,14,525733,0.600000,1.000000,0.706178,1.000000,0.000000,0,0.000000,977994.000000,1.000000,4422237828557.000000,8411694.000000
978000,15,525734,0.600000,1.000000,0.829350,1.000000,0.000000,1,876443.000000,978000.000000,1.000000,4422237828557.000000,8411694.000000
979000,0,526269,0.600000,1.000000,0.640090,1.000000,0.000000,0,0.000000,978992.000000,1.000000,4431340755722.000000,13682965.000000
979000,1,526267,0.600000,1.000000,0.587942,1.000000,0.000000,0,0.000000,978945.000000,1.000000,4431340755722.000000,13682965.000000
979000,2,526269,0.600000,1.000000,0.579045,1.000000,0.000000,0,0.000000,978891.000000,1.000000,4431340755722.000000,13682965.000000
979000,3,526269,0.600000,1.000000,0.694847,1.000000,0.000000,0,0.000000,978990.000000,1.000000,4431340755722.000000,13682965.000000
979000,4,526271,0.600000,1.000000,0.584076,1.000000,0.000000,0,0.000000,978971.000000,1.000000,4431340755722.000000,13682965.000000
979000,5,526271,0.600000,1.000000,0.583362,1.000000,0.000000,0,0.000000,978814.000000,1.000000,4431340755722.000000,13682965.000000
979000,6,526270,0.600000,1.000000,0.750498,1.000000,0.000000,0,0.000000,978999.000000,1.000000,4431340755722.000000,13682965.000000
979000,7,526263,0.600000,1.000000,0.532215,1.000000,0.000000,0,0.000000,978768.000000,1.000000,4431340755722.000000,13682965.000000
979000,8,526270,0.600000,1.000000,0.675446,1.000000,0.000000,0,0.000000,978997.000000,1.000000,4431340755722.000000,13682965.000000
979000,9,526268,0.600000,1.000000,0.652547,1.000000,0.000000,0,0.000000,978982.000000,1.000000,4431340755722.000000,13682965.000000
979000,10,526269,0.600000,1.000000,0.666099,1.000000,0.000000,0,0.000000,978987.000000,1.000000,4431340755722.000000,13682965.000000
979000,11,526263,0.600000,1.000000,0.716504,1.000000,0.000000,0,0.000000,978587.000000,1.000000,4431340755722.000000,13682965.000000
979000,12,526270,0.600000,1.000000,0.682042,1.000000,0.000000,0,0.000000,978819.000000,1.000000,4431340755722.000000,13682965.000000
979000,13,526270,0.600000,1.000000,0.654192,1.000000,0.000000,0,0.000000,978974.000000,1.000000,4431340755722.000000,13682965.000000
979000,14,526272,0.600000,1.000000,0.641108,1.000000,0.000000,1,878143.000000,979000.000000,1.000000,4431340755722.000000,13682965.000000
979000,15,526269,0.600000,1.000000,0.577126,1.000000,0.000000,0,0.000000,978991.000000,1.000000,4431340755722.000000,13682965.000000
980000,0,526801,0.600000,1.000000,0.702263,1.000000,0.000000,0,0.000000,979870.000000,1.000000,4440320287577.000000,7375217.000000
980000,1,526805,0.600000,1.000000,0.715706,1.000000,0.000000,0,0.000000,979973.000000,1.000000,4440320287577.000000,7375217.000000
980000,2,526806,0.600000,1.000000,0.744934,1.000000,0.000000,1,877773.000000,980000.000000,1.000000,4440320287577.000000,7375217.000000
980000,3,526795,0.600000,1.000000,0.677616,1.000000,0.000000,0,0.000000,979781.000000,1.000000,4440320287577.000000,7375217.000000
980000,4,526806,0.600000,1.000000,0.643134,1.000000,0.000000,0,0.000000,979996.000000,1.000000,4440320287577.000000,7375217.000000
980000,5,526806,0.600000,1.000000,0.814002,1.000000,0.000000,0,0.000000,979999.000000,1.000000,4440320287577.000000,7375217.000000
980000,6,526789,0.600000,1.000000,0.391203,1.000000,0.000000,0,0.000000,979603.000000,1.000000,4440320287577.000000,7375217.000000
980000,7,526801,0.600000,1.000000,0.689172,1.000000,0.000000,0,0.000000,979896.000000,1.000000,4440320287577.000000,7375217.000000
980000,8,526805,0.600000,1.000000,0.584282,1.000000,0.000000,0,0.000000,979992.000000,1.000000,4440320287577.000000,7375217.000000
980000,9,526798,0.600000,1.000000,0.586688,1.000000,0.000000,0,0.000000,979929.000000,1.000000,4440320287577.000000,7375217.000000
980000,10,526799,0.600000,1.000000,0.724031,1.000000,0.000000,0,0.000000,979776.000000,1.000000,4440320287577.000000,7375217.000000
980000,11,526805,0.600000,1.000000,0.632985,1.000000,0.000000,0,0.000000,979984.000000,1.000000,4440320287577.000000,7375217.000000
980000,12,526804,0.600000,1.000000,0.670524,1.000000,0.000000,0,0.000000,979994.000000,1.000000,4440320287577.000000,7375217.000000
980000,13,526803,0.600000,1.000000,0.485434,1.000000,0.000000,0,0.000000,979989.000000,1.000000,4440320287577.000000,7375217.000000
980000,14,526804,0.600000,1.000000,0.672013,1.000000,0.000000,0,0.000000,979971.000000,1.000000,4440320287577.000000,7375217.000000
980000,15,526800,0.600000,1.000000,0.650785,1.000000,0.000000,0,0.000000,979967.000000,1.000000,4440320287577.000000,7375217.000000
981000,0,527340,0.600000,1.000000,0.654199,1.000000,0.000000,0,0.000000,980988.000000,1.000000,4449399609790.000000,12656190.000000
981000,1,527338,0.600000,1.000000,0.637280,1.000000,0.000000,0,0.000000,980974.000000,1.000000,4449399609790.000000,12656190.000000
981000,2,527341,0.600000,1.000000,0.764701,1.000000,0.000000,0,0.000000,980999.000000,1.000000,4449399609790.000000,12656190.000000
981000,3,527337,0.600000,1.000000,0.491670,1.000000,0.000000,0,0.000000,980960.000000,1.000000,4449399609790.000000,12656190.000000
981000,4,527342,0.600000,1.000000,0.726596,1.000000,0.000000,0,0.000000,980997.000000,1.000000,4449399609790.000000,12656190.000000
981000,5,527344,0.600000,1.000000,0.630932,1.000000,0.000000,0,0.000000,980998.000000,1.000000,4449399609790.000000,12656190.000000
981000,6,527342,0.600000,1.000000,0.710391,1.000000,0.000000,0,0.000000,980986.000000,1.000000,4449399609790.000000,12656190.000000
981000,7,527342,0.600000,1.000000,0.680470,1.000000,0.000000,0,0.000000,980975.000000,1.000000,4449399609790.000000,12656190.000000
981000,8,527341,0.600000,1.000000,0.673527,1.000000,0.000000,0,0.000000,980982.000000,1.000000,4449399609790.000000,12656190.000000
981000,9,527335,0.600000,1.000000,0.619229,1.000000,0.000000,0,0.000000,980876.000000,1.000000,4449399609790.000000,12656190.000000
981000,10,527344,0.600000,1.000000,0.628429,1.000000,0.000000,1,878677.000000,981000.000000,1.000000,4449399609790.000000,12656190.000000
981000,11,527340,0.600000,1.000000,0.510350,1.000000,0.000000,0,0.000000,980985.000000,1.000000,4449399609790.000000,12656190.000000
981000,12,527341,0.600000,1.000000,0.516566,1.000000,0.000000,0,0.000000,980957.000000,1.000000,4449399609790.000000,12656190.000000
981000,13,527330,0.600000,1.000000,0.559069,1.000000,0.000000,0,0.000000,980704.000000,1.000000,4449399609790.000000,12656190.000000
981000,14,527341,0.600000,1.000000,0.605832,1.000000,0.000000,0,0.000000,980995.000000,1.000000,4449399609790.000000,12656190.000000
981000,15,527342,0.600000,1.000000,0.580108,1.000000,0.000000,0,0.000000,980983.000000,1.000000,4449399609790.000000,12656190.000000
982000,0,527891,0.600000,1.000000,0.683807,1.000000,0.000000,0,0.000000,981945.000000,1.000000,4458684578065.000000,8446262.000000
982000,1,527886,0.600000,1.000000,0.677425,1.000000,0.000000,0,0.000000,981909.000000,1.000000,4458684578065.000000,8446262.000000
982000,2,527882,0.600000,1.000000,0.547634,1.000000,0.000000,0,0.000000,981927.000000,1.000000,4458684578065.000000,8446262.000000
982000,3,527889,0.600000,1.000000,0.555112,1.000000,0.000000,0,0.000000,981989.000000,1.000000,4458684578065.000000,8446262.000000
982000,4,527894,0.600000,1.000000,0.785431,1.000000,0.000000,0,0.000000,981997.000000,1.000000,4458684578065.000000,8446262.000000
982000,5,527889,0.600000,1.000000,0.578142,1.000000,0.000000,0,0.000000,981946.000000,1.000000,4458684578065.000000,8446262.000000
982000,6,527890,0.600000,1.000000,0.750431,1.000000,0.000000,0,0.000000,981965.000000,1.000000,4458684578065.000000,8446262.000000
982000,7,527895,0.600000,1.000000,0.678666,1.000000,0.000000,0,0.000000,981998.000000,1.000000,4458684578065.000000,8446262.000000
982000,8,527887,0.600000,1.000000,0.608578,1.000000,0.000000,0,0.000000,981973.000000,1.000000,4458684578065.000000,8446262.000000
982000,9,527891,0.600000,1.000000,0.630263,1.000000,0.000000,0,0.000000,981971.000000,1.000000,4458684578065.000000,8446262.000000
982000,10,527894,0.600000,1.000000,0.784676,1.000000,0.000000,0,0.000000,981988.000000,1.000000,4458684578065.000000,8446262.000000
982000,11,527888,0.600000,1.000000,0.604626,1.000000,0.000000,0,0.000000,981980.000000,1.000000,4458684578065.000000,8446262.000000
982000,12,527891,0.600000,1.000000,0.645612,1.000000,0.000000,0,0.000000,981603.000000,1.000000,4458684578065.000000,8446262.000000
982000,13,527895,0.600000,1.000000,0.688197,1.000000,0.000000,1,880054.000000,982000.000000,1.000000,4458684578065.000000,8446262.000000
982000,14,527883,0.600000,1.000000,0.484486,1.000000,0.000000,0,0.000000,981816.000000,1.000000,4458684578065.000000,8446262.000000
982000,15,527894,0.600000,1.000000,0.715716,1.000000,0.000000,0,0.000000,981931.000000,1.000000,4458684578065.000000,8446262.000000
983000,0,528424,0.600000,1.000000,0.667000,1.000000,0.000000,0,0.000000,982850.000000,1.000000,4467710781622.000000,7397921.000000
983000,1,528419,0.600000,1.000000,0.602275,1.000000,0.000000,0,0.000000,982905.000000,1.000000,4467710781622.000000,7397921.000000
983000,2,528396,0.600000,1.000000,0.629351,1.000000,0.000000,0,0.000000,982444.000000,1.000000,4467710781622.000000,7397921.000000
983000,3,528430,0.600000,1.000000,0.654521,1.000000,0.000000,0,0.000000,982996.000000,1.000000,4467710781622.000000,7397921.000000
983000,4,528429,0.600000,1.000000,0.743103,1.000000,0.000000,0,0.000000,982993.000000,1.000000,4467710781622.000000,7397921.000000
983000,5,528429,0.600000,1.000000,0.742889,1.000000,0.000000,0,0.000000,982997.000000,1.000000,4467710781622.000000,7397921.000000
983000,6,528430,0.600000,1.000000,0.684738,1.000000,0.000000,0,0.000000,982980.000000,1.000000,4467710781622.000000,7397921.000000
983000,7,528429,0.600000,1.000000,0.631669,1.000000,0.000000,0,0.000000,982956.000000,1.000000,4467710781622.000000,7397921.000000
983000,8,528424,0.600000,1.000000,0.580529,1.000000,0.000000,0,0.000000,982967.000000,1.000000,4467710781622.000000,7397921.000000
983000,9,528422,0.600000,1.000000,0.640366,1.000000,0.000000,0,0.000000,982924.000000,1.000000,4467710781622.000000,7397921.000000
983000,10,528427,0.600000,1.000000,0.578945,1.000000,0.000000,0,0.000000,982631.000000,1.000000,4467710781622.000000,7397921.000000
983000,11,528431,0.600000,1.000000,0.630792,1.000000,0.000000,1,880709.000000,983000.000000,1.000000,4467710781622.000000,7397921.000000
983000,12,528420,0.600000,1.000000,0.666530,1.000000,0.000000,0,0.000000,981603.000000,1.000000,4467710781622.000000,7397921.000000
983000,13,528414,0.600000,1.000000,0.711095,1.000000,0.000000,0,0.000000,982704.000000,1.000000,4467710781622.000000,7397921.000000
983000,14,528430,0.600000,1.000000,0.726611,1.000000,0.000000,0,0.000000,982999.000000,1.000000,4467710781622.000000,7397921.000000
983000,15,528430,0.600000,1.000000,0.756417,1.000000,0.000000,0,0.000000,982953.000000,1.000000,4467710781622.000000,7397921.000000
984000,0,528970,0.600000,1.000000,0.696521,1.000000,0.000000,1,880924.000000,984000.000000,1.000000,4476896335547.000000,14811062.000000
984000,1,528968,0.600000,1.000000,0.730617,1.000000,0.000000,0,0.000000,983994.000000,1.000000,4476896335547.000000,14811062.000000
984000,2,528965,0.600000,1.000000,0.681930,1.000000,0.000000,0,0.000000,983966.000000,1.000000,4476896335547.000000,14811062.000000
984000,3,528967,0.600000,1.000000,0.671405,1.000000,0.000000,0,0.000000,983986.000000,1.000000,4476896335547.000000,14811062.000000
984000,4,528966,0.600000,1.000000,0.760710,1.000000,0.000000,0,0.000000,983977.000000,1.000000,4476896335547.000000,14811062.000000
984000,5,528964,0.600000,1.000000,0.565025,1.000000,0.000000,0,0.000000,983895.000000,1.000000,4476896335547.000000,14811062.000000
984000,6,528964,0.600000,1.000000,0.651155,1.000000,0.000000,0,0.000000,983970.000000,1.000000,4476896335547.000000,14811062.000000
984000,7,528969,0.600000,1.000000,0.765647,1.000000,0.000000,0,0.000000,983998.000000,1.000000,4476896335547.000000,14811062.000000
984000,8,528969,0.600000,1.000000,0.732755,1.000000,0.000000,0,0.000000,983999.000000,1.000000,4476896335547.000000,14811062.000000
984000,9,528967,0.600000,1.000000,0.614919,1.000000,0.000000,0,0.000000,983984.000000,1.000000,4476896335547.000000,14811062.000000
984000,10,528966,0.600000,1.000000,0.497303,1.000000,0.000000,0,0.000000,983880.000000,1.000000,4476896335547.000000,14811062.000000
984000,11,528968,0.600000,1.000000,0.655019,1.000000,0.000000,0,0.000000,983965.000000,1.000000,4476896335547.000000,14811062.000000
984000,12,528966,0.600000,1.000000,0.633977,1.000000,0.000000,0,0.000000,983913.000000,1.000000,4476896335547.000000,14811062.000000
984000,13,528967,0.600000,1.000000,0.588162,1.000000,0.000000,0,0.000000,983956.000000,1.000000,4476896335547.000000,14811062.000000
984000,14,528970,0.600000,1.000000,0.669822,1.000000,0.000000,0,0.000000,983912.000000,1.000000,4476896335547.000000,14811062.000000
984000,15,528965,0.600000,1.000000,0.645561,1.000000,0.000000,0,0.000000,983916.000000,1.000000,4476896335547.000000,14811062.000000
985000,0,529510,0.600000,1.000000,0.713840,1.000000,0.000000,0,0.000000,984997.000000,1.000000,4486070143312.000000,6354074.000000
985000,1,529509,0.600000,1.000000,0.652116,1.000000,0.000000,0,0.000000,984933.000000,1.000000,4486070143312.000000,6354074.000000
985000,2,529509,0.600000,1.000000,0.652610,1.000000,0.000000,0,0.000000,984961.000000,1.000000,4486070143312.000000,6354074.000000
985000,3,529509,0.600000,1.000000,0.577159,1.000000,0.000000,0,0.000000,984966.000000,1.000000,4486070143312.000000,6354074.000000
985000,4,529511,0.600000,1.000000,0.719109,1.000000,0.000000,1,882504.000000,985000.000000,1.000000,4486070143312.000000,6354074.000000
985000,5,529510,0.600000,1.000000,0.645649,1.000000,0.000000,0,0.000000,984995.000000,1.000000,4486070143312.000000,6354074.000000
985000,6,529512,0.600000,1.000000,0.626963,1.000000,0.000000,0,0.000000,984929.000000,1.000000,4486070143312.000000,6354074.000000
985000,7,529511,0.600000,1.000000,0.740079,1.000000,0.000000,0,0.000000,984999.000000,1.000000,4486070143312.000000,6354074.000000
985000,8,529509,0.600000,1.000000,0.588083,1.000000,0.000000,0,0.000000,984993.000000,1.000000,4486070143312.000000,6354074.000000
985000,9,529507,0.600000,1.000000,0.570070,1.000000,0.000000,0,0.000000,984906.000000,1.000000,4486070143312.000000,6354074.000000
985000,10,529509,0.600000,1.000000,0.722660,1.000000,0.000000,0,0.000000,984989.000000,1.000000,4486070143312.000000,6354074.000000
985000,11,529510,0.600000,1.000000,0.668889,1.000000,0.000000,0,0.000000,984991.000000,1.000000,4486070143312.000000,6354074.000000
985000,12,529502,0.600000,1.000000,0.646626,1.000000,0.000000,0,0.000000,984932.000000,1.000000,4486070143312.000000,6354074.000000
985000,13,529510,0.600000,1.000000,0.610043,1.000000,0.000000,0,0.000000,984976.000000,1.000000,4486070143312.000000,6354074.000000
985000,14,529508,0.600000,1.000000,0.659605,1.000000,0.000000,0,0.000000,984986.000000,1.000000,4486070143312.000000,6354074.000000
985000,15,529502,0.600000,1.000000,0.645014,1.000000,0.000000,0,0.000000,984869.000000,1.000000,4486070143312.000000,6354074.000000
986000,0,530051,0.600000,1.000000,0.736403,1.000000,0.000000,0,0.000000,985985.000000,1.000000,4495221537845.000000,6360566.000000
986000,1,530045,0.600000,1.000000,0.670483,1.000000,0.000000,0,0.000000,985762.000000,1.000000,4495221537845.000000,6360566.000000
986000,2,530051,0.600000,1.000000,0.627654,1.000000,0.000000,0,0.000000,985965.000000,1.000000,4495221537845.000000,6360566.000000
986000,3,530047,0.600000,1.000000,0.632975,1.000000,0.000000,0,0.000000,985899.000000,1.000000,4495221537845.000000,6360566.000000
986000,4,530053,0.600000,1.000000,0.716324,1.000000,0.000000,0,0.000000,985936.000000,1.000000,4495221537845.000000,6360566.000000
986000,5,530046,0.600000,1.000000,0.658675,1.000000,0.000000,0,0.000000,985962.000000,1.000000,4495221537845.000000,6360566.000000
986000,6,530054,0.600000,1.000000,0.789065,1.000000,0.000000,0,0.000000,985999.000000,1.000000,4495221537845.000000,6360566.000000
986000,7,530045,0.600000,1.000000,0.655704,1.000000,0.000000,0,0.000000,985903.000000,1.000000,4495221537845.000000,6360566.000000
986000,8,530041,0.600000,1.000000,0.492977,1.000000,0.000000,0,0.000000,985910.000000,1.000000,4495221537845.000000,6360566.000000
986000,9,530039,0.600000,1.000000,0.551370,1.000000,0.000000,0,0.000000,985843.000000,1.000000,4495221537845.000000,6360566.000000
986000,10,530048,0.600000,1.000000,0.656769,1.000000,0.000000,0,0.000000,985866.000000,1.000000,4495221537845.000000,6360566.000000
986000,11,530053,0.600000,1.000000,0.696153,1.000000,0.000000,0,0.000000,985994.000000,1.000000,4495221537845.000000,6360566.000000
986000,12,530048,0.600000,1.000000,0.622406,1.000000,0.000000,0,0.000000,985979.000000,1.000000,4495221537845.000000,6360566.000000
986000,13,530052,0.600000,1.000000,0.605536,1.000000,0.000000,0,0.000000,985996.000000,1.000000,4495221537845.000000,6360566.000000
986000,14,530048,0.600000,1.000000,0.760799,1.000000,0.000000,0,0.000000,985876.000000,1.000000,4495221537845.000000,6360566.000000
986000,15,530054,0.600000,1.000000,0.797991,1.000000,0.000000,1,883633.000000,986000.000000,1.000000,4495221537845.000000,6360566.000000
987000,0,530588,0.600000,1.000000,0.624935,1.000000,0.000000,0,0.000000,986987.000000,1.000000,4504355727301.000000,11672905.000000
987000,1,530586,0.600000,1.000000,0.612639,1.000000,0.000000,0,0.000000,986986.000000,1.000000,4504355727301.000000,11672905.000000
987000,2,530586,0.600000,1.000000,0.692353,1.000000,0.000000,0,0.000000,986950.000000,1.000000,4504355727301.000000,11672905.000000
987000,3,530585,0.600000,1.000000,0.560320,1.000000,0.000000,0,0.000000,986772.000000,1.000000,4504355727301.000000,11672905.000000
987000,4,530589,0.600000,1.000000,0.715504,1.000000,0.000000,0,0.000000,986960.000000,1.000000,4504355727301.000000,11672905.000000
987000,5,530588,0.600000,1.000000,0.721629,1.000000,0.000000,0,0.000000,986999.000000,1.000000,4504355727301.000000,11672905.000000
987000,6,530587,0.600000,1.000000,0.618834,1.000000,0.000000,0,0.000000,986989.000000,1.000000,4504355727301.000000,11672905.000000
987000,7,530589,0.600000,1.000000,0.726636,1.000000,0.000000,1,886077.000000,987000.000000,1.000000,4504355727301.000000,11672905.000000
987000,8,530589,0.600000,1.000000,0.581082,1.000000,0.000000,0,0.000000,986974.000000,1.000000,4504355727301.000000,11672905.000000
987000,9,530587,0.600000,1.000000,0.581566,1.000000,0.000000,0,0.000000,986978.000000,1.000000,4504355727301.000000,11672905.000000
987000,10,530584,0.600000,1.000000,0.705996,1.000000,0.000000,0,0.000000,986924.000000,1.000000,4504355727301.000000,11672905.000000
987000,11,530588,0.600000,1.000000,0.852849,1.000000,0.000000,0,0.000000,986998.000000,1.000000,4504355727301.000000,11672905.000000
987000,12,530583,0.600000,1.000000,0.721557,1.000000,0.000000,0,0.000000,986944.000000,1.000000,4504355727301.000000,11672905.000000
987000,13,530583,0.600000,1.000000,0.758461,1.000000,0.000000,0,0.000000,986541.000000,1.000000,4504355727301.000000,11672905.000000
987000,14,530589,0.600000,1.000000,0.681478,1.000000,0.000000,0,0.000000,986957.000000,1.000000,4504355727301.000000,11672905.000000
987000,15,530586,0.600000,1.000000,0.614535,1.000000,0.000000,0,0.000000,986973.000000,1.000000,4504355727301.000000,11672905.000000
988000,0,531129,0.600000,1.000000,0.530709,1.000000,0.000000,0,0.000000,987977.000000,1.000000,4513542740452.000000,11684801.000000
988000,1,531133,0.600000,1.000000,0.694775,1.000000,0.000000,1,884456.000000,988000.000000,1.000000,4513542740452.000000,11684801.000000
988000,2,531128,0.600000,1.000000,0.737280,1.000000,0.000000,0,0.000000,987963.000000,1.000000,4513542740452.000000,11684801.000000
988000,3,531131,0.600000,1.000000,0.724395,1.000000,0.000000,0,0.000000,987994.000000,1.000000,4513542740452.000000,11684801.000000
988000,4,531128,0.600000,1.000000,0.514304,1.000000,0.000000,0,0.000000,987981.000000,1.000000,4513542740452.000000,11684801.000000
988000,5,531114,0.600000,1.000000,0.510814,1.000000,0.000000,0,0.000000,987770.000000,1.000000,4513542740452.000000,11684801.000000
988000,6,531121,0.600000,1.000000,0.697857,1.000000,0.000000,0,0.000000,987811.000000,1.000000,4513542740452.000000,11684801.000000
988000,7,531127,0.600000,1.000000,0.655413,1.000000,0.000000,0,0.000000,987969.000000,1.000000,4513542740452.000000,11684801.000000
988000,8,531131,0.600000,1.000000,0.726485,1.000000,0.000000,0,0.000000,987979.000000,1.000000,4513542740452.000000,11684801.000000
988000,9,531132,0.600000,1.000000,0.667775,1.000000,0.000000,0,0.000000,987943.000000,1.000000,4513542740452.000000,11684801.000000
988000,10,531126,0.600000,1.000000,0.478765,1.000000,0.000000,0,0.000000,987980.000000,1.000000,4513542740452.000000,11684801.000000
988000,11,531130,0.600000,1.000000,0.641124,1.000000,0.000000,0,0.000000,987965.000000,1.000000,4513542740452.000000,11684801.000000
988000,12,531131,0.600000,1.000000,0.812615,1.000000,0.000000,0,0.000000,987999.000000,1.000000,4513542740452.000000,11684801.000000
988000,13,531123,0.600000,1.000000,0.608980,1.000000,0.000000,0,0.000000,987904.000000,1.000000,4513542740452.000000,11684801.000000
988000,14,531130,0.600000,1.000000,0.688382,1.000000,0.000000,0,0.000000,987870.000000,1.000000,4513542740452.000000,11684801.000000
988000,15,531126,0.600000,1.000000,0.547972,1.000000,0.000000,0,0.000000,987917.000000,1.000000,4513542740452.000000,11684801.000000
989000,0,531667,0.600000,1.000000,0.623498,1.000000,0.000000,0,0.000000,988618.000000,1.000000,4522752935740.000000,4253352.000000
989000,1,531672,0.600000,1.000000,0.624087,1.000000,0.000000,1,885319.000000,989000.000000,1.000000,4522752935740.000000,4253352.000000
989000,2,531669,0.600000,1.000000,0.610568,1.000000,0.000000,0,0.000000,988911.000000,1.000000,4522752935740.000000,4253352.000000
989000,3,531667,0.600000,1.000000,0.693575,1.000000,0.000000,0,0.000000,988913.000000,1.000000,4522752935740.000000,4253352.000000
989000,4,531664,0.600000,1.000000,0.529047,1.000000,0.000000,0,0.000000,988931.000000,1.000000,4522752935740.000000,4253352.000000
989000,5,531671,0.600000,1.000000,0.686596,1.000000,0.000000,0,0.000000,988998.000000,1.000000,4522752935740.000000,4253352.000000
989000,6,531669,0.600000,1.000000,0.777956,1.000000,0.000000,0,0.000000,988462.000000,1.000000,4522752935740.000000,4253352.000000
989000,7,531670,0.600000,1.000000,0.699451,1.000000,0.000000,0,0.000000,988986.000000,1.000000,4522752935740.000000,4253352.000000
989000,8,531666,0.600000,1.000000,0.654998,1.000000,0.000000,0,0.000000,988924.000000,1.000000,4522752935740.000000,4253352.000000
989000,9,531667,0.600000,1.000000,0.599922,1.000000,0.000000,0,0.000000,988959.000000,1.000000,4522752935740.000000,4253352.000000
989000,10,531670,0.600000,1.000000,0.665565,1.000000,0.000000,0,0.000000,988995.000000,1.000000,4522752935740.000000,4253352.000000
989000,11,531672,0.600000,1.000000,0.704614,1.000000,0.000000,0,0.000000,988590.000000,1.000000,4522752935740.000000,4253352.000000
989000,12,531671,0.600000,1.000000,0.624206,1.000000,0.000000,0,0.000000,988982.000000,1.000000,4522752935740.000000,4253352.000000
989000,13,531672,0.600000,1.000000,0.654479,1.000000,0.000000,0,0.000000,988997.000000,1.000000,4522752935740.000000,4253352.000000
989000,14,531668,0.600000,1.000000,0.549056,1.000000,0.000000,0,0.000000,988942.000000,1.000000,4522752935740.000000,4253352.000000
989000,15,531671,0.600000,1.000000,0.713787,1.000000,0.000000,0,0.000000,988996.000000,1.000000,4522752935740.000000,4253352.000000
990000,0,532198,0.600000,1.000000,0.634512,1.000000,0.000000,0,0.000000,989679.000000,1.000000,4531890558849.000000,14901780.000000
990000,1,532196,0.600000,1.000000,0.643486,1.000000,0.000000,0,0.000000,989822.000000,1.000000,4531890558849.000000,14901780.000000
990000,2,532209,0.600000,1.000000,0.603915,1.000000,0.000000,0,0.000000,989980.000000,1.000000,4531890558849.000000,14901780.000000
990000,3,532209,0.600000,1.000000,0.671893,1.000000,0.000000,0,0.000000,989986.000000,1.000000,4531890558849.000000,14901780.000000
990000,4,532204,0.600000,1.000000,0.672779,1.000000,0.000000,0,0.000000,989869.000000,1.000000,4531890558849.000000,14901780.000000
990000,5,532208,0.600000,1.000000,0.716152,1.000000,0.000000,0,0.000000,989959.000000,1.000000,4531890558849.000000,14901780.000000
990000,6,532201,0.600000,1.000000,0.659481,1.000000,0.000000,0,0.000000,989949.000000,1.000000,4531890558849.000000,14901780.000000
990000,7,532210,0.600000,1.000000,0.746369,1.000000,0.000000,1,888674.000000,990000.000000,1.000000,4531890558849.000000,14901780.000000
990000,8,532204,0.600000,1.000000,0.659438,1.000000,0.000000,0,0.000000,989977.000000,1.000000,4531890558849.000000,14901780.000000
990000,9,532205,0.600000,1.000000,0.523606,1.000000,0.000000,0,0.000000,989895.000000,1.000000,4531890558849.000000,14901780.000000
990000,10,532209,0.600000,1.000000,0.721195,1.000000,0.000000,0,0.000000,989998.000000,1.000000,4531890558849.000000,14901780.000000
990000,11,532207,0.600000,1.000000,0.802478,1.000000,0.000000,0,0.000000,989979.000000,1.000000,4531890558849.000000,14901780.000000
990000,12,532209,0.600000,1.000000,0.645748,1.000000,0.000000,0,0.000000,989999.000000,1.000000,4531890558849.000000,14901780.000000
990000,13,532207,0.600000,1.000000,0.651072,1.000000,0.000000,0,0.000000,989988.000000,1.000000,4531890558849.000000,14901780.000000
990000,14,532211,0.600000,1.000000,0.740929,1.000000,0.000000,0,0.000000,989991.000000,1.000000,4531890558849.000000,14901780.000000
990000,15,532208,0.600000,1.000000,0.654542,1.000000,0.000000,0,0.000000,989992.000000,1.000000,4531890558849.000000,14901780.000000
991000,0,532747,0.600000,1.000000,0.651387,1.000000,0.000000,0,0.000000,990988.000000,1.000000,4541077891618.000000,5327425.000000
991000,1,532746,0.600000,1.000000,0.624760,1.000000,0.000000,0,0.000000,990992.000000,1.000000,4541077891618.000000,5327425.000000
991000,2,532743,0.600000,1.000000,0.758999,1.000000,0.000000,0,0.000000,990790.000000,1.000000,4541077891618.000000,5327425.000000
991000,3,532746,0.600000,1.000000,0.646993,1.000000,0.000000,0,0.000000,990860.000000,1.000000,4541077891618.000000,5327425.000000
991000,4,532749,0.600000,1.000000,0.546900,1.000000,0.000000,0,0.000000,990993.000000,1.000000,4541077891618.000000,5327425.000000
991000,5,532744,0.600000,1.000000,0.582782,1.000000,0.000000,0,0.000000,990973.000000,1.000000,4541077891618.000000,5327425.000000
991000,6,532745,0.600000,1.000000,0.592976,1.000000,0.000000,0,0.000000,990930.000000,1.000000,4541077891618.000000,5327425.000000
991000,7,532745,0.600000,1.000000,0.474204,1.000000,0.000000,0,0.000000,990943.000000,1.000000,4541077891618.000000,5327425.000000
991000,8,532747,0.600000,1.000000,0.709932,1.000000,0.000000,0,0.000000,990991.000000,1.000000,4541077891618.000000,5327425.000000
991000,9,532743,0.600000,1.000000,0.658036,1.000000,0.000000,0,0.000000,990984.000000,1.000000,4541077891618.000000,5327425.000000
991000,10,532747,0.600000,1.000000,0.690293,1.000000,0.000000,0,0.000000,990990.000000,1.000000,4541077891618.000000,5327425.000000
991000,11,532744,0.600000,1.000000,0.606758,1.000000,0.000000,0,0.000000,990961.000000,1.000000,4541077891618.000000,5327425.000000
991000,12,532748,0.600000,1.000000,0.657281,1.000000,0.000000,0,0.000000,990999.000000,1.000000,4541077891618.000000,5327425.000000
991000,13,532749,0.600000,1.000000,0.671897,1.000000,0.000000,1,888364.000000,991000.000000,1.000000,4541077891618.000000,5327425.000000
991000,14,532732,0.600000,1.000000,0.498467,1.000000,0.000000,0,0.000000,990931.000000,1.000000,4541077891618.000000,5327425.000000
991000,15,532747,0.600000,1.000000,0.640508,1.000000,0.000000,0,0.000000,990899.000000,1.000000,4541077891618.000000,5327425.000000
992000,0,533289,0.600000,1.000000,0.790631,1.000000,0.000000,1,887938.000000,992000.000000,1.000000,4550274527605.000000,12798842.000000
992000,1,533286,0.600000,1.000000,0.669645,1.000000,0.000000,0,0.000000,991990.000000,1.000000,4550274527605.000000,12798842.000000
992000,2,533282,0.600000,1.000000,0.634837,1.000000,0.000000,0,0.000000,991566.000000,1.000000,4550274527605.000000,12798842.000000
992000,3,533288,0.600000,1.000000,0.705569,1.000000,0.000000,0,0.000000,991994.000000,1.000000,4550274527605.000000,12798842.000000
992000,4,533285,0.600000,1.000000,0.677133,1.000000,0.000000,0,0.000000,991986.000000,1.000000,4550274527605.000000,12798842.000000
992000,5,533285,0.600000,1.000000,0.721130,1.000000,0.000000,0,0.000000,991973.000000,1.000000,4550274527605.000000,12798842.000000
992000,6,533290,0.600000,1.000000,0.711573,1.000000,0.000000,0,0.000000,991987.000000,1.000000,4550274527605.000000,12798842.000000
992000,7,533288,0.600000,1.000000,0.756228,1.000000,0.000000,0,0.000000,991998.000000,1.000000,4550274527605.000000,12798842.000000
992000,8,533275,0.600000,1.000000,0.728090,1.000000,0.000000,0,0.000000,991666.000000,1.000000,4550274527605.000000,12798842.000000
992000,9,533284,0.600000,1.000000,0.663444,1.000000,0.000000,0,0.000000,991982.000000,1.000000,4550274527605.000000,12798842.000000
992000,10,533279,0.600000,1.000000,0.703453,1.000000,0.000000,0,0.000000,991978.000000,1.000000,4550274527605.000000,12798842.000000
992000,11,533285,0.600000,1.000000,0.627199,1.000000,0.000000,0,0.000000,991941.000000,1.000000,4550274527605.000000,12798842.000000
992000,12,533289,0.600000,1.000000,0.717377,1.000000,0.000000,0,0.000000,991995.000000,1.000000,4550274527605.000000,12798842.000000
992000,13,533279,0.600000,1.000000,0.541357,1.000000,0.000000,0,0.000000,991952.000000,1.000000,4550274527605.000000,12798842.000000
992000,14,533284,0.600000,1.000000,0.720085,1.000000,0.000000,0,0.000000,991876.000000,1.000000,4550274527605.000000,12798842.000000
992000,15,533281,0.600000,1.000000,0.571326,1.000000,0.000000,0,0.000000,991960.000000,1.000000,4550274527605.000000,12798842.000000
993000,0,533829,0.600000,1.000000,0.789753,1.000000,0.000000,0,0.000000,992995.000000,1.000000,4559518901990.000000,9608831.000000
993000,1,533828,0.600000,1.000000,0.616698,1.000000,0.000000,0,0.000000,992974.000000,1.000000,4559518901990.000000,9608831.000000
993000,2,533828,0.600000,1.000000,0.819233,1.000000,0.000000,0,0.000000,992927.000000,1.000000,4559518901990.000000,9608831.000000
993000,3,533829,0.600000,1.000000,0.761152,1.000000,0.000000,1,889509.000000,993000.000000,1.000000,4559518901990.000000,9608831.000000
993000,4,533823,0.600000,1.000000,0.599088,1.000000,0.000000,0,0.000000,992866.000000,1.000000,4559518901990.000000,9608831.000000
993000,5,533824,0.600000,1.000000,0.682376,1.000000,0.000000,0,0.000000,992969.000000,1.000000,4559518901990.000000,9608831.000000
993000,6,533826,0.600000,1.000000,0.720743,1.000000,0.000000,0,0.000000,992638.000000,1.000000,4559518901990.000000,9608831.000000
993000,7,533827,0.600000,1.000000,0.689054,1.000000,0.000000,0,0.000000,992975.000000,1.000000,4559518901990.000000,9608831.000000
993000,8,533828,0.600000,1.000000,0.689149,1.000000,0.000000,0,0.000000,992993.000000,1.000000,4559518901990.000000,9608831.000000
993000,9,533829,0.600000,1.000000,0.883993,1.000000,0.000000,0,0.000000,992999.000000,1.000000,4559518901990.000000,9608831.000000
993000,10,533830,0.600000,1.000000,0.748590,1.000000,0.000000,0,0.000000,992994.000000,1.000000,4559518901990.000000,9608831.000000
993000,11,533826,0.600000,1.000000,0.636616,1.000000,0.000000,0,0.000000,992986.000000,1.000000,4559518901990.000000,9608831.000000
993000,12,533823,0.600000,1.000000,0.677908,1.000000,0.000000,0,0.000000,992957.000000,1.000000,4559518901990.000000,9608831.000000
993000,13,533818,0.600000,1.000000,0.553405,1.000000,0.000000,0,0.000000,992948.000000,1.000000,4559518901990.000000,9608831.000000
993000,14,533824,0.600000,1.000000,0.653369,1.000000,0.000000,0,0.000000,992988.000000,1.000000,4559518901990.000000,9608831.000000
993000,15,533820,0.600000,1.000000,0.514215,1.000000,0.000000,0,0.000000,992887.000000,1.000000,4559518901990.000000,9608831.000000
994000,0,534362,0.600000,1.000000,0.657954,1.000000,0.000000,0,0.000000,993906.000000,1.000000,4568641203944.000000,13893323.000000
994000,1,534359,0.600000,1.000000,0.519294,1.000000,0.000000,0,0.000000,993949.000000,1.000000,4568641203944.000000,13893323.000000
994000,2,534359,0.600000,1.000000,0.651863,1.000000,0.000000,0,0.000000,993948.000000,1.000000,4568641203944.000000,13893323.000000
994000,3,534361,0.600000,1.000000,0.684210,1.000000,0.000000,1,890367.000000,994000.000000,1.000000,4568641203944.000000,13893323.000000
994000,4,534357,0.600000,1.000000,0.600753,1.000000,0.000000,0,0.000000,993942.000000,1.000000,4568641203944.000000,13893323.000000
994000,5,534361,0.600000,1.000000,0.612602,1.000000,0.000000,0,0.000000,993991.000000,1.000000,4568641203944.000000,13893323.000000
994000,6,534361,0.600000,1.000000,0.601040,1.000000,0.000000,0,0.000000,993999.000000,1.000000,4568641203944.000000,13893323.000000
994000,7,534362,0.600000,1.000000,0.638227,1.000000,0.000000,0,0.000000,993994.000000,1.000000,4568641203944.000000,13893323.000000
994000,8,534359,0.600000,1.000000,0.597614,1.000000,0.000000,0,0.000000,993879.000000,1.000000,4568641203944.000000,13893323.000000
994000,9,534360,0.600000,1.000000,0.682572,1.000000,0.000000,0,0.000000,993995.000000,1.000000,4568641203944.000000,13893323.000000
994000,10,534361,0.600000,1.000000,0.636685,1.000000,0.000000,0,0.000000,993989.000000,1.000000,4568641203944.000000,13893323.000000
994000,11,534361,0.600000,1.000000,0.604765,1.000000,0.000000,0,0.000000,993997.000000,1.000000,4568641203944.000000,13893323.000000
994000,12,534353,0.600000,1.000000,0.556882,1.000000,0.000000,0,0.000000,993843.000000,1.000000,4568641203944.000000,13893323.000000
994000,13,534359,0.600000,1.000000,0.738946,1.000000,0.000000,0,0.000000,993958.000000,1.000000,4568641203944.000000,13893323.000000
994000,14,534362,0.600000,1.000000,0.654261,1.000000,0.000000,0,0.000000,993988.000000,1.000000,4568641203944.000000,13893323.000000
994000,15,534355,0.600000,1.000000,0.652949,1.000000,0.000000,0,0.000000,993839.000000,1.000000,4568641203944.000000,13893323.000000
995000,0,534886,0.600000,1.000000,0.613204,1.000000,0.000000,0,0.000000,994965.000000,1.000000,4577666714205.000000,11767521.000000
995000,1,534889,0.600000,1.000000,0.678335,1.000000,0.000000,0,0.000000,994990.000000,1.000000,4577666714205.000000,11767521.000000
995000,2,534886,0.600000,1.000000,0.610950,1.000000,0.000000,0,0.000000,994981.000000,1.000000,4577666714205.000000,11767521.000000
995000,3,534887,0.600000,1.000000,0.530919,1.000000,0.000000,0,0.000000,994991.000000,1.000000,4577666714205.000000,11767521.000000
995000,4,534880,0.600000,1.000000,0.714223,1.000000,0.000000,0,0.000000,994712.000000,1.000000,4577666714205.000000,11767521.000000
995000,5,534890,0.600000,1.000000,0.628672,1.000000,0.000000,0,0.000000,994929.000000,1.000000,4577666714205.000000,11767521.000000
995000,6,534888,0.600000,1.000000,0.671130,1.000000,0.000000,0,0.000000,994993.000000,1.000000,4577666714205.000000,11767521.000000
995000,7,534883,0.600000,1.000000,0.729906,1.000000,0.000000,0,0.000000,994528.000000,1.000000,4577666714205.000000,11767521.000000
995000,8,534883,0.600000,1.000000,0.616712,1.000000,0.000000,0,0.000000,994716.000000,1.000000,4577666714205.000000,11767521.000000
995000,9,534889,0.600000,1.000000,0.736305,1.000000,0.000000,1,892284.000000,995000.000000,1.000000,4577666714205.000000,11767521.000000
995000,10,534890,0.600000,1.000000,0.711151,1.000000,0.000000,0,0.000000,994995.000000,1.000000,4577666714205.000000,11767521.000000
995000,11,534889,0.600000,1.000000,0.746714,1.000000,0.000000,0,0.000000,994998.000000,1.000000,4577666714205.000000,11767521.000000
995000,12,534889,0.600000,1.000000,0.661759,1.000000,0.000000,0,0.000000,994999.000000,1.000000,4577666714205.000000,11767521.000000
995000,13,534890,0.600000,1.000000,0.621071,1.000000,0.000000,0,0.000000,994973.000000,1.000000,4577666714205.000000,11767521.000000
995000,14,534887,0.600000,1.000000,0.603969,1.000000,0.000000,0,0.000000,994989.000000,1.000000,4577666714205.000000,11767521.000000
995000,15,534887,0.600000,1.000000,0.683623,1.000000,0.000000,0,0.000000,994994.000000,1.000000,4577666714205.000000,11767521.000000
996000,0,535427,0.600000,1.000000,0.692447,1.000000,0.000000,0,0.000000,995930.000000,1.000000,4586899236429.000000,4283406.000000
996000,1,535429,0.600000,1.000000,0.656589,1.000000,0.000000,0,0.000000,995989.000000,1.000000,4586899236429.000000,4283406.000000
996000,2,535430,0.600000,1.000000,0.791149,1.000000,0.000000,1,892322.000000,996000.000000,1.000000,4586899236429.000000,4283406.000000
996000,3,535423,0.600000,1.000000,0.718477,1.000000,0.000000,0,0.000000,995861.000000,1.000000,4586899236429.000000,4283406.000000
996000,4,535429,0.600000,1.000000,0.714080,1.000000,0.000000,0,0.000000,995938.000000,1.000000,4586899236429.000000,4283406.000000
996000,5,535431,0.600000,1.000000,0.699054,1.000000,0.000000,0,0.000000,995999.000000,1.000000,4586899236429.000000,4283406.000000
996000,6,535428,0.600000,1.000000,0.849453,1.000000,0.000000,0,0.000000,995994.000000,1.000000,4586899236429.000000,4283406.000000
996000,7,535429,0.600000,1.000000,0.752271,1.000000,0.000000,0,0.000000,995945.000000,1.000000,4586899236429.000000,4283406.000000
996000,8,535423,0.600000,1.000000,0.573436,1.000000,0.000000,0,0.000000,995974.000000,1.000000,4586899236429.000000,4283406.000000
996000,9,535422,0.600000,1.000000,0.591845,1.000000,0.000000,0,0.000000,995929.000000,1.000000,4586899236429.000000,4283406.000000
996000,10,535425,0.600000,1.000000,0.569930,1.000000,0.000000,0,0.000000,995969.000000,1.000000,4586899236429.000000,4283406.000000
996000,11,535421,0.600000,1.000000,0.650719,1.000000,0.000000,0,0.000000,995901.000000,1.000000,4586899236429.000000,4283406.000000
996000,12,535430,0.600000,1.000000,0.774970,1.000000,0.000000,0,0.000000,995998.000000,1.000000,4586899236429.000000,4283406.000000
996000,13,535428,0.600000,1.000000,0.759635,1.000000,0.000000,0,0.000000,995944.000000,1.000000,4586899236429.000000,4283406.000000
996000,14,535416,0.600000,1.000000,0.563521,1.000000,0.000000,0,0.000000,995690.000000,1.000000,4586899236429.000000,4283406.000000
996000,15,535428,0.600000,1.000000,0.631197,1.000000,0.000000,0,0.000000,995985.000000,1.000000,4586899236429.000000,4283406.000000
997000,0,535958,0.600000,1.000000,0.647713,1.000000,0.000000,0,0.000000,996889.000000,1.000000,4596041370386.000000,8575314.000000
997000,1,535961,0.600000,1.000000,0.699217,1.000000,0.000000,0,0.000000,996960.000000,1.000000,4596041370386.000000,8575314.000000
997000,2,535962,0.600000,1.000000,0.729383,1.000000,0.000000,1,893219.000000,997000.000000,1.000000,4596041370386.000000,8575314.000000
997000,3,535960,0.600000,1.000000,0.501696,1.000000,0.000000,0,0.000000,996959.000000,1.000000,4596041370386.000000,8575314.000000
997000,4,535962,0.600000,1.000000,0.631038,1.000000,0.000000,0,0.000000,996999.000000,1.000000,4596041370386.000000,8575314.000000
997000,5,535960,0.600000,1.000000,0.704842,1.000000,0.000000,0,0.000000,996994.000000,1.000000,4596041370386.000000,8575314.000000
997000,6,535957,0.600000,1.000000,0.499116,1.000000,0.000000,0,0.000000,996878.000000,1.000000,4596041370386.000000,8575314.000000
997000,7,535963,0.600000,1.000000,0.679309,1.000000,0.000000,0,0.000000,996948.000000,1.000000,4596041370386.000000,8575314.000000
997000,8,535955,0.600000,1.000000,0.721480,1.000000,0.000000,0,0.000000,996745.000000,1.000000,4596041370386.000000,8575314.000000
997000,9,535952,0.600000,1.000000,0.551600,1.000000,0.000000,0,0.000000,996669.000000,1.000000,4596041370386.000000,8575314.000000
997000,10,535962,0.600000,1.000000,0.663881,1.000000,0.000000,0,0.000000,996993.000000,1.000000,4596041370386.000000,8575314.000000
997000,11,535961,0.600000,1.000000,0.644365,1.000000,0.000000,0,0.000000,996996.000000,1.000000,4596041370386.000000,8575314.000000
997000,12,535958,0.600000,1.000000,0.753298,1.000000,0.000000,0,0.000000,996723.000000,1.000000,4596041370386.000000,8575314.000000
997000,13,535957,0.600000,1.000000,0.446628,1.000000,0.000000,0,0.000000,996865.000000,1.000000,4596041370386.000000,8575314.000000
997000,14,535962,0.600000,1.000000,0.677821,1.000000,0.000000,0,0.000000,996998.000000,1.000000,4596041370386.000000,8575314.000000
997000,15,535962,0.600000,1.000000,0.688992,1.000000,0.000000,0,0.000000,996922.000000,1.000000,4596041370386.000000,8575314.000000
998000,0,536493,0.600000,1.000000,0.565385,1.000000,0.000000,0,0.000000,997933.000000,1.000000,4605131446074.000000,10729786.000000
998000,1,536485,0.600000,1.000000,0.550025,1.000000,0.000000,0,0.000000,997633.000000,1.000000,4605131446074.000000,10729786.000000
998000,2,536491,0.600000,1.000000,0.612830,1.000000,0.000000,0,0.000000,997822.000000,1.000000,4605131446074.000000,10729786.000000
998000,3,536493,0.600000,1.000000,0.711269,1.000000,0.000000,1,893920.000000,998000.000000,1.000000,4605131446074.000000,10729786.000000
998000,4,536487,0.600000,1.000000,0.652549,1.000000,0.000000,0,0.000000,997940.000000,1.000000,4605131446074.000000,10729786.000000
998000,5,536494,0.600000,1.000000,0.673565,1.000000,0.000000,0,0.000000,997996.000000,1.000000,4605131446074.000000,10729786.000000
998000,6,536484,0.600000,1.000000,0.556623,1.000000,0.000000,0,0.000000,997869.000000,1.000000,4605131446074.000000,10729786.000000
998000,7,536491,0.600000,1.000000,0.838584,1.000000,0.000000,0,0.000000,997995.000000,1.000000,4605131446074.000000,10729786.000000
998000,8,536492,0.600000,1.000000,0.760586,1.000000,0.000000,0,0.000000,997997.000000,1.000000,4605131446074.000000,10729786.000000
998000,9,536483,0.600000,1.000000,0.576829,1.000000,0.000000,0,0.000000,997929.000000,1.000000,4605131446074.000000,10729786.000000
998000,10,536486,0.600000,1.000000,0.609874,1.000000,0.000000,0,0.000000,997794.000000,1.000000,4605131446074.000000,10729786.000000
998000,11,536491,0.600000,1.000000,0.707700,1.000000,0.000000,0,0.000000,997952.000000,1.000000,4605131446074.000000,10729786.000000
998000,12,536491,0.600000,1.000000,0.589595,1.000000,0.000000,0,0.000000,997979.000000,1.000000,4605131446074.000000,10729786.000000
998000,13,536492,0.600000,1.000000,0.705039,1.000000,0.000000,0,0.000000,997999.000000,1.000000,4605131446074.000000,10729786.000000
998000,14,536483,0.600000,1.000000,0.537643,1.000000,0.000000,0,0.000000,997962.000000,1.000000,4605131446074.000000,10729786.000000
998000,15,536492,0.600000,1.000000,0.737705,1.000000,0.000000,0,0.000000,997998.000000,1.000000,4605131446074.000000,10729786.000000
999000,0,537023,0.600000,1.000000,0.669370,1.000000,0.000000,0,0.000000,998975.000000,1.000000,4614322869682.000000,8592380.000000
999000,1,537014,0.600000,1.000000,0.833666,1.000000,0.000000,0,0.000000,998703.000000,1.000000,4614322869682.000000,8592380.000000
999000,2,537026,0.600000,1.000000,0.660755,1.000000,0.000000,0,0.000000,998982.000000,1.000000,4614322869682.000000,8592380.000000
999000,3,537026,0.600000,1.000000,0.577678,1.000000,0.000000,0,0.000000,998912.000000,1.000000,4614322869682.000000,8592380.000000
999000,4,537024,0.600000,1.000000,0.687580,1.000000,0.000000,0,0.000000,998923.000000,1.000000,4614322869682.000000,8592380.000000
999000,5,537024,0.600000,1.000000,0.668433,1.000000,0.000000,0,0.000000,998866.000000,1.000000,4614322869682.000000,8592380.000000
999000,6,537023,0.600000,1.000000,0.554648,1.000000,0.000000,0,0.000000,998935.000000,1.000000,4614322869682.000000,8592380.000000
999000,7,537027,0.600000,1.000000,0.656321,1.000000,0.000000,0,0.000000,998995.000000,1.000000,4614322869682.000000,8592380.000000
999000,8,537024,0.600000,1.000000,0.616432,1.000000,0.000000,0,0.000000,998987.000000,1.000000,4614322869682.000000,8592380.000000
999000,9,537028,0.600000,1.000000,0.705232,1.000000,0.000000,0,0.000000,998918.000000,1.000000,4614322869682.000000,8592380.000000
999000,10,537028,0.600000,1.000000,0.757140,1.000000,0.000000,1,894635.000000,999000.000000,1.000000,4614322869682.000000,8592380.000000
999000,11,537026,0.600000,1.000000,0.788954,1.000000,0.000000,0,0.000000,998999.000000,1.000000,4614322869682.000000,8592380.000000
999000,12,537026,0.600000,1.000000,0.689150,1.000000,0.000000,0,0.000000,998994.000000,1.000000,4614322869682.000000,8592380.000000
999000,13,537021,0.600000,1.000000,0.636525,1.000000,0.000000,0,0.000000,998903.000000,1.000000,4614322869682.000000,8592380.000000
999000,14,537023,0.600000,1.000000,0.727156,1.000000,0.000000,0,0.000000,998957.000000,1.000000,4614322869682.000000,8592380.000000
999000,15,537027,0.600000,1.000000,0.564041,1.000000,0.000000,0,0.000000,998922.000000,1.000000,4614322869682.000000,8592380.000000
